100 25
101 26
102 25
103 23
104 30
105 25
106 37
107 20
108 20
109 27
110 14
111 20
112 27
113 22
114 16
115 14
116 35
117 31
118 14
119 22
120 20
121 16
122 26
123 33
124 14
125 22
126 17
127 20
128 14
129 17
130 16
131 18
132 14
133 23
134 29
135 17
136 14
137 17
138 33
139 29
140 14
141 23
142 14
143 20
144 23
145 20
146 24
147 26
148 37
149 23
150 34
151 24
152 11
153 17
154 22
155 20
156 29
157 41
158 17
159 33
160 20
161 14
162 26
163 23
164 17
165 30
166 20
167 23
168 23
169 17
170 14
171 17
172 22
173 17
174 20
175 20
176 27
177 19
178 20
179 14
180 23
181 22
182 23
183 17
184 22
185 23
186 19
187 20
188 14
189 23
190 22
191 33
192 20
193 20
194 17
195 17
196 23
197 26
198 11
199 20
200 23
201 20
202 35
203 33
204 23
205 17
206 32
207 17
208 14
209 20
210 20
211 14
212 17
213 20
214 17
215 20
216 17
217 23
218 20
219 17
220 26
221 17
222 17
223 22
224 23
225 14
226 17
227 30
228 32
229 23
230 33
231 34
232 44
233 26
234 20
235 17
236 20
237 27
238 24
239 21
240 21
241 22
242 11
243 26
244 19
245 17
246 30
247 24
248 20
249 33
250 22
251 21
252 26
253 20
254 26
255 17
256 14
257 30
258 17
259 25
260 27
261 20
262 20
263 22
264 26
265 19
266 30
267 26
268 25
269 20
270 33
271 25
272 22
273 27
274 27
275 20
276 21
277 21
278 27
279 20
280 42
281 20
282 36
283 23
284 39
285 14
286 17
287 15
288 23
289 33
290 33
291 30
292 23
293 20
294 17
295 20
296 20
297 25
298 22
299 28
300 23
301 26
302 17
303 20
304 36
305 20
306 20
307 31
308 14
309 19
310 26
311 17
312 20
313 20
314 25
315 28
316 19
317 29
318 17
319 23
320 29
321 34
322 26
323 20
324 27
325 23
326 17
327 20
328 20
329 26
330 23
331 39
332 25
333 25
334 26
335 14
336 43
337 26
338 31
339 23
340 28
341 17
342 20
343 23
344 20
345 23
346 20
347 26
348 17
349 20
350 23
351 20
352 17
353 20
354 20
355 26
356 20
357 20
358 20
359 22
360 17
361 23
362 26
363 20
364 23
365 41
366 23
367 26
368 17
369 17
370 20
371 20
372 26
373 26
374 19
375 24
376 17
377 14
378 26
379 20
380 23
381 40
382 14
383 23
384 20
385 31
386 14
387 26
388 23
389 18
390 20
391 20
392 29
393 26
394 23
395 14
396 25
397 34
398 14
399 17
400 17
401 20
402 28
403 23
404 32
405 26
406 28
407 31
408 26
409 34
410 26
411 26
412 22
413 19
414 28
415 17
416 35
417 17
418 14
419 31
420 32
421 28
422 25
423 22
424 36
425 28
426 25
427 17
428 18
429 14
430 40
431 41
432 25
433 38
434 26
435 19
436 21
437 23
438 29
439 23
440 40
441 25
442 14
443 23
444 37
445 39
446 19
447 25
448 24
449 26
450 20
451 28
452 29
453 23
454 20
455 26
456 20
457 17
458 23
459 23
460 20
461 26
462 23
463 28
464 23
465 26
466 22
467 23
468 24
469 33
470 20
471 16
472 20
473 14
474 23
475 20
476 43
477 26
478 25
479 31
480 25
481 30
482 21
483 29
484 27
485 25
486 20
487 38
488 36
489 13
490 17
491 17
492 53
493 26
494 30
495 14
496 14
497 24
498 23
499 29
500 26
501 25
502 26
503 25
504 23
505 23
506 28
507 44
508 24
509 43
510 20
511 26
512 23
513 38
514 23
515 26
516 14
517 20
518 24
519 29
520 26
521 20
522 19
523 29
524 20
525 23
526 23
527 14
528 29
529 28
530 23
531 23
532 41
533 25
534 23
535 14
536 29
537 38
538 37
539 20
540 17
541 26
542 26
543 23
544 24
545 20
546 29
547 20
548 23
549 29
550 23
551 24
552 28
553 26
554 17
555 22
556 14
557 28
558 23
559 24
560 26
561 20
562 14
563 17
564 17
565 26
566 11
567 23
568 17
569 41
570 29
571 25
572 46
573 31
574 25
575 28
576 27
577 28
578 17
579 20
580 19
581 20
582 17
583 31
584 33
585 28
586 18
587 23
588 23
589 26
590 23
591 19
592 31
593 26
594 20
595 32
596 26
597 28
598 23
599 25
600 24
601 20
602 25
603 36
604 30
605 29
606 19
607 34
608 17
609 30
610 23
611 34
612 28
613 34
614 26
615 27
616 17
617 38
618 28
619 30
620 26
621 25
622 30
623 24
624 34
625 17
626 33
627 26
628 23
629 19
630 22
631 33
632 23
633 23
634 29
635 25
636 21
637 20
638 14
639 23
640 22
641 31
642 24
643 26
644 14
645 16
646 31
647 20
648 27
649 26
650 17
651 26
652 25
653 17
654 29
655 31
656 22
657 28
658 11
659 29
660 28
661 17
662 25
663 11
664 20
665 23
666 26
667 17
668 23
669 26
670 35
671 28
672 14
673 26
674 14
675 32
676 33
677 20
678 26
679 14
680 17
681 23
682 20
683 17
684 23
685 31
686 23
687 17
688 23
689 33
690 29
691 24
692 26
693 23
694 23
695 34
696 26
697 29
698 19
699 28
700 34
701 26
702 23
703 30
704 17
705 37
706 28
707 33
708 25
709 22
710 29
711 35
712 23
713 35
714 26
715 36
716 14
717 27
718 29
719 23
720 22
721 27
722 14
723 25
724 23
725 25
726 31
727 52
728 28
729 17
730 25
731 25
732 21
733 33
734 35
735 32
736 27
737 28
738 25
739 25
740 25
741 28
742 27
743 25
744 26
745 28
746 23
747 31
748 27
749 31
750 26
751 28
752 17
753 33
754 31
755 27
756 26
757 29
758 38
759 36
760 28
761 19
762 34
763 25
764 27
765 33
766 22
767 29
768 24
769 30
770 19
771 25
772 21
773 39
774 26
775 26
776 26
777 28
778 23
779 23
780 29
781 23
782 26
783 26
784 23
785 22
786 25
787 33
788 31
789 28
790 39
791 19
792 32
793 49
794 17
795 20
796 44
797 17
798 20
799 20
800 26
801 17
802 23
803 14
804 28
805 19
806 24
807 17
808 42
809 23
810 32
811 27
812 23
813 26
814 23
815 25
816 27
817 30
818 28
819 22
820 23
821 26
822 25
823 26
824 20
825 21
826 20
827 22
828 23
829 26
830 29
831 26
832 29
833 20
834 20
835 23
836 20
837 24
838 25
839 35
840 33
841 24
842 16
843 30
844 35
845 19
846 34
847 22
848 52
849 31
850 25
851 41
852 23
853 34
854 26
855 26
856 23
857 23
858 28
859 36
860 26
861 29
862 30
863 20
864 26
865 20
866 23
867 23
868 23
869 23
870 31
871 28
872 20
873 28
874 31
875 23
876 19
877 29
878 14
879 26
880 17
881 20
882 20
883 19
884 33
885 23
886 25
887 23
888 26
889 26
890 31
891 26
892 23
893 37
894 28
895 28
896 29
897 37
898 33
899 29
900 24
901 24
902 38
903 37
904 30
905 19
906 23
907 27
908 30
909 30
910 25
911 25
912 55
913 27
914 23
915 32
916 23
917 23
918 20
919 23
920 26
921 42
922 39
923 23
924 37
925 27
926 28
927 19
928 39
929 20
930 26
931 23
932 25
933 30
934 32
935 27
936 22
937 29
938 26
939 19
940 26
941 16
942 27
943 26
944 26
945 26
946 17
947 22
948 40
949 26
950 34
951 33
952 29
953 26
954 35
955 26
956 35
957 20
958 38
959 17
960 36
961 37
962 25
963 23
964 31
965 17
966 23
967 29
968 22
969 25
970 27
971 29
972 14
973 17
974 17
975 34
976 35
977 27
978 33
979 26
980 31
981 25
982 25
983 23
984 25
985 23
986 26
987 19
988 20
989 35
990 23
991 20
992 34
993 21
994 24
995 18
996 28
997 22
998 26
999 30
1000 31
1001 37
1002 23
1003 31
1004 19
1005 32
1006 27
1007 26
1008 21
1009 29
1010 23
1011 27
1012 21
1013 23
1014 27
1015 13
1016 26
1017 32
1018 28
1019 33
1020 17
1021 20
1022 38
1023 17
1024 20
1025 28
1026 23
1027 36
1028 33
1029 31
1030 29
1031 25
1032 26
1033 23
1034 32
1035 27
1036 22
1037 51
1038 25
1039 23
1040 26
1041 17
1042 31
1043 23
1044 26
1045 17
1046 20
1047 35
1048 26
1049 34
1050 23
1051 23
1052 31
1053 32
1054 28
1055 32
1056 23
1057 25
1058 26
1059 17
1060 23
1061 29
1062 30
1063 28
1064 20
1065 26
1066 20
1067 23
1068 23
1069 42
1070 34
1071 26
1072 26
1073 20
1074 20
1075 26
1076 26
1077 23
1078 19
1079 25
1080 29
1081 24
1082 44
1083 14
1084 26
1085 27
1086 23
1087 29
1088 22
1089 30
1090 33
1091 24
1092 32
1093 17
1094 25
1095 25
1096 32
1097 17
1098 26
1099 22
1100 26
1101 14
1102 30
1103 26
1104 21
1105 31
1106 29
1107 31
1108 23
1109 20
1110 33
1111 17
1112 29
1113 30
1114 30
1115 30
1116 34
1117 37
1118 34
1119 30
1120 36
1121 35
1122 24
1123 21
1124 20
1125 32
1126 22
1127 34
1128 26
1129 19
1130 19
1131 23
1132 26
1133 23
1134 27
1135 23
1136 31
1137 48
1138 28
1139 25
1140 48
1141 20
1142 20
1143 19
1144 20
1145 32
1146 19
1147 26
1148 23
1149 41
1150 33
1151 22
1152 31
1153 19
1154 25
1155 26
1156 29
1157 37
1158 26
1159 34
1160 23
1161 27
1162 23
1163 35
1164 33
1165 20
1166 29
1167 36
1168 31
1169 33
1170 33
1171 22
1172 21
1173 19
1174 26
1175 20
1176 23
1177 23
1178 30
1179 31
1180 23
1181 20
1182 23
1183 23
1184 23
1185 16
1186 28
1187 22
1188 25
1189 34
1190 41
1191 28
1192 24
1193 28
1194 32
1195 57
1196 11
1197 14
1198 23
1199 20
1200 37
1201 17
1202 34
1203 36
1204 27
1205 20
1206 17
1207 29
1208 21
1209 22
1210 23
1211 32
1212 29
1213 30
1214 36
1215 26
1216 19
1217 28
1218 24
1219 20
1220 25
1221 34
1222 36
1223 33
1224 17
1225 23
1226 17
1227 17
1228 33
1229 26
1230 17
1231 20
1232 23
1233 23
1234 27
1235 27
1236 20
1237 20
1238 25
1239 22
1240 25
1241 20
1242 28
1243 26
1244 28
1245 26
1246 29
1247 17
1248 26
1249 35
1250 40
1251 20
1252 29
1253 28
1254 28
1255 19
1256 32
1257 41
1258 28
1259 22
1260 32
1261 34
1262 26
1263 36
1264 29
1265 34
1266 48
1267 21
1268 24
1269 34
1270 28
1271 35
1272 23
1273 21
1274 23
1275 38
1276 29
1277 23
1278 29
1279 38
1280 32
1281 25
1282 36
1283 19
1284 32
1285 28
1286 27
1287 28
1288 29
1289 28
1290 42
1291 26
1292 23
1293 33
1294 19
1295 38
1296 19
1297 48
1298 41
1299 14
1300 11
1301 21
1302 29
1303 20
1304 26
1305 21
1306 17
1307 26
1308 17
1309 24
1310 26
1311 29
1312 23
1313 28
1314 24
1315 26
1316 17
1317 29
1318 26
1319 25
1320 22
1321 26
1322 29
1323 32
1324 22
1325 28
1326 32
1327 26
1328 31
1329 38
1330 59
1331 20
1332 23
1333 22
1334 33
1335 28
1336 34
1337 31
1338 24
1339 39
1340 22
1341 28
1342 34
1343 33
1344 25
1345 30
1346 26
1347 11
1348 22
1349 24
1350 30
1351 22
1352 39
1353 29
1354 26
1355 29
1356 19
1357 28
1358 25
1359 23
1360 19
1361 28
1362 25
1363 36
1364 32
1365 32
1366 42
1367 30
1368 36
1369 30
1370 28
1371 11
1372 35
1373 28
1374 17
1375 36
1376 22
1377 27
1378 28
1379 20
1380 22
1381 25
1382 23
1383 32
1384 23
1385 25
1386 46
1387 25
1388 24
1389 30
1390 20
1391 20
1392 31
1393 58
1394 34
1395 38
1396 34
1397 29
1398 28
1399 31
1400 25
1401 39
1402 30
1403 26
1404 41
1405 26
1406 35
1407 20
1408 33
1409 23
1410 32
1411 26
1412 31
1413 29
1414 29
1415 35
1416 26
1417 23
1418 20
1419 31
1420 28
1421 17
1422 29
1423 14
1424 27
1425 20
1426 28
1427 29
1428 20
1429 20
1430 20
1431 19
1432 20
1433 28
1434 28
1435 28
1436 28
1437 23
1438 19
1439 25
1440 19
1441 28
1442 31
1443 21
1444 17
1445 33
1446 20
1447 23
1448 35
1449 34
1450 35
1451 32
1452 39
1453 40
1454 24
1455 19
1456 45
1457 23
1458 31
1459 27
1460 29
1461 22
1462 25
1463 25
1464 31
1465 74
1466 25
1467 22
1468 29
1469 26
1470 33
1471 30
1472 26
1473 26
1474 19
1475 24
1476 35
1477 41
1478 20
1479 35
1480 36
1481 33
1482 53
1483 25
1484 35
1485 31
1486 34
1487 17
1488 25
1489 22
1490 26
1491 21
1492 20
1493 24
1494 27
1495 14
1496 26
1497 22
1498 23
1499 26
1500 30
1501 20
1502 23
1503 20
1504 17
1505 29
1506 37
1507 26
1508 29
1509 23
1510 32
1511 20
1512 24
1513 49
1514 35
1515 20
1516 23
1517 28
1518 20
1519 17
1520 26
1521 23
1522 22
1523 36
1524 20
1525 43
1526 31
1527 26
1528 19
1529 24
1530 20
1531 31
1532 23
1533 40
1534 32
1535 20
1536 25
1537 25
1538 27
1539 48
1540 40
1541 48
1542 34
1543 34
1544 35
1545 27
1546 27
1547 17
1548 25
1549 29
1550 26
1551 26
1552 25
1553 23
1554 25
1555 40
1556 17
1557 19
1558 31
1559 32
1560 20
1561 26
1562 17
1563 26
1564 35
1565 29
1566 38
1567 32
1568 24
1569 29
1570 26
1571 20
1572 26
1573 27
1574 29
1575 27
1576 29
1577 24
1578 24
1579 32
1580 53
1581 27
1582 41
1583 42
1584 19
1585 39
1586 38
1587 25
1588 34
1589 27
1590 37
1591 26
1592 40
1593 32
1594 33
1595 32
1596 36
1597 26
1598 20
1599 32
1600 34
1601 45
1602 30
1603 26
1604 31
1605 29
1606 27
1607 35
1608 30
1609 30
1610 32
1611 29
1612 42
1613 30
1614 29
1615 38
1616 53
1617 29
1618 22
1619 29
1620 35
1621 23
1622 23
1623 29
1624 35
1625 32
1626 32
1627 31
1628 22
1629 45
1630 28
1631 20
1632 31
1633 28
1634 30
1635 34
1636 28
1637 35
1638 44
1639 25
1640 27
1641 28
1642 31
1643 36
1644 31
1645 26
1646 29
1647 32
1648 28
1649 27
1650 29
1651 23
1652 26
1653 20
1654 28
1655 38
1656 46
1657 32
1658 45
1659 28
1660 40
1661 36
1662 39
1663 32
1664 20
1665 56
1666 20
1667 29
1668 25
1669 32
1670 32
1671 20
1672 32
1673 17
1674 23
1675 28
1676 44
1677 14
1678 31
1679 22
1680 26
1681 28
1682 23
1683 31
1684 17
1685 20
1686 32
1687 29
1688 34
1689 24
1690 49
1691 35
1692 26
1693 23
1694 32
1695 32
1696 26
1697 29
1698 23
1699 22
1700 33
1701 52
1702 21
1703 42
1704 26
1705 46
1706 34
1707 22
1708 25
1709 23
1710 23
1711 39
1712 26
1713 31
1714 39
1715 39
1716 28
1717 30
1718 28
1719 25
1720 40
1721 28
1722 46
1723 22
1724 25
1725 59
1726 29
1727 22
1728 29
1729 37
1730 32
1731 26
1732 23
1733 26
1734 17
1735 22
1736 34
1737 63
1738 22
1739 30
1740 30
1741 20
1742 39
1743 34
1744 28
1745 26
1746 31
1747 35
1748 31
1749 27
1750 27
1751 22
1752 38
1753 25
1754 16
1755 20
1756 38
1757 35
1758 23
1759 31
1760 25
1761 30
1762 27
1763 35
1764 18
1765 22
1766 14
1767 20
1768 26
1769 29
1770 31
1771 36
1772 35
1773 31
1774 29
1775 30
1776 34
1777 33
1778 20
1779 29
1780 38
1781 20
1782 29
1783 28
1784 40
1785 33
1786 35
1787 17
1788 25
1789 35
1790 29
1791 23
1792 20
1793 20
1794 30
1795 32
1796 34
1797 19
1798 41
1799 21
1800 17
1801 21
1802 47
1803 35
1804 23
1805 33
1806 22
1807 37
1808 33
1809 34
1810 33
1811 33
1812 49
1813 18
1814 41
1815 30
1816 37
1817 46
1818 22
1819 28
1820 37
1821 44
1822 25
1823 22
1824 20
1825 36
1826 32
1827 34
1828 27
1829 28
1830 23
1831 33
1832 25
1833 31
1834 32
1835 20
1836 28
1837 26
1838 25
1839 23
1840 27
1841 28
1842 23
1843 20
1844 20
1845 32
1846 26
1847 25
1848 29
1849 20
1850 25
1851 22
1852 31
1853 32
1854 30
1855 33
1856 27
1857 29
1858 31
1859 42
1860 28
1861 25
1862 28
1863 28
1864 38
1865 30
1866 25
1867 25
1868 23
1869 25
1870 42
1871 20
1872 14
1873 26
1874 40
1875 22
1876 23
1877 32
1878 17
1879 35
1880 23
1881 28
1882 21
1883 22
1884 25
1885 31
1886 25
1887 29
1888 17
1889 23
1890 28
1891 31
1892 36
1893 34
1894 20
1895 37
1896 31
1897 26
1898 41
1899 41
1900 41
1901 38
1902 34
1903 29
1904 25
1905 31
1906 23
1907 47
1908 32
1909 30
1910 30
1911 23
1912 28
1913 31
1914 29
1915 42
1916 22
1917 25
1918 17
1919 17
1920 23
1921 35
1922 22
1923 14
1924 32
1925 29
1926 23
1927 25
1928 36
1929 16
1930 26
1931 20
1932 17
1933 28
1934 29
1935 29
1936 18
1937 36
1938 20
1939 24
1940 14
1941 41
1942 23
1943 35
1944 26
1945 31
1946 26
1947 27
1948 33
1949 32
1950 29
1951 39
1952 39
1953 26
1954 15
1955 31
1956 23
1957 46
1958 31
1959 37
1960 32
1961 29
1962 22
1963 28
1964 29
1965 29
1966 45
1967 29
1968 20
1969 17
1970 29
1971 38
1972 23
1973 29
1974 19
1975 28
1976 20
1977 36
1978 29
1979 25
1980 26
1981 30
1982 34
1983 33
1984 32
1985 26
1986 39
1987 44
1988 31
1989 45
1990 53
1991 27
1992 34
1993 44
1994 25
1995 52
1996 40
1997 46
1998 25
1999 34
2000 29
2001 30
2002 38
2003 27
2004 39
2005 24
2006 29
2007 31
2008 33
2009 30
2010 65
2011 28
2012 32
2013 23
2014 22
2015 31
2016 28
2017 29
2018 23
2019 38
2020 42
2021 24
2022 26
2023 43
2024 43
2025 26
2026 23
2027 20
2028 28
2029 26
2030 29
2031 24
2032 22
2033 28
2034 32
2035 34
2036 27
2037 23
2038 28
2039 25
2040 19
2041 19
2042 35
2043 32
2044 33
2045 20
2046 26
2047 38
2048 36
2049 31
2050 35
2051 32
2052 35
2053 29
2054 27
2055 28
2056 21
2057 23
2058 32
2059 25
2060 25
2061 32
2062 30
2063 22
2064 26
2065 23
2066 25
2067 56
2068 21
2069 22
2070 33
2071 29
2072 15
2073 27
2074 32
2075 20
2076 25
2077 42
2078 47
2079 20
2080 28
2081 20
2082 30
2083 16
2084 23
2085 27
2086 23
2087 41
2088 27
2089 28
2090 23
2091 26
2092 25
2093 23
2094 26
2095 25
2096 20
2097 25
2098 42
2099 17
2100 36
2101 33
2102 33
2103 23
2104 31
2105 24
2106 26
2107 35
2108 22
2109 23
2110 29
2111 26
2112 23
2113 27
2114 24
2115 34
2116 17
2117 35
2118 27
2119 28
2120 40
2121 24
2122 25
2123 29
2124 27
2125 50
2126 27
2127 17
2128 14
2129 61
2130 38
2131 16
2132 41
2133 23
2134 33
2135 37
2136 18
2137 36
2138 32
2139 39
2140 23
2141 16
2142 29
2143 40
2144 30
2145 38
2146 28
2147 22
2148 30
2149 41
2150 50
2151 43
2152 36
2153 35
2154 29
2155 28
2156 31
2157 26
2158 20
2159 38
2160 27
2161 15
2162 20
2163 25
2164 35
2165 36
2166 24
2167 22
2168 26
2169 38
2170 33
2171 17
2172 32
2173 23
2174 29
2175 23
2176 33
2177 23
2178 20
2179 30
2180 29
2181 34
2182 39
2183 27
2184 20
2185 33
2186 37
2187 32
2188 33
2189 23
2190 20
2191 22
2192 25
2193 25
2194 29
2195 23
2196 21
2197 42
2198 28
2199 28
2200 20
2201 25
2202 27
2203 25
2204 25
2205 22
2206 14
2207 44
2208 33
2209 29
2210 39
2211 29
2212 20
2213 29
2214 23
2215 25
2216 26
2217 36
2218 26
2219 33
2220 20
2221 66
2222 45
2223 36
2224 51
2225 55
2226 23
2227 23
2228 25
2229 17
2230 14
2231 26
2232 23
2233 21
2234 22
2235 31
2236 15
2237 22
2238 20
2239 37
2240 22
2241 35
2242 18
2243 27
2244 43
2245 25
2246 34
2247 29
2248 30
2249 19
2250 20
2251 47
2252 24
2253 34
2254 51
2255 74
2256 32
2257 23
2258 23
2259 23
2260 23
2261 26
2262 29
2263 20
2264 29
2265 25
2266 26
2267 29
2268 25
2269 30
2270 33
2271 30
2272 32
2273 25
2274 26
2275 22
2276 26
2277 17
2278 27
2279 28
2280 37
2281 29
2282 23
2283 28
2284 20
2285 20
2286 38
2287 38
2288 36
2289 22
2290 23
2291 22
2292 27
2293 28
2294 29
2295 27
2296 27
2297 23
2298 27
2299 26
2300 30
2301 56
2302 20
2303 29
2304 22
2305 19
2306 26
2307 29
2308 33
2309 17
2310 37
2311 33
2312 25
2313 28
2314 29
2315 35
2316 28
2317 22
2318 25
2319 42
2320 15
2321 30
2322 33
2323 39
2324 20
2325 33
2326 28
2327 22
2328 25
2329 25
2330 37
2331 30
2332 14
2333 25
2334 34
2335 34
2336 29
2337 34
2338 36
2339 33
2340 20
2341 44
2342 24
2343 27
2344 29
2345 22
2346 23
2347 25
2348 25
2349 23
2350 31
2351 23
2352 26
2353 25
2354 50
2355 34
2356 27
2357 40
2358 32
2359 36
2360 22
2361 30
2362 23
2363 31
2364 28
2365 16
2366 31
2367 29
2368 31
2369 32
2370 22
2371 16
2372 23
2373 22
2374 29
2375 29
2376 26
2377 25
2378 29
2379 38
2380 26
2381 38
2382 44
2383 44
2384 23
2385 26
2386 28
2387 28
2388 29
2389 29
2390 27
2391 30
2392 24
2393 33
2394 25
2395 21
2396 20
2397 22
2398 26
2399 23
2400 26
2401 22
2402 22
2403 33
2404 26
2405 31
2406 26
2407 25
2408 26
2409 32
2410 35
2411 39
2412 23
2413 37
2414 27
2415 35
2416 31
2417 27
2418 27
2419 27
2420 26
2421 27
2422 32
2423 34
2424 36
2425 27
2426 24
2427 20
2428 23
2429 38
2430 25
2431 24
2432 26
2433 42
2434 36
2435 23
2436 24
2437 19
2438 25
2439 35
2440 24
2441 29
2442 28
2443 34
2444 31
2445 29
2446 43
2447 35
2448 32
2449 28
2450 35
2451 21
2452 37
2453 31
2454 37
2455 23
2456 27
2457 37
2458 35
2459 27
2460 43
2461 35
2462 34
2463 26
2464 22
2465 32
2466 12
2467 28
2468 28
2469 54
2470 29
2471 35
2472 28
2473 23
2474 28
2475 42
2476 31
2477 32
2478 25
2479 28
2480 23
2481 23
2482 25
2483 27
2484 26
2485 34
2486 31
2487 23
2488 33
2489 29
2490 37
2491 25
2492 30
2493 29
2494 24
2495 20
2496 26
2497 32
2498 26
2499 22
2500 20
2501 39
2502 27
2503 28
2504 26
2505 23
2506 22
2507 28
2508 17
2509 29
2510 29
2511 29
2512 24
2513 28
2514 22
2515 23
2516 39
2517 25
2518 45
2519 26
2520 26
2521 24
2522 25
2523 33
2524 26
2525 26
2526 44
2527 16
2528 29
2529 52
2530 23
2531 29
2532 28
2533 29
2534 27
2535 32
2536 23
2537 25
2538 27
2539 19
2540 26
2541 29
2542 23
2543 30
2544 32
2545 31
2546 20
2547 30
2548 25
2549 26
2550 29
2551 20
2552 26
2553 32
2554 29
2555 25
2556 28
2557 26
2558 27
2559 29
2560 29
2561 17
2562 29
2563 26
2564 40
2565 28
2566 40
2567 25
2568 35
2569 33
2570 31
2571 22
2572 30
2573 23
2574 33
2575 23
2576 23
2577 35
2578 44
2579 28
2580 31
2581 37
2582 23
2583 29
2584 22
2585 30
2586 30
2587 33
2588 17
2589 22
2590 32
2591 35
2592 25
2593 38
2594 28
2595 26
2596 27
2597 38
2598 35
2599 43
2600 35
2601 29
2602 29
2603 45
2604 36
2605 23
2606 30
2607 31
2608 20
2609 29
2610 23
2611 36
2612 33
2613 41
2614 33
2615 28
2616 14
2617 20
2618 26
2619 31
2620 32
2621 26
2622 24
2623 28
2624 20
2625 28
2626 25
2627 28
2628 57
2629 57
2630 38
2631 29
2632 46
2633 40
2634 40
2635 35
2636 31
2637 23
2638 36
2639 31
2640 33
2641 32
2642 28
2643 32
2644 22
2645 25
2646 26
2647 52
2648 25
2649 26
2650 26
2651 29
2652 30
2653 23
2654 35
2655 33
2656 43
2657 49
2658 30
2659 26
2660 40
2661 25
2662 21
2663 27
2664 28
2665 32
2666 34
2667 26
2668 31
2669 32
2670 29
2671 26
2672 31
2673 43
2674 39
2675 26
2676 14
2677 20
2678 25
2679 38
2680 34
2681 25
2682 25
2683 52
2684 39
2685 28
2686 37
2687 25
2688 35
2689 32
2690 29
2691 29
2692 29
2693 29
2694 34
2695 23
2696 23
2697 20
2698 43
2699 26
2700 26
2701 28
2702 43
2703 24
2704 24
2705 28
2706 38
2707 41
2708 36
2709 44
2710 39
2711 26
2712 33
2713 49
2714 35
2715 52
2716 35
2717 25
2718 30
2719 33
2720 30
2721 35
2722 43
2723 29
2724 23
2725 29
2726 27
2727 26
2728 22
2729 29
2730 33
2731 28
2732 20
2733 27
2734 32
2735 31
2736 33
2737 33
2738 35
2739 28
2740 37
2741 34
2742 40
2743 31
2744 45
2745 36
2746 27
2747 37
2748 34
2749 44
2750 33
2751 32
2752 32
2753 25
2754 27
2755 24
2756 17
2757 36
2758 30
2759 26
2760 38
2761 34
2762 43
2763 27
2764 30
2765 28
2766 32
2767 34
2768 26
2769 24
2770 29
2771 44
2772 26
2773 35
2774 29
2775 26
2776 31
2777 30
2778 44
2779 33
2780 17
2781 28
2782 28
2783 37
2784 32
2785 30
2786 24
2787 29
2788 18
2789 17
2790 25
2791 61
2792 23
2793 42
2794 29
2795 16
2796 39
2797 32
2798 31
2799 31
2800 25
2801 22
2802 26
2803 21
2804 17
2805 23
2806 37
2807 31
2808 20
2809 33
2810 29
2811 36
2812 22
2813 26
2814 23
2815 27
2816 27
2817 35
2818 26
2819 54
2820 24
2821 26
2822 31
2823 29
2824 30
2825 35
2826 20
2827 26
2828 29
2829 34
2830 32
2831 26
2832 24
2833 30
2834 32
2835 33
2836 42
2837 48
2838 35
2839 34
2840 16
2841 32
2842 31
2843 41
2844 22
2845 27
2846 20
2847 33
2848 36
2849 16
2850 23
2851 26
2852 20
2853 36
2854 25
2855 24
2856 16
2857 28
2858 29
2859 22
2860 20
2861 41
2862 23
2863 29
2864 29
2865 20
2866 19
2867 29
2868 27
2869 14
2870 28
2871 23
2872 23
2873 25
2874 20
2875 31
2876 36
2877 29
2878 29
2879 28
2880 23
2881 35
2882 36
2883 33
2884 23
2885 34
2886 26
2887 22
2888 34
2889 29
2890 29
2891 26
2892 47
2893 26
2894 38
2895 31
2896 34
2897 34
2898 40
2899 30
2900 33
2901 38
2902 45
2903 32
2904 29
2905 25
2906 23
2907 35
2908 31
2909 25
2910 37
2911 29
2912 36
2913 25
2914 34
2915 22
2916 28
2917 15
2918 34
2919 29
2920 19
2921 20
2922 30
2923 30
2924 31
2925 20
2926 28
2927 26
2928 25
2929 23
2930 29
2931 36
2932 23
2933 34
2934 36
2935 20
2936 38
2937 25
2938 38
2939 29
2940 40
2941 17
2942 33
2943 32
2944 20
2945 26
2946 30
2947 29
2948 41
2949 29
2950 31
2951 39
2952 23
2953 23
2954 19
2955 25
2956 34
2957 23
2958 29
2959 19
2960 31
2961 29
2962 27
2963 25
2964 43
2965 34
2966 39
2967 38
2968 36
2969 38
2970 15
2971 25
2972 30
2973 29
2974 23
2975 30
2976 36
2977 36
2978 28
2979 33
2980 20
2981 21
2982 33
2983 23
2984 39
2985 23
2986 11
2987 14
2988 25
2989 32
2990 23
2991 38
2992 26
2993 24
2994 33
2995 27
2996 30
2997 22
2998 29
2999 28
3000 36
3001 27
3002 29
3003 22
3004 29
3005 26
3006 34
3007 19
3008 26
3009 36
3010 51
3011 32
3012 34
3013 37
3014 36
3015 31
3016 29
3017 26
3018 28
3019 29
3020 30
3021 29
3022 19
3023 26
3024 23
3025 28
3026 28
3027 44
3028 20
3029 28
3030 40
3031 32
3032 20
3033 20
3034 29
3035 17
3036 25
3037 28
3038 11
3039 23
3040 28
3041 26
3042 31
3043 29
3044 25
3045 30
3046 25
3047 24
3048 29
3049 31
3050 35
3051 26
3052 32
3053 45
3054 28
3055 37
3056 21
3057 30
3058 23
3059 32
3060 29
3061 34
3062 29
3063 28
3064 21
3065 35
3066 43
3067 38
3068 38
3069 46
3070 24
3071 36
3072 20
3073 17
3074 34
3075 30
3076 26
3077 30
3078 29
3079 34
3080 19
3081 29
3082 26
3083 20
3084 35
3085 31
3086 42
3087 32
3088 29
3089 28
3090 27
3091 27
3092 23
3093 35
3094 30
3095 30
3096 44
3097 26
3098 27
3099 29
3100 32
3101 28
3102 28
3103 29
3104 31
3105 27
3106 27
3107 31
3108 39
3109 20
3110 33
3111 23
3112 23
3113 27
3114 29
3115 20
3116 17
3117 25
3118 26
3119 26
3120 17
3121 28
3122 26
3123 31
3124 24
3125 28
3126 30
3127 41
3128 36
3129 19
3130 29
3131 31
3132 27
3133 31
3134 34
3135 28
3136 29
3137 30
3138 33
3139 26
3140 34
3141 26
3142 27
3143 37
3144 28
3145 32
3146 27
3147 32
3148 36
3149 26
3150 26
3151 41
3152 34
3153 23
3154 30
3155 30
3156 29
3157 25
3158 46
3159 23
3160 32
3161 22
3162 29
3163 32
3164 27
3165 17
3166 38
3167 25
3168 33
3169 23
3170 33
3171 36
3172 26
3173 22
3174 36
3175 24
3176 31
3177 32
3178 34
3179 26
3180 36
3181 31
3182 30
3183 20
3184 42
3185 39
3186 20
3187 27
3188 29
3189 27
3190 23
3191 36
3192 23
3193 21
3194 32
3195 36
3196 32
3197 25
3198 23
3199 20
3200 24
3201 34
3202 25
3203 26
3204 17
3205 39
3206 48
3207 28
3208 27
3209 34
3210 14
3211 23
3212 48
3213 22
3214 32
3215 31
3216 26
3217 20
3218 23
3219 28
3220 18
3221 37
3222 29
3223 32
3224 38
3225 29
3226 32
3227 27
3228 22
3229 22
3230 25
3231 41
3232 33
3233 52
3234 26
3235 28
3236 31
3237 33
3238 29
3239 40
3240 28
3241 37
3242 23
3243 30
3244 31
3245 29
3246 20
3247 28
3248 28
3249 26
3250 42
3251 43
3252 32
3253 27
3254 33
3255 25
3256 27
3257 23
3258 22
3259 23
3260 30
3261 41
3262 25
3263 23
3264 20
3265 33
3266 27
3267 30
3268 23
3269 34
3270 29
3271 33
3272 44
3273 29
3274 26
3275 21
3276 34
3277 23
3278 20
3279 43
3280 35
3281 35
3282 31
3283 29
3284 39
3285 31
3286 23
3287 36
3288 29
3289 22
3290 20
3291 45
3292 17
3293 27
3294 27
3295 23
3296 25
3297 23
3298 28
3299 35
3300 30
3301 32
3302 38
3303 45
3304 24
3305 21
3306 47
3307 33
3308 29
3309 23
3310 37
3311 37
3312 22
3313 48
3314 30
3315 25
3316 50
3317 35
3318 35
3319 31
3320 20
3321 29
3322 23
3323 20
3324 35
3325 41
3326 22
3327 27
3328 33
3329 32
3330 28
3331 20
3332 31
3333 36
3334 26
3335 38
3336 34
3337 33
3338 23
3339 35
3340 25
3341 31
3342 41
3343 30
3344 29
3345 30
3346 23
3347 34
3348 26
3349 32
3350 32
3351 25
3352 32
3353 29
3354 26
3355 28
3356 31
3357 35
3358 37
3359 20
3360 33
3361 36
3362 69
3363 26
3364 28
3365 30
3366 26
3367 30
3368 33
3369 22
3370 29
3371 39
3372 41
3373 28
3374 47
3375 34
3376 25
3377 34
3378 25
3379 32
3380 35
3381 18
3382 32
3383 30
3384 24
3385 24
3386 32
3387 20
3388 25
3389 32
3390 23
3391 38
3392 41
3393 32
3394 29
3395 14
3396 26
3397 30
3398 15
3399 22
3400 36
3401 26
3402 34
3403 28
3404 31
3405 59
3406 58
3407 23
3408 29
3409 57
3410 35
3411 31
3412 29
3413 23
3414 28
3415 30
3416 30
3417 25
3418 20
3419 33
3420 24
3421 28
3422 34
3423 26
3424 30
3425 35
3426 41
3427 41
3428 23
3429 30
3430 21
3431 32
3432 43
3433 38
3434 34
3435 28
3436 42
3437 42
3438 29
3439 47
3440 23
3441 29
3442 26
3443 20
3444 31
3445 34
3446 44
3447 34
3448 48
3449 39
3450 26
3451 28
3452 23
3453 37
3454 29
3455 34
3456 45
3457 33
3458 40
3459 20
3460 25
3461 23
3462 55
3463 29
3464 25
3465 37
3466 29
3467 24
3468 23
3469 21
3470 23
3471 36
3472 29
3473 23
3474 36
3475 33
3476 24
3477 43
3478 23
3479 27
3480 17
3481 48
3482 25
3483 26
3484 37
3485 21
3486 31
3487 26
3488 39
3489 44
3490 20
3491 26
3492 32
3493 25
3494 31
3495 22
3496 32
3497 44
3498 25
3499 35
3500 32
3501 22
3502 17
3503 26
3504 33
3505 31
3506 27
3507 30
3508 33
3509 23
3510 31
3511 41
3512 26
3513 38
3514 23
3515 50
3516 44
3517 36
3518 38
3519 29
3520 28
3521 23
3522 38
3523 23
3524 20
3525 26
3526 30
3527 27
3528 16
3529 34
3530 32
3531 20
3532 33
3533 31
3534 34
3535 26
3536 35
3537 32
3538 26
3539 31
3540 34
3541 34
3542 37
3543 27
3544 37
3545 29
3546 28
3547 36
3548 34
3549 34
3550 29
3551 41
3552 39
3553 30
3554 34
3555 35
3556 31
3557 32
3558 53
3559 28
3560 37
3561 37
3562 33
3563 29
3564 43
3565 28
3566 42
3567 28
3568 32
3569 41
3570 29
3571 40
3572 26
3573 31
3574 53
3575 43
3576 45
3577 20
3578 35
3579 32
3580 45
3581 38
3582 36
3583 32
3584 32
3585 50
3586 32
3587 50
3588 34
3589 35
3590 28
3591 45
3592 24
3593 25
3594 39
3595 30
3596 38
3597 32
3598 36
3599 26
3600 23
3601 29
3602 51
3603 46
3604 44
3605 53
3606 39
3607 19
3608 36
3609 24
3610 35
3611 29
3612 31
3613 27
3614 28
3615 50
3616 63
3617 34
3618 54
3619 29
3620 25
3621 24
3622 26
3623 37
3624 22
3625 34
3626 27
3627 36
3628 35
3629 40
3630 23
3631 19
3632 23
3633 28
3634 30
3635 28
3636 35
3637 24
3638 27
3639 32
3640 46
3641 37
3642 29
3643 30
3644 35
3645 29
3646 26
3647 37
3648 17
3649 43
3650 49
3651 47
3652 41
3653 26
3654 34
3655 38
3656 45
3657 39
3658 17
3659 30
3660 28
3661 31
3662 31
3663 29
3664 25
3665 34
3666 32
3667 23
3668 32
3669 30
3670 25
3671 29
3672 28
3673 33
3674 30
3675 44
3676 30
3677 31
3678 23
3679 29
3680 29
3681 32
3682 32
3683 31
3684 31
3685 41
3686 50
3687 24
3688 35
3689 37
3690 20
3691 40
3692 30
3693 53
3694 29
3695 53
3696 19
3697 24
3698 50
3699 23
3700 43
3701 29
3702 17
3703 31
3704 35
3705 26
3706 24
3707 28
3708 45
3709 40
3710 26
3711 41
3712 23
3713 50
3714 26
3715 20
3716 26
3717 24
3718 32
3719 28
3720 32
3721 34
3722 26
3723 14
3724 20
3725 30
3726 33
3727 26
3728 30
3729 28
3730 45
3731 21
3732 23
3733 32
3734 30
3735 31
3736 44
3737 27
3738 36
3739 29
3740 43
3741 29
3742 48
3743 30
3744 11
3745 37
3746 33
3747 35
3748 23
3749 30
3750 25
3751 32
3752 17
3753 22
3754 33
3755 34
3756 33
3757 24
3758 28
3759 30
3760 26
3761 26
3762 74
3763 37
3764 37
3765 29
3766 17
3767 28
3768 22
3769 31
3770 31
3771 24
3772 23
3773 33
3774 27
3775 22
3776 36
3777 29
3778 23
3779 36
3780 26
3781 31
3782 30
3783 34
3784 26
3785 28
3786 20
3787 30
3788 26
3789 31
3790 31
3791 36
3792 49
3793 34
3794 33
3795 36
3796 29
3797 31
3798 26
3799 31
3800 32
3801 21
3802 32
3803 43
3804 36
3805 29
3806 40
3807 34
3808 30
3809 24
3810 31
3811 35
3812 35
3813 37
3814 31
3815 42
3816 29
3817 27
3818 19
3819 31
3820 35
3821 34
3822 28
3823 27
3824 41
3825 26
3826 23
3827 24
3828 25
3829 35
3830 25
3831 26
3832 20
3833 20
3834 28
3835 36
3836 33
3837 22
3838 20
3839 26
3840 26
3841 20
3842 33
3843 30
3844 29
3845 28
3846 26
3847 29
3848 40
3849 41
3850 22
3851 20
3852 33
3853 32
3854 28
3855 28
3856 20
3857 37
3858 32
3859 28
3860 23
3861 29
3862 23
3863 33
3864 61
3865 40
3866 27
3867 34
3868 37
3869 26
3870 14
3871 49
3872 26
3873 23
3874 33
3875 28
3876 32
3877 39
3878 25
3879 20
3880 26
3881 27
3882 37
3883 24
3884 36
3885 20
3886 40
3887 31
3888 44
3889 25
3890 28
3891 29
3892 44
3893 41
3894 29
3895 55
3896 19
3897 29
3898 28
3899 23
3900 26
3901 29
3902 20
3903 33
3904 24
3905 27
3906 28
3907 40
3908 25
3909 26
3910 35
3911 21
3912 36
3913 31
3914 28
3915 36
3916 36
3917 28
3918 38
3919 42
3920 23
3921 47
3922 23
3923 42
3924 34
3925 28
3926 14
3927 36
3928 45
3929 29
3930 29
3931 21
3932 44
3933 26
3934 51
3935 19
3936 25
3937 44
3938 32
3939 35
3940 20
3941 33
3942 68
3943 23
3944 45
3945 36
3946 37
3947 23
3948 34
3949 23
3950 35
3951 26
3952 41
3953 42
3954 29
3955 30
3956 24
3957 35
3958 37
3959 24
3960 46
3961 41
3962 55
3963 47
3964 29
3965 24
3966 34
3967 49
3968 31
3969 29
3970 39
3971 40
3972 36
3973 41
3974 29
3975 33
3976 35
3977 31
3978 34
3979 38
3980 38
3981 35
3982 23
3983 32
3984 29
3985 30
3986 31
3987 40
3988 47
3989 31
3990 32
3991 36
3992 30
3993 40
3994 29
3995 29
3996 31
3997 70
3998 32
3999 25
4000 29
4001 31
4002 42
4003 25
4004 35
4005 42
4006 29
4007 29
4008 26
4009 26
4010 29
4011 37
4012 36
4013 17
4014 50
4015 25
4016 30
4017 23
4018 20
4019 20
4020 30
4021 31
4022 32
4023 29
4024 26
4025 28
4026 16
4027 26
4028 23
4029 22
4030 31
4031 28
4032 17
4033 44
4034 26
4035 36
4036 32
4037 33
4038 25
4039 29
4040 20
4041 44
4042 36
4043 23
4044 17
4045 23
4046 25
4047 42
4048 29
4049 20
4050 20
4051 25
4052 22
4053 38
4054 28
4055 41
4056 28
4057 29
4058 20
4059 27
4060 23
4061 26
4062 32
4063 31
4064 38
4065 22
4066 39
4067 36
4068 26
4069 25
4070 31
4071 28
4072 25
4073 21
4074 27
4075 34
4076 30
4077 35
4078 31
4079 24
4080 36
4081 17
4082 30
4083 30
4084 24
4085 14
4086 29
4087 29
4088 44
4089 19
4090 25
4091 24
4092 34
4093 24
4094 35
4095 31
4096 25
4097 25
4098 29
4099 33
4100 31
4101 27
4102 30
4103 24
4104 27
4105 21
4106 22
4107 33
4108 22
4109 17
4110 33
4111 25
4112 19
4113 34
4114 26
4115 15
4116 25
4117 35
4118 38
4119 43
4120 33
4121 62
4122 29
4123 33
4124 45
4125 40
4126 33
4127 33
4128 31
4129 32
4130 37
4131 32
4132 32
4133 30
4134 33
4135 31
4136 20
4137 35
4138 26
4139 28
4140 23
4141 33
4142 22
4143 20
4144 28
4145 36
4146 35
4147 42
4148 31
4149 30
4150 28
4151 29
4152 23
4153 24
4154 35
4155 34
4156 28
4157 29
4158 26
4159 34
4160 26
4161 38
4162 30
4163 20
4164 31
4165 36
4166 34
4167 23
4168 30
4169 32
4170 72
4171 32
4172 23
4173 28
4174 25
4175 29
4176 33
4177 39
4178 24
4179 22
4180 32
4181 38
4182 23
4183 19
4184 36
4185 32
4186 37
4187 24
4188 37
4189 30
4190 25
4191 36
4192 26
4193 33
4194 33
4195 48
4196 33
4197 29
4198 28
4199 26
4200 32
4201 32
4202 26
4203 29
4204 28
4205 23
4206 21
4207 32
4208 38
4209 29
4210 33
4211 25
4212 19
4213 14
4214 28
4215 20
4216 27
4217 25
4218 27
4219 26
4220 27
4221 17
4222 25
4223 29
4224 36
4225 41
4226 31
4227 23
4228 36
4229 20
4230 26
4231 30
4232 48
4233 37
4234 29
4235 33
4236 35
4237 42
4238 30
4239 44
4240 35
4241 38
4242 30
4243 27
4244 29
4245 32
4246 35
4247 40
4248 19
4249 35
4250 20
4251 35
4252 38
4253 47
4254 38
4255 30
4256 31
4257 34
4258 20
4259 33
4260 35
4261 29
4262 31
4263 33
4264 60
4265 28
4266 58
4267 56
4268 34
4269 31
4270 39
4271 34
4272 33
4273 26
4274 29
4275 28
4276 30
4277 40
4278 40
4279 43
4280 22
4281 26
4282 39
4283 29
4284 33
4285 41
4286 25
4287 37
4288 45
4289 29
4290 42
4291 38
4292 30
4293 32
4294 27
4295 20
4296 19
4297 34
4298 23
4299 27
4300 35
4301 53
4302 27
4303 35
4304 33
4305 28
4306 39
4307 36
4308 34
4309 40
4310 36
4311 31
4312 32
4313 28
4314 33
4315 47
4316 35
4317 62
4318 45
4319 30
4320 42
4321 27
4322 17
4323 40
4324 28
4325 28
4326 29
4327 41
4328 29
4329 20
4330 29
4331 29
4332 47
4333 30
4334 30
4335 34
4336 20
4337 23
4338 29
4339 41
4340 20
4341 30
4342 35
4343 46
4344 20
4345 38
4346 34
4347 34
4348 31
4349 34
4350 31
4351 26
4352 25
4353 23
4354 26
4355 31
4356 20
4357 30
4358 24
4359 32
4360 37
4361 27
4362 28
4363 22
4364 36
4365 20
4366 41
4367 32
4368 32
4369 25
4370 27
4371 20
4372 23
4373 34
4374 31
4375 29
4376 42
4377 43
4378 33
4379 40
4380 30
4381 28
4382 26
4383 46
4384 30
4385 27
4386 34
4387 27
4388 36
4389 33
4390 36
4391 33
4392 26
4393 34
4394 31
4395 33
4396 22
4397 32
4398 26
4399 37
4400 26
4401 26
4402 24
4403 23
4404 29
4405 34
4406 36
4407 51
4408 31
4409 40
4410 38
4411 32
4412 28
4413 34
4414 27
4415 29
4416 34
4417 37
4418 37
4419 31
4420 49
4421 38
4422 35
4423 29
4424 31
4425 46
4426 41
4427 31
4428 20
4429 29
4430 27
4431 25
4432 19
4433 22
4434 36
4435 23
4436 33
4437 31
4438 35
4439 32
4440 44
4441 31
4442 37
4443 28
4444 20
4445 40
4446 28
4447 34
4448 29
4449 44
4450 25
4451 47
4452 19
4453 25
4454 20
4455 23
4456 23
4457 32
4458 23
4459 36
4460 29
4461 40
4462 36
4463 26
4464 37
4465 33
4466 34
4467 20
4468 26
4469 33
4470 32
4471 31
4472 31
4473 20
4474 28
4475 25
4476 45
4477 19
4478 31
4479 35
4480 30
4481 31
4482 35
4483 27
4484 21
4485 26
4486 23
4487 23
4488 17
4489 31
4490 19
4491 27
4492 29
4493 32
4494 24
4495 25
4496 22
4497 30
4498 29
4499 22
4500 39
4501 33
4502 16
4503 23
4504 30
4505 19
4506 30
4507 46
4508 31
4509 33
4510 40
4511 48
4512 40
4513 21
4514 28
4515 41
4516 61
4517 21
4518 26
4519 46
4520 33
4521 41
4522 28
4523 27
4524 39
4525 55
4526 29
4527 32
4528 35
4529 25
4530 23
4531 39
4532 25
4533 22
4534 23
4535 41
4536 32
4537 27
4538 30
4539 24
4540 30
4541 23
4542 25
4543 23
4544 29
4545 57
4546 35
4547 57
4548 29
4549 21
4550 22
4551 35
4552 23
4553 42
4554 22
4555 39
4556 29
4557 38
4558 23
4559 22
4560 58
4561 24
4562 40
4563 28
4564 30
4565 43
4566 23
4567 35
4568 28
4569 33
4570 33
4571 25
4572 30
4573 29
4574 24
4575 34
4576 28
4577 25
4578 39
4579 17
4580 24
4581 41
4582 25
4583 36
4584 27
4585 21
4586 24
4587 47
4588 34
4589 30
4590 41
4591 29
4592 40
4593 32
4594 32
4595 33
4596 34
4597 32
4598 30
4599 42
4600 26
4601 20
4602 33
4603 27
4604 23
4605 30
4606 44
4607 34
4608 32
4609 29
4610 42
4611 36
4612 29
4613 30
4614 29
4615 41
4616 51
4617 26
4618 36
4619 29
4620 20
4621 31
4622 35
4623 32
4624 52
4625 30
4626 22
4627 31
4628 35
4629 32
4630 45
4631 26
4632 34
4633 36
4634 22
4635 33
4636 40
4637 30
4638 36
4639 36
4640 37
4641 23
4642 20
4643 31
4644 31
4645 34
4646 22
4647 32
4648 30
4649 38
4650 33
4651 34
4652 43
4653 41
4654 37
4655 38
4656 38
4657 33
4658 26
4659 36
4660 34
4661 30
4662 33
4663 29
4664 35
4665 36
4666 25
4667 34
4668 27
4669 31
4670 36
4671 35
4672 35
4673 39
4674 24
4675 26
4676 36
4677 34
4678 33
4679 43
4680 36
4681 25
4682 46
4683 32
4684 31
4685 35
4686 51
4687 34
4688 38
4689 24
4690 34
4691 32
4692 32
4693 29
4694 29
4695 37
4696 34
4697 40
4698 34
4699 35
4700 29
4701 24
4702 23
4703 26
4704 31
4705 36
4706 37
4707 28
4708 38
4709 28
4710 31
4711 26
4712 48
4713 28
4714 25
4715 40
4716 46
4717 38
4718 29
4719 26
4720 35
4721 25
4722 33
4723 23
4724 19
4725 17
4726 27
4727 20
4728 23
4729 25
4730 36
4731 23
4732 39
4733 26
4734 45
4735 41
4736 26
4737 38
4738 32
4739 32
4740 21
4741 51
4742 32
4743 42
4744 36
4745 24
4746 36
4747 28
4748 22
4749 44
4750 30
4751 30
4752 20
4753 26
4754 39
4755 35
4756 36
4757 39
4758 36
4759 28
4760 36
4761 40
4762 33
4763 25
4764 28
4765 49
4766 28
4767 36
4768 29
4769 36
4770 52
4771 58
4772 36
4773 23
4774 52
4775 37
4776 29
4777 46
4778 36
4779 31
4780 41
4781 26
4782 38
4783 37
4784 22
4785 24
4786 34
4787 33
4788 38
4789 24
4790 32
4791 49
4792 23
4793 28
4794 53
4795 23
4796 49
4797 33
4798 24
4799 38
4800 30
4801 22
4802 40
4803 20
4804 31
4805 26
4806 30
4807 31
4808 48
4809 23
4810 32
4811 22
4812 32
4813 41
4814 37
4815 31
4816 29
4817 23
4818 37
4819 34
4820 34
4821 37
4822 29
4823 39
4824 29
4825 47
4826 37
4827 32
4828 33
4829 28
4830 39
4831 29
4832 25
4833 28
4834 49
4835 19
4836 21
4837 15
4838 38
4839 31
4840 40
4841 32
4842 36
4843 24
4844 36
4845 41
4846 30
4847 47
4848 23
4849 38
4850 24
4851 26
4852 29
4853 26
4854 30
4855 31
4856 59
4857 41
4858 31
4859 41
4860 36
4861 66
4862 33
4863 26
4864 41
4865 54
4866 26
4867 32
4868 44
4869 22
4870 31
4871 29
4872 35
4873 36
4874 37
4875 25
4876 29
4877 31
4878 32
4879 27
4880 22
4881 25
4882 26
4883 39
4884 38
4885 27
4886 45
4887 29
4888 27
4889 43
4890 29
4891 23
4892 34
4893 42
4894 40
4895 13
4896 32
4897 19
4898 33
4899 48
4900 28
4901 42
4902 33
4903 33
4904 24
4905 28
4906 26
4907 34
4908 31
4909 19
4910 36
4911 33
4912 23
4913 32
4914 29
4915 39
4916 31
4917 27
4918 24
4919 26
4920 27
4921 33
4922 21
4923 32
4924 28
4925 32
4926 26
4927 49
4928 27
4929 26
4930 34
4931 39
4932 31
4933 38
4934 32
4935 29
4936 22
4937 27
4938 29
4939 28
4940 28
4941 27
4942 28
4943 22
4944 29
4945 37
4946 35
4947 33
4948 28
4949 42
4950 20
4951 26
4952 27
4953 17
4954 40
4955 36
4956 39
4957 32
4958 22
4959 30
4960 38
4961 31
4962 20
4963 26
4964 52
4965 25
4966 32
4967 36
4968 25
4969 26
4970 31
4971 31
4972 30
4973 33
4974 34
4975 32
4976 34
4977 25
4978 28
4979 23
4980 31
4981 46
4982 31
4983 35
4984 40
4985 52
4986 33
4987 30
4988 33
4989 37
4990 36
4991 14
4992 22
4993 36
4994 30
4995 34
4996 31
4997 38
4998 34
4999 29
5000 25
5001 34
5002 41
5003 45
5004 28
5005 24
5006 38
5007 22
5008 42
5009 28
5010 31
5011 49
5012 34
5013 34
5014 31
5015 26
5016 35
5017 34
5018 32
5019 33
5020 33
5021 18
5022 20
5023 35
5024 36
5025 29
5026 62
5027 25
5028 28
5029 31
5030 26
5031 24
5032 26
5033 26
5034 34
5035 24
5036 20
5037 29
5038 29
5039 27
5040 29
5041 48
5042 28
5043 31
5044 37
5045 26
5046 35
5047 26
5048 20
5049 39
5050 27
5051 29
5052 35
5053 30
5054 31
5055 11
5056 25
5057 33
5058 25
5059 25
5060 28
5061 23
5062 49
5063 32
5064 32
5065 29
5066 29
5067 39
5068 50
5069 32
5070 48
5071 38
5072 40
5073 31
5074 33
5075 39
5076 24
5077 41
5078 37
5079 23
5080 45
5081 23
5082 41
5083 32
5084 27
5085 30
5086 37
5087 40
5088 23
5089 30
5090 42
5091 30
5092 37
5093 32
5094 32
5095 38
5096 25
5097 32
5098 23
5099 35
5100 32
5101 40
5102 38
5103 27
5104 43
5105 26
5106 39
5107 20
5108 26
5109 22
5110 33
5111 45
5112 30
5113 29
5114 29
5115 44
5116 30
5117 28
5118 37
5119 32
5120 32
5121 30
5122 23
5123 26
5124 16
5125 28
5126 29
5127 19
5128 33
5129 41
5130 31
5131 22
5132 23
5133 22
5134 26
5135 28
5136 57
5137 38
5138 33
5139 31
5140 26
5141 31
5142 20
5143 22
5144 23
5145 32
5146 32
5147 17
5148 19
5149 28
5150 30
5151 49
5152 29
5153 28
5154 25
5155 33
5156 21
5157 33
5158 24
5159 29
5160 28
5161 25
5162 32
5163 32
5164 39
5165 37
5166 23
5167 52
5168 28
5169 48
5170 30
5171 29
5172 32
5173 38
5174 30
5175 17
5176 33
5177 35
5178 20
5179 36
5180 26
5181 31
5182 48
5183 31
5184 23
5185 26
5186 41
5187 25
5188 23
5189 19
5190 34
5191 29
5192 32
5193 28
5194 27
5195 14
5196 26
5197 22
5198 47
5199 28
5200 25
5201 24
5202 28
5203 24
5204 36
5205 30
5206 32
5207 39
5208 26
5209 29
5210 21
5211 27
5212 33
5213 29
5214 31
5215 30
5216 31
5217 19
5218 30
5219 36
5220 28
5221 32
5222 20
5223 24
5224 29
5225 22
5226 41
5227 35
5228 32
5229 36
5230 37
5231 41
5232 35
5233 46
5234 50
5235 32
5236 31
5237 36
5238 31
5239 25
5240 30
5241 30
5242 29
5243 22
5244 31
5245 40
5246 37
5247 63
5248 40
5249 46
5250 42
5251 37
5252 30
5253 27
5254 23
5255 33
5256 34
5257 30
5258 35
5259 26
5260 25
5261 26
5262 33
5263 24
5264 22
5265 28
5266 70
5267 49
5268 27
5269 28
5270 24
5271 37
5272 26
5273 29
5274 25
5275 24
5276 24
5277 27
5278 36
5279 24
5280 23
5281 32
5282 41
5283 31
5284 28
5285 31
5286 55
5287 27
5288 32
5289 29
5290 36
5291 24
5292 37
5293 42
5294 29
5295 27
5296 40
5297 25
5298 33
5299 26
5300 27
5301 32
5302 25
5303 40
5304 27
5305 35
5306 28
5307 28
5308 41
5309 17
5310 22
5311 25
5312 35
5313 27
5314 31
5315 27
5316 32
5317 20
5318 28
5319 30
5320 29
5321 33
5322 32
5323 33
5324 36
5325 33
5326 21
5327 39
5328 37
5329 36
5330 33
5331 28
5332 38
5333 32
5334 49
5335 25
5336 33
5337 35
5338 29
5339 30
5340 22
5341 29
5342 28
5343 53
5344 30
5345 32
5346 51
5347 19
5348 35
5349 27
5350 26
5351 28
5352 25
5353 31
5354 31
5355 24
5356 19
5357 22
5358 31
5359 26
5360 20
5361 17
5362 34
5363 28
5364 26
5365 24
5366 17
5367 23
5368 26
5369 24
5370 24
5371 23
5372 33
5373 31
5374 23
5375 26
5376 32
5377 22
5378 25
5379 36
5380 44
5381 31
5382 32
5383 29
5384 30
5385 29
5386 27
5387 33
5388 25
5389 32
5390 38
5391 50
5392 31
5393 25
5394 53
5395 33
5396 29
5397 26
5398 26
5399 20
5400 21
5401 31
5402 37
5403 28
5404 30
5405 49
5406 32
5407 43
5408 30
5409 17
5410 22
5411 20
5412 31
5413 26
5414 33
5415 28
5416 26
5417 14
5418 33
5419 22
5420 47
5421 22
5422 22
5423 37
5424 27
5425 36
5426 38
5427 29
5428 23
5429 35
5430 33
5431 33
5432 32
5433 33
5434 24
5435 20
5436 34
5437 34
5438 38
5439 38
5440 58
5441 29
5442 40
5443 46
5444 23
5445 50
5446 27
5447 23
5448 44
5449 35
5450 25
5451 22
5452 27
5453 20
5454 24
5455 31
5456 28
5457 24
5458 36
5459 49
5460 31
5461 32
5462 31
5463 27
5464 11
5465 26
5466 35
5467 20
5468 30
5469 40
5470 31
5471 32
5472 29
5473 30
5474 33
5475 29
5476 34
5477 36
5478 31
5479 24
5480 22
5481 25
5482 39
5483 26
5484 34
5485 29
5486 25
5487 24
5488 50
5489 32
5490 28
5491 34
5492 28
5493 32
5494 33
5495 35
5496 22
5497 33
5498 36
5499 33
5500 33
5501 35
5502 29
5503 30
5504 33
5505 24
5506 23
5507 20
5508 58
5509 29
5510 19
5511 28
5512 23
5513 22
5514 29
5515 51
5516 28
5517 25
5518 31
5519 42
5520 42
5521 35
5522 21
5523 20
5524 24
5525 35
5526 21
5527 25
5528 26
5529 38
5530 25
5531 29
5532 25
5533 29
5534 29
5535 14
5536 33
5537 25
5538 26
5539 32
5540 29
5541 29
5542 38
5543 34
5544 28
5545 40
5546 22
5547 44
5548 28
5549 40
5550 29
5551 29
5552 29
5553 28
5554 26
5555 26
5556 25
5557 33
5558 32
5559 24
5560 30
5561 29
5562 23
5563 34
5564 29
5565 30
5566 29
5567 30
5568 48
5569 17
5570 30
5571 46
5572 34
5573 34
5574 33
5575 37
5576 35
5577 48
5578 18
5579 40
5580 36
5581 25
5582 29
5583 35
5584 34
5585 32
5586 35
5587 35
5588 35
5589 33
5590 26
5591 32
5592 44
5593 31
5594 26
5595 26
5596 37
5597 32
5598 47
5599 39
5600 40
5601 45
5602 33
5603 33
5604 40
5605 37
5606 29
5607 23
5608 31
5609 49
5610 35
5611 25
5612 31
5613 25
5614 26
5615 25
5616 37
5617 32
5618 35
5619 35
5620 28
5621 29
5622 29
5623 32
5624 64
5625 32
5626 23
5627 45
5628 49
5629 32
5630 20
5631 30
5632 30
5633 29
5634 35
5635 20
5636 24
5637 33
5638 35
5639 22
5640 23
5641 44
5642 28
5643 38
5644 19
5645 41
5646 50
5647 33
5648 37
5649 36
5650 32
5651 35
5652 38
5653 23
5654 29
5655 34
5656 32
5657 36
5658 22
5659 22
5660 37
5661 20
5662 40
5663 37
5664 33
5665 21
5666 23
5667 20
5668 24
5669 21
5670 32
5671 26
5672 25
5673 25
5674 28
5675 31
5676 35
5677 28
5678 29
5679 41
5680 41
5681 36
5682 33
5683 35
5684 40
5685 33
5686 73
5687 28
5688 35
5689 28
5690 29
5691 26
5692 23
5693 30
5694 32
5695 39
5696 32
5697 38
5698 33
5699 25
5700 34
5701 33
5702 45
5703 23
5704 20
5705 31
5706 22
5707 30
5708 30
5709 28
5710 36
5711 30
5712 30
5713 32
5714 30
5715 25
5716 26
5717 20
5718 29
5719 27
5720 32
5721 37
5722 25
5723 49
5724 29
5725 29
5726 29
5727 31
5728 29
5729 24
5730 39
5731 19
5732 49
5733 28
5734 22
5735 35
5736 48
5737 55
5738 26
5739 14
5740 32
5741 35
5742 33
5743 27
5744 22
5745 40
5746 31
5747 22
5748 27
5749 48
5750 53
5751 35
5752 35
5753 32
5754 29
5755 25
5756 35
5757 31
5758 42
5759 28
5760 35
5761 27
5762 24
5763 25
5764 26
5765 26
5766 59
5767 35
5768 32
5769 23
5770 28
5771 23
5772 26
5773 26
5774 29
5775 23
5776 25
5777 24
5778 23
5779 22
5780 25
5781 23
5782 40
5783 23
5784 31
5785 31
5786 32
5787 19
5788 22
5789 26
5790 32
5791 28
5792 32
5793 26
5794 33
5795 27
5796 28
5797 31
5798 20
5799 32
5800 35
5801 34
5802 38
5803 20
5804 32
5805 45
5806 25
5807 41
5808 50
5809 30
5810 37
5811 29
5812 28
5813 41
5814 46
5815 33
5816 30
5817 31
5818 31
5819 38
5820 40
5821 31
5822 37
5823 34
5824 29
5825 35
5826 28
5827 33
5828 59
5829 26
5830 33
5831 26
5832 37
5833 55
5834 39
5835 35
5836 41
5837 29
5838 29
5839 26
5840 28
5841 28
5842 30
5843 36
5844 38
5845 20
5846 41
5847 42
5848 33
5849 29
5850 35
5851 38
5852 40
5853 29
5854 17
5855 32
5856 36
5857 35
5858 33
5859 27
5860 25
5861 46
5862 47
5863 31
5864 51
5865 44
5866 29
5867 60
5868 41
5869 36
5870 23
5871 36
5872 34
5873 28
5874 25
5875 32
5876 34
5877 31
5878 29
5879 29
5880 34
5881 29
5882 23
5883 31
5884 17
5885 32
5886 27
5887 36
5888 34
5889 37
5890 26
5891 43
5892 34
5893 31
5894 39
5895 42
5896 28
5897 26
5898 51
5899 59
5900 31
5901 29
5902 29
5903 27
5904 41
5905 30
5906 29
5907 27
5908 29
5909 34
5910 35
5911 35
5912 26
5913 24
5914 39
5915 34
5916 21
5917 21
5918 31
5919 46
5920 24
5921 30
5922 25
5923 39
5924 28
5925 37
5926 37
5927 22
5928 32
5929 28
5930 32
5931 37
5932 39
5933 42
5934 30
5935 22
5936 22
5937 28
5938 25
5939 34
5940 59
5941 27
5942 23
5943 19
5944 24
5945 25
5946 38
5947 41
5948 26
5949 26
5950 37
5951 28
5952 32
5953 40
5954 38
5955 31
5956 35
5957 23
5958 32
5959 34
5960 37
5961 44
5962 36
5963 27
5964 31
5965 39
5966 20
5967 39
5968 20
5969 23
5970 47
5971 35
5972 42
5973 32
5974 25
5975 48
5976 27
5977 36
5978 28
5979 29
5980 32
5981 28
5982 21
5983 40
5984 41
5985 19
5986 22
5987 31
5988 26
5989 31
5990 33
5991 24
5992 35
5993 44
5994 36
5995 36
5996 27
5997 28
5998 28
5999 25
6000 32
6001 30
6002 25
6003 40
6004 33
6005 28
6006 28
6007 20
6008 26
6009 17
6010 22
6011 30
6012 25
6013 37
6014 31
6015 34
6016 22
6017 28
6018 32
6019 22
6020 33
6021 36
6022 27
6023 31
6024 24
6025 35
6026 43
6027 33
6028 23
6029 32
6030 30
6031 22
6032 41
6033 44
6034 28
6035 53
6036 33
6037 29
6038 37
6039 47
6040 30
6041 38
6042 42
6043 30
6044 30
6045 19
6046 36
6047 26
6048 29
6049 20
6050 25
6051 35
6052 36
6053 46
6054 35
6055 22
6056 26
6057 16
6058 26
6059 38
6060 24
6061 36
6062 26
6063 34
6064 25
6065 17
6066 30
6067 25
6068 29
6069 31
6070 38
6071 41
6072 30
6073 40
6074 27
6075 21
6076 30
6077 38
6078 29
6079 30
6080 37
6081 35
6082 42
6083 29
6084 29
6085 27
6086 25
6087 52
6088 40
6089 37
6090 25
6091 26
6092 43
6093 35
6094 22
6095 42
6096 35
6097 43
6098 24
6099 31
6100 32
6101 26
6102 26
6103 33
6104 38
6105 26
6106 59
6107 37
6108 34
6109 25
6110 38
6111 31
6112 38
6113 28
6114 28
6115 34
6116 36
6117 37
6118 20
6119 41
6120 37
6121 30
6122 25
6123 32
6124 33
6125 30
6126 33
6127 44
6128 27
6129 25
6130 22
6131 26
6132 38
6133 33
6134 31
6135 26
6136 34
6137 40
6138 34
6139 47
6140 23
6141 16
6142 26
6143 31
6144 26
6145 26
6146 17
6147 25
6148 32
6149 26
6150 43
6151 20
6152 35
6153 21
6154 17
6155 35
6156 20
6157 35
6158 42
6159 42
6160 38
6161 26
6162 17
6163 46
6164 33
6165 36
6166 28
6167 23
6168 29
6169 22
6170 31
6171 49
6172 20
6173 26
6174 16
6175 31
6176 35
6177 25
6178 24
6179 27
6180 32
6181 31
6182 30
6183 22
6184 34
6185 25
6186 28
6187 25
6188 35
6189 34
6190 36
6191 42
6192 31
6193 35
6194 20
6195 50
6196 37
6197 60
6198 60
6199 25
6200 50
6201 26
6202 48
6203 27
6204 45
6205 33
6206 45
6207 27
6208 31
6209 57
6210 28
6211 28
6212 26
6213 32
6214 54
6215 55
6216 31
6217 34
6218 31
6219 45
6220 45
6221 44
6222 33
6223 29
6224 27
6225 26
6226 31
6227 26
6228 30
6229 22
6230 26
6231 34
6232 38
6233 23
6234 36
6235 23
6236 37
6237 22
6238 35
6239 29
6240 23
6241 44
6242 29
6243 33
6244 62
6245 27
6246 23
6247 34
6248 27
6249 24
6250 24
6251 32
6252 37
6253 30
6254 29
6255 34
6256 35
6257 26
6258 22
6259 29
6260 25
6261 28
6262 20
6263 31
6264 25
6265 33
6266 34
6267 25
6268 19
6269 30
6270 29
6271 24
6272 31
6273 37
6274 35
6275 28
6276 40
6277 40
6278 30
6279 33
6280 43
6281 26
6282 39
6283 35
6284 30
6285 20
6286 40
6287 21
6288 34
6289 29
6290 33
6291 24
6292 30
6293 37
6294 22
6295 27
6296 25
6297 34
6298 30
6299 32
6300 24
6301 33
6302 29
6303 38
6304 36
6305 30
6306 38
6307 44
6308 32
6309 31
6310 27
6311 33
6312 40
6313 36
6314 23
6315 34
6316 44
6317 36
6318 41
6319 27
6320 55
6321 22
6322 36
6323 46
6324 45
6325 25
6326 41
6327 29
6328 33
6329 42
6330 50
6331 33
6332 54
6333 14
6334 28
6335 23
6336 25
6337 28
6338 32
6339 25
6340 33
6341 17
6342 36
6343 35
6344 26
6345 42
6346 35
6347 31
6348 38
6349 32
6350 34
6351 25
6352 18
6353 28
6354 37
6355 38
6356 22
6357 42
6358 40
6359 40
6360 28
6361 19
6362 20
6363 34
6364 35
6365 30
6366 28
6367 38
6368 36
6369 48
6370 29
6371 21
6372 37
6373 49
6374 51
6375 36
6376 25
6377 28
6378 30
6379 34
6380 30
6381 27
6382 25
6383 41
6384 26
6385 43
6386 37
6387 26
6388 37
6389 36
6390 23
6391 19
6392 44
6393 29
6394 31
6395 27
6396 34
6397 21
6398 40
6399 49
6400 30
6401 20
6402 26
6403 29
6404 32
6405 29
6406 25
6407 33
6408 22
6409 35
6410 23
6411 28
6412 28
6413 39
6414 29
6415 39
6416 35
6417 21
6418 32
6419 28
6420 27
6421 32
6422 37
6423 24
6424 24
6425 24
6426 36
6427 35
6428 28
6429 31
6430 40
6431 35
6432 38
6433 36
6434 33
6435 46
6436 30
6437 24
6438 22
6439 42
6440 30
6441 25
6442 34
6443 40
6444 28
6445 23
6446 39
6447 25
6448 23
6449 35
6450 29
6451 34
6452 28
6453 36
6454 23
6455 31
6456 26
6457 17
6458 23
6459 38
6460 25
6461 28
6462 39
6463 21
6464 25
6465 36
6466 71
6467 29
6468 25
6469 20
6470 33
6471 40
6472 26
6473 36
6474 30
6475 27
6476 31
6477 40
6478 39
6479 28
6480 20
6481 38
6482 33
6483 32
6484 39
6485 34
6486 29
6487 36
6488 28
6489 27
6490 33
6491 32
6492 23
6493 54
6494 39
6495 37
6496 33
6497 23
6498 50
6499 34
6500 37
6501 35
6502 28
6503 31
6504 33
6505 44
6506 33
6507 29
6508 31
6509 22
6510 34
6511 31
6512 28
6513 30
6514 32
6515 35
6516 39
6517 37
6518 35
6519 35
6520 25
6521 37
6522 31
6523 20
6524 38
6525 40
6526 50
6527 51
6528 39
6529 26
6530 31
6531 70
6532 29
6533 41
6534 30
6535 18
6536 32
6537 37
6538 28
6539 34
6540 29
6541 28
6542 32
6543 29
6544 35
6545 22
6546 29
6547 31
6548 40
6549 17
6550 32
6551 31
6552 26
6553 29
6554 44
6555 45
6556 43
6557 27
6558 31
6559 28
6560 41
6561 29
6562 34
6563 37
6564 39
6565 31
6566 26
6567 39
6568 27
6569 44
6570 34
6571 29
6572 44
6573 23
6574 31
6575 75
6576 60
6577 26
6578 25
6579 25
6580 32
6581 25
6582 43
6583 32
6584 17
6585 49
6586 29
6587 24
6588 39
6589 28
6590 58
6591 54
6592 35
6593 29
6594 14
6595 34
6596 23
6597 47
6598 41
6599 29
6600 25
6601 37
6602 31
6603 39
6604 29
6605 33
6606 23
6607 38
6608 42
6609 47
6610 50
6611 35
6612 40
6613 35
6614 39
6615 52
6616 41
6617 41
6618 37
6619 32
6620 33
6621 41
6622 32
6623 41
6624 33
6625 28
6626 57
6627 40
6628 25
6629 39
6630 31
6631 37
6632 42
6633 51
6634 32
6635 32
6636 30
6637 40
6638 32
6639 31
6640 25
6641 28
6642 40
6643 23
6644 31
6645 29
6646 38
6647 29
6648 42
6649 29
6650 44
6651 32
6652 25
6653 29
6654 31
6655 35
6656 35
6657 43
6658 48
6659 38
6660 44
6661 26
6662 55
6663 22
6664 28
6665 35
6666 25
6667 37
6668 40
6669 23
6670 33
6671 24
6672 28
6673 28
6674 35
6675 26
6676 27
6677 35
6678 33
6679 35
6680 24
6681 39
6682 29
6683 20
6684 46
6685 22
6686 36
6687 38
6688 35
6689 28
6690 26
6691 32
6692 42
6693 43
6694 34
6695 25
6696 24
6697 32
6698 22
6699 52
6700 25
6701 26
6702 35
6703 30
6704 17
6705 29
6706 33
6707 32
6708 31
6709 32
6710 42
6711 28
6712 33
6713 19
6714 41
6715 27
6716 32
6717 32
6718 33
6719 32
6720 30
6721 26
6722 34
6723 28
6724 31
6725 28
6726 32
6727 25
6728 19
6729 53
6730 25
6731 36
6732 33
6733 26
6734 29
6735 30
6736 32
6737 31
6738 48
6739 37
6740 35
6741 37
6742 35
6743 35
6744 29
6745 40
6746 25
6747 41
6748 59
6749 59
6750 59
6751 52
6752 30
6753 54
6754 32
6755 32
6756 34
6757 79
6758 31
6759 35
6760 27
6761 40
6762 21
6763 29
6764 32
6765 32
6766 35
6767 33
6768 28
6769 43
6770 31
6771 31
6772 30
6773 39
6774 30
6775 34
6776 31
6777 33
6778 45
6779 36
6780 29
6781 32
6782 32
6783 32
6784 25
6785 31
6786 25
6787 32
6788 38
6789 29
6790 33
6791 41
6792 57
6793 35
6794 53
6795 28
6796 28
6797 32
6798 31
6799 26
6800 31
6801 26
6802 28
6803 28
6804 31
6805 30
6806 35
6807 36
6808 32
6809 24
6810 41
6811 29
6812 38
6813 22
6814 24
6815 28
6816 47
6817 41
6818 38
6819 36
6820 34
6821 36
6822 34
6823 36
6824 28
6825 21
6826 40
6827 24
6828 33
6829 31
6830 24
6831 28
6832 26
6833 25
6834 21
6835 33
6836 33
6837 32
6838 39
6839 33
6840 24
6841 34
6842 28
6843 45
6844 31
6845 27
6846 35
6847 40
6848 34
6849 20
6850 41
6851 18
6852 32
6853 29
6854 30
6855 47
6856 38
6857 36
6858 27
6859 25
6860 30
6861 33
6862 32
6863 32
6864 42
6865 29
6866 46
6867 31
6868 44
6869 33
6870 62
6871 25
6872 37
6873 36
6874 44
6875 39
6876 31
6877 31
6878 40
6879 26
6880 36
6881 33
6882 25
6883 24
6884 43
6885 29
6886 32
6887 32
6888 31
6889 20
6890 26
6891 34
6892 40
6893 31
6894 33
6895 23
6896 34
6897 38
6898 30
6899 31
6900 28
6901 32
6902 23
6903 29
6904 29
6905 32
6906 35
6907 34
6908 32
6909 22
6910 48
6911 31
6912 20
6913 27
6914 36
6915 34
6916 34
6917 40
6918 34
6919 27
6920 37
6921 39
6922 35
6923 42
6924 35
6925 38
6926 22
6927 33
6928 35
6929 34
6930 35
6931 38
6932 34
6933 23
6934 24
6935 35
6936 28
6937 22
6938 35
6939 40
6940 29
6941 47
6942 34
6943 26
6944 52
6945 39
6946 50
6947 21
6948 37
6949 31
6950 36
6951 27
6952 44
6953 23
6954 36
6955 33
6956 33
6957 33
6958 41
6959 17
6960 29
6961 42
6962 36
6963 32
6964 26
6965 26
6966 20
6967 16
6968 32
6969 31
6970 27
6971 38
6972 23
6973 21
6974 26
6975 34
6976 22
6977 31
6978 30
6979 20
6980 31
6981 27
6982 28
6983 42
6984 30
6985 29
6986 48
6987 63
6988 28
6989 32
6990 42
6991 32
6992 31
6993 36
6994 25
6995 22
6996 30
6997 41
6998 50
6999 28
7000 34
7001 20
7002 24
7003 35
7004 31
7005 34
7006 25
7007 42
7008 49
7009 32
7010 29
7011 31
7012 39
7013 25
7014 29
7015 28
7016 25
7017 33
7018 27
7019 34
7020 32
7021 23
7022 38
7023 42
7024 42
7025 27
7026 28
7027 28
7028 20
7029 27
7030 19
7031 25
7032 37
7033 22
7034 31
7035 20
7036 36
7037 29
7038 38
7039 77
7040 23
7041 26
7042 17
7043 23
7044 19
7045 23
7046 30
7047 22
7048 28
7049 32
7050 25
7051 26
7052 20
7053 27
7054 31
7055 23
7056 27
7057 27
7058 26
7059 24
7060 29
7061 32
7062 32
7063 34
7064 30
7065 28
7066 17
7067 26
7068 36
7069 28
7070 32
7071 34
7072 43
7073 26
7074 27
7075 49
7076 34
7077 30
7078 56
7079 46
7080 28
7081 36
7082 58
7083 24
7084 29
7085 28
7086 27
7087 35
7088 38
7089 32
7090 33
7091 30
7092 50
7093 31
7094 35
7095 47
7096 37
7097 35
7098 24
7099 27
7100 22
7101 28
7102 36
7103 34
7104 43
7105 29
7106 23
7107 44
7108 55
7109 31
7110 38
7111 23
7112 36
7113 38
7114 36
7115 34
7116 37
7117 34
7118 28
7119 25
7120 45
7121 39
7122 32
7123 28
7124 19
7125 25
7126 33
7127 49
7128 37
7129 29
7130 23
7131 25
7132 21
7133 29
7134 46
7135 33
7136 39
7137 25
7138 31
7139 38
7140 33
7141 42
7142 35
7143 30
7144 45
7145 38
7146 30
7147 23
7148 44
7149 31
7150 33
7151 25
7152 35
7153 39
7154 44
7155 36
7156 34
7157 34
7158 43
7159 21
7160 35
7161 30
7162 26
7163 23
7164 50
7165 58
7166 58
7167 39
7168 50
7169 26
7170 39
7171 33
7172 25
7173 17
7174 17
7175 20
7176 31
7177 21
7178 30
7179 20
7180 29
7181 42
7182 27
7183 26
7184 33
7185 46
7186 35
7187 32
7188 29
7189 33
7190 36
7191 35
7192 45
7193 27
7194 34
7195 50
7196 34
7197 29
7198 31
7199 46
7200 36
7201 27
7202 53
7203 35
7204 38
7205 42
7206 44
7207 36
7208 37
7209 30
7210 35
7211 46
7212 27
7213 29
7214 28
7215 51
7216 26
7217 37
7218 35
7219 26
7220 44
7221 35
7222 25
7223 31
7224 23
7225 40
7226 38
7227 33
7228 27
7229 26
7230 27
7231 41
7232 34
7233 23
7234 29
7235 40
7236 27
7237 31
7238 44
7239 34
7240 34
7241 39
7242 32
7243 27
7244 26
7245 32
7246 42
7247 17
7248 36
7249 28
7250 41
7251 26
7252 28
7253 26
7254 30
7255 33
7256 31
7257 40
7258 32
7259 29
7260 36
7261 28
7262 33
7263 39
7264 40
7265 25
7266 33
7267 28
7268 30
7269 35
7270 18
7271 39
7272 37
7273 31
7274 31
7275 26
7276 29
7277 31
7278 28
7279 45
7280 34
7281 34
7282 37
7283 44
7284 33
7285 47
7286 39
7287 47
7288 32
7289 42
7290 26
7291 30
7292 34
7293 32
7294 31
7295 28
7296 24
7297 55
7298 41
7299 23
7300 40
7301 26
7302 30
7303 42
7304 35
7305 31
7306 26
7307 42
7308 25
7309 36
7310 29
7311 44
7312 30
7313 33
7314 30
7315 33
7316 22
7317 39
7318 38
7319 50
7320 26
7321 34
7322 29
7323 34
7324 22
7325 43
7326 43
7327 52
7328 25
7329 30
7330 56
7331 31
7332 34
7333 22
7334 25
7335 42
7336 26
7337 35
7338 35
7339 38
7340 30
7341 31
7342 24
7343 44
7344 30
7345 33
7346 29
7347 30
7348 28
7349 34
7350 36
7351 28
7352 25
7353 35
7354 52
7355 26
7356 39
7357 31
7358 31
7359 55
7360 48
7361 29
7362 56
7363 19
7364 24
7365 26
7366 28
7367 49
7368 34
7369 33
7370 22
7371 42
7372 19
7373 21
7374 37
7375 28
7376 24
7377 28
7378 25
7379 28
7380 25
7381 23
7382 28
7383 11
7384 43
7385 37
7386 37
7387 36
7388 30
7389 31
7390 40
7391 23
7392 34
7393 62
7394 26
7395 25
7396 26
7397 47
7398 27
7399 38
7400 31
7401 46
7402 30
7403 25
7404 34
7405 32
7406 30
7407 31
7408 29
7409 27
7410 44
7411 30
7412 26
7413 23
7414 28
7415 35
7416 26
7417 56
7418 30
7419 43
7420 32
7421 28
7422 31
7423 35
7424 34
7425 25
7426 23
7427 26
7428 34
7429 23
7430 74
7431 30
7432 36
7433 31
7434 20
7435 32
7436 39
7437 44
7438 23
7439 44
7440 27
7441 47
7442 30
7443 36
7444 20
7445 20
7446 34
7447 34
7448 29
7449 27
7450 24
7451 27
7452 40
7453 32
7454 31
7455 38
7456 33
7457 30
7458 26
7459 17
7460 37
7461 32
7462 23
7463 29
7464 33
7465 29
7466 30
7467 33
7468 24
7469 31
7470 35
7471 42
7472 49
7473 26
7474 39
7475 33
7476 36
7477 28
7478 23
7479 35
7480 32
7481 31
7482 21
7483 28
7484 19
7485 26
7486 42
7487 37
7488 32
7489 40
7490 41
7491 37
7492 75
7493 28
7494 27
7495 42
7496 32
7497 28
7498 37
7499 25
7500 23
7501 27
7502 25
7503 28
7504 30
7505 22
7506 36
7507 31
7508 27
7509 48
7510 29
7511 36
7512 29
7513 43
7514 23
7515 46
7516 22
7517 26
7518 30
7519 53
7520 53
7521 29
7522 19
7523 31
7524 36
7525 26
7526 23
7527 26
7528 30
7529 33
7530 29
7531 23
7532 21
7533 36
7534 25
7535 31
7536 35
7537 26
7538 29
7539 36
7540 25
7541 22
7542 34
7543 30
7544 38
7545 23
7546 25
7547 32
7548 23
7549 30
7550 28
7551 29
7552 30
7553 28
7554 35
7555 39
7556 36
7557 26
7558 36
7559 40
7560 42
7561 36
7562 34
7563 37
7564 32
7565 29
7566 59
7567 11
7568 54
7569 47
7570 36
7571 52
7572 28
7573 23
7574 32
7575 33
7576 21
7577 29
7578 35
7579 25
7580 43
7581 29
7582 56
7583 55
7584 30
7585 45
7586 53
7587 27
7588 25
7589 26
7590 44
7591 39
7592 29
7593 31
7594 25
7595 28
7596 28
7597 60
7598 39
7599 34
7600 32
7601 20
7602 33
7603 35
7604 36
7605 25
7606 37
7607 37
7608 35
7609 38
7610 42
7611 30
7612 27
7613 29
7614 41
7615 33
7616 39
7617 19
7618 32
7619 31
7620 52
7621 27
7622 32
7623 31
7624 31
7625 28
7626 27
7627 29
7628 36
7629 35
7630 41
7631 30
7632 30
7633 28
7634 29
7635 17
7636 26
7637 42
7638 53
7639 42
7640 34
7641 30
7642 42
7643 25
7644 23
7645 31
7646 30
7647 33
7648 30
7649 33
7650 25
7651 29
7652 31
7653 20
7654 29
7655 29
7656 42
7657 26
7658 32
7659 28
7660 33
7661 37
7662 36
7663 39
7664 47
7665 29
7666 42
7667 30
7668 40
7669 34
7670 26
7671 36
7672 38
7673 39
7674 42
7675 39
7676 35
7677 23
7678 26
7679 27
7680 25
7681 24
7682 32
7683 38
7684 64
7685 58
7686 33
7687 35
7688 53
7689 44
7690 38
7691 51
7692 47
7693 42
7694 41
7695 38
7696 41
7697 48
7698 32
7699 39
7700 38
7701 19
7702 29
7703 43
7704 28
7705 31
7706 33
7707 20
7708 40
7709 25
7710 38
7711 27
7712 36
7713 33
7714 24
7715 24
7716 57
7717 26
7718 39
7719 48
7720 35
7721 27
7722 31
7723 27
7724 34
7725 25
7726 28
7727 32
7728 34
7729 31
7730 31
7731 36
7732 35
7733 42
7734 24
7735 26
7736 38
7737 30
7738 31
7739 38
7740 35
7741 33
7742 36
7743 36
7744 35
7745 34
7746 32
7747 26
7748 26
7749 28
7750 52
7751 24
7752 36
7753 30
7754 41
7755 30
7756 32
7757 32
7758 47
7759 28
7760 26
7761 34
7762 29
7763 23
7764 37
7765 33
7766 32
7767 31
7768 22
7769 26
7770 47
7771 32
7772 28
7773 25
7774 43
7775 39
7776 31
7777 32
7778 42
7779 46
7780 20
7781 31
7782 28
7783 33
7784 48
7785 29
7786 38
7787 26
7788 36
7789 24
7790 30
7791 29
7792 28
7793 39
7794 37
7795 78
7796 29
7797 49
7798 52
7799 31
7800 38
7801 29
7802 44
7803 59
7804 17
7805 17
7806 26
7807 31
7808 11
7809 25
7810 26
7811 32
7812 26
7813 32
7814 32
7815 68
7816 39
7817 39
7818 23
7819 36
7820 32
7821 28
7822 27
7823 24
7824 37
7825 36
7826 20
7827 28
7828 26
7829 27
7830 25
7831 28
7832 26
7833 34
7834 32
7835 30
7836 31
7837 29
7838 33
7839 34
7840 29
7841 32
7842 29
7843 37
7844 37
7845 34
7846 32
7847 53
7848 34
7849 38
7850 23
7851 37
7852 53
7853 23
7854 35
7855 32
7856 58
7857 31
7858 40
7859 31
7860 26
7861 31
7862 44
7863 31
7864 38
7865 39
7866 36
7867 34
7868 32
7869 29
7870 28
7871 32
7872 30
7873 19
7874 29
7875 43
7876 48
7877 32
7878 42
7879 30
7880 36
7881 28
7882 34
7883 19
7884 19
7885 33
7886 29
7887 34
7888 38
7889 44
7890 41
7891 27
7892 42
7893 30
7894 37
7895 29
7896 28
7897 40
7898 30
7899 33
7900 45
7901 34
7902 33
7903 64
7904 29
7905 32
7906 28
7907 36
7908 27
7909 27
7910 35
7911 18
7912 34
7913 29
7914 56
7915 29
7916 30
7917 25
7918 56
7919 51
7920 29
7921 28
7922 42
7923 27
7924 31
7925 37
7926 33
7927 19
7928 51
7929 33
7930 41
7931 26
7932 32
7933 25
7934 20
7935 35
7936 36
7937 23
7938 37
7939 44
7940 35
7941 24
7942 53
7943 25
7944 33
7945 25
7946 27
7947 36
7948 35
7949 35
7950 33
7951 32
7952 34
7953 30
7954 32
7955 37
7956 34
7957 27
7958 41
7959 25
7960 25
7961 29
7962 38
7963 25
7964 40
7965 29
7966 36
7967 26
7968 29
7969 17
7970 30
7971 37
7972 31
7973 20
7974 32
7975 27
7976 17
7977 20
7978 22
7979 35
7980 33
7981 18
7982 26
7983 23
7984 39
7985 25
7986 30
7987 26
7988 27
7989 42
7990 33
7991 23
7992 35
7993 24
7994 44
7995 34
7996 41
7997 31
7998 39
7999 26
8000 36
8001 37
8002 32
8003 34
8004 42
8005 26
8006 30
8007 31
8008 55
8009 36
8010 29
8011 28
8012 30
8013 20
8014 48
8015 46
8016 36
8017 33
8018 28
8019 34
8020 33
8021 32
8022 28
8023 32
8024 33
8025 23
8026 29
8027 36
8028 16
8029 17
8030 24
8031 26
8032 28
8033 25
8034 32
8035 29
8036 35
8037 26
8038 35
8039 25
8040 29
8041 26
8042 26
8043 49
8044 28
8045 40
8046 41
8047 32
8048 27
8049 23
8050 37
8051 28
8052 28
8053 20
8054 30
8055 38
8056 20
8057 27
8058 30
8059 35
8060 32
8061 29
8062 28
8063 33
8064 37
8065 46
8066 32
8067 22
8068 31
8069 28
8070 31
8071 38
8072 27
8073 38
8074 37
8075 33
8076 32
8077 33
8078 37
8079 32
8080 39
8081 32
8082 27
8083 29
8084 42
8085 33
8086 34
8087 36
8088 31
8089 40
8090 35
8091 40
8092 33
8093 60
8094 25
8095 29
8096 29
8097 42
8098 40
8099 25
8100 25
8101 44
8102 38
8103 21
8104 35
8105 35
8106 26
8107 23
8108 33
8109 26
8110 37
8111 26
8112 46
8113 38
8114 19
8115 59
8116 38
8117 29
8118 34
8119 32
8120 28
8121 32
8122 43
8123 36
8124 29
8125 39
8126 55
8127 33
8128 27
8129 40
8130 29
8131 32
8132 33
8133 29
8134 31
8135 44
8136 30
8137 28
8138 32
8139 31
8140 25
8141 28
8142 42
8143 32
8144 31
8145 38
8146 39
8147 39
8148 28
8149 44
8150 29
8151 44
8152 39
8153 45
8154 33
8155 28
8156 31
8157 36
8158 36
8159 44
8160 41
8161 25
8162 30
8163 32
8164 36
8165 29
8166 24
8167 37
8168 26
8169 23
8170 30
8171 41
8172 42
8173 24
8174 35
8175 25
8176 23
8177 32
8178 45
8179 29
8180 32
8181 29
8182 30
8183 33
8184 34
8185 26
8186 56
8187 23
8188 51
8189 20
8190 22
8191 30
8192 24
8193 29
8194 57
8195 25
8196 29
8197 24
8198 20
8199 25
8200 24
8201 47
8202 37
8203 35
8204 31
8205 33
8206 49
8207 31
8208 46
8209 34
8210 31
8211 41
8212 29
8213 29
8214 41
8215 44
8216 22
8217 36
8218 39
8219 34
8220 32
8221 33
8222 48
8223 52
8224 27
8225 36
8226 37
8227 23
8228 32
8229 29
8230 23
8231 34
8232 26
8233 32
8234 25
8235 19
8236 41
8237 17
8238 19
8239 23
8240 23
8241 28
8242 33
8243 29
8244 28
8245 19
8246 24
8247 43
8248 35
8249 34
8250 38
8251 35
8252 29
8253 34
8254 36
8255 32
8256 32
8257 46
8258 40
8259 33
8260 20
8261 26
8262 31
8263 25
8264 26
8265 30
8266 19
8267 33
8268 36
8269 70
8270 39
8271 36
8272 33
8273 26
8274 44
8275 26
8276 30
8277 34
8278 26
8279 41
8280 29
8281 32
8282 29
8283 32
8284 25
8285 36
8286 35
8287 31
8288 34
8289 27
8290 20
8291 48
8292 36
8293 36
8294 23
8295 29
8296 40
8297 36
8298 20
8299 28
8300 37
8301 37
8302 29
8303 41
8304 31
8305 33
8306 38
8307 33
8308 42
8309 37
8310 14
8311 30
8312 28
8313 40
8314 30
8315 37
8316 29
8317 38
8318 28
8319 32
8320 27
8321 22
8322 46
8323 23
8324 46
8325 36
8326 29
8327 31
8328 27
8329 39
8330 25
8331 40
8332 48
8333 52
8334 30
8335 28
8336 25
8337 37
8338 30
8339 39
8340 29
8341 23
8342 29
8343 31
8344 33
8345 28
8346 30
8347 35
8348 22
8349 28
8350 43
8351 31
8352 33
8353 24
8354 30
8355 28
8356 40
8357 27
8358 33
8359 27
8360 42
8361 23
8362 28
8363 60
8364 36
8365 22
8366 33
8367 34
8368 42
8369 38
8370 20
8371 41
8372 20
8373 34
8374 28
8375 35
8376 32
8377 35
8378 35
8379 37
8380 32
8381 30
8382 34
8383 34
8384 28
8385 26
8386 36
8387 34
8388 37
8389 37
8390 47
8391 20
8392 37
8393 32
8394 34
8395 46
8396 28
8397 33
8398 58
8399 26
8400 40
8401 34
8402 39
8403 27
8404 45
8405 36
8406 32
8407 29
8408 22
8409 34
8410 34
8411 35
8412 25
8413 35
8414 50
8415 35
8416 33
8417 43
8418 53
8419 46
8420 31
8421 28
8422 39
8423 36
8424 32
8425 35
8426 31
8427 30
8428 51
8429 44
8430 31
8431 39
8432 38
8433 39
8434 30
8435 37
8436 31
8437 22
8438 25
8439 25
8440 29
8441 21
8442 37
8443 25
8444 28
8445 39
8446 36
8447 29
8448 37
8449 34
8450 50
8451 45
8452 46
8453 53
8454 34
8455 20
8456 39
8457 28
8458 38
8459 37
8460 30
8461 22
8462 42
8463 32
8464 40
8465 32
8466 25
8467 46
8468 33
8469 40
8470 31
8471 32
8472 43
8473 51
8474 36
8475 23
8476 36
8477 38
8478 21
8479 32
8480 39
8481 50
8482 34
8483 38
8484 33
8485 36
8486 37
8487 27
8488 26
8489 32
8490 36
8491 25
8492 44
8493 27
8494 34
8495 37
8496 45
8497 27
8498 33
8499 39
8500 47
8501 37
8502 26
8503 55
8504 33
8505 34
8506 37
8507 37
8508 29
8509 37
8510 45
8511 48
8512 45
8513 43
8514 46
8515 34
8516 29
8517 32
8518 43
8519 35
8520 33
8521 45
8522 49
8523 32
8524 43
8525 68
8526 36
8527 36
8528 36
8529 32
8530 23
8531 34
8532 19
8533 39
8534 85
8535 34
8536 40
8537 43
8538 31
8539 28
8540 28
8541 35
8542 32
8543 46
8544 28
8545 38
8546 36
8547 44
8548 28
8549 29
8550 23
8551 20
8552 47
8553 26
8554 41
8555 39
8556 35
8557 33
8558 39
8559 32
8560 44
8561 29
8562 20
8563 32
8564 39
8565 33
8566 32
8567 28
8568 31
8569 55
8570 37
8571 23
8572 43
8573 34
8574 36
8575 27
8576 30
8577 17
8578 38
8579 25
8580 24
8581 29
8582 16
8583 34
8584 38
8585 41
8586 31
8587 26
8588 39
8589 20
8590 29
8591 45
8592 31
8593 37
8594 26
8595 29
8596 48
8597 50
8598 30
8599 38
8600 37
8601 35
8602 31
8603 35
8604 37
8605 41
8606 40
8607 32
8608 36
8609 28
8610 30
8611 48
8612 36
8613 41
8614 35
8615 35
8616 23
8617 45
8618 24
8619 35
8620 50
8621 21
8622 34
8623 40
8624 35
8625 38
8626 24
8627 20
8628 41
8629 31
8630 29
8631 53
8632 39
8633 37
8634 29
8635 40
8636 21
8637 30
8638 32
8639 33
8640 29
8641 36
8642 32
8643 24
8644 46
8645 32
8646 32
8647 39
8648 16
8649 25
8650 46
8651 35
8652 29
8653 30
8654 30
8655 34
8656 26
8657 33
8658 24
8659 41
8660 37
8661 42
8662 32
8663 33
8664 37
8665 35
8666 36
8667 37
8668 28
8669 32
8670 40
8671 26
8672 31
8673 29
8674 27
8675 31
8676 44
8677 27
8678 44
8679 30
8680 36
8681 27
8682 35
8683 45
8684 38
8685 17
8686 24
8687 40
8688 31
8689 29
8690 26
8691 40
8692 33
8693 37
8694 34
8695 29
8696 31
8697 36
8698 28
8699 26
8700 32
8701 20
8702 28
8703 33
8704 30
8705 27
8706 29
8707 27
8708 24
8709 36
8710 28
8711 45
8712 38
8713 31
8714 34
8715 19
8716 40
8717 37
8718 36
8719 37
8720 43
8721 27
8722 32
8723 31
8724 35
8725 36
8726 32
8727 20
8728 19
8729 24
8730 35
8731 35
8732 23
8733 31
8734 33
8735 27
8736 36
8737 27
8738 24
8739 38
8740 26
8741 33
8742 32
8743 20
8744 37
8745 39
8746 32
8747 47
8748 27
8749 44
8750 36
8751 23
8752 23
8753 33
8754 28
8755 21
8756 46
8757 36
8758 41
8759 33
8760 30
8761 31
8762 32
8763 40
8764 44
8765 42
8766 35
8767 26
8768 20
8769 45
8770 32
8771 29
8772 34
8773 25
8774 33
8775 22
8776 35
8777 43
8778 25
8779 30
8780 32
8781 38
8782 33
8783 34
8784 37
8785 31
8786 53
8787 28
8788 46
8789 30
8790 30
8791 42
8792 30
8793 30
8794 38
8795 26
8796 37
8797 33
8798 27
8799 52
8800 36
8801 37
8802 30
8803 36
8804 48
8805 41
8806 34
8807 37
8808 32
8809 30
8810 57
8811 36
8812 40
8813 34
8814 19
8815 31
8816 39
8817 32
8818 33
8819 17
8820 20
8821 39
8822 25
8823 30
8824 39
8825 38
8826 26
8827 57
8828 41
8829 26
8830 31
8831 39
8832 23
8833 26
8834 27
8835 34
8836 26
8837 55
8838 38
8839 24
8840 38
8841 39
8842 34
8843 38
8844 31
8845 32
8846 35
8847 32
8848 36
8849 23
8850 24
8851 32
8852 47
8853 29
8854 35
8855 31
8856 40
8857 26
8858 21
8859 24
8860 30
8861 26
8862 20
8863 35
8864 37
8865 36
8866 41
8867 33
8868 49
8869 48
8870 36
8871 48
8872 38
8873 77
8874 31
8875 41
8876 37
8877 26
8878 52
8879 32
8880 45
8881 30
8882 31
8883 29
8884 22
8885 47
8886 52
8887 31
8888 29
8889 32
8890 31
8891 38
8892 36
8893 33
8894 28
8895 20
8896 38
8897 28
8898 24
8899 35
8900 32
8901 37
8902 28
8903 34
8904 24
8905 37
8906 26
8907 19
8908 33
8909 30
8910 37
8911 53
8912 25
8913 55
8914 46
8915 34
8916 43
8917 29
8918 34
8919 44
8920 34
8921 26
8922 29
8923 31
8924 33
8925 41
8926 31
8927 27
8928 31
8929 23
8930 47
8931 41
8932 58
8933 39
8934 17
8935 27
8936 39
8937 61
8938 31
8939 35
8940 36
8941 40
8942 28
8943 48
8944 35
8945 38
8946 52
8947 42
8948 27
8949 62
8950 36
8951 29
8952 34
8953 23
8954 28
8955 38
8956 46
8957 35
8958 27
8959 40
8960 28
8961 40
8962 35
8963 31
8964 34
8965 41
8966 41
8967 39
8968 38
8969 56
8970 39
8971 38
8972 60
8973 23
8974 41
8975 38
8976 31
8977 38
8978 40
8979 26
8980 51
8981 43
8982 35
8983 24
8984 32
8985 30
8986 36
8987 37
8988 29
8989 49
8990 31
8991 45
8992 28
8993 30
8994 31
8995 40
8996 37
8997 77
8998 47
8999 26
9000 27
9001 24
9002 38
9003 25
9004 28
9005 28
9006 33
9007 51
9008 34
9009 28
9010 50
9011 40
9012 33
9013 27
9014 41
9015 46
9016 30
9017 36
9018 29
9019 45
9020 39
9021 36
9022 34
9023 35
9024 55
9025 37
9026 30
9027 33
9028 36
9029 30
9030 37
9031 35
9032 47
9033 37
9034 32
9035 35
9036 36
9037 36
9038 46
9039 44
9040 48
9041 28
9042 44
9043 37
9044 24
9045 23
9046 36
9047 40
9048 49
9049 35
9050 52
9051 28
9052 34
9053 43
9054 36
9055 34
9056 31
9057 25
9058 29
9059 45
9060 37
9061 39
9062 26
9063 33
9064 40
9065 23
9066 30
9067 22
9068 56
9069 32
9070 46
9071 29
9072 34
9073 26
9074 37
9075 28
9076 39
9077 22
9078 36
9079 28
9080 46
9081 55
9082 36
9083 35
9084 24
9085 36
9086 20
9087 28
9088 34
9089 35
9090 32
9091 27
9092 24
9093 28
9094 31
9095 29
9096 28
9097 57
9098 21
9099 27
9100 48
9101 26
9102 35
9103 34
9104 35
9105 30
9106 40
9107 47
9108 36
9109 42
9110 21
9111 37
9112 22
9113 39
9114 38
9115 36
9116 29
9117 32
9118 40
9119 35
9120 26
9121 26
9122 47
9123 30
9124 26
9125 36
9126 38
9127 38
9128 25
9129 33
9130 41
9131 32
9132 34
9133 33
9134 35
9135 25
9136 26
9137 40
9138 38
9139 24
9140 38
9141 41
9142 33
9143 31
9144 23
9145 23
9146 46
9147 37
9148 43
9149 37
9150 17
9151 37
9152 36
9153 43
9154 28
9155 35
9156 34
9157 33
9158 36
9159 43
9160 26
9161 49
9162 38
9163 38
9164 29
9165 33
9166 19
9167 36
9168 27
9169 44
9170 29
9171 25
9172 26
9173 38
9174 39
9175 21
9176 31
9177 39
9178 40
9179 36
9180 40
9181 37
9182 30
9183 35
9184 27
9185 26
9186 29
9187 26
9188 34
9189 33
9190 33
9191 33
9192 37
9193 26
9194 29
9195 29
9196 39
9197 34
9198 29
9199 42
9200 35
9201 25
9202 34
9203 31
9204 31
9205 34
9206 32
9207 33
9208 38
9209 39
9210 44
9211 35
9212 42
9213 39
9214 42
9215 41
9216 34
9217 36
9218 22
9219 27
9220 29
9221 29
9222 38
9223 41
9224 29
9225 45
9226 40
9227 36
9228 24
9229 35
9230 29
9231 28
9232 33
9233 37
9234 34
9235 29
9236 35
9237 40
9238 36
9239 41
9240 29
9241 52
9242 43
9243 38
9244 36
9245 81
9246 31
9247 34
9248 37
9249 43
9250 28
9251 37
9252 42
9253 31
9254 28
9255 36
9256 37
9257 32
9258 37
9259 35
9260 27
9261 32
9262 36
9263 34
9264 44
9265 35
9266 35
9267 29
9268 29
9269 32
9270 41
9271 33
9272 36
9273 37
9274 32
9275 40
9276 28
9277 24
9278 28
9279 35
9280 51
9281 34
9282 22
9283 29
9284 45
9285 27
9286 42
9287 26
9288 28
9289 42
9290 37
9291 19
9292 36
9293 37
9294 27
9295 34
9296 27
9297 35
9298 24
9299 29
9300 29
9301 28
9302 28
9303 43
9304 58
9305 41
9306 30
9307 28
9308 33
9309 45
9310 25
9311 37
9312 34
9313 36
9314 30
9315 41
9316 35
9317 25
9318 33
9319 43
9320 32
9321 35
9322 28
9323 42
9324 24
9325 37
9326 34
9327 34
9328 34
9329 29
9330 38
9331 30
9332 28
9333 21
9334 31
9335 30
9336 47
9337 45
9338 43
9339 25
9340 31
9341 40
9342 31
9343 29
9344 31
9345 30
9346 20
9347 31
9348 39
9349 22
9350 41
9351 42
9352 18
9353 38
9354 17
9355 27
9356 34
9357 38
9358 34
9359 36
9360 33
9361 32
9362 27
9363 34
9364 27
9365 34
9366 27
9367 49
9368 39
9369 28
9370 40
9371 47
9372 25
9373 42
9374 36
9375 33
9376 33
9377 34
9378 27
9379 35
9380 44
9381 27
9382 25
9383 33
9384 22
9385 34
9386 33
9387 51
9388 38
9389 39
9390 36
9391 42
9392 61
9393 32
9394 29
9395 38
9396 34
9397 56
9398 24
9399 33
9400 36
9401 32
9402 43
9403 42
9404 31
9405 21
9406 27
9407 47
9408 26
9409 37
9410 22
9411 33
9412 40
9413 35
9414 41
9415 28
9416 36
9417 37
9418 42
9419 36
9420 30
9421 42
9422 37
9423 31
9424 38
9425 42
9426 25
9427 26
9428 38
9429 39
9430 39
9431 24
9432 47
9433 40
9434 43
9435 34
9436 34
9437 27
9438 41
9439 40
9440 40
9441 32
9442 47
9443 28
9444 49
9445 39
9446 36
9447 29
9448 36
9449 31
9450 33
9451 41
9452 29
9453 32
9454 35
9455 26
9456 30
9457 31
9458 29
9459 34
9460 33
9461 39
9462 31
9463 51
9464 57
9465 31
9466 31
9467 15
9468 37
9469 36
9470 28
9471 37
9472 25
9473 25
9474 40
9475 14
9476 32
9477 23
9478 34
9479 20
9480 26
9481 19
9482 33
9483 31
9484 27
9485 33
9486 22
9487 32
9488 37
9489 28
9490 35
9491 38
9492 30
9493 33
9494 22
9495 38
9496 41
9497 32
9498 43
9499 40
9500 44
9501 37
9502 31
9503 30
9504 35
9505 36
9506 27
9507 28
9508 28
9509 26
9510 30
9511 44
9512 35
9513 64
9514 45
9515 34
9516 44
9517 24
9518 33
9519 33
9520 57
9521 48
9522 25
9523 34
9524 32
9525 28
9526 29
9527 30
9528 32
9529 35
9530 25
9531 23
9532 33
9533 35
9534 26
9535 36
9536 38
9537 26
9538 41
9539 45
9540 28
9541 33
9542 36
9543 26
9544 26
9545 24
9546 31
9547 23
9548 31
9549 26
9550 23
9551 26
9552 23
9553 31
9554 26
9555 30
9556 31
9557 29
9558 24
9559 28
9560 38
9561 37
9562 31
9563 31
9564 43
9565 27
9566 28
9567 47
9568 44
9569 37
9570 33
9571 24
9572 69
9573 27
9574 23
9575 40
9576 23
9577 28
9578 28
9579 54
9580 24
9581 29
9582 30
9583 31
9584 29
9585 27
9586 26
9587 40
9588 28
9589 25
9590 22
9591 32
9592 44
9593 25
9594 53
9595 25
9596 26
9597 25
9598 21
9599 33
9600 37
9601 26
9602 45
9603 36
9604 29
9605 17
9606 24
9607 45
9608 34
9609 35
9610 29
9611 36
9612 37
9613 49
9614 23
9615 37
9616 31
9617 29
9618 36
9619 32
9620 28
9621 32
9622 26
9623 26
9624 49
9625 34
9626 24
9627 33
9628 25
9629 32
9630 32
9631 32
9632 32
9633 28
9634 26
9635 42
9636 38
9637 51
9638 28
9639 24
9640 33
9641 44
9642 28
9643 38
9644 42
9645 46
9646 40
9647 32
9648 34
9649 49
9650 33
9651 28
9652 38
9653 23
9654 35
9655 49
9656 28
9657 29
9658 27
9659 33
9660 36
9661 67
9662 33
9663 33
9664 32
9665 35
9666 33
9667 28
9668 34
9669 40
9670 29
9671 32
9672 26
9673 28
9674 32
9675 39
9676 40
9677 23
9678 36
9679 29
9680 31
9681 26
9682 23
9683 28
9684 39
9685 31
9686 29
9687 29
9688 21
9689 45
9690 42
9691 29
9692 45
9693 24
9694 28
9695 28
9696 29
9697 24
9698 28
9699 30
9700 31
9701 32
9702 52
9703 23
9704 30
9705 26
9706 31
9707 32
9708 14
9709 41
9710 34
9711 39
9712 22
9713 20
9714 22
9715 35
9716 25
9717 36
9718 29
9719 34
9720 33
9721 47
9722 43
9723 34
9724 27
9725 20
9726 29
9727 36
9728 33
9729 19
9730 27
9731 46
9732 30
9733 44
9734 27
9735 25
9736 28
9737 35
9738 20
9739 28
9740 32
9741 38
9742 29
9743 37
9744 34
9745 25
9746 27
9747 28
9748 29
9749 25
9750 33
9751 26
9752 57
9753 32
9754 43
9755 25
9756 30
9757 36
9758 30
9759 30
9760 32
9761 35
9762 31
9763 33
9764 23
9765 36
9766 43
9767 33
9768 50
9769 29
9770 33
9771 28
9772 57
9773 29
9774 27
9775 40
9776 25
9777 27
9778 47
9779 44
9780 32
9781 20
9782 25
9783 30
9784 22
9785 29
9786 27
9787 45
9788 33
9789 33
9790 36
9791 26
9792 37
9793 27
9794 31
9795 82
9796 39
9797 34
9798 25
9799 46
9800 46
9801 40
9802 20
9803 26
9804 47
9805 23
9806 23
9807 33
9808 34
9809 27
9810 33
9811 28
9812 31
9813 33
9814 24
9815 33
9816 37
9817 17
9818 31
9819 27
9820 30
9821 36
9822 44
9823 30
9824 28
9825 62
9826 43
9827 65
9828 43
9829 28
9830 29
9831 31
9832 36
9833 42
9834 28
9835 46
9836 35
9837 41
9838 26
9839 40
9840 42
9841 39
9842 21
9843 31
9844 25
9845 34
9846 32
9847 25
9848 23
9849 28
9850 52
9851 51
9852 29
9853 29
9854 30
9855 32
9856 35
9857 65
9858 31
9859 14
9860 38
9861 27
9862 26
9863 32
9864 26
9865 42
9866 37
9867 17
9868 30
9869 32
9870 33
9871 42
9872 29
9873 65
9874 31
9875 38
9876 34
9877 31
9878 33
9879 22
9880 62
9881 33
9882 43
9883 29
9884 26
9885 29
9886 35
9887 22
9888 28
9889 26
9890 31
9891 35
9892 29
9893 29
9894 35
9895 28
9896 52
9897 49
9898 58
9899 55
9900 28
9901 31
9902 36
9903 30
9904 26
9905 39
9906 32
9907 27
9908 35
9909 33
9910 31
9911 26
9912 50
9913 39
9914 25
9915 43
9916 31
9917 20
9918 40
9919 24
9920 25
9921 28
9922 30
9923 27
9924 29
9925 33
9926 42
9927 25
9928 31
9929 23
9930 25
9931 40
9932 45
9933 50
9934 21
9935 28
9936 41
9937 37
9938 41
9939 40
9940 39
9941 32
9942 28
9943 31
9944 37
9945 38
9946 42
9947 36
9948 22
9949 44
9950 41
9951 49
9952 34
9953 48
9954 28
9955 34
9956 43
9957 52
9958 20
9959 27
9960 40
9961 25
9962 31
9963 56
9964 29
9965 25
9966 32
9967 32
9968 30
9969 31
9970 30
9971 24
9972 43
9973 25
9974 39
9975 29
9976 25
9977 41
9978 32
9979 38
9980 33
9981 25
9982 31
9983 27
9984 32
9985 27
9986 33
9987 39
9988 28
9989 45
9990 29
9991 35
9992 26
9993 21
9994 22
9995 101
9996 30
9997 34
9998 36
9999 29
10000 40
10001 26
10002 40
10003 31
10004 37
10005 39
10006 37
10007 47
10008 23
10009 31
10010 17
10011 30
10012 22
10013 29
10014 33
10015 35
10016 30
10017 40
10018 28
10019 32
10020 31
10021 34
10022 51
10023 28
10024 30
10025 35
10026 29
10027 34
10028 33
10029 29
10030 27
10031 26
10032 30
10033 36
10034 21
10035 27
10036 31
10037 29
10038 18
10039 29
10040 50
10041 28
10042 34
10043 53
10044 26
10045 20
10046 28
10047 16
10048 29
10049 29
10050 32
10051 23
10052 20
10053 33
10054 31
10055 42
10056 41
10057 26
10058 26
10059 41
10060 33
10061 24
10062 34
10063 32
10064 34
10065 27
10066 34
10067 26
10068 29
10069 48
10070 29
10071 18
10072 38
10073 26
10074 37
10075 38
10076 39
10077 42
10078 36
10079 60
10080 23
10081 36
10082 33
10083 51
10084 29
10085 40
10086 50
10087 46
10088 39
10089 33
10090 25
10091 32
10092 29
10093 35
10094 34
10095 31
10096 39
10097 34
10098 21
10099 42
