java -cp `find -L lib/ -name "*.jar" | tr [:space:] :`:"":classes peersim.Simulator test.cfg



0 100 0 0 (0) 0
100 100 1 0 (0) 0
200 100 1 0 (0) 0
300 100 1 0 (0) 0
400 100 1 0 (0) 0
500 100 1 0 (0) 0
600 100 1 0 (0) 0
700 100 1 0 (0) 0
800 100 1 0 (0) 0
900 100 1 0 (0) 0
1000 100 1 0 (0) 0
1100 100 1 0 (0) 0
1200 100 1 0 (0) 0
1300 100 1 0 (0) 0
1400 100 1 0 (0) 0
1500 100 1 0 (0) 0
1600 100 1 0 (0) 0
1700 100 1 0 (0) 0
1800 100 1 0 (0) 0
1900 100 1 0 (0) 0
2000 100 1 0 (0) 0
2100 100 1 0 (0) 0
2200 100 1 0 (0) 0
2300 100 1 0 (0) 0
2400 100 1 0 (0) 0
2500 100 1 0 (0) 0
2600 100 1 0 (0) 0
2700 100 1 0 (0) 0
2800 100 1 0 (0) 0
2900 100 1 0 (0) 0
3000 100 1 0 (0) 0
3100 100 1 0 (0) 0
3200 100 1 0 (0) 0
3300 100 1 0 (0) 0
3400 100 1 0 (0) 0
3500 100 1 0 (0) 0
3600 100 1 0 (0) 0
3700 100 1 0 (0) 0
3800 100 1 0 (0) 0
3900 100 1 0 (0) 0
4000 100 1 0 (0) 0
4100 100 1 0 (0) 0
4200 100 1 0 (0) 0
4300 100 1 0 (0) 0
4400 100 1 0 (0) 0
4500 100 1 0 (0) 0
4600 100 1 0 (0) 0
4700 100 1 0 (0) 0
4800 100 1 0 (0) 0
4900 100 1 0 (0) 0
5000 101 1 0 (0) 0
5100 102 1 0 (0) 0
5200 103 1 0 (0) 0
5300 104 1 0 (0) 0
5400 105 1 0 (0) 0
5500 106 1 0 (0) 0
5600 107 1 0 (0) 0
5700 108 1 0 (0) 0
5800 109 1 0 (0) 0
5900 110 1 0 (0) 0
6000 111 1 0 (0) 0
6100 112 1 0 (0) 0
6200 113 1 0 (0) 0
6300 114 1 0 (0) 0
6400 115 1 0 (0) 0
6500 116 1 0 (0) 0
6600 117 1 0 (0) 0
6700 118 1 0 (0) 0
6800 119 1 0 (0) 0
6900 120 1 0 (0) 0
7000 121 1 0 (0) 0
7100 122 1 0 (0) 0
7200 123 1 0 (0) 0
7300 124 1 0 (0) 0
7400 125 1 0 (0) 0
7500 126 1 0 (0) 0
7600 127 1 0 (0) 0
7700 128 1 0 (0) 0
7800 129 1 0 (0) 0
7900 130 1 0 (0) 0
8000 131 1 0 (0) 0
8100 132 1 0 (0) 0
8200 133 1 0 (0) 0
8300 134 1 0 (0) 0
8400 135 1 0 (0) 0
8500 136 1 0 (0) 0
8600 137 1 0 (0) 0
8700 138 1 0 (0) 0
8800 139 1 0 (0) 0
8900 140 1 0 (0) 0
9000 141 1 0 (0) 0
9100 142 1 0 (0) 0
9200 143 1 0 (0) 0
9300 144 1 0 (0) 0
9400 145 1 0 (0) 0
9500 146 1 0 (0) 0
9600 147 1 0 (0) 0
9700 148 1 0 (0) 0
9800 149 1 0 (0) 0
9900 150 1 0 (0) 0
10000 151 1 0 (0) 0
10100 152 1 0 (0) 0
10200 153 1 0 (0) 0
10300 154 1 0 (0) 0
10400 155 1 0 (0) 0
10500 156 1 0 (0) 0
10600 157 1 0 (0) 0
10700 158 1 0 (0) 0
10800 159 1 0 (0) 0
10900 160 1 0 (0) 0
11000 161 1 0 (0) 0
11100 162 1 0 (0) 0
11200 163 1 0 (0) 0
11300 164 1 0 (0) 0
11400 165 1 0 (0) 0
11500 166 1 0 (0) 0
11600 167 1 0 (0) 0
11700 168 1 0 (0) 0
11800 169 1 0 (0) 0
11900 170 1 0 (0) 0
12000 171 1 0 (0) 0
12100 172 1 0 (0) 0
12200 173 1 0 (0) 0
12300 174 1 0 (0) 0
12400 175 1 0 (0) 0
12500 176 1 0 (0) 0
12600 177 1 0 (0) 0
12700 178 1 0 (0) 0
12800 179 1 0 (0) 0
12900 180 1 0 (0) 0
13000 181 1 0 (0) 0
13100 182 1 0 (0) 0
13200 183 1 0 (0) 0
13300 184 1 0 (0) 0
13400 185 1 0 (0) 0
13500 186 1 0 (0) 0
13600 187 1 0 (0) 0
13700 188 1 0 (0) 0
13800 189 1 0 (0) 0
13900 190 1 0 (0) 0
14000 191 1 0 (0) 0
14100 192 1 0 (0) 0
14200 193 1 0 (0) 0
14300 194 1 0 (0) 0
14400 195 1 0 (0) 0
14500 196 1 0 (0) 0
14600 197 1 0 (0) 0
14700 198 1 0 (0) 0
14800 199 1 0 (0) 0
14900 200 1 0 (0) 0
15000 201 1 0 (0) 0
15100 202 1 0 (0) 0
15200 203 1 0 (0) 0
15300 204 1 0 (0) 0
15400 205 1 0 (0) 0
15500 206 1 0 (0) 0
15600 207 1 0 (0) 0
15700 208 1 0 (0) 0
15800 209 1 0 (0) 0
15900 210 1 0 (0) 0
16000 211 1 0 (0) 0
16100 212 1 0 (0) 0
16200 213 1 0 (0) 0
16300 214 1 0 (0) 0
16400 215 1 0 (0) 0
16500 216 1 0 (0) 0
16600 217 1 0 (0) 0
16700 218 1 0 (0) 0
16800 219 1 0 (0) 0
16900 220 1 0 (0) 0
17000 221 1 0 (0) 0
17100 222 1 0 (0) 0
17200 223 1 0 (0) 0
17300 224 1 0 (0) 0
17400 225 1 0 (0) 0
17500 226 1 0 (0) 0
17600 227 1 0 (0) 0
17700 228 1 0 (0) 0
17800 229 1 0 (0) 0
17900 230 1 0 (0) 0
18000 231 1 0 (0) 0
18100 232 1 0 (0) 0
18200 233 1 0 (0) 0
18300 234 1 0 (0) 0
18400 235 1 0 (0) 0
18500 236 1 0 (0) 0
18600 237 1 0 (0) 0
18700 238 1 0 (0) 0
18800 239 1 0 (0) 0
18900 240 1 0 (0) 0
19000 241 1 0 (0) 0
19100 242 1 0 (0) 0
19200 243 1 0 (0) 0
19300 244 1 0 (0) 0
19400 245 1 0 (0) 0
19500 246 1 0 (0) 0
19600 247 1 0 (0) 0
19700 248 1 0 (0) 0
19800 249 1 0 (0) 0
19900 250 1 0 (0) 0
20000 251 1 0 (0) 0
20100 252 1 0 (0) 0
20200 253 1 0 (0) 0
20300 254 1 0 (0) 0
20400 255 1 0 (0) 0
20500 256 1 0 (0) 0
20600 257 1 0 (0) 0
20700 258 1 0 (0) 0
20800 259 1 0 (0) 0
20900 260 1 0 (0) 0
21000 261 1 0 (0) 0
21100 262 1 0 (0) 0
21200 263 1 0 (0) 0
21300 264 1 0 (0) 0
21400 265 1 0 (0) 0
21500 266 1 0 (0) 0
21600 267 1 0 (0) 0
21700 268 1 0 (0) 0
21800 269 1 0 (0) 0
21900 270 1 0 (0) 0
22000 271 1 0 (0) 0
22100 272 1 0 (0) 0
22200 273 1 0 (0) 0
22300 274 1 0 (0) 0
22400 275 1 0 (0) 0
22500 276 1 0 (0) 0
22600 277 1 0 (0) 0
22700 278 1 0 (0) 0
22800 279 1 0 (0) 0
22900 280 1 0 (0) 0
23000 281 1 0 (0) 0
23100 282 1 0 (0) 0
23200 283 1 0 (0) 0
23300 284 1 0 (0) 0
23400 285 1 0 (0) 0
23500 286 1 0 (0) 0
23600 287 1 0 (0) 0
23700 288 1 0 (0) 0
23800 289 1 0 (0) 0
23900 290 1 0 (0) 0
24000 291 1 0 (0) 0
24100 292 1 0 (0) 0
24200 293 1 0 (0) 0
24300 294 1 0 (0) 0
24400 295 1 0 (0) 0
24500 296 1 0 (0) 0
24600 297 1 0 (0) 0
24700 298 1 0 (0) 0
24800 299 1 0 (0) 0
24900 300 1 0 (0) 0
25000 301 1 0 (0) 0
25100 302 1 0 (0) 0
25200 303 1 0 (0) 0
25300 304 1 0 (0) 0
25400 305 1 0 (0) 0
25500 306 1 0 (0) 0
25600 307 1 0 (0) 0
25700 308 1 0 (0) 0
25800 309 1 0 (0) 0
25900 310 1 0 (0) 0
26000 311 1 0 (0) 0
26100 312 1 0 (0) 0
26200 313 1 0 (0) 0
26300 314 1 0 (0) 0
26400 315 1 0 (0) 0
26500 316 1 0 (0) 0
26600 317 1 0 (0) 0
26700 318 1 0 (0) 0
26800 319 1 0 (0) 0
26900 320 1 0 (0) 0
27000 321 1 0 (0) 0
27100 322 1 0 (0) 0
27200 323 1 0 (0) 0
27300 324 1 0 (0) 0
27400 325 1 0 (0) 0
27500 326 1 0 (0) 0
27600 327 1 0 (0) 0
27700 328 1 0 (0) 0
27800 329 1 0 (0) 0
27900 330 1 0 (0) 0
28000 331 1 0 (0) 0
28100 332 1 0 (0) 0
28200 333 1 0 (0) 0
28300 334 1 0 (0) 0
28400 335 1 0 (0) 0
28500 336 1 0 (0) 0
28600 337 1 0 (0) 0
28700 338 1 0 (0) 0
28800 339 1 0 (0) 0
28900 340 1 0 (0) 0
29000 341 1 0 (0) 0
29100 342 1 0 (0) 0
29200 343 1 0 (0) 0
29300 344 1 0 (0) 0
29400 345 1 0 (0) 0
29500 346 1 0 (0) 0
29600 347 1 0 (0) 0
29700 348 1 0 (0) 0
29800 349 1 0 (0) 0
29900 350 1 0 (0) 0
30000 351 1 0 (0) 0
30100 352 1 0 (0) 0
30200 353 1 0 (0) 0
30300 354 1 0 (0) 0
30400 355 1 0 (0) 0
30500 356 1 0 (0) 0
30600 357 1 0 (0) 0
30700 358 1 0 (0) 0
30800 359 1 0 (0) 0
30900 360 1 0 (0) 0
31000 361 1 0 (0) 0
31100 362 1 0 (0) 0
31200 363 1 0 (0) 0
31300 364 1 0 (0) 0
31400 365 1 0 (0) 0
31500 366 1 0 (0) 0
31600 367 1 0 (0) 0
31700 368 1 0 (0) 0
31800 369 1 0 (0) 0
31900 370 1 0 (0) 0
32000 371 1 0 (0) 0
32100 372 1 0 (0) 0
32200 373 1 0 (0) 0
32300 374 1 0 (0) 0
32400 375 1 0 (0) 0
32500 376 1 0 (0) 0
32600 377 1 0 (0) 0
32700 378 1 0 (0) 0
32800 379 1 0 (0) 0
32900 380 1 0 (0) 0
33000 381 1 0 (0) 0
33100 382 1 0 (0) 0
33200 383 1 0 (0) 0
33300 384 1 0 (0) 0
33400 385 1 0 (0) 0
33500 386 1 0 (0) 0
33600 387 1 0 (0) 0
33700 388 1 0 (0) 0
33800 389 1 0 (0) 0
33900 390 1 0 (0) 0
34000 391 1 0 (0) 0
34100 392 1 0 (0) 0
34200 393 1 0 (0) 0
34300 394 1 0 (0) 0
34400 395 1 0 (0) 0
34500 396 1 0 (0) 0
34600 397 1 0 (0) 0
34700 398 1 0 (0) 0
34800 399 1 0 (0) 0
34900 400 1 0 (0) 0
35000 401 1 0 (0) 0
35100 402 1 0 (0) 0
35200 403 1 0 (0) 0
35300 404 1 0 (0) 0
35400 405 1 0 (0) 0
35500 406 1 0 (0) 0
35600 407 1 0 (0) 0
35700 408 1 0 (0) 0
35800 409 1 0 (0) 0
35900 410 1 0 (0) 0
36000 411 1 0 (0) 0
36100 412 1 0 (0) 0
36200 413 1 0 (0) 0
36300 414 1 0 (0) 0
36400 415 1 0 (0) 0
36500 416 1 0 (0) 0
36600 417 1 0 (0) 0
36700 418 1 0 (0) 0
36800 419 1 0 (0) 0
36900 420 1 0 (0) 0
37000 421 1 0 (0) 0
37100 422 1 0 (0) 0
37200 423 1 0 (0) 0
37300 424 1 0 (0) 0
37400 425 1 0 (0) 0
37500 426 1 0 (0) 0
37600 427 1 0 (0) 0
37700 428 1 0 (0) 0
37800 429 1 0 (0) 0
37900 430 1 0 (0) 0
38000 431 1 0 (0) 0
38100 432 1 0 (0) 0
38200 433 1 0 (0) 0
38300 434 1 0 (0) 0
38400 435 1 0 (0) 0
38500 436 1 0 (0) 0
38600 437 1 0 (0) 0
38700 438 1 0 (0) 0
38800 439 1 0 (0) 0
38900 440 1 0 (0) 0
39000 441 1 0 (0) 0
39100 442 1 0 (0) 0
39200 443 1 0 (0) 0
39300 444 1 0 (0) 0
39400 445 1 0 (0) 0
39500 446 1 0 (0) 0
39600 447 1 0 (0) 0
39700 448 1 0 (0) 0
39800 449 1 0 (0) 0
39900 450 1 0 (0) 0
40000 451 1 0 (0) 0
40100 452 1 0 (0) 0
40200 453 1 0 (0) 0
40300 454 1 0 (0) 0
40400 455 1 0 (0) 0
40500 456 1 0 (0) 0
40600 457 1 0 (0) 0
40700 458 1 0 (0) 0
40800 459 1 0 (0) 0
40900 460 1 0 (0) 0
41000 461 1 0 (0) 0
41100 462 1 0 (0) 0
41200 463 1 0 (0) 0
41300 464 1 0 (0) 0
41400 465 1 0 (0) 0
41500 466 1 0 (0) 0
41600 467 1 0 (0) 0
41700 468 1 0 (0) 0
41800 469 1 0 (0) 0
41900 470 1 0 (0) 0
42000 471 1 0 (0) 0
42100 472 1 0 (0) 0
42200 473 1 0 (0) 0
42300 474 1 0 (0) 0
42400 475 1 0 (0) 0
42500 476 1 0 (0) 0
42600 477 1 0 (0) 0
42700 478 1 0 (0) 0
42800 479 1 0 (0) 0
42900 480 1 0 (0) 0
43000 481 1 0 (0) 0
43100 482 1 0 (0) 0
43200 483 1 0 (0) 0
43300 484 1 0 (0) 0
43400 485 1 0 (0) 0
43500 486 1 0 (0) 0
43600 487 1 0 (0) 0
43700 488 1 0 (0) 0
43800 489 1 0 (0) 0
43900 490 1 0 (0) 0
44000 491 1 0 (0) 0
44100 492 1 0 (0) 0
44200 493 1 0 (0) 0
44300 494 1 0 (0) 0
44400 495 1 0 (0) 0
44500 496 1 0 (0) 0
44600 497 1 0 (0) 0
44700 498 1 0 (0) 0
44800 499 1 0 (0) 0
44900 500 1 0 (0) 0
45000 501 1 0 (0) 0
45100 502 1 0 (0) 0
45200 503 1 0 (0) 0
45300 504 1 0 (0) 0
45400 505 1 0 (0) 0
45500 506 1 0 (0) 0
45600 507 1 0 (0) 0
45700 508 1 0 (0) 0
45800 509 1 0 (0) 0
45900 510 1 0 (0) 0
46000 511 1 0 (0) 0
46100 512 1 0 (0) 0
46200 513 1 0 (0) 0
46300 514 1 0 (0) 0
46400 515 1 0 (0) 0
46500 516 1 0 (0) 0
46600 517 1 0 (0) 0
46700 518 1 0 (0) 0
46800 519 1 0 (0) 0
46900 520 1 0 (0) 0
47000 521 1 0 (0) 0
47100 522 1 0 (0) 0
47200 523 1 0 (0) 0
47300 524 1 0 (0) 0
47400 525 1 0 (0) 0
47500 526 1 0 (0) 0
47600 527 1 0 (0) 0
47700 528 1 0 (0) 0
47800 529 1 0 (0) 0
47900 530 1 0 (0) 0
48000 531 1 0 (0) 0
48100 532 1 0 (0) 0
48200 533 1 0 (0) 0
48300 534 1 0 (0) 0
48400 535 1 0 (0) 0
48500 536 1 0 (0) 0
48600 537 1 0 (0) 0
48700 538 1 0 (0) 0
48800 539 1 0 (0) 0
48900 540 1 0 (0) 0
49000 541 1 0 (0) 0
49100 542 1 0 (0) 0
49200 543 1 0 (0) 0
49300 544 1 0 (0) 0
49400 545 1 0 (0) 0
49500 546 1 0 (0) 0
49600 547 1 0 (0) 0
49700 548 1 0 (0) 0
49800 549 1 0 (0) 0
49900 550 1 0 (0) 0
50000 551 1 0 (0) 0
50100 552 1 0 (0) 0
50200 553 1 0 (0) 0
50300 554 1 0 (0) 0
50400 555 1 0 (0) 0
50500 556 1 0 (0) 0
50600 557 1 0 (0) 0
50700 558 1 0 (0) 0
50800 559 1 0 (0) 0
50900 560 1 0 (0) 0
51000 561 1 0 (0) 0
51100 562 1 0 (0) 0
51200 563 1 0 (0) 0
51300 564 1 0 (0) 0
51400 565 1 0 (0) 0
51500 566 1 0 (0) 0
51600 567 1 0 (0) 0
51700 568 1 0 (0) 0
51800 569 1 0 (0) 0
51900 570 1 0 (0) 0
52000 571 1 0 (0) 0
52100 572 1 0 (0) 0
52200 573 1 0 (0) 0
52300 574 1 0 (0) 0
52400 575 1 0 (0) 0
52500 576 1 0 (0) 0
52600 577 1 0 (0) 0
52700 578 1 0 (0) 0
52800 579 1 0 (0) 0
52900 580 1 0 (0) 0
53000 581 1 0 (0) 0
53100 582 1 0 (0) 0
53200 583 1 0 (0) 0
53300 584 1 0 (0) 0
53400 585 1 0 (0) 0
53500 586 1 0 (0) 0
53600 587 1 0 (0) 0
53700 588 1 0 (0) 0
53800 589 1 0 (0) 0
53900 590 1 0 (0) 0
54000 591 1 0 (0) 0
54100 592 1 0 (0) 0
54200 593 1 0 (0) 0
54300 594 1 0 (0) 0
54400 595 1 0 (0) 0
54500 596 1 0 (0) 0
54600 597 1 0 (0) 0
54700 598 1 0 (0) 0
54800 599 1 0 (0) 0
54900 600 1 0 (0) 0
55000 601 1 0 (0) 0
55100 602 1 0 (0) 0
55200 603 1 0 (0) 0
55300 604 1 0 (0) 0
55400 605 1 0 (0) 0
55500 606 1 0 (0) 0
55600 607 1 0 (0) 0
55700 608 1 0 (0) 0
55800 609 1 0 (0) 0
55900 610 1 0 (0) 0
56000 611 1 0 (0) 0
56100 612 1 0 (0) 0
56200 613 1 0 (0) 0
56300 614 1 0 (0) 0
56400 615 1 0 (0) 0
56500 616 1 0 (0) 0
56600 617 1 0 (0) 0
56700 618 1 0 (0) 0
56800 619 1 0 (0) 0
56900 620 1 0 (0) 0
57000 621 1 0 (0) 0
57100 622 1 0 (0) 0
57200 623 1 0 (0) 0
57300 624 1 0 (0) 0
57400 625 1 0 (0) 0
57500 626 1 0 (0) 0
57600 627 1 0 (0) 0
57700 628 1 0 (0) 0
57800 629 1 0 (0) 0
57900 630 1 0 (0) 0
58000 631 1 0 (0) 0
58100 632 1 0 (0) 0
58200 633 1 0 (0) 0
58300 634 1 0 (0) 0
58400 635 1 0 (0) 0
58500 636 1 0 (0) 0
58600 637 1 0 (0) 0
58700 638 1 0 (0) 0
58800 639 1 0 (0) 0
58900 640 1 0 (0) 0
59000 641 1 0 (0) 0
59100 642 1 0 (0) 0
59200 643 1 0 (0) 0
59300 644 1 0 (0) 0
59400 645 1 0 (0) 0
59500 646 1 0 (0) 0
59600 647 1 0 (0) 0
59700 648 1 0 (0) 0
59800 649 1 0 (0) 0
59900 650 1 0 (0) 0
60000 651 1 0 (0) 0
60100 652 1 0 (0) 0
60200 653 1 0 (0) 0
60300 654 1 0 (0) 0
60400 655 1 0 (0) 0
60500 656 1 0 (0) 0
60600 657 1 0 (0) 0
60700 658 1 0 (0) 0
60800 659 1 0 (0) 0
60900 660 1 0 (0) 0
61000 661 1 0 (0) 0
61100 662 1 0 (0) 0
61200 663 1 0 (0) 0
61300 664 1 0 (0) 0
61400 665 1 0 (0) 0
61500 666 1 0 (0) 0
61600 667 1 0 (0) 0
61700 668 1 0 (0) 0
61800 669 1 0 (0) 0
61900 670 1 0 (0) 0
62000 671 1 0 (0) 0
62100 672 1 0 (0) 0
62200 673 1 0 (0) 0
62300 674 1 0 (0) 0
62400 675 1 0 (0) 0
62500 676 1 0 (0) 0
62600 677 1 0 (0) 0
62700 678 1 0 (0) 0
62800 679 1 0 (0) 0
62900 680 1 0 (0) 0
63000 681 1 0 (0) 0
63100 682 1 0 (0) 0
63200 683 1 0 (0) 0
63300 684 1 0 (0) 0
63400 685 1 0 (0) 0
63500 686 1 0 (0) 0
63600 687 1 0 (0) 0
63700 688 1 0 (0) 0
63800 689 1 0 (0) 0
63900 690 1 0 (0) 0
64000 691 1 0 (0) 0
64100 692 1 0 (0) 0
64200 693 1 0 (0) 0
64300 694 1 0 (0) 0
64400 695 1 0 (0) 0
64500 696 1 0 (0) 0
64600 697 1 0 (0) 0
64700 698 1 0 (0) 0
64800 699 1 0 (0) 0
64900 700 1 0 (0) 0
65000 701 1 0 (0) 0
65100 702 1 0 (0) 0
65200 703 1 0 (0) 0
65300 704 1 0 (0) 0
65400 705 1 0 (0) 0
65500 706 1 0 (0) 0
65600 707 1 0 (0) 0
65700 708 1 0 (0) 0
65800 709 1 0 (0) 0
65900 710 1 0 (0) 0
66000 711 1 0 (0) 0
66100 712 1 0 (0) 0
66200 713 1 0 (0) 0
66300 714 1 0 (0) 0
66400 715 1 0 (0) 0
66500 716 1 0 (0) 0
66600 717 1 0 (0) 0
66700 718 1 0 (0) 0
66800 719 1 0 (0) 0
66900 720 1 0 (0) 0
67000 721 1 0 (0) 0
67100 722 1 0 (0) 0
67200 723 1 0 (0) 0
67300 724 1 0 (0) 0
67400 725 1 0 (0) 0
67500 726 1 0 (0) 0
67600 727 1 0 (0) 0
67700 728 1 0 (0) 0
67800 729 1 0 (0) 0
67900 730 1 0 (0) 0
68000 731 1 0 (0) 0
68100 732 1 0 (0) 0
68200 733 1 0 (0) 0
68300 734 1 0 (0) 0
68400 735 1 0 (0) 0
68500 736 1 0 (0) 0
68600 737 1 0 (0) 0
68700 738 1 0 (0) 0
68800 739 1 0 (0) 0
68900 740 1 0 (0) 0
69000 741 1 0 (0) 0
69100 742 1 0 (0) 0
69200 743 1 0 (0) 0
69300 744 1 0 (0) 0
69400 745 1 0 (0) 0
69500 746 1 0 (0) 0
69600 747 1 0 (0) 0
69700 748 1 0 (0) 0
69800 749 1 0 (0) 0
69900 750 1 0 (0) 0
70000 751 1 0 (0) 0
70100 752 1 0 (0) 0
70200 753 1 0 (0) 0
70300 754 1 0 (0) 0
70400 755 1 0 (0) 0
70500 756 1 0 (0) 0
70600 757 1 0 (0) 0
70700 758 1 0 (0) 0
70800 759 1 0 (0) 0
70900 760 1 0 (0) 0
71000 761 1 0 (0) 0
71100 762 1 0 (0) 0
71200 763 1 0 (0) 0
71300 764 1 0 (0) 0
71400 765 1 0 (0) 0
71500 766 1 0 (0) 0
71600 767 1 0 (0) 0
71700 768 1 0 (0) 0
71800 769 1 0 (0) 0
71900 770 1 0 (0) 0
72000 771 1 0 (0) 0
72100 772 1 0 (0) 0
72200 773 1 0 (0) 0
72300 774 1 0 (0) 0
72400 775 1 0 (0) 0
72500 776 1 0 (0) 0
72600 777 1 0 (0) 0
72700 778 1 0 (0) 0
72800 779 1 0 (0) 0
72900 780 1 0 (0) 0
73000 781 1 0 (0) 0
73100 782 1 0 (0) 0
73200 783 1 0 (0) 0
73300 784 1 0 (0) 0
73400 785 1 0 (0) 0
73500 786 1 0 (0) 0
73600 787 1 0 (0) 0
73700 788 1 0 (0) 0
73800 789 1 0 (0) 0
73900 790 1 0 (0) 0
74000 791 1 0 (0) 0
74100 792 1 0 (0) 0
74200 793 1 0 (0) 0
74300 794 1 0 (0) 0
74400 795 1 0 (0) 0
74500 796 1 0 (0) 0
74600 797 1 0 (0) 0
74700 798 1 0 (0) 0
74800 799 1 0 (0) 0
74900 800 1 0 (0) 0
75000 801 1 0 (0) 0
75100 802 1 0 (0) 0
75200 803 1 0 (0) 0
75300 804 1 0 (0) 0
75400 805 1 0 (0) 0
75500 806 1 0 (0) 0
75600 807 1 0 (0) 0
75700 808 1 0 (0) 0
75800 809 1 0 (0) 0
75900 810 1 0 (0) 0
76000 811 1 0 (0) 0
76100 812 1 0 (0) 0
76200 813 1 0 (0) 0
76300 814 1 0 (0) 0
76400 815 1 0 (0) 0
76500 816 1 0 (0) 0
76600 817 1 0 (0) 0
76700 818 1 0 (0) 0
76800 819 1 0 (0) 0
76900 820 1 0 (0) 0
77000 821 1 0 (0) 0
77100 822 1 0 (0) 0
77200 823 1 0 (0) 0
77300 824 1 0 (0) 0
77400 825 1 0 (0) 0
77500 826 1 0 (0) 0
77600 827 1 0 (0) 0
77700 828 1 0 (0) 0
77800 829 1 0 (0) 0
77900 830 1 0 (0) 0
78000 831 1 0 (0) 0
78100 832 1 0 (0) 0
78200 833 1 0 (0) 0
78300 834 1 0 (0) 0
78400 835 1 0 (0) 0
78500 836 1 0 (0) 0
78600 837 1 0 (0) 0
78700 838 1 0 (0) 0
78800 839 1 0 (0) 0
78900 840 1 0 (0) 0
79000 841 1 0 (0) 0
79100 842 1 0 (0) 0
79200 843 1 0 (0) 0
79300 844 1 0 (0) 0
79400 845 1 0 (0) 0
79500 846 1 0 (0) 0
79600 847 1 0 (0) 0
79700 848 1 0 (0) 0
79800 849 1 0 (0) 0
79900 850 1 0 (0) 0
80000 851 1 0 (0) 0
80100 852 1 0 (0) 0
80200 853 1 0 (0) 0
80300 854 1 0 (0) 0
80400 855 1 0 (0) 0
80500 856 1 0 (0) 0
80600 857 1 0 (0) 0
80700 858 1 0 (0) 0
80800 859 1 0 (0) 0
80900 860 1 0 (0) 0
81000 861 1 0 (0) 0
81100 862 1 0 (0) 0
81200 863 1 0 (0) 0
81300 864 1 0 (0) 0
81400 865 1 0 (0) 0
81500 866 1 0 (0) 0
81600 867 1 0 (0) 0
81700 868 1 0 (0) 0
81800 869 1 0 (0) 0
81900 870 1 0 (0) 0
82000 871 1 0 (0) 0
82100 872 1 0 (0) 0
82200 873 1 0 (0) 0
82300 874 1 0 (0) 0
82400 875 1 0 (0) 0
82500 876 1 0 (0) 0
82600 877 1 0 (0) 0
82700 878 1 0 (0) 0
82800 879 1 0 (0) 0
82900 880 1 0 (0) 0
83000 881 1 0 (0) 0
83100 882 1 0 (0) 0
83200 883 1 0 (0) 0
83300 884 1 0 (0) 0
83400 885 1 0 (0) 0
83500 886 1 0 (0) 0
83600 887 1 0 (0) 0
83700 888 1 0 (0) 0
83800 889 1 0 (0) 0
83900 890 1 0 (0) 0
84000 891 1 0 (0) 0
84100 892 1 0 (0) 0
84200 893 1 0 (0) 0
84300 894 1 0 (0) 0
84400 895 1 0 (0) 0
84500 896 1 0 (0) 0
84600 897 1 0 (0) 0
84700 898 1 0 (0) 0
84800 899 1 0 (0) 0
84900 900 1 0 (0) 0
85000 901 1 0 (0) 0
85100 902 1 0 (0) 0
85200 903 1 0 (0) 0
85300 904 1 0 (0) 0
85400 905 1 0 (0) 0
85500 906 1 0 (0) 0
85600 907 1 0 (0) 0
85700 908 1 0 (0) 0
85800 909 1 0 (0) 0
85900 910 1 0 (0) 0
86000 911 1 0 (0) 0
86100 912 1 0 (0) 0
86200 913 1 0 (0) 0
86300 914 1 0 (0) 0
86400 915 1 0 (0) 0
86500 916 1 0 (0) 0
86600 917 1 0 (0) 0
86700 918 1 0 (0) 0
86800 919 1 0 (0) 0
86900 920 1 0 (0) 0
87000 921 1 0 (0) 0
87100 922 1 0 (0) 0
87200 923 1 0 (0) 0
87300 924 1 0 (0) 0
87400 925 1 0 (0) 0
87500 926 1 0 (0) 0
87600 927 1 0 (0) 0
87700 928 1 0 (0) 0
87800 929 1 0 (0) 0
87900 930 1 0 (0) 0
88000 931 1 0 (0) 0
88100 932 1 0 (0) 0
88200 933 1 0 (0) 0
88300 934 1 0 (0) 0
88400 935 1 0 (0) 0
88500 936 1 0 (0) 0
88600 937 1 0 (0) 0
88700 938 1 0 (0) 0
88800 939 1 0 (0) 0
88900 940 1 0 (0) 0
89000 941 1 0 (0) 0
89100 942 1 0 (0) 0
89200 943 1 0 (0) 0
89300 944 1 0 (0) 0
89400 945 1 0 (0) 0
89500 946 1 0 (0) 0
89600 947 1 0 (0) 0
89700 948 1 0 (0) 0
89800 949 1 0 (0) 0
89900 950 1 0 (0) 0
90000 951 1 0 (0) 0
90100 952 1 0 (0) 0
90200 953 1 0 (0) 0
90300 954 1 0 (0) 0
90400 955 1 0 (0) 0
90500 956 1 0 (0) 0
90600 957 1 0 (0) 0
90700 958 1 0 (0) 0
90800 959 1 0 (0) 0
90900 960 1 0 (0) 0
91000 961 1 0 (0) 0
91100 962 1 0 (0) 0
91200 963 1 0 (0) 0
91300 964 1 0 (0) 0
91400 965 1 0 (0) 0
91500 966 1 0 (0) 0
91600 967 1 0 (0) 0
91700 968 1 0 (0) 0
91800 969 1 0 (0) 0
91900 970 1 0 (0) 0
92000 971 1 0 (0) 0
92100 972 1 0 (0) 0
92200 973 1 0 (0) 0
92300 974 1 0 (0) 0
92400 975 1 0 (0) 0
92500 976 1 0 (0) 0
92600 977 1 0 (0) 0
92700 978 1 0 (0) 0
92800 979 1 0 (0) 0
92900 980 1 0 (0) 0
93000 981 1 0 (0) 0
93100 982 1 0 (0) 0
93200 983 1 0 (0) 0
93300 984 1 0 (0) 0
93400 985 1 0 (0) 0
93500 986 1 0 (0) 0
93600 987 1 0 (0) 0
93700 988 1 0 (0) 0
93800 989 1 0 (0) 0
93900 990 1 0 (0) 0
94000 991 1 0 (0) 0
94100 992 1 0 (0) 0
94200 993 1 0 (0) 0
94300 994 1 0 (0) 0
94400 995 1 0 (0) 0
94500 996 1 0 (0) 0
94600 997 1 0 (0) 0
94700 998 1 0 (0) 0
94800 999 1 0 (0) 0
94900 1000 1 0 (0) 0
95000 1001 1 0 (0) 0
95100 1002 1 0 (0) 0
95200 1003 1 0 (0) 0
95300 1004 1 0 (0) 0
95400 1005 1 0 (0) 0
95500 1006 1 0 (0) 0
95600 1007 1 0 (0) 0
95700 1008 1 0 (0) 0
95800 1009 1 0 (0) 0
95900 1010 1 0 (0) 0
96000 1011 1 0 (0) 0
96100 1012 1 0 (0) 0
96200 1013 1 0 (0) 0
96300 1014 1 0 (0) 0
96400 1015 1 0 (0) 0
96500 1016 1 0 (0) 0
96600 1017 1 0 (0) 0
96700 1018 1 0 (0) 0
96800 1019 1 0 (0) 0
96900 1020 1 0 (0) 0
97000 1021 1 0 (0) 0
97100 1022 1 0 (0) 0
97200 1023 1 0 (0) 0
97300 1024 1 0 (0) 0
97400 1025 1 0 (0) 0
97500 1026 1 0 (0) 0
97600 1027 1 0 (0) 0
97700 1028 1 0 (0) 0
97800 1029 1 0 (0) 0
97900 1030 1 0 (0) 0
98000 1031 1 0 (0) 0
98100 1032 1 0 (0) 0
98200 1033 1 0 (0) 0
98300 1034 1 0 (0) 0
98400 1035 1 0 (0) 0
98500 1036 1 0 (0) 0
98600 1037 1 0 (0) 0
98700 1038 1 0 (0) 0
98800 1039 1 0 (0) 0
98900 1040 1 0 (0) 0
99000 1041 1 0 (0) 0
99100 1042 1 0 (0) 0
99200 1043 1 0 (0) 0
99300 1044 1 0 (0) 0
99400 1045 1 0 (0) 0
99500 1046 1 0 (0) 0
99600 1047 1 0 (0) 0
99700 1048 1 0 (0) 0
99800 1049 1 0 (0) 0
99900 1050 1 0 (0) 0
