



10000 101 1 1 0
11000 102 2 1 1
12000 103 3 1 1
13000 104 4 1 1
14000 105 5 1 1
15000 106 6 2 2
16000 107 7 2 2
17000 108 8 2 2
18000 109 9 3 3
19000 110 10 3 3
20000 111 11 3 3
21000 112 12 3 3
22000 113 13 3 3
23000 114 14 3 3
24000 115 15 3 3
25000 116 16 3 3
26000 117 17 3 3
27000 118 18 3 3
28000 119 19 3 3
29000 120 20 3 3
30000 121 21 4 4
31000 122 22 4 4
# setRoot : From 45 to 122
32000 123 23 4 4
33000 124 24 4 4
34000 125 25 4 4
35000 126 26 4 4
36000 127 27 4 4
37000 128 28 4 4
38000 129 29 4 4
39000 130 30 4 4
40000 131 31 4 4
# setRoot : From 64 to 131
41000 132 32 4 4
42000 133 33 4 4
43000 134 34 4 4
44000 135 35 4 4
45000 136 36 4 4
46000 137 37 4 4
47000 138 38 4 4
48000 139 39 4 4
49000 140 40 4 4
50000 141 41 4 4
51000 142 42 4 4
52000 143 43 4 4
53000 144 44 4 4
54000 145 45 4 4
55000 146 46 4 4
56000 147 47 4 4
57000 148 48 4 4
58000 149 49 4 4
59000 150 50 4 4
60000 151 51 4 4
61000 152 52 4 4
62000 153 53 4 4
63000 154 54 4 4
64000 155 55 4 4
65000 156 56 4 4
66000 157 57 4 4
67000 158 58 4 4
68000 159 59 4 4
69000 160 60 4 4
70000 161 61 4 4
71000 162 62 4 4
72000 163 63 4 4
73000 164 64 4 4
74000 165 65 4 4
75000 166 66 4 4
76000 167 67 4 4
77000 168 68 4 4
78000 169 69 4 4
79000 170 70 4 4
80000 171 71 4 4
81000 172 72 4 4
82000 173 73 4 4
83000 174 74 4 4
84000 175 75 4 4
85000 176 76 4 4
86000 177 77 4 4
87000 178 78 4 4
88000 179 79 4 4
89000 180 80 4 4
90000 181 81 4 4
91000 182 82 4 4
92000 183 83 3 3
93000 184 84 3 3
94000 185 85 3 3
95000 186 86 3 3
96000 187 87 3 3
97000 188 88 3 3
98000 189 89 4 4
# numRoot : From 11 to 189
99000 190 90 4 4
100000 191 91 4 4
101000 192 92 4 4
102000 193 93 4 4
103000 194 94 4 4
104000 195 95 4 4
105000 196 96 4 4
106000 197 97 4 4
107000 198 98 4 4
108000 199 99 4 4
109000 200 100 4 4
110000 201 101 4 4
111000 202 102 4 4
# setRoot : From 131 to 202
112000 203 103 4 4
113000 204 104 4 4
114000 205 105 4 4
115000 206 106 5 4
116000 207 107 5 4
117000 208 108 5 4
118000 209 109 5 4
119000 210 110 5 4
120000 211 111 5 4
121000 212 112 4 3
# setRoot : From 202 to 212
122000 213 113 4 3
# numRoot : From 189 to 213
123000 214 114 4 3
# setRoot : From 188 to 214
124000 215 115 4 3
125000 216 116 4 3
126000 217 117 4 3
127000 218 118 4 3
128000 219 119 4 3
129000 220 120 4 3
130000 221 121 4 3
131000 222 122 4 3
132000 223 123 4 3
133000 224 124 4 3
134000 225 125 4 3
# numRoot : From 213 to 225
135000 226 126 4 3
136000 227 127 4 3
137000 228 128 4 3
138000 229 129 4 3
139000 230 130 4 3
140000 231 131 4 3
141000 232 132 4 3
142000 233 133 4 3
143000 234 134 4 3
144000 235 135 4 3
145000 236 136 4 3
146000 237 137 4 3
147000 238 138 4 3
148000 239 139 4 3
149000 240 140 4 3
150000 241 141 4 3
151000 242 142 4 3
152000 243 143 4 3
153000 244 144 4 3
154000 245 145 4 3
155000 246 146 4 3
156000 247 147 4 3
157000 248 148 4 3
158000 249 149 4 3
159000 250 150 4 3
160000 251 151 4 3
161000 252 152 4 3
162000 253 153 4 3
163000 254 154 4 3
164000 255 155 4 3
165000 256 156 4 3
166000 257 157 4 3
167000 258 158 4 3
168000 259 159 4 3
169000 260 160 4 3
170000 261 161 4 3
171000 262 162 4 3
172000 263 163 4 3
173000 264 164 4 3
174000 265 165 4 3
175000 266 166 4 3
176000 267 167 4 3
177000 268 168 4 3
178000 269 169 4 3
179000 270 170 4 3
180000 271 171 4 3
181000 272 172 4 3
182000 273 173 4 3
183000 274 174 4 3
184000 275 175 4 3
185000 276 176 4 3
# setRoot : From 122 to 276
186000 277 177 4 3
187000 278 178 4 3
188000 279 179 4 3
189000 280 180 4 3
190000 281 181 4 3
191000 282 182 5 4
# numRoot : From 225 to 282
192000 283 183 5 4
193000 284 184 5 4
194000 285 185 5 4
195000 286 186 5 4
196000 287 187 5 4
197000 288 188 5 4
198000 289 189 6 5
199000 290 190 6 5
200000 291 191 6 5
201000 292 192 6 5
202000 293 193 6 5
203000 294 194 6 5
204000 295 195 6 5
205000 296 196 6 5
206000 297 197 6 5
207000 298 198 6 5
208000 299 199 6 5
209000 300 200 6 5
210000 301 201 6 5
211000 302 202 6 5
212000 303 203 6 5
213000 304 204 6 5
214000 305 205 6 5
215000 306 206 6 5
216000 307 207 6 5
217000 308 208 7 6
218000 309 209 7 6
219000 310 210 7 6
220000 311 211 6 5
221000 312 212 6 5
222000 313 213 6 5
223000 314 214 5 4
224000 315 215 5 4
225000 316 216 6 5
226000 317 217 7 6
227000 318 218 6 5
228000 319 219 7 6
229000 320 220 7 6
230000 321 221 6 5
231000 322 222 6 5
232000 323 223 6 5
233000 324 224 6 5
234000 325 225 6 5
235000 326 226 6 5
236000 327 227 6 5
237000 328 228 6 5
238000 329 229 6 5
239000 330 230 6 5
240000 331 231 6 5
241000 332 232 6 5
242000 333 233 6 5
243000 334 234 6 5
244000 335 235 6 5
245000 336 236 6 5
246000 337 237 6 5
247000 338 238 6 5
248000 339 239 6 5
249000 340 240 6 5
250000 341 241 6 5
251000 342 242 5 4
252000 343 243 5 4
253000 344 244 5 4
254000 345 245 5 4
255000 346 246 5 4
256000 347 247 5 4
257000 348 248 5 4
258000 349 249 5 4
259000 350 250 5 4
260000 351 251 5 4
261000 352 252 5 4
262000 353 253 5 4
263000 354 254 5 4
264000 355 255 5 4
265000 356 256 5 4
266000 357 257 5 4
267000 358 258 5 4
268000 359 259 5 4
269000 360 260 5 4
270000 361 261 5 4
271000 362 262 5 4
272000 363 263 5 4
273000 364 264 5 4
274000 365 265 5 4
275000 366 266 5 4
276000 367 267 5 4
277000 368 268 6 5
278000 369 269 6 5
279000 370 270 6 5
280000 371 271 6 5
281000 372 272 6 5
282000 373 273 6 5
283000 374 274 6 5
284000 375 275 5 4
285000 376 276 5 4
286000 377 277 5 4
287000 378 278 5 4
288000 379 279 5 4
# setRoot : From 131 to 379
289000 380 280 5 4
290000 381 281 5 4
# setRoot : From 251 to 381
291000 382 282 5 4
292000 383 283 5 4
293000 384 284 5 4
294000 385 285 5 4
295000 386 286 5 4
296000 387 287 5 4
297000 388 288 5 4
298000 389 289 5 4
299000 390 290 5 4
300000 391 291 5 4
301000 392 292 5 4
302000 393 293 5 4
303000 394 294 5 4
304000 395 295 5 4
305000 396 296 5 4
306000 397 297 5 4
307000 398 298 5 4
308000 399 299 4 3
309000 400 300 4 3
310000 401 301 4 3
311000 402 302 4 3
312000 403 303 4 3
313000 404 304 4 3
314000 405 305 4 3
315000 406 306 4 3
# setRoot : From 381 to 406
316000 407 307 5 4
317000 408 308 6 4
318000 409 309 6 4
319000 410 310 6 4
320000 411 311 6 4
321000 412 312 6 4
322000 413 313 6 4
323000 414 314 6 4
324000 415 315 6 4
325000 416 316 6 4
326000 417 317 6 4
327000 418 318 6 4
328000 419 319 6 4
329000 420 320 6 4
330000 421 321 6 4
331000 422 322 6 4
332000 423 323 6 4
# setRoot : From 406 to 423
333000 424 324 6 4
334000 425 325 6 4
335000 426 326 6 4
336000 427 327 6 4
337000 428 328 6 4
338000 429 329 6 4
339000 430 330 6 4
340000 431 331 6 4
341000 432 332 6 4
342000 433 333 6 4
343000 434 334 6 4
344000 435 335 6 4
345000 436 336 6 4
346000 437 337 6 4
347000 438 338 6 4
348000 439 339 6 4
349000 440 340 6 4
350000 441 341 6 4
351000 442 342 6 4
352000 443 343 6 4
353000 444 344 6 4
354000 445 345 6 4
355000 446 346 6 4
356000 447 347 6 4
357000 448 348 6 4
358000 449 349 5 3
359000 450 350 5 3
360000 451 351 5 3
361000 452 352 6 4
362000 453 353 6 4
363000 454 354 6 4
364000 455 355 6 4
365000 456 356 6 4
366000 457 357 6 4
367000 458 358 7 5
368000 459 359 7 5
369000 460 360 7 5
370000 461 361 7 5
371000 462 362 7 5
372000 463 363 7 5
373000 464 364 6 4
374000 465 365 6 4
375000 466 366 6 4
376000 467 367 6 4
# setRoot : From 396 to 467
377000 468 368 6 4
378000 469 369 6 4
379000 470 370 6 4
380000 471 371 6 4
381000 472 372 6 4
382000 473 373 6 4
383000 474 374 6 4
384000 475 375 6 4
385000 476 376 6 4
386000 477 377 6 4
387000 478 378 6 4
388000 479 379 6 4
389000 480 380 6 4
390000 481 381 5 3
391000 482 382 5 3
392000 483 383 5 3
393000 484 384 5 3
394000 485 385 5 3
395000 486 386 5 3
396000 487 387 5 3
397000 488 388 5 3
398000 489 389 5 3
399000 490 390 5 3
400000 491 391 5 3
401000 492 392 5 3
402000 493 393 5 3
403000 494 394 5 3
404000 495 395 5 3
405000 496 396 5 3
406000 497 397 5 3
407000 498 398 5 3
408000 499 399 5 3
409000 500 400 5 3
410000 501 401 5 3
411000 502 402 5 3
412000 503 403 5 3
413000 504 404 5 3
414000 505 405 5 3
# setRoot : From 379 to 505
415000 506 406 5 3
416000 507 407 6 3
417000 508 408 6 3
418000 509 409 6 3
419000 510 410 6 3
420000 511 411 6 3
421000 512 412 6 3
422000 513 413 6 3
423000 514 414 6 3
424000 515 415 6 3
425000 516 416 6 3
426000 517 417 6 3
427000 518 418 6 3
428000 519 419 6 3
429000 520 420 7 4
430000 521 421 7 4
431000 522 422 7 4
432000 523 423 7 4
433000 524 424 7 4
434000 525 425 7 4
435000 526 426 8 5
436000 527 427 8 5
437000 528 428 8 5
438000 529 429 8 5
439000 530 430 8 5
440000 531 431 8 5
441000 532 432 8 5
442000 533 433 8 5
443000 534 434 8 5
444000 535 435 8 5
445000 536 436 8 5
446000 537 437 8 5
447000 538 438 7 4
448000 539 439 7 4
449000 540 440 7 4
450000 541 441 7 4
451000 542 442 6 3
452000 543 443 6 3
453000 544 444 6 3
454000 545 445 6 3
455000 546 446 6 3
456000 547 447 6 3
457000 548 448 6 3
458000 549 449 6 3
459000 550 450 6 3
460000 551 451 6 3
461000 552 452 6 3
462000 553 453 6 3
463000 554 454 6 3
464000 555 455 6 3
465000 556 456 6 3
466000 557 457 6 3
467000 558 458 6 3
468000 559 459 6 3
469000 560 460 6 3
470000 561 461 6 3
471000 562 462 6 3
472000 563 463 6 3
473000 564 464 6 3
474000 565 465 6 3
475000 566 466 7 4
476000 567 467 7 4
477000 568 468 7 4
478000 569 469 8 5
479000 570 470 8 5
480000 571 471 8 5
481000 572 472 8 5
482000 573 473 8 5
483000 574 474 8 5
484000 575 475 7 4
485000 576 476 7 4
486000 577 477 7 4
487000 578 478 7 4
488000 579 479 7 4
489000 580 480 7 4
490000 581 481 7 4
491000 582 482 7 4
492000 583 483 6 3
493000 584 484 6 3
494000 585 485 7 4
495000 586 486 7 4
496000 587 487 7 4
497000 588 488 7 4
498000 589 489 7 4
499000 590 490 7 4
500000 591 491 7 4
501000 592 492 7 4
502000 593 493 7 4
503000 594 494 7 4
504000 595 495 7 4
505000 596 496 7 4
506000 597 497 7 4
507000 598 498 7 4
508000 599 499 7 4
509000 600 500 7 4
510000 601 501 7 4
511000 602 502 7 4
512000 603 503 7 4
513000 604 504 7 4
514000 605 505 6 3
515000 606 506 6 3
516000 607 507 6 3
517000 608 508 7 4
518000 609 509 7 4
519000 610 510 7 4
520000 611 511 7 4
521000 612 512 7 4
522000 613 513 7 4
523000 614 514 7 4
524000 615 515 7 4
525000 616 516 7 4
526000 617 517 7 4
527000 618 518 7 4
528000 619 519 7 4
529000 620 520 7 4
530000 621 521 7 4
531000 622 522 7 4
532000 623 523 7 4
533000 624 524 7 4
534000 625 525 7 4
535000 626 526 7 4
536000 627 527 7 4
# setRoot : From 505 to 627
537000 628 528 7 4
538000 629 529 7 4
539000 630 530 7 4
540000 631 531 7 4
541000 632 532 7 4
542000 633 533 7 4
543000 634 534 7 4
544000 635 535 7 4
545000 636 536 7 4
546000 637 537 7 4
547000 638 538 7 4
548000 639 539 7 4
549000 640 540 7 4
550000 641 541 7 4
551000 642 542 6 3
552000 643 543 6 3
553000 644 544 6 3
554000 645 545 6 3
555000 646 546 6 3
556000 647 547 6 3
557000 648 548 6 3
558000 649 549 6 3
559000 650 550 6 3
560000 651 551 6 3
561000 652 552 6 3
562000 653 553 6 3
563000 654 554 6 3
564000 655 555 6 3
565000 656 556 6 3
566000 657 557 6 3
567000 658 558 6 3
568000 659 559 6 3
569000 660 560 6 3
570000 661 561 6 3
571000 662 562 6 3
572000 663 563 6 3
573000 664 564 6 3
574000 665 565 6 3
575000 666 566 6 3
576000 667 567 6 3
577000 668 568 6 3
578000 669 569 6 3
579000 670 570 6 3
580000 671 571 6 3
581000 672 572 6 3
582000 673 573 6 3
583000 674 574 6 3
584000 675 575 6 3
585000 676 576 6 3
586000 677 577 6 3
587000 678 578 6 3
588000 679 579 6 3
589000 680 580 6 3
590000 681 581 6 3
591000 682 582 6 3
592000 683 583 6 3
593000 684 584 6 3
# setRoot : From 627 to 684
594000 685 585 6 3
595000 686 586 6 3
596000 687 587 6 3
597000 688 588 6 3
598000 689 589 6 3
599000 690 590 6 3
600000 691 591 6 3
601000 692 592 6 3
602000 693 593 6 3
603000 694 594 6 3
604000 695 595 7 4
605000 696 596 7 4
606000 697 597 7 4
607000 698 598 7 4
608000 699 599 7 4
609000 700 600 7 4
610000 701 601 7 4
611000 702 602 7 4
612000 703 603 7 4
613000 704 604 7 4
614000 705 605 7 4
615000 706 606 7 4
616000 707 607 7 4
617000 708 608 7 4
618000 709 609 6 3
619000 710 610 6 3
620000 711 611 6 3
621000 712 612 6 3
622000 713 613 6 3
623000 714 614 6 3
624000 715 615 6 3
625000 716 616 6 3
626000 717 617 6 3
627000 718 618 6 3
628000 719 619 6 3
629000 720 620 6 3
630000 721 621 6 3
631000 722 622 6 3
632000 723 623 6 3
633000 724 624 6 3
634000 725 625 6 3
635000 726 626 6 3
636000 727 627 6 3
637000 728 628 6 3
638000 729 629 6 3
639000 730 630 6 3
640000 731 631 6 3
641000 732 632 6 3
642000 733 633 6 3
643000 734 634 6 3
644000 735 635 6 3
645000 736 636 7 4
646000 737 637 7 4
647000 738 638 7 4
648000 739 639 7 4
649000 740 640 7 4
650000 741 641 7 4
651000 742 642 7 4
652000 743 643 7 4
653000 744 644 7 4
654000 745 645 7 4
655000 746 646 7 4
656000 747 647 7 4
657000 748 648 7 4
658000 749 649 7 4
659000 750 650 7 4
660000 751 651 7 4
661000 752 652 7 4
662000 753 653 7 4
663000 754 654 7 4
664000 755 655 7 4
665000 756 656 7 4
666000 757 657 7 4
667000 758 658 7 4
668000 759 659 7 4
669000 760 660 7 4
670000 761 661 7 4
671000 762 662 7 4
672000 763 663 7 4
673000 764 664 7 4
674000 765 665 6 3
675000 766 666 6 3
676000 767 667 6 3
677000 768 668 6 3
678000 769 669 6 3
679000 770 670 6 3
680000 771 671 6 3
681000 772 672 6 3
682000 773 673 6 3
683000 774 674 6 3
684000 775 675 6 3
685000 776 676 6 3
686000 777 677 6 3
687000 778 678 6 3
688000 779 679 6 3
689000 780 680 6 3
690000 781 681 6 3
691000 782 682 6 3
692000 783 683 6 3
693000 784 684 7 4
694000 785 685 7 4
695000 786 686 7 4
696000 787 687 7 4
697000 788 688 6 3
698000 789 689 6 3
699000 790 690 6 3
700000 791 691 6 3
701000 792 692 6 3
702000 793 693 6 3
703000 794 694 7 4
704000 795 695 7 4
705000 796 696 8 5
706000 797 697 8 5
707000 798 698 8 5
708000 799 699 8 5
709000 800 700 8 5
710000 801 701 8 5
711000 802 702 8 5
712000 803 703 8 5
# setRoot : From 226 to 803
713000 804 704 8 5
714000 805 705 8 5
715000 806 706 8 5
716000 807 707 8 5
717000 808 708 8 5
718000 809 709 8 5
719000 810 710 8 5
720000 811 711 8 5
721000 812 712 8 5
722000 813 713 8 5
723000 814 714 8 5
724000 815 715 8 5
725000 816 716 8 5
726000 817 717 8 5
727000 818 718 8 5
728000 819 719 8 5
729000 820 720 9 6
730000 821 721 9 6
731000 822 722 9 6
732000 823 723 9 6
733000 824 724 9 6
734000 825 725 9 6
735000 826 726 9 6
736000 827 727 9 6
737000 828 728 8 5
738000 829 729 8 5
739000 830 730 8 5
740000 831 731 8 5
741000 832 732 8 5
742000 833 733 8 5
743000 834 734 8 5
744000 835 735 8 5
745000 836 736 7 4
746000 837 737 6 3
747000 838 738 6 3
748000 839 739 6 3
749000 840 740 6 3
750000 841 741 6 3
751000 842 742 6 3
752000 843 743 6 3
753000 844 744 6 3
754000 845 745 6 3
755000 846 746 6 3
756000 847 747 6 3
757000 848 748 6 3
758000 849 749 6 3
759000 850 750 6 3
760000 851 751 6 3
761000 852 752 6 3
762000 853 753 7 4
763000 854 754 7 4
764000 855 755 7 4
765000 856 756 7 4
766000 857 757 7 4
767000 858 758 7 4
768000 859 759 7 4
769000 860 760 7 4
770000 861 761 7 4
771000 862 762 7 4
772000 863 763 7 4
773000 864 764 7 4
774000 865 765 7 4
775000 866 766 7 4
776000 867 767 6 3
777000 868 768 6 3
778000 869 769 6 3
779000 870 770 6 3
780000 871 771 6 3
781000 872 772 6 3
782000 873 773 6 3
783000 874 774 6 3
784000 875 775 6 3
785000 876 776 7 4
786000 877 777 8 5
787000 878 778 8 5
788000 879 779 8 5
789000 880 780 8 5
790000 881 781 8 5
791000 882 782 8 5
792000 883 783 8 5
793000 884 784 8 5
794000 885 785 7 4
795000 886 786 7 4
796000 887 787 7 4
797000 888 788 7 4
798000 889 789 7 4
799000 890 790 7 4
800000 891 791 7 4
801000 892 792 7 4
802000 893 793 7 4
803000 894 794 7 4
804000 895 795 7 4
805000 896 796 7 4
806000 897 797 7 4
807000 898 798 7 4
808000 899 799 7 4
809000 900 800 7 4
810000 901 801 7 4
811000 902 802 7 4
812000 903 803 7 4
813000 904 804 7 4
814000 905 805 7 4
815000 906 806 6 3
816000 907 807 7 4
817000 908 808 7 4
818000 909 809 7 4
819000 910 810 7 4
820000 911 811 7 4
821000 912 812 7 4
822000 913 813 8 5
823000 914 814 9 6
824000 915 815 9 6
825000 916 816 9 6
826000 917 817 9 6
827000 918 818 9 6
828000 919 819 10 7
829000 920 820 10 7
830000 921 821 10 7
831000 922 822 9 6
832000 923 823 9 6
833000 924 824 9 6
834000 925 825 8 5
835000 926 826 8 5
836000 927 827 7 4
837000 928 828 7 4
838000 929 829 7 4
839000 930 830 7 4
840000 931 831 7 4
841000 932 832 7 4
842000 933 833 6 3
843000 934 834 6 3
844000 935 835 7 4
845000 936 836 7 4
846000 937 837 7 4
847000 938 838 7 4
848000 939 839 7 4
849000 940 840 7 4
850000 941 841 7 4
851000 942 842 7 4
852000 943 843 7 4
853000 944 844 7 4
854000 945 845 7 4
855000 946 846 7 4
856000 947 847 7 4
857000 948 848 7 4
858000 949 849 6 3
859000 950 850 6 3
860000 951 851 6 3
861000 952 852 6 3
862000 953 853 6 3
863000 954 854 6 3
864000 955 855 6 3
865000 956 856 6 3
866000 957 857 6 3
867000 958 858 6 3
868000 959 859 6 3
869000 960 860 6 3
870000 961 861 6 3
871000 962 862 6 3
872000 963 863 6 3
# setRoot : From 467 to 963
873000 964 864 6 3
874000 965 865 6 3
875000 966 866 6 3
876000 967 867 6 3
877000 968 868 6 3
878000 969 869 6 3
879000 970 870 6 3
880000 971 871 6 3
881000 972 872 6 3
882000 973 873 6 3
883000 974 874 6 3
884000 975 875 6 3
885000 976 876 6 3
886000 977 877 6 3
887000 978 878 6 3
888000 979 879 6 3
889000 980 880 6 3
890000 981 881 6 3
891000 982 882 6 3
892000 983 883 6 3
893000 984 884 6 3
894000 985 885 6 3
895000 986 886 6 3
896000 987 887 6 3
897000 988 888 6 3
898000 989 889 6 3
899000 990 890 6 3
900000 991 891 6 3
901000 992 892 6 3
902000 993 893 6 3
903000 994 894 6 3
904000 995 895 6 3
905000 996 896 6 3
906000 997 897 6 3
907000 998 898 7 4
908000 999 899 7 4
909000 1000 900 8 5
910000 1001 901 8 5
911000 1002 902 8 5
912000 1003 903 8 5
913000 1004 904 8 5
914000 1005 905 8 5
915000 1006 906 8 5
916000 1007 907 8 5
917000 1008 908 8 5
918000 1009 909 8 5
919000 1010 910 8 5
920000 1011 911 8 5
921000 1012 912 8 5
922000 1013 913 8 5
923000 1014 914 8 5
924000 1015 915 8 5
925000 1016 916 7 4
926000 1017 917 7 4
927000 1018 918 7 4
928000 1019 919 7 4
929000 1020 920 7 4
930000 1021 921 7 4
931000 1022 922 7 4
932000 1023 923 7 4
933000 1024 924 7 4
934000 1025 925 7 4
935000 1026 926 7 4
936000 1027 927 7 4
937000 1028 928 7 4
938000 1029 929 7 4
939000 1030 930 7 4
940000 1031 931 7 4
941000 1032 932 7 4
942000 1033 933 7 4
943000 1034 934 7 4
944000 1035 935 7 4
945000 1036 936 7 4
946000 1037 937 7 4
947000 1038 938 7 4
948000 1039 939 7 4
949000 1040 940 7 4
950000 1041 941 7 4
951000 1042 942 7 4
952000 1043 943 7 4
953000 1044 944 7 4
954000 1045 945 7 4
955000 1046 946 7 4
956000 1047 947 7 4
957000 1048 948 7 4
958000 1049 949 7 4
959000 1050 950 7 4
960000 1051 951 7 4
961000 1052 952 7 4
962000 1053 953 7 4
963000 1054 954 7 4
964000 1055 955 7 4
965000 1056 956 7 4
966000 1057 957 7 4
967000 1058 958 7 4
968000 1059 959 7 4
969000 1060 960 7 4
970000 1061 961 7 4
971000 1062 962 7 4
972000 1063 963 6 3
973000 1064 964 6 3
974000 1065 965 6 3
975000 1066 966 6 3
976000 1067 967 6 3
977000 1068 968 6 3
978000 1069 969 6 3
979000 1070 970 6 3
980000 1071 971 6 3
981000 1072 972 6 3
982000 1073 973 6 3
983000 1074 974 6 3
984000 1075 975 6 3
985000 1076 976 6 3
986000 1077 977 5 2
987000 1078 978 5 2
988000 1079 979 6 3
989000 1080 980 7 4
990000 1081 981 8 5
991000 1082 982 9 6
992000 1083 983 9 6
993000 1084 984 9 6
994000 1085 985 9 6
995000 1086 986 9 6
996000 1087 987 9 6
997000 1088 988 9 6
998000 1089 989 9 6
999000 1090 990 9 6
