
10000 101 1 1 0
11000 102 2 1 1
12000 103 3 1 1
13000 104 4 1 1
14000 105 5 1 1
15000 106 6 2 2
16000 107 7 2 2
17000 108 8 2 2
18000 109 9 3 3
19000 110 10 3 3
20000 111 11 3 3
21000 112 12 3 3
22000 113 13 3 3
23000 114 14 4 4
24000 115 15 5 5
25000 116 16 5 5
26000 117 17 5 5
27000 118 18 5 6
# setRoot : From 10 to 118
28000 119 19 5 6
29000 120 20 6 7
30000 121 21 7 8
31000 122 22 8 9
32000 123 23 9 10
33000 124 24 9 10
34000 125 25 9 10
35000 126 26 10 11
36000 127 27 10 11
# numRoot : From 11 to 127
37000 128 28 10 11
38000 129 29 11 12
39000 130 30 11 12
40000 131 31 11 12
41000 132 32 11 12
42000 133 33 11 12
43000 134 34 11 12
44000 135 35 11 12
45000 136 36 11 12
46000 137 37 11 12
47000 138 38 11 12
48000 139 39 11 12
49000 140 40 11 12
50000 141 41 11 12
51000 142 42 11 12
52000 143 43 11 12
53000 144 44 11 12
54000 145 45 11 12
55000 146 46 11 12
56000 147 47 11 12
57000 148 48 11 12
58000 149 49 11 12
# setRoot : From 45 to 149
59000 150 50 11 12
# setRoot : From 90 to 150
60000 151 51 11 12
61000 152 52 11 12
62000 153 53 11 12
63000 154 54 11 12
64000 155 55 11 12
65000 156 56 11 12
66000 157 57 11 12
67000 158 58 11 12
68000 159 59 11 12
69000 160 60 11 12
70000 161 61 11 12
71000 162 62 11 12
72000 163 63 11 12
73000 164 64 11 12
74000 165 65 11 12
75000 166 66 11 12
# setRoot : From 118 to 166
76000 167 67 11 12
77000 168 68 11 12
78000 169 69 11 12
79000 170 70 10 11
# setRoot : From 71 to 170
80000 171 71 10 11
81000 172 72 10 11
82000 173 73 10 11
83000 174 74 10 11
84000 175 75 10 11
85000 176 76 10 11
# setRoot : From 2 to 176
86000 177 77 10 11
87000 178 78 10 11
# setRoot : From 77 to 178
88000 179 79 10 12
89000 180 80 10 12
90000 181 81 10 12
91000 182 82 10 12
92000 183 83 10 12
93000 184 84 10 12
94000 185 85 10 12
95000 186 86 10 12
96000 187 87 10 12
97000 188 88 11 13
98000 189 89 11 13
99000 190 90 11 13
100000 191 91 11 13
101000 192 92 11 13
102000 193 93 11 13
103000 194 94 11 13
104000 195 95 12 14
105000 196 96 12 14
106000 197 97 12 14
107000 198 98 13 15
108000 199 99 13 15
109000 200 100 13 15
# setRoot : From 49 to 200
110000 201 101 13 15
# setRoot : From 178 to 201
111000 202 102 13 15
112000 203 103 14 15
# setRoot : From 64 to 203
113000 204 104 13 14
114000 205 105 13 14
115000 206 106 13 14
116000 207 107 13 14
117000 208 108 13 14
118000 209 109 13 14
119000 210 110 13 14
120000 211 111 13 14
121000 212 112 13 14
122000 213 113 13 14
123000 214 114 13 14
124000 215 115 13 14
125000 216 116 13 14
126000 217 117 13 14
127000 218 118 13 14
128000 219 119 13 14
129000 220 120 13 14
# setRoot : From 200 to 220
130000 221 121 13 14
131000 222 122 13 14
132000 223 123 13 14
133000 224 124 13 14
134000 225 125 13 14
135000 226 126 13 14
136000 227 127 13 14
137000 228 128 13 14
138000 229 129 13 14
139000 230 130 14 15
140000 231 131 14 15
141000 232 132 14 15
142000 233 133 14 15
143000 234 134 14 15
144000 235 135 13 14
# setRoot : From 184 to 235
145000 236 136 13 14
146000 237 137 14 15
# setRoot : From 59 to 237
147000 238 138 14 15
148000 239 139 14 15
149000 240 140 14 15
150000 241 141 14 15
151000 242 142 14 15
152000 243 143 14 15
153000 244 144 14 15
154000 245 145 14 15
155000 246 146 14 15
156000 247 147 14 15
157000 248 148 14 15
158000 249 149 14 15
159000 250 150 14 15
160000 251 151 14 15
161000 252 152 14 15
# setRoot : From 107 to 252
162000 253 153 15 16
163000 254 154 15 16
164000 255 155 15 16
165000 256 156 15 16
166000 257 157 15 16
167000 258 158 15 16
168000 259 159 15 16
169000 260 160 14 15
170000 261 161 15 16
171000 262 162 16 17
172000 263 163 16 17
173000 264 164 16 17
174000 265 165 16 17
175000 266 166 16 17
176000 267 167 16 17
177000 268 168 16 17
178000 269 169 16 17
179000 270 170 15 16
180000 271 171 15 16
181000 272 172 15 16
182000 273 173 15 16
183000 274 174 15 16
184000 275 175 15 16
185000 276 176 15 16
186000 277 177 16 17
# setRoot : From 203 to 277
187000 278 178 16 17
188000 279 179 17 17
189000 280 180 17 17
190000 281 181 17 17
# setRoot : From 134 to 281
191000 282 182 17 17
192000 283 183 17 17
193000 284 184 16 16
# setRoot : From 281 to 284
194000 285 185 16 16
195000 286 186 16 16
196000 287 187 15 15
# setRoot : From 80 to 287
197000 288 188 15 15
198000 289 189 15 15
199000 290 190 15 15
200000 291 191 15 15
201000 292 192 15 15
202000 293 193 15 15
203000 294 194 15 15
204000 295 195 15 15
205000 296 196 15 15
206000 297 197 15 15
207000 298 198 16 16
208000 299 199 16 16
209000 300 200 16 16
# setRoot : From 20 to 300
210000 301 201 16 16
211000 302 202 16 16
212000 303 203 16 16
213000 304 204 16 16
214000 305 205 16 16
215000 306 206 16 16
216000 307 207 17 17
217000 308 208 17 17
218000 309 209 17 17
# setRoot : From 225 to 309
219000 310 210 17 17
220000 311 211 17 17
221000 312 212 17 17
222000 313 213 17 17
223000 314 214 17 17
# setRoot : From 149 to 314
224000 315 215 16 16
225000 316 216 16 16
226000 317 217 16 16
227000 318 218 16 16
228000 319 219 16 16
229000 320 220 16 16
230000 321 221 16 16
231000 322 222 16 16
232000 323 223 16 16
233000 324 224 16 16
234000 325 225 16 16
# setRoot : From 127 to 325
# numRoot : From 127 to 325
235000 326 226 16 16
236000 327 227 16 16
237000 328 228 16 16
238000 329 229 15 15
239000 330 230 15 15
240000 331 231 15 15
241000 332 232 15 15
242000 333 233 15 15
243000 334 234 15 15
244000 335 235 14 15
245000 336 236 14 15
246000 337 237 14 15
247000 338 238 15 16
248000 339 239 15 16
249000 340 240 15 16
250000 341 241 15 16
251000 342 242 15 16
252000 343 243 15 16
253000 344 244 15 16
254000 345 245 15 16
255000 346 246 15 16
256000 347 247 14 15
257000 348 248 14 15
258000 349 249 14 15
259000 350 250 15 15
260000 351 251 15 15
261000 352 252 15 15
262000 353 252 15 14
263000 354 254 16 15
264000 355 255 16 15
265000 356 256 16 15
266000 357 257 16 15
267000 358 258 16 15
268000 359 259 16 15
269000 360 260 16 15
270000 361 261 17 16
271000 362 262 17 16
# setRoot : From 284 to 362
272000 363 263 17 16
273000 364 264 17 16
274000 365 265 17 16
# setRoot : From 127 to 365
275000 366 266 17 16
276000 367 267 17 16
277000 368 268 18 17
278000 369 269 18 17
279000 370 270 18 17
280000 371 271 18 17
281000 372 272 18 17
282000 373 273 18 17
283000 374 274 18 17
284000 375 275 18 17
285000 376 276 17 16
286000 377 277 16 15
287000 378 278 16 15
288000 379 279 16 15
289000 380 280 17 16
290000 381 281 17 16
291000 382 282 17 16
292000 383 283 17 16
293000 384 284 17 16
294000 385 285 17 16
295000 386 286 17 16
296000 387 287 17 16
297000 388 288 17 16
298000 389 289 17 16
299000 390 290 17 16
300000 391 291 17 16
301000 392 292 17 16
302000 393 293 17 16
303000 394 294 18 17
304000 395 295 19 18
305000 396 296 19 18
306000 397 297 19 18
307000 398 298 19 18
308000 399 299 19 19
309000 400 300 19 19
310000 401 301 19 19
311000 402 302 19 19
312000 403 303 19 19
313000 404 304 19 19
314000 405 305 19 19
315000 406 306 19 19
316000 407 307 19 19
317000 408 308 19 19
318000 409 309 19 19
319000 410 310 19 19
# setRoot : From 72 to 410
320000 411 311 19 19
321000 412 312 19 19
322000 413 313 19 19
323000 414 314 19 19
324000 415 315 19 19
325000 416 316 19 19
# setRoot : From 207 to 416
326000 417 317 19 19
327000 418 318 19 19
328000 419 319 19 19
329000 420 320 19 19
330000 421 321 19 19
331000 422 322 19 19
332000 423 323 18 18
333000 424 324 18 18
334000 425 325 18 18
335000 426 326 17 17
336000 427 327 17 17
337000 428 328 17 17
338000 429 329 17 17
339000 430 330 17 17
340000 431 331 17 17
341000 432 332 17 17
342000 433 333 18 18
343000 434 334 19 19
344000 435 335 19 20
345000 436 336 19 20
346000 437 337 19 20
347000 438 338 19 20
348000 439 339 19 20
349000 440 340 19 20
350000 441 341 19 20
351000 442 342 19 20
352000 443 343 19 20
353000 444 344 19 20
354000 445 345 19 20
355000 446 346 19 20
356000 447 347 19 20
357000 448 348 19 20
358000 449 348 19 19
359000 450 350 19 19
360000 451 351 19 19
361000 452 352 19 19
362000 453 353 19 19
363000 454 354 18 18
# setRoot : From 406 to 454
364000 455 355 18 18
365000 456 356 18 18
366000 457 357 18 18
367000 458 358 18 18
368000 459 359 18 18
369000 460 360 18 18
370000 461 361 18 18
371000 462 362 17 17
372000 463 363 17 17
373000 464 364 17 17
# setRoot : From 120 to 464
374000 465 365 17 17
375000 466 366 18 18
376000 467 367 18 18
377000 468 368 18 18
378000 469 369 18 18
379000 470 370 18 18
380000 471 371 19 19
381000 472 372 19 19
382000 473 373 19 19
383000 474 374 19 19
384000 475 375 19 19
385000 476 376 18 19
# setRoot : From 201 to 476
386000 477 377 18 19
387000 478 378 18 19
# setRoot : From 361 to 478
388000 479 379 18 19
389000 480 380 17 18
390000 481 381 17 18
391000 482 382 17 18
392000 483 383 17 18
393000 484 384 16 17
394000 485 385 16 17
395000 486 386 16 17
396000 487 387 16 17
397000 488 388 16 17
398000 489 389 16 17
399000 490 390 16 17
400000 491 391 16 17
401000 492 392 16 17
402000 493 393 15 16
403000 494 394 15 16
404000 495 395 15 16
405000 496 396 15 16
406000 497 397 15 16
407000 498 398 15 16
408000 499 399 15 16
409000 500 400 15 16
410000 501 401 15 16
# setRoot : From 82 to 501
411000 502 402 15 16
412000 503 403 15 16
413000 504 404 15 16
414000 505 405 15 16
415000 506 406 15 16
416000 507 407 15 16
417000 508 408 16 17
418000 509 409 17 18
419000 510 410 18 19
420000 511 411 18 19
421000 512 412 18 19
422000 513 413 18 19
423000 514 414 17 18
424000 515 415 17 18
425000 516 416 17 18
426000 517 417 17 18
427000 518 418 17 18
428000 519 419 17 18
429000 520 420 17 18
430000 521 421 17 18
431000 522 422 16 17
432000 523 423 16 17
433000 524 424 15 16
434000 525 425 15 16
435000 526 426 14 15
436000 527 427 14 15
# setRoot : From 501 to 527
437000 528 428 14 15
438000 529 429 14 15
439000 530 430 15 16
440000 531 431 15 16
441000 532 432 15 16
442000 533 433 15 16
443000 534 434 15 16
444000 535 435 15 16
445000 536 436 15 16
446000 537 437 15 16
447000 538 438 15 16
448000 539 439 15 16
449000 540 440 15 16
450000 541 441 16 17
451000 542 442 16 17
452000 543 443 17 18
453000 544 444 17 18
# setRoot : From 504 to 544
454000 545 445 17 18
455000 546 446 17 18
456000 547 447 17 18
457000 548 448 17 18
# setRoot : From 362 to 548
458000 549 449 17 18
459000 550 450 17 18
460000 551 451 17 18
461000 552 452 16 17
462000 553 453 16 17
463000 554 454 15 16
464000 555 455 15 16
465000 556 456 15 16
466000 557 457 15 16
467000 558 458 15 16
468000 559 459 15 16
469000 560 459 15 15
470000 561 460 15 15
471000 562 461 15 15
472000 563 462 15 15
473000 564 463 15 15
474000 565 464 15 15
475000 566 465 15 15
476000 567 466 15 15
477000 568 467 15 15
478000 569 468 15 15
479000 570 469 15 15
480000 571 470 15 15
481000 572 471 14 14
482000 573 472 15 15
483000 574 473 15 15
484000 575 474 15 15
485000 576 475 15 15
486000 577 476 16 16
487000 578 477 16 16
488000 579 478 16 16
489000 580 479 15 15
490000 581 480 16 16
491000 582 481 15 15
492000 583 482 15 15
493000 584 483 15 16
494000 585 484 15 16
495000 586 485 15 16
496000 587 486 15 16
497000 588 487 15 16
498000 589 488 15 16
499000 590 489 15 16
500000 591 490 15 16
501000 592 491 15 16
502000 593 492 15 16
503000 594 493 15 16
504000 595 494 15 16
505000 596 495 15 16
506000 597 496 15 16
507000 598 497 15 16
508000 599 498 15 16
509000 600 499 15 16
510000 601 500 15 16
# setRoot : From 64 to 601
511000 602 501 15 16
512000 603 502 15 16
513000 604 503 15 16
514000 605 504 15 16
515000 606 505 15 16
516000 607 506 15 16
517000 608 507 15 16
# setRoot : From 362 to 608
518000 609 508 15 16
519000 610 509 15 16
520000 611 510 15 16
521000 612 511 15 16
522000 613 512 15 16
523000 614 513 15 16
# setRoot : From 89 to 614
524000 615 514 15 16
525000 616 515 15 16
526000 617 516 15 16
527000 618 517 14 15
528000 619 518 14 15
529000 620 519 14 15
530000 621 520 14 15
531000 622 521 14 15
532000 623 522 15 16
533000 624 523 16 17
534000 625 524 16 17
535000 626 525 16 17
536000 627 526 16 17
537000 628 527 15 16
538000 629 528 15 16
539000 630 529 15 16
540000 631 530 16 17
541000 632 531 16 17
542000 633 532 16 17
543000 634 533 16 17
544000 635 534 16 17
545000 636 535 16 17
546000 637 536 16 17
547000 638 537 16 17
548000 639 538 16 17
549000 640 539 17 18
550000 641 540 18 19
551000 642 541 18 19
552000 643 542 18 20
553000 644 543 19 21
554000 645 544 19 21
555000 646 545 19 21
556000 647 546 19 21
557000 648 547 19 21
558000 649 548 19 21
559000 650 549 19 21
560000 651 550 19 21
561000 652 551 19 21
562000 653 552 19 21
563000 654 553 19 21
564000 655 554 19 21
565000 656 555 19 21
566000 657 556 19 21
# setRoot : From 464 to 657
567000 658 557 19 21
568000 659 558 19 21
569000 660 559 19 21
570000 661 560 19 21
571000 662 561 19 21
572000 663 562 19 21
573000 664 563 19 21
574000 665 564 20 22
575000 666 565 20 22
576000 667 566 20 22
577000 668 567 19 21
578000 669 568 19 21
579000 670 569 19 21
580000 671 570 19 21
581000 672 571 19 21
582000 673 572 19 21
# setRoot : From 527 to 673
583000 674 573 19 21
584000 675 574 19 21
585000 676 575 19 21
586000 677 576 19 21
587000 678 577 19 21
588000 679 578 19 21
589000 680 579 20 22
590000 681 580 20 22
591000 682 581 20 22
592000 683 582 20 22
593000 684 583 20 22
594000 685 584 20 22
595000 686 585 20 22
596000 687 586 20 22
597000 688 587 20 22
# setRoot : From 606 to 688
598000 689 588 20 22
599000 690 589 20 22
600000 691 590 20 22
601000 692 591 20 22
602000 693 592 20 22
603000 694 593 20 22
604000 695 594 20 22
605000 696 595 19 21
606000 697 596 18 20
607000 698 597 18 20
608000 699 598 18 20
609000 700 599 18 20
610000 701 600 18 20
611000 702 601 18 20
612000 703 602 18 20
613000 704 603 18 20
614000 705 604 19 21
615000 706 605 19 22
616000 707 606 19 22
617000 708 607 19 22
618000 709 608 19 22
619000 710 609 19 22
620000 711 610 20 23
621000 712 611 20 23
622000 713 612 20 23
623000 714 613 20 23
624000 715 614 20 23
625000 716 615 20 23
626000 717 616 20 23
627000 718 617 20 23
628000 719 618 20 23
629000 720 619 20 23
630000 721 620 20 23
631000 722 621 19 22
632000 723 622 20 23
633000 724 623 21 24
634000 725 624 21 24
635000 726 625 21 24
636000 727 626 21 24
637000 728 627 21 24
638000 729 628 21 24
639000 730 629 21 24
640000 731 630 20 23
641000 732 631 19 22
642000 733 632 18 21
643000 734 633 18 21
644000 735 634 18 21
# setRoot : From 187 to 735
645000 736 635 18 21
646000 737 636 18 21
647000 738 637 18 21
648000 739 638 18 21
649000 740 639 18 21
650000 741 640 18 21
651000 742 641 18 21
652000 743 642 18 21
653000 744 643 19 22
654000 745 644 19 22
655000 746 645 19 22
656000 747 646 19 22
657000 748 647 19 22
658000 749 648 19 22
659000 750 649 19 22
660000 751 649 19 21
661000 752 650 19 21
662000 753 651 18 20
663000 754 652 18 20
664000 755 653 18 20
665000 756 654 18 20
666000 757 655 18 20
667000 758 656 19 21
668000 759 657 19 21
669000 760 658 19 21
670000 761 659 19 21
671000 762 660 19 21
672000 763 661 19 21
673000 764 662 19 21
674000 765 663 19 21
675000 766 664 19 21
676000 767 665 19 21
677000 768 666 18 20
678000 769 667 18 20
679000 770 668 17 19
680000 771 669 17 19
681000 772 670 17 19
682000 773 671 17 19
683000 774 672 18 20
684000 775 673 19 21
685000 776 674 19 21
686000 777 675 19 21
687000 778 676 19 21
688000 779 677 20 22
689000 780 678 20 22
690000 781 679 20 22
# setRoot : From 735 to 781
691000 782 680 20 22
692000 783 681 20 22
693000 784 682 20 22
694000 785 683 20 22
695000 786 684 20 22
696000 787 685 20 22
697000 788 686 20 22
698000 789 687 20 22
699000 790 688 20 22
700000 791 689 20 22
701000 792 690 20 22
702000 793 691 20 22
703000 794 692 20 22
704000 795 693 20 22
705000 796 694 20 22
706000 797 695 20 22
707000 798 696 20 22
708000 799 697 20 22
709000 800 697 20 21
710000 801 698 20 21
711000 802 699 20 21
# setRoot : From 781 to 802
712000 803 700 20 21
713000 804 701 20 21
714000 805 702 21 21
715000 806 703 21 21
716000 807 704 20 20
717000 808 705 20 20
718000 809 706 20 20
719000 810 707 20 20
720000 811 707 20 19
721000 812 708 20 19
722000 813 709 20 19
723000 814 710 20 19
724000 815 711 19 18
725000 816 711 19 17
726000 817 712 20 18
727000 818 713 20 18
728000 819 714 20 18
729000 820 715 20 18
730000 821 716 20 18
731000 822 717 20 18
732000 823 718 20 18
733000 824 719 20 18
734000 825 721 21 19
735000 826 722 21 19
736000 827 724 21 19
737000 828 725 21 19
738000 829 726 22 20
739000 830 727 22 20
740000 831 728 22 20
741000 832 729 22 20
# setRoot : From 802 to 832
742000 833 730 22 20
743000 834 731 21 19
744000 835 732 20 18
745000 836 733 20 18
746000 837 734 20 18
747000 838 735 20 18
748000 839 735 20 17
749000 840 736 20 17
750000 841 737 20 17
751000 842 738 20 17
752000 843 739 20 17
753000 844 740 20 17
754000 845 741 20 17
755000 846 742 20 17
756000 847 743 20 17
757000 848 744 20 17
758000 849 745 19 16
759000 850 746 19 16
760000 851 747 19 16
761000 852 748 19 16
762000 853 749 19 16
# setRoot : From 775 to 853
763000 854 750 19 16
764000 855 751 19 16
765000 856 752 19 16
766000 857 753 19 16
767000 858 754 19 16
768000 859 755 19 16
769000 860 756 19 16
770000 861 757 18 15
771000 862 758 19 16
772000 863 759 19 16
773000 864 760 19 16
774000 865 761 19 16
775000 866 762 19 16
776000 867 763 19 16
777000 868 764 19 16
778000 869 765 19 16
779000 870 766 19 16
780000 871 767 19 16
781000 872 768 19 16
782000 873 769 19 16
783000 874 770 19 16
784000 875 771 19 16
785000 876 772 19 16
786000 877 773 19 16
787000 878 774 18 15
788000 879 775 18 15
789000 880 776 18 15
790000 881 777 18 15
791000 882 778 19 16
792000 883 779 19 16
793000 884 780 19 16
794000 885 781 20 17
795000 886 782 20 17
796000 887 783 20 17
797000 888 784 20 17
798000 889 785 20 17
799000 890 786 20 17
800000 891 787 19 16
801000 892 788 19 16
802000 893 789 19 16
803000 894 790 19 16
804000 895 791 19 16
# setRoot : From 356 to 895
805000 896 792 18 15
806000 897 793 18 15
807000 898 794 19 16
808000 899 795 19 16
809000 900 796 19 16
810000 901 797 19 16
811000 902 798 19 16
812000 903 799 19 16
813000 904 800 18 15
814000 905 801 18 15
815000 906 802 18 15
816000 907 803 18 15
817000 908 804 18 15
818000 909 805 18 15
819000 910 806 18 15
820000 911 807 18 15
821000 912 808 18 15
822000 913 809 18 15
823000 914 810 18 15
824000 915 811 18 15
825000 916 812 18 15
826000 917 813 18 15
827000 918 814 18 15
828000 919 815 18 15
829000 920 816 18 15
830000 921 817 18 15
831000 922 818 17 14
832000 923 819 17 14
833000 924 820 18 15
834000 925 821 18 15
835000 926 822 18 15
836000 927 823 17 14
837000 928 824 17 14
838000 929 825 17 14
839000 930 826 17 14
840000 931 827 17 14
841000 932 828 17 14
842000 933 829 18 15
843000 934 830 18 15
844000 935 831 17 14
845000 936 832 18 15
846000 937 833 18 15
847000 938 834 18 15
848000 939 835 18 15
849000 940 836 18 15
# setRoot : From 787 to 940
850000 941 837 18 15
851000 942 838 18 15
