java -cp `find -L lib/ -name "*.jar" | tr [:space:] :`:"":classes peersim.Simulator test.cfg




10000 101 1 0 0 0
11000 102 2 1 1 1
12000 103 3 1 1 1
13000 104 4 1 1 1
14000 105 5 1 1 1
15000 106 6 2 2 1
16000 107 7 2 2 1
17000 108 8 2 2 1
18000 109 9 3 3 1
# setRoot : From 45 to 109
19000 110 10 3 3 1
20000 111 11 4 3 1
21000 112 12 4 3 1
22000 113 13 4 3 1
23000 114 14 5 4 1
24000 115 15 6 5 1
25000 116 16 6 5 1
26000 117 17 6 5 1
27000 118 18 6 6 1
# setRoot : From 10 to 118
28000 119 19 6 6 1
29000 120 20 7 7 1
30000 121 21 8 8 1
31000 122 22 9 9 1
32000 123 23 10 10 1
33000 124 24 10 10 1
34000 125 25 10 10 1
35000 126 25 10 10 1
36000 127 26 10 10 1
37000 128 27 11 11 1
38000 129 28 11 11 1
39000 130 29 11 11 1
40000 131 30 11 11 1
41000 132 31 11 11 1
42000 133 32 11 11 1
43000 134 33 11 11 1
44000 135 34 11 11 1
45000 136 35 11 11 1
46000 137 35 11 11 1
47000 138 36 11 11 1
48000 139 37 11 11 1
49000 140 38 11 11 1
50000 141 39 11 11 1
51000 142 40 11 11 1
52000 143 41 11 11 1
53000 144 42 11 11 1
54000 145 43 11 11 1
# setRoot : From 77 to 145
55000 146 44 11 11 1
56000 147 45 11 11 1
57000 148 46 11 11 1
58000 149 47 11 11 1
59000 150 48 11 11 1
60000 151 49 11 11 1
61000 152 50 11 11 1
62000 153 51 11 11 1
63000 154 52 11 11 1
64000 155 53 11 11 1
65000 156 54 11 11 1
66000 157 55 11 11 1
67000 158 56 11 11 1
68000 159 57 11 11 1
69000 160 58 11 11 1
# setRoot : From 145 to 160
70000 161 59 11 11 1
71000 162 60 11 11 1
72000 163 61 11 11 1
73000 164 62 11 11 1
74000 165 63 11 11 1
75000 166 64 11 11 1
76000 167 65 11 11 1
77000 168 66 11 11 1
78000 169 67 11 10 1
79000 170 68 11 10 1
80000 171 69 11 10 1
81000 172 70 11 10 1
# setRoot : From 45 to 172
82000 173 71 11 10 1
# numRoot : From 11 to 173
83000 174 72 11 10 1
# setRoot : From 2 to 174
84000 175 73 11 10 1
85000 176 74 11 10 1
86000 177 75 11 10 1
87000 178 76 11 10 1
88000 179 77 11 10 1
89000 180 78 11 10 1
90000 181 79 11 10 1
91000 182 80 11 10 1
92000 183 81 11 10 1
93000 184 82 11 10 1
94000 185 83 11 10 1
95000 186 84 11 10 1
96000 187 85 11 10 1
97000 188 86 11 10 1
98000 189 87 11 10 1
# setRoot : From 57 to 189
99000 190 88 11 10 1
100000 191 89 11 10 1
101000 192 90 11 10 1
102000 193 91 11 10 1
103000 194 92 11 10 1
104000 195 93 11 10 1
# setRoot : From 59 to 195
105000 196 94 11 10 1
106000 197 95 11 10 1
107000 198 96 11 10 1
108000 199 97 11 10 1
109000 200 98 11 10 1
110000 201 99 11 10 1
111000 202 100 11 10 1
112000 203 101 11 10 1
113000 204 102 11 10 1
114000 205 103 11 10 1
115000 206 104 11 10 1
116000 207 105 11 10 1
117000 208 106 11 10 1
118000 209 107 11 10 1
119000 210 108 11 10 1
120000 211 109 11 10 1
121000 212 110 11 10 1
122000 213 111 11 10 1
123000 214 112 11 10 1
124000 215 113 11 10 1
125000 216 114 11 10 1
126000 217 114 11 10 1
127000 218 115 10 9 1
128000 219 116 10 9 1
129000 220 117 10 9 1
130000 221 118 10 9 1
131000 222 119 10 9 1
132000 223 120 10 9 1
133000 224 121 10 9 1
134000 225 122 10 9 1
135000 226 123 10 9 1
136000 227 124 10 9 1
137000 228 125 10 9 1
138000 229 126 10 9 1
139000 230 127 10 9 1
140000 231 128 10 9 1
141000 232 129 10 9 1
142000 233 130 10 9 1
143000 234 131 10 9 1
# numRoot : From 173 to 234
144000 235 132 11 10 1
145000 236 133 11 10 1
146000 237 134 11 10 1
147000 238 135 11 10 1
148000 239 136 11 10 1
149000 240 137 11 10 1
150000 241 138 11 10 1
151000 242 139 11 10 1
152000 243 140 11 10 1
153000 244 141 11 10 1
154000 245 142 11 10 1
155000 246 143 11 10 1
156000 247 144 11 10 1
157000 248 145 11 10 1
158000 249 146 11 10 1
159000 250 147 11 10 1
# setRoot : From 172 to 250
160000 251 148 10 9 1

#160.091: (189)  [189] Wait for time out at req
161000 252 148 10 8 1
162000 253 149 10 8 1
163000 254 150 10 8 1
164000 255 151 10 8 1
165000 256 152 10 8 1
166000 257 153 10 8 1
167000 258 154 9 7 1

#167.071: (113)  [113] Wait for time out at req
168000 259 154 9 6 1
169000 260 156 10 6 1
170000 261 157 10 6 1
# setRoot : From 64 to 261
171000 262 158 9 5 1
172000 263 159 10 5 1
173000 264 159 10 5 1
174000 265 160 10 5 1
175000 266 161 10 5 1
176000 267 162 10 5 1
177000 268 162 10 5 1
178000 269 163 10 5 1
179000 270 164 10 5 1
180000 271 165 10 5 1
181000 272 166 10 5 1
182000 273 167 10 5 1
183000 274 169 10 5 1
184000 275 170 10 5 1
185000 276 171 10 5 1

#185.071: (174)  [174] Wait for time out at req
186000 277 171 10 4 1
187000 278 173 10 4 1
188000 279 174 10 4 1
# setRoot : From 129 to 279
189000 280 175 10 4 1
190000 281 176 10 4 1
191000 282 177 10 4 1
192000 283 178 10 4 1
# setRoot : From 118 to 283
193000 284 179 10 4 1
194000 285 180 10 4 1
195000 286 181 10 4 1
196000 287 183 10 4 1
197000 288 184 10 4 1
198000 289 185 10 4 1
199000 290 186 10 4 1
200000 291 187 10 4 1
201000 292 188 10 4 1
202000 293 189 10 4 1
203000 294 190 10 4 1
204000 295 191 10 4 1
205000 296 192 10 4 1
206000 297 193 10 4 1
207000 298 194 10 4 1
208000 299 194 10 4 1
209000 300 194 10 4 1
# setRoot : From 64 to 300
210000 301 195 10 4 1
211000 302 196 10 4 1
# setRoot : From 172 to 302
212000 303 197 12 6 1
213000 304 198 13 7 1
214000 305 199 15 9 1
215000 306 200 17 12 1
# setRoot : From 71 to 306
216000 307 201 21 16 1
217000 308 202 26 20 1
# setRoot : From 261 to 308
218000 309 203 28 22 1
219000 310 204 29 24 1
220000 311 205 32 27 1
221000 312 206 32 27 1
222000 313 207 32 27 1
223000 314 208 33 28 1
224000 315 209 33 28 1
225000 316 210 33 28 1
# setRoot : From 187 to 316
226000 317 211 33 28 1
227000 318 212 33 28 1
228000 319 213 33 28 1
229000 320 214 34 28 1
230000 321 215 34 28 1
231000 322 216 34 28 1
232000 323 217 34 28 1
233000 324 218 34 28 1
234000 325 219 34 28 1
235000 326 220 34 28 1
236000 327 221 34 28 1
# setRoot : From 150 to 327
237000 328 222 34 28 1
238000 329 223 34 28 1
239000 330 224 34 28 1
# setRoot : From 187 to 330
240000 331 225 34 28 1
241000 332 226 34 28 1
# setRoot : From 172 to 332
242000 333 227 34 28 1
243000 334 228 34 28 1
244000 335 229 34 28 1
# setRoot : From 330 to 335
245000 336 230 34 28 1
246000 337 231 34 28 1
247000 338 232 34 28 1
248000 339 232 32 27 1
249000 340 233 32 27 1
250000 341 234 32 27 1
251000 342 234 31 26 1
252000 343 235 31 26 1
253000 344 236 32 26 1
254000 345 237 32 26 1
255000 346 238 32 26 1
256000 347 239 32 26 1
257000 348 240 33 26 1
# setRoot : From 246 to 348
258000 349 241 33 26 1
259000 350 241 32 25 1
260000 351 242 32 25 1
261000 352 243 32 25 1
262000 353 244 32 25 1
# numRoot : From 234 to 353
263000 354 245 32 25 1
264000 355 245 31 24 1
265000 356 246 31 24 1
266000 357 247 31 24 1
267000 358 248 31 24 1
268000 359 249 31 24 1
269000 360 250 31 24 1
270000 361 251 31 24 1
271000 362 252 31 24 1
272000 363 252 30 23 1
273000 364 254 30 23 1
274000 365 255 30 23 1
275000 366 255 29 22 1
276000 367 256 29 22 1
277000 368 257 29 22 1
278000 369 257 28 21 1
279000 370 258 28 21 1
280000 371 259 28 21 1
281000 372 259 27 20 1
282000 373 260 27 20 1
283000 374 261 27 20 1
284000 375 261 26 19 1
285000 376 262 26 19 1
286000 377 263 26 19 1

#286.091: (301)  [301] Wait for time out at req
287000 378 263 26 18 1
288000 379 264 26 18 1
289000 380 265 26 18 1

#289.071: (286)  [286] Wait for time out at req
290000 381 265 26 17 1

#290.091: (254)  [254] Wait for time out at req
291000 382 265 26 16 1
292000 383 266 26 16 1
293000 384 267 26 16 1
# setRoot : From 286 to 384
294000 385 268 26 16 1
295000 386 269 26 16 1
296000 387 275 28 17 1
# setRoot : From 203 to 387
297000 388 277 29 18 1
298000 389 278 29 18 1
299000 390 279 29 18 1
300000 391 281 30 19 1
301000 392 282 30 19 1
302000 393 283 30 19 1
303000 394 284 31 20 1
304000 395 285 30 20 1
305000 396 286 30 20 1
306000 397 287 30 20 1
307000 398 288 30 20 1
308000 399 289 30 20 1
309000 400 290 31 20 1
310000 401 291 31 20 1
# setRoot : From 160 to 401
311000 402 292 31 20 1
312000 403 293 31 20 1
# setRoot : From 248 to 403
313000 404 294 31 20 1
314000 405 295 31 20 1
315000 406 296 31 20 1
316000 407 297 31 20 1
317000 408 298 31 20 1
318000 409 299 31 20 1
319000 410 300 31 20 1
320000 411 301 31 20 1
321000 412 302 31 20 1

#321.121: (362)  [362] Wait for time out at req
322000 413 302 31 19 1
323000 414 303 31 19 1
# setRoot : From 387 to 414
324000 415 303 31 19 1
325000 416 304 31 19 1
# setRoot : From 239 to 416
326000 417 305 31 19 1
327000 418 306 31 19 1
328000 419 306 29 18 1

#328.091: (39)  [95] Wait for time out at req
329000 420 306 29 17 1
330000 421 307 29 17 1
# setRoot : From 82 to 421
331000 422 308 29 17 1
332000 423 309 29 17 1
333000 424 310 29 17 1
334000 425 310 29 17 1
335000 426 310 28 16 1
336000 427 311 28 16 1
337000 428 312 28 16 1
338000 429 312 27 15 1
339000 430 313 27 15 1
# setRoot : From 266 to 430
340000 431 313 26 14 1
341000 432 314 27 14 1

#341.111: (253)  [253] Wait for time out at req
342000 433 314 27 13 1
343000 434 316 28 13 1

#343.091: (283)  [283] Wait for time out at req
344000 435 316 28 12 1
345000 436 316 28 12 1
346000 437 317 28 12 1
347000 438 317 28 12 1
348000 439 318 29 12 1
349000 440 318 28 10 1
350000 441 318 28 10 1
351000 442 319 28 10 1
352000 443 320 28 10 1
353000 444 320 28 10 1
# setRoot : From 335 to 444
354000 445 320 28 10 1

#354.091: (403)  [403] Wait for time out at req
355000 446 320 28 9 1

#355.091: (246)  [246] Wait for time out at req
356000 447 320 28 8 1
357000 448 320 28 8 1
358000 449 320 28 8 1
359000 450 321 28 8 1
360000 451 321 28 8 1
361000 452 322 28 8 1
362000 453 322 28 8 1
363000 454 322 28 8 1
364000 455 323 28 8 1
365000 456 324 28 8 1
366000 457 332 32 10 1
# setRoot : From 327 to 457
367000 458 334 33 12 1
368000 459 336 34 13 1
369000 460 337 34 13 1
# setRoot : From 172 to 460
370000 461 339 35 14 1
371000 462 340 36 15 1
372000 463 342 37 16 1
373000 464 343 38 17 1
374000 465 344 38 17 1
375000 466 345 38 17 1
376000 467 346 38 18 1
377000 468 346 38 18 1
# setRoot : From 300 to 468
378000 469 347 38 18 1
379000 470 347 36 17 1
380000 471 348 36 17 1
381000 472 348 35 16 1
382000 473 349 35 16 1
383000 474 351 35 16 1
384000 475 352 35 16 1
385000 476 353 35 16 1
386000 477 354 35 16 1
387000 478 355 35 16 1
388000 479 356 35 16 1
389000 480 357 35 16 1
390000 481 358 35 16 1
391000 482 359 35 16 1
392000 483 360 35 16 1
393000 484 361 35 16 1
394000 485 362 35 16 1
395000 486 363 35 16 1
396000 487 364 35 16 1
397000 488 365 35 16 1
398000 489 366 35 16 1
399000 490 367 35 16 1

