java -cp `find -L lib/ -name "*.jar" | tr [:space:] :`:"":classes peersim.Simulator PCX.cfg



0.0 100 0 0 0 NaN 0
#0 PCXInitMessage Sent .. 
1.0 100 1 0 0 NaN 0
2.0 100 1 0 0 NaN 0
3.0 100 1 0 0 NaN 0
4.0 100 1 0 0 NaN 0
5.0 100 1 0 0 NaN 0
6.0 100 1 0 0 NaN 0
7.0 100 1 0 0 NaN 0
8.0 100 1 0 0 NaN 0
9.0 100 1 0 0 NaN 0
10.0 101 1 0 0 NaN 0
11.0 102 6 10 1 10.0 0
12.0 103 7 2 1 2.0 0
13.0 104 8 2 1 2.0 0
14.0 105 11 6 1 6.0 0
15.0 106 14 6 1 6.0 0
16.0 107 15 2 1 2.0 0
17.0 108 16 2 1 2.0 0
18.0 109 20 8 1 8.0 0
19.0 110 22 4 1 4.0 0
20.0 111 23 2 1 2.0 0
21.0 112 24 2 1 2.0 0
22.0 113 26 4 1 4.0 0
23.0 114 27 2 1 2.0 0
24.0 115 28 2 1 2.0 0
25.0 116 29 2 1 2.0 0
26.0 117 30 2 1 2.0 0
27.0 118 31 2 1 2.0 0
28.0 119 32 2 1 2.0 0
29.0 120 34 4 1 4.0 0
30.0 121 36 4 1 4.0 0
31.0 122 37 2 1 2.0 0
32.0 123 38 2 1 2.0 0
33.0 124 39 2 1 2.0 0
34.0 125 41 4 1 4.0 0
35.0 126 42 2 1 2.0 0
36.0 127 44 4 1 4.0 0
37.0 128 45 2 1 2.0 0
38.0 129 46 2 1 2.0 0
39.0 130 48 4 1 4.0 0
40.0 131 50 4 1 4.0 0
41.0 132 52 4 1 4.0 0
42.0 133 54 4 1 4.0 0
43.0 134 56 4 1 4.0 0
44.0 135 58 4 1 4.0 0
45.0 136 59 2 1 2.0 0
46.0 137 60 2 1 2.0 0
47.0 138 61 2 1 2.0 0
48.0 139 62 2 1 2.0 0
49.0 140 64 4 1 4.0 0
50.0 141 65 2 1 2.0 0
51.0 142 66 2 1 2.0 0
52.0 143 68 4 1 4.0 0
53.0 144 69 2 1 2.0 0
54.0 145 70 2 1 2.0 0
55.0 146 73 6 1 6.0 0
56.0 147 74 2 1 2.0 0
57.0 148 75 2 1 2.0 0
58.0 149 76 2 1 2.0 0
59.0 150 78 4 1 4.0 0
60.0 151 79 2 1 2.0 0
60000 CUPupdateMessage Sent 
61.0 152 80 2 1 2.0 79
62.0 153 81 2 1 2.0 0
63.0 154 82 2 1 2.0 0
64.0 155 83 2 1 2.0 0
65.0 156 84 2 1 2.0 0
66.0 157 85 2 1 2.0 0
67.0 158 86 2 1 2.0 0
68.0 159 87 2 1 2.0 0
69.0 160 90 6 1 6.0 0
70.0 161 91 2 1 2.0 0
71.0 162 92 2 1 2.0 0
72.0 163 93 2 1 2.0 0
73.0 164 94 2 1 2.0 0
74.0 165 95 2 1 2.0 0
75.0 166 96 2 1 2.0 0
76.0 167 97 2 1 2.0 0
77.0 168 98 2 1 2.0 0
78.0 169 99 2 1 2.0 0
79.0 170 100 2 1 2.0 0
80.0 171 102 4 1 4.0 0
81.0 172 103 2 1 2.0 0
82.0 173 104 2 1 2.0 0
83.0 174 105 2 1 2.0 0
84.0 175 106 2 1 2.0 0
85.0 176 107 2 1 2.0 0
86.0 177 108 2 1 2.0 0
87.0 178 109 2 1 2.0 0
88.0 179 110 2 1 2.0 0
89.0 180 112 4 1 4.0 0
90.0 181 113 2 1 2.0 0
91.0 182 115 4 1 4.0 0
92.0 183 116 2 1 2.0 0
93.0 184 117 2 1 2.0 0
94.0 185 118 2 1 2.0 0
95.0 186 119 2 1 2.0 0
96.0 187 120 2 1 2.0 0
97.0 188 121 2 1 2.0 0
98.0 189 123 4 1 4.0 0
99.0 190 124 2 1 2.0 0
100.0 191 126 4 1 4.0 0
101.0 192 127 2 1 2.0 0
102.0 193 128 2 1 2.0 0
103.0 194 129 2 1 2.0 0
104.0 195 130 2 1 2.0 0
105.0 196 131 2 1 2.0 0
106.0 197 132 2 1 2.0 0
107.0 198 133 2 1 2.0 0
108.0 199 134 2 1 2.0 0
109.0 200 135 2 1 2.0 0
110.0 201 136 2 1 2.0 0
111.0 202 137 2 1 2.0 0
112.0 203 139 4 1 4.0 0
113.0 204 141 4 1 4.0 0
114.0 205 142 2 1 2.0 0
115.0 206 143 2 1 2.0 0
116.0 207 144 2 1 2.0 0
117.0 208 145 2 1 2.0 0
118.0 209 146 2 1 2.0 0
119.0 210 147 2 1 2.0 0
120.0 211 0 2 1 2.0 0
120000 CUPupdateMessage Sent 
121.0 212 149 6 1 6.0 148
122.0 213 150 2 1 2.0 0
123.0 214 151 2 1 2.0 0
124.0 215 152 2 1 2.0 0
125.0 216 153 2 1 2.0 0
126.0 217 155 2 1 2.0 0
127.0 218 155 0 0 NaN 0
128.0 219 157 4 1 4.0 0
129.0 220 158 2 1 2.0 0
130.0 221 159 2 1 2.0 0
131.0 222 160 2 1 2.0 0
132.0 223 162 4 1 4.0 0
133.0 224 163 2 1 2.0 0
134.0 225 164 2 1 2.0 0
135.0 226 165 2 1 2.0 0
136.0 227 166 2 1 2.0 0
137.0 228 167 2 1 2.0 0
138.0 229 168 2 1 2.0 0
139.0 230 169 2 1 2.0 0
140.0 231 170 2 1 2.0 0
141.0 232 171 2 1 2.0 0
142.0 233 172 2 1 2.0 0
143.0 234 173 2 1 2.0 0
144.0 235 174 2 1 2.0 0
145.0 236 175 2 1 2.0 0
146.0 237 176 2 1 2.0 0
147.0 238 177 2 1 2.0 0
148.0 239 178 2 1 2.0 0
149.0 240 179 2 1 2.0 0
150.0 241 180 2 1 2.0 0
151.0 242 181 2 1 2.0 0
152.0 243 182 2 1 2.0 0
153.0 244 183 2 1 2.0 0
154.0 245 184 2 1 2.0 0
155.0 246 185 2 1 2.0 0
156.0 247 186 2 1 2.0 0
157.0 248 187 2 1 2.0 0
158.0 249 188 2 1 2.0 0
159.0 250 189 2 1 2.0 0
160.0 251 190 2 1 2.0 0
161.0 252 191 2 1 2.0 0
162.0 253 192 2 1 2.0 0
163.0 254 193 2 1 2.0 0
164.0 255 194 2 1 2.0 0
165.0 256 195 2 1 2.0 0
166.0 257 197 4 1 4.0 0
167.0 258 198 2 1 2.0 0
168.0 259 199 2 1 2.0 0
169.0 260 200 2 1 2.0 0
170.0 261 201 2 1 2.0 0
171.0 262 202 2 1 2.0 0
172.0 263 203 2 1 2.0 0
173.0 264 204 2 1 2.0 0
174.0 265 205 2 1 2.0 0
175.0 266 206 2 1 2.0 0
176.0 267 207 2 1 2.0 0
177.0 268 208 2 1 2.0 0
178.0 269 209 2 1 2.0 0
179.0 270 210 2 1 2.0 0
180.0 271 0 2 1 2.0 0
180000 CUPupdateMessage Sent 
181.0 272 5 8 1 8.0 0
182.0 273 9 8 1 8.0 0
183.0 274 12 6 1 6.0 0
184.0 275 13 2 1 2.0 0
185.0 276 17 8 1 8.0 0
186.0 277 20 6 1 6.0 0
187.0 278 22 4 1 4.0 0
188.0 279 24 4 1 4.0 0
189.0 280 27 6 1 6.0 0
190.0 281 29 4 1 4.0 0
191.0 282 30 2 1 2.0 0
192.0 283 32 4 1 4.0 0
193.0 284 34 4 1 4.0 0
194.0 285 35 2 1 2.0 0
195.0 286 38 6 1 6.0 0
196.0 287 41 6 1 6.0 0
197.0 288 42 2 1 2.0 0
198.0 289 43 2 1 2.0 0
199.0 290 44 2 1 2.0 0
200.0 291 45 2 1 2.0 0
201.0 292 47 4 1 4.0 0
202.0 293 48 2 1 2.0 0
203.0 294 50 4 1 4.0 0
204.0 295 51 2 1 2.0 0
205.0 296 54 6 1 6.0 0
206.0 297 57 6 1 6.0 0
207.0 298 58 2 1 2.0 0
208.0 299 59 2 1 2.0 0
209.0 300 62 6 1 6.0 0
210.0 301 63 2 1 2.0 0
211.0 302 65 4 1 4.0 0
212.0 303 67 4 1 4.0 0
213.0 304 70 6 1 6.0 0
214.0 305 71 2 1 2.0 0
215.0 306 72 2 1 2.0 0
216.0 307 73 2 1 2.0 0
217.0 308 74 2 1 2.0 0
218.0 309 76 4 1 4.0 0
219.0 310 78 4 1 4.0 0
220.0 311 79 2 1 2.0 0
221.0 312 81 2 1 2.0 0
222.0 313 81 0 0 NaN 0
223.0 314 82 2 1 2.0 0
224.0 315 83 2 1 2.0 0
225.0 316 86 6 1 6.0 0
226.0 317 87 2 1 2.0 0
227.0 318 88 2 1 2.0 0
228.0 319 89 2 1 2.0 0
229.0 320 90 2 1 2.0 0
230.0 321 92 4 1 4.0 0
231.0 322 93 2 1 2.0 0
232.0 323 94 2 1 2.0 0
233.0 324 95 2 1 2.0 0
234.0 325 96 2 1 2.0 0
235.0 326 97 2 1 2.0 0
236.0 327 99 4 1 4.0 0
237.0 328 100 2 1 2.0 0
238.0 329 102 4 1 4.0 0
239.0 330 103 2 1 2.0 0
240.0 331 0 2 1 2.0 0
240000 CUPupdateMessage Sent 
241.0 332 205 10 1 10.0 213
242.0 333 209 8 1 8.0 0
243.0 334 210 2 1 2.0 0
244.0 335 211 2 1 2.0 0
245.0 336 212 2 1 2.0 0
246.0 337 213 2 1 2.0 0
247.0 338 216 6 1 6.0 0
248.0 339 217 2 1 2.0 0
249.0 340 218 2 1 2.0 0
250.0 341 221 6 1 6.0 0
251.0 342 222 2 1 2.0 0
252.0 343 223 2 1 2.0 0
253.0 344 224 2 1 2.0 0
254.0 345 226 4 1 4.0 0
255.0 346 227 2 1 2.0 0
256.0 347 228 2 1 2.0 0
257.0 348 229 2 1 2.0 0
258.0 349 230 2 1 2.0 0
259.0 350 231 2 1 2.0 0
260.0 351 232 2 1 2.0 0
261.0 352 233 2 1 2.0 0
262.0 353 234 2 1 2.0 0
263.0 354 235 2 1 2.0 0
264.0 355 236 2 1 2.0 0
265.0 356 237 2 1 2.0 0
266.0 357 238 2 1 2.0 0
267.0 358 239 2 1 2.0 0
268.0 359 240 2 1 2.0 0
269.0 360 243 6 1 6.0 0
270.0 361 244 2 1 2.0 0
271.0 362 245 2 1 2.0 0
272.0 363 246 2 1 2.0 0
273.0 364 247 2 1 2.0 0
274.0 365 248 2 1 2.0 0
275.0 366 250 4 1 4.0 0
276.0 367 251 2 1 2.0 0
277.0 368 252 2 1 2.0 0
278.0 369 253 2 1 2.0 0
279.0 370 254 2 1 2.0 0
280.0 371 255 2 1 2.0 0
281.0 372 257 4 1 4.0 0
282.0 373 258 2 1 2.0 0
283.0 374 259 2 1 2.0 0
284.0 375 260 2 1 2.0 0
285.0 376 262 4 1 4.0 0
286.0 377 264 4 1 4.0 0
287.0 378 265 2 1 2.0 0
288.0 379 266 2 1 2.0 0
289.0 380 267 2 1 2.0 0
290.0 381 268 2 1 2.0 0
291.0 382 269 2 1 2.0 0
292.0 383 270 2 1 2.0 0
293.0 384 271 2 1 2.0 0
294.0 385 272 2 1 2.0 0
295.0 386 274 4 1 4.0 0
296.0 387 275 2 1 2.0 0
297.0 388 276 2 1 2.0 0
298.0 389 277 2 1 2.0 0
299.0 390 278 2 1 2.0 0
300.0 391 0 2 1 2.0 0
300000 CUPupdateMessage Sent 
301.0 392 318 8 1 8.0 705
302.0 393 319 2 1 2.0 0
303.0 394 320 2 1 2.0 0
304.0 395 321 2 1 2.0 0
305.0 396 322 2 1 2.0 0
306.0 397 323 2 1 2.0 0
307.0 398 324 2 1 2.0 0
308.0 399 325 2 1 2.0 0
309.0 400 326 2 1 2.0 0
310.0 401 327 2 1 2.0 0
311.0 402 328 2 1 2.0 0
312.0 403 329 2 1 2.0 0
313.0 404 330 2 1 2.0 0
314.0 405 331 2 1 2.0 0
315.0 406 332 2 1 2.0 0
316.0 407 333 2 1 2.0 0
317.0 408 334 2 1 2.0 0
318.0 409 336 4 1 4.0 0
319.0 410 337 2 1 2.0 0
320.0 411 338 2 1 2.0 0
321.0 412 339 2 1 2.0 0
322.0 413 340 2 1 2.0 0
323.0 414 341 2 1 2.0 0
324.0 415 342 2 1 2.0 0
325.0 416 343 2 1 2.0 0
326.0 417 344 2 1 2.0 0
327.0 418 345 2 1 2.0 0
328.0 419 346 2 1 2.0 0
329.0 420 347 2 1 2.0 0
330.0 421 348 2 1 2.0 0
331.0 422 349 2 1 2.0 0
332.0 423 350 2 1 2.0 0
333.0 424 352 4 1 4.0 0
334.0 425 353 2 1 2.0 0
335.0 426 354 2 1 2.0 0
336.0 427 355 2 1 2.0 0
337.0 428 356 2 1 2.0 0
338.0 429 357 2 1 2.0 0
339.0 430 358 2 1 2.0 0
340.0 431 359 2 1 2.0 0
341.0 432 360 2 1 2.0 0
342.0 433 361 2 1 2.0 0
343.0 434 362 2 1 2.0 0
344.0 435 363 2 1 2.0 0
345.0 436 364 2 1 2.0 0
346.0 437 365 2 1 2.0 0
347.0 438 366 2 1 2.0 0
348.0 439 367 2 1 2.0 0
349.0 440 368 2 1 2.0 0
350.0 441 369 2 1 2.0 0
351.0 442 370 2 1 2.0 0
352.0 443 371 2 1 2.0 0
353.0 444 372 2 1 2.0 0
354.0 445 373 2 1 2.0 0
355.0 446 374 2 1 2.0 0
356.0 447 375 2 1 2.0 0
357.0 448 376 2 1 2.0 0
358.0 449 377 2 1 2.0 0
359.0 450 378 2 1 2.0 0
360.0 451 0 2 1 2.0 0
360000 CUPupdateMessage Sent 
361.0 452 383 10 1 10.0 1702
362.0 453 384 2 1 2.0 0
363.0 454 385 2 1 2.0 0
364.0 455 386 2 1 2.0 0
365.0 456 387 2 1 2.0 0
366.0 457 388 2 1 2.0 0
367.0 458 389 2 1 2.0 0
368.0 459 390 2 1 2.0 0
369.0 460 391 2 1 2.0 0
370.0 461 392 2 1 2.0 0
371.0 462 393 2 1 2.0 0
372.0 463 394 2 1 2.0 0
373.0 464 395 2 1 2.0 0
374.0 465 396 2 1 2.0 0
375.0 466 397 2 1 2.0 0
376.0 467 398 2 1 2.0 0
377.0 468 399 2 1 2.0 0
378.0 469 400 2 1 2.0 0
379.0 470 401 2 1 2.0 0
380.0 471 402 2 1 2.0 0
381.0 472 403 2 1 2.0 0
382.0 473 404 2 1 2.0 0
383.0 474 405 2 1 2.0 0
384.0 475 406 2 1 2.0 0
385.0 476 407 2 1 2.0 0
386.0 477 408 2 1 2.0 0
387.0 478 409 2 1 2.0 0
388.0 479 410 2 1 2.0 0
389.0 480 411 2 1 2.0 0
390.0 481 412 2 1 2.0 0
391.0 482 413 2 1 2.0 0
392.0 483 414 2 1 2.0 0
393.0 484 415 2 1 2.0 0
394.0 485 416 2 1 2.0 0
395.0 486 417 2 1 2.0 0
396.0 487 418 2 1 2.0 0
397.0 488 419 2 1 2.0 0
398.0 489 420 2 1 2.0 0
399.0 490 421 2 1 2.0 0
400.0 491 422 2 1 2.0 0
401.0 492 423 2 1 2.0 0
402.0 493 424 2 1 2.0 0
403.0 494 425 2 1 2.0 0
404.0 495 426 2 1 2.0 0
405.0 496 427 2 1 2.0 0
406.0 497 428 2 1 2.0 0
407.0 498 429 2 1 2.0 0
408.0 499 430 2 1 2.0 0
409.0 500 431 2 1 2.0 0
410.0 501 432 2 1 2.0 0
411.0 502 433 2 1 2.0 0
412.0 503 434 2 1 2.0 0
413.0 504 435 2 1 2.0 0
414.0 505 436 2 1 2.0 0
415.0 506 437 2 1 2.0 0
416.0 507 438 2 1 2.0 0
417.0 508 439 2 1 2.0 0
418.0 509 440 2 1 2.0 0
419.0 510 441 2 1 2.0 0
420.0 511 0 2 1 2.0 0
420000 CUPupdateMessage Sent 
421.0 512 443 14 1 14.0 2295
422.0 513 444 2 1 2.0 0
423.0 514 445 2 1 2.0 0
424.0 515 446 2 1 2.0 0
425.0 516 447 2 1 2.0 0
426.0 517 448 2 1 2.0 0
427.0 518 449 2 1 2.0 0
428.0 519 450 2 1 2.0 0
429.0 520 451 2 1 2.0 0
430.0 521 452 2 1 2.0 0
431.0 522 453 2 1 2.0 0
432.0 523 454 2 1 2.0 0
433.0 524 455 2 1 2.0 0
434.0 525 456 2 1 2.0 0
435.0 526 457 2 1 2.0 0
436.0 527 458 2 1 2.0 0
437.0 528 459 2 1 2.0 0
438.0 529 460 2 1 2.0 0
439.0 530 461 2 1 2.0 0
440.0 531 462 2 1 2.0 0
441.0 532 463 2 1 2.0 0
442.0 533 464 2 1 2.0 0
443.0 534 465 2 1 2.0 0
444.0 535 466 2 1 2.0 0
445.0 536 467 2 1 2.0 0
446.0 537 468 2 1 2.0 0
447.0 538 469 2 1 2.0 0
448.0 539 470 2 1 2.0 0
449.0 540 471 2 1 2.0 0
450.0 541 472 2 1 2.0 0
451.0 542 473 2 1 2.0 0
452.0 543 474 2 1 2.0 0
453.0 544 475 2 1 2.0 0
454.0 545 476 2 1 2.0 0
455.0 546 477 2 1 2.0 0
456.0 547 478 2 1 2.0 0
457.0 548 479 2 1 2.0 0
458.0 549 480 2 1 2.0 0
459.0 550 481 2 1 2.0 0
460.0 551 482 2 1 2.0 0
461.0 552 483 2 1 2.0 0
462.0 553 484 2 1 2.0 0
463.0 554 485 2 1 2.0 0
464.0 555 486 2 1 2.0 0
465.0 556 487 2 1 2.0 0
466.0 557 488 2 1 2.0 0
467.0 558 489 2 1 2.0 0
468.0 559 490 2 1 2.0 0
469.0 560 491 2 1 2.0 0
470.0 561 492 2 1 2.0 0
471.0 562 493 2 1 2.0 0
472.0 563 494 2 1 2.0 0
473.0 564 495 2 1 2.0 0
474.0 565 496 2 1 2.0 0
475.0 566 497 2 1 2.0 0
476.0 567 498 2 1 2.0 0
477.0 568 499 2 1 2.0 0
478.0 569 500 2 1 2.0 0
479.0 570 501 2 1 2.0 0
480.0 571 0 2 1 2.0 0
480000 CUPupdateMessage Sent 
481.0 572 503 12 1 12.0 2592
482.0 573 504 2 1 2.0 0
483.0 574 505 2 1 2.0 0
484.0 575 506 2 1 2.0 0
485.0 576 507 2 1 2.0 0
486.0 577 508 2 1 2.0 0
487.0 578 509 2 1 2.0 0
488.0 579 511 4 1 4.0 0
489.0 580 512 2 1 2.0 0
490.0 581 513 2 1 2.0 0
491.0 582 514 2 1 2.0 0
492.0 583 515 2 1 2.0 0
493.0 584 516 2 1 2.0 0
494.0 585 517 2 1 2.0 0
495.0 586 518 2 1 2.0 0
496.0 587 519 2 1 2.0 0
497.0 588 520 2 1 2.0 0
498.0 589 521 2 1 2.0 0
499.0 590 522 2 1 2.0 0
500.0 591 523 2 1 2.0 0
501.0 592 524 2 1 2.0 0
502.0 593 525 2 1 2.0 0
503.0 594 526 2 1 2.0 0
504.0 595 527 2 1 2.0 0
505.0 596 528 2 1 2.0 0
506.0 597 529 2 1 2.0 0
507.0 598 530 2 1 2.0 0
508.0 599 531 2 1 2.0 0
509.0 600 532 2 1 2.0 0
510.0 601 533 2 1 2.0 0
511.0 602 534 2 1 2.0 0
512.0 603 535 2 1 2.0 0
513.0 604 536 2 1 2.0 0
514.0 605 537 2 1 2.0 0
515.0 606 538 2 1 2.0 0
516.0 607 539 2 1 2.0 0
517.0 608 540 2 1 2.0 0
518.0 609 541 2 1 2.0 0
519.0 610 542 2 1 2.0 0
520.0 611 543 2 1 2.0 0
521.0 612 544 2 1 2.0 0
522.0 613 545 2 1 2.0 0
523.0 614 546 2 1 2.0 0
524.0 615 547 2 1 2.0 0
525.0 616 548 2 1 2.0 0
526.0 617 549 2 1 2.0 0
527.0 618 550 2 1 2.0 0
528.0 619 551 2 1 2.0 0
529.0 620 552 2 1 2.0 0
530.0 621 553 2 1 2.0 0
531.0 622 554 2 1 2.0 0
532.0 623 555 2 1 2.0 0
533.0 624 556 2 1 2.0 0
534.0 625 557 2 1 2.0 0
535.0 626 558 2 1 2.0 0
536.0 627 559 2 1 2.0 0
537.0 628 560 2 1 2.0 0
538.0 629 561 2 1 2.0 0
539.0 630 562 2 1 2.0 0
540.0 631 0 2 1 2.0 0
540000 CUPupdateMessage Sent 
541.0 632 564 8 1 8.0 3255
542.0 633 565 2 1 2.0 0
543.0 634 566 2 1 2.0 0
544.0 635 567 2 1 2.0 0
545.0 636 568 2 1 2.0 0
546.0 637 569 2 1 2.0 0
547.0 638 570 2 1 2.0 0
548.0 639 571 2 1 2.0 0
549.0 640 572 2 1 2.0 0
550.0 641 573 2 1 2.0 0
551.0 642 574 2 1 2.0 0
552.0 643 575 2 1 2.0 0
553.0 644 576 2 1 2.0 0
554.0 645 577 2 1 2.0 0
555.0 646 578 2 1 2.0 0
556.0 647 579 2 1 2.0 0
557.0 648 580 2 1 2.0 0
558.0 649 581 2 1 2.0 0
559.0 650 582 2 1 2.0 0
560.0 651 583 2 1 2.0 0
561.0 652 584 2 1 2.0 0
562.0 653 585 2 1 2.0 0
563.0 654 586 2 1 2.0 0
564.0 655 587 2 1 2.0 0
565.0 656 588 2 1 2.0 0
566.0 657 589 2 1 2.0 0
567.0 658 590 2 1 2.0 0
568.0 659 591 2 1 2.0 0
569.0 660 592 2 1 2.0 0
570.0 661 593 2 1 2.0 0
571.0 662 594 2 1 2.0 0
572.0 663 595 2 1 2.0 0
573.0 664 596 2 1 2.0 0
574.0 665 597 2 1 2.0 0
575.0 666 598 2 1 2.0 0
576.0 667 599 2 1 2.0 0
577.0 668 600 2 1 2.0 0
578.0 669 601 2 1 2.0 0
579.0 670 602 2 1 2.0 0
580.0 671 603 2 1 2.0 0
581.0 672 604 2 1 2.0 0
582.0 673 605 2 1 2.0 0
583.0 674 606 2 1 2.0 0
584.0 675 607 2 1 2.0 0
585.0 676 608 2 1 2.0 0
586.0 677 609 2 1 2.0 0
587.0 678 610 2 1 2.0 0
588.0 679 611 2 1 2.0 0
589.0 680 612 2 1 2.0 0
590.0 681 613 2 1 2.0 0
591.0 682 614 2 1 2.0 0
592.0 683 615 2 1 2.0 0
593.0 684 616 2 1 2.0 0
594.0 685 618 4 1 4.0 0
595.0 686 619 2 1 2.0 0
596.0 687 620 2 1 2.0 0
597.0 688 621 2 1 2.0 0
598.0 689 622 2 1 2.0 0
599.0 690 623 2 1 2.0 0
600.0 691 0 2 1 2.0 0
600000 CUPupdateMessage Sent 
601.0 692 630 10 1 10.0 3570
602.0 693 631 2 1 2.0 0
603.0 694 632 2 1 2.0 0
604.0 695 633 2 1 2.0 0
605.0 696 634 2 1 2.0 0
606.0 697 635 2 1 2.0 0
607.0 698 636 2 1 2.0 0
608.0 699 637 2 1 2.0 0
609.0 700 638 2 1 2.0 0
610.0 701 639 2 1 2.0 0
611.0 702 640 2 1 2.0 0
612.0 703 641 2 1 2.0 0
613.0 704 642 2 1 2.0 0
614.0 705 643 2 1 2.0 0
615.0 706 644 2 1 2.0 0
616.0 707 645 2 1 2.0 0
617.0 708 646 2 1 2.0 0
618.0 709 647 2 1 2.0 0
619.0 710 648 2 1 2.0 0
620.0 711 649 2 1 2.0 0
621.0 712 650 2 1 2.0 0
622.0 713 651 2 1 2.0 0
623.0 714 652 2 1 2.0 0
624.0 715 653 2 1 2.0 0
625.0 716 654 2 1 2.0 0
626.0 717 655 2 1 2.0 0
627.0 718 656 2 1 2.0 0
628.0 719 657 2 1 2.0 0
629.0 720 658 2 1 2.0 0
630.0 721 659 2 1 2.0 0
631.0 722 660 2 1 2.0 0
632.0 723 661 2 1 2.0 0
633.0 724 662 2 1 2.0 0
634.0 725 663 2 1 2.0 0
635.0 726 664 2 1 2.0 0
636.0 727 665 2 1 2.0 0
637.0 728 666 2 1 2.0 0
638.0 729 667 2 1 2.0 0
639.0 730 668 2 1 2.0 0
640.0 731 669 2 1 2.0 0
641.0 732 670 2 1 2.0 0
642.0 733 671 2 1 2.0 0
643.0 734 672 2 1 2.0 0
644.0 735 673 2 1 2.0 0
645.0 736 674 2 1 2.0 0
646.0 737 675 2 1 2.0 0
647.0 738 676 2 1 2.0 0
648.0 739 677 2 1 2.0 0
649.0 740 678 2 1 2.0 0
650.0 741 679 2 1 2.0 0
651.0 742 680 2 1 2.0 0
652.0 743 681 2 1 2.0 0
653.0 744 682 2 1 2.0 0
654.0 745 683 2 1 2.0 0
655.0 746 684 2 1 2.0 0
656.0 747 685 2 1 2.0 0
657.0 748 686 2 1 2.0 0
658.0 749 687 2 1 2.0 0
659.0 750 688 2 1 2.0 0
660.0 751 0 2 1 2.0 0
660000 CUPupdateMessage Sent 
661.0 752 690 12 1 12.0 3874
662.0 753 691 2 1 2.0 0
663.0 754 692 2 1 2.0 0
664.0 755 693 2 1 2.0 0
665.0 756 694 2 1 2.0 0
666.0 757 695 2 1 2.0 0
667.0 758 696 2 1 2.0 0
668.0 759 697 2 1 2.0 0
669.0 760 698 2 1 2.0 0
670.0 761 699 2 1 2.0 0
671.0 762 700 2 1 2.0 0
672.0 763 701 2 1 2.0 0
673.0 764 702 2 1 2.0 0
674.0 765 703 2 1 2.0 0
675.0 766 704 2 1 2.0 0
676.0 767 705 2 1 2.0 0
677.0 768 706 2 1 2.0 0
678.0 769 707 2 1 2.0 0
679.0 770 708 2 1 2.0 0
680.0 771 709 2 1 2.0 0
681.0 772 710 2 1 2.0 0
682.0 773 711 2 1 2.0 0
683.0 774 712 2 1 2.0 0
684.0 775 713 2 1 2.0 0
685.0 776 714 2 1 2.0 0
686.0 777 715 2 1 2.0 0
687.0 778 716 2 1 2.0 0
688.0 779 717 2 1 2.0 0
689.0 780 718 2 1 2.0 0
690.0 781 719 2 1 2.0 0
691.0 782 720 2 1 2.0 0
692.0 783 721 2 1 2.0 0
693.0 784 722 2 1 2.0 0
694.0 785 723 2 1 2.0 0
695.0 786 724 2 1 2.0 0
696.0 787 725 2 1 2.0 0
697.0 788 726 2 1 2.0 0
698.0 789 727 2 1 2.0 0
699.0 790 728 2 1 2.0 0
700.0 791 729 2 1 2.0 0
701.0 792 730 2 1 2.0 0
702.0 793 731 2 1 2.0 0
703.0 794 732 2 1 2.0 0
704.0 795 733 2 1 2.0 0
705.0 796 734 2 1 2.0 0
706.0 797 735 2 1 2.0 0
707.0 798 736 2 1 2.0 0
708.0 799 737 2 1 2.0 0
709.0 800 738 2 1 2.0 0
710.0 801 739 2 1 2.0 0
711.0 802 740 2 1 2.0 0
712.0 803 741 2 1 2.0 0
713.0 804 742 2 1 2.0 0
714.0 805 743 2 1 2.0 0
715.0 806 744 2 1 2.0 0
716.0 807 745 2 1 2.0 0
717.0 808 746 2 1 2.0 0
718.0 809 747 2 1 2.0 0
719.0 810 748 2 1 2.0 0
720.0 811 0 2 1 2.0 0
720000 CUPupdateMessage Sent 
721.0 812 750 10 1 10.0 4166
722.0 813 751 2 1 2.0 0
723.0 814 752 2 1 2.0 0
724.0 815 753 2 1 2.0 0
725.0 816 754 2 1 2.0 0
726.0 817 755 2 1 2.0 0
727.0 818 756 2 1 2.0 0
728.0 819 757 2 1 2.0 0
729.0 820 758 2 1 2.0 0
730.0 821 759 2 1 2.0 0
731.0 822 760 2 1 2.0 0
732.0 823 761 2 1 2.0 0
733.0 824 762 2 1 2.0 0
734.0 825 763 2 1 2.0 0
735.0 826 764 2 1 2.0 0
736.0 827 765 2 1 2.0 0
737.0 828 766 2 1 2.0 0
738.0 829 767 2 1 2.0 0
739.0 830 768 2 1 2.0 0
740.0 831 769 2 1 2.0 0
741.0 832 770 2 1 2.0 0
742.0 833 771 2 1 2.0 0
743.0 834 772 2 1 2.0 0
744.0 835 773 2 1 2.0 0
745.0 836 774 2 1 2.0 0
746.0 837 775 2 1 2.0 0
747.0 838 776 2 1 2.0 0
748.0 839 777 2 1 2.0 0
749.0 840 778 2 1 2.0 0
750.0 841 779 2 1 2.0 0
751.0 842 780 2 1 2.0 0
752.0 843 781 2 1 2.0 0
753.0 844 782 2 1 2.0 0
754.0 845 783 2 1 2.0 0
755.0 846 784 2 1 2.0 0
756.0 847 785 2 1 2.0 0
757.0 848 786 2 1 2.0 0
758.0 849 787 2 1 2.0 0
759.0 850 788 2 1 2.0 0
760.0 851 789 2 1 2.0 0
761.0 852 790 2 1 2.0 0
762.0 853 791 2 1 2.0 0
763.0 854 792 2 1 2.0 0
764.0 855 793 2 1 2.0 0
765.0 856 794 2 1 2.0 0
766.0 857 795 2 1 2.0 0
767.0 858 797 2 1 2.0 0
768.0 859 797 0 0 NaN 0
769.0 860 798 2 1 2.0 0
770.0 861 799 2 1 2.0 0
771.0 862 800 2 1 2.0 0
772.0 863 801 2 1 2.0 0
773.0 864 802 2 1 2.0 0
774.0 865 803 2 1 2.0 0
775.0 866 804 2 1 2.0 0
776.0 867 805 2 1 2.0 0
777.0 868 806 2 1 2.0 0
778.0 869 807 2 1 2.0 0
779.0 870 808 2 1 2.0 0
780.0 871 0 2 1 2.0 0
780000 CUPupdateMessage Sent 
781.0 872 7 12 1 12.0 0
782.0 873 10 6 1 6.0 0
783.0 874 15 10 1 10.0 0
784.0 875 19 8 1 8.0 0
785.0 876 22 6 1 6.0 0
786.0 877 24 4 1 4.0 0
787.0 878 28 8 1 8.0 0
788.0 879 31 6 1 6.0 0
789.0 880 32 2 1 2.0 0
790.0 881 35 6 1 6.0 0
791.0 882 37 4 1 4.0 0
792.0 883 39 4 1 4.0 0
793.0 884 42 6 1 6.0 0
794.0 885 47 10 1 10.0 0
795.0 886 50 6 1 6.0 0
796.0 887 52 4 1 4.0 0
797.0 888 55 6 1 6.0 0
798.0 889 59 8 1 8.0 0
799.0 890 60 2 1 2.0 0
800.0 891 64 8 1 8.0 0
801.0 892 67 6 1 6.0 0
802.0 893 71 8 1 8.0 0
803.0 894 73 4 1 4.0 0
804.0 895 77 8 1 8.0 0
805.0 896 78 2 1 2.0 0
806.0 897 79 2 1 2.0 0
807.0 898 81 4 1 4.0 0
808.0 899 83 4 1 4.0 0
809.0 900 84 2 1 2.0 0
810.0 901 86 4 1 4.0 0
811.0 902 87 2 1 2.0 0
812.0 903 93 12 1 12.0 0
813.0 904 95 4 1 4.0 0
814.0 905 96 2 1 2.0 0
815.0 906 99 6 1 6.0 0
816.0 907 103 8 1 8.0 0
817.0 908 105 4 1 4.0 0
818.0 909 107 4 1 4.0 0
819.0 910 110 6 1 6.0 0
820.0 911 111 2 1 2.0 0
821.0 912 114 6 1 6.0 0
822.0 913 116 4 1 4.0 0
823.0 914 118 4 1 4.0 0
824.0 915 121 6 1 6.0 0
825.0 916 122 2 1 2.0 0
826.0 917 123 2 1 2.0 0
827.0 918 126 6 1 6.0 0
828.0 919 127 2 1 2.0 0
829.0 920 129 4 1 4.0 0
830.0 921 132 6 1 6.0 0
831.0 922 134 4 1 4.0 0
832.0 923 135 2 1 2.0 0
833.0 924 136 2 1 2.0 0
834.0 925 138 4 1 4.0 0
835.0 926 140 4 1 4.0 0
836.0 927 141 2 1 2.0 0
837.0 928 143 4 1 4.0 0
838.0 929 145 4 1 4.0 0
839.0 930 146 2 1 2.0 0
840.0 931 0 2 1 2.0 0
840000 CUPupdateMessage Sent 
841.0 932 869 12 1 12.0 6190
842.0 933 870 2 1 2.0 0
843.0 934 871 2 1 2.0 0
844.0 935 872 2 1 2.0 0
845.0 936 873 2 1 2.0 0
846.0 937 874 2 1 2.0 0
847.0 938 875 2 1 2.0 0
848.0 939 876 2 1 2.0 0
849.0 940 877 2 1 2.0 0
850.0 941 878 2 1 2.0 0
851.0 942 879 2 1 2.0 0
852.0 943 880 2 1 2.0 0
853.0 944 881 2 1 2.0 0
854.0 945 882 2 1 2.0 0
855.0 946 883 2 1 2.0 0
856.0 947 884 2 1 2.0 0
857.0 948 885 2 1 2.0 0
858.0 949 886 2 1 2.0 0
859.0 950 887 2 1 2.0 0
860.0 951 888 2 1 2.0 0
861.0 952 889 2 1 2.0 0
862.0 953 890 2 1 2.0 0
863.0 954 891 2 1 2.0 0
864.0 955 892 2 1 2.0 0
865.0 956 893 2 1 2.0 0
866.0 957 894 2 1 2.0 0
867.0 958 895 2 1 2.0 0
868.0 959 896 2 1 2.0 0
869.0 960 897 2 1 2.0 0
870.0 961 898 2 1 2.0 0
871.0 962 899 2 1 2.0 0
872.0 963 900 2 1 2.0 0
873.0 964 901 2 1 2.0 0
874.0 965 902 2 1 2.0 0
875.0 966 903 2 1 2.0 0
876.0 967 904 2 1 2.0 0
877.0 968 905 2 1 2.0 0
878.0 969 906 2 1 2.0 0
879.0 970 907 2 1 2.0 0
880.0 971 908 2 1 2.0 0
881.0 972 909 2 1 2.0 0
882.0 973 910 2 1 2.0 0
883.0 974 911 2 1 2.0 0
884.0 975 912 2 1 2.0 0
885.0 976 913 2 1 2.0 0
886.0 977 914 2 1 2.0 0
887.0 978 915 2 1 2.0 0
888.0 979 916 2 1 2.0 0
889.0 980 917 2 1 2.0 0
890.0 981 918 2 1 2.0 0
891.0 982 919 2 1 2.0 0
892.0 983 920 2 1 2.0 0
893.0 984 921 2 1 2.0 0
894.0 985 922 2 1 2.0 0
895.0 986 923 2 1 2.0 0
896.0 987 924 2 1 2.0 0
897.0 988 925 2 1 2.0 0
898.0 989 926 2 1 2.0 0
899.0 990 927 2 1 2.0 0
900.0 991 0 2 1 2.0 0
900000 CUPupdateMessage Sent 
901.0 992 929 12 1 12.0 6501
902.0 993 930 2 1 2.0 0
903.0 994 931 2 1 2.0 0
904.0 995 932 2 1 2.0 0
905.0 996 934 4 1 4.0 0
906.0 997 935 2 1 2.0 0
907.0 998 936 2 1 2.0 0
908.0 999 937 2 1 2.0 0
909.0 1000 938 2 1 2.0 0
910.0 1001 939 2 1 2.0 0
911.0 1002 940 2 1 2.0 0
912.0 1003 941 2 1 2.0 0
913.0 1004 942 2 1 2.0 0
914.0 1005 943 2 1 2.0 0
915.0 1006 944 2 1 2.0 0
916.0 1007 945 2 1 2.0 0
917.0 1008 946 2 1 2.0 0
918.0 1009 947 2 1 2.0 0
919.0 1010 948 2 1 2.0 0
920.0 1011 949 2 1 2.0 0
921.0 1012 950 2 1 2.0 0
922.0 1013 951 2 1 2.0 0
923.0 1014 952 2 1 2.0 0
924.0 1015 953 2 1 2.0 0
925.0 1016 954 2 1 2.0 0
926.0 1017 955 2 1 2.0 0
927.0 1018 956 2 1 2.0 0
928.0 1019 957 2 1 2.0 0
929.0 1020 958 2 1 2.0 0
930.0 1021 959 2 1 2.0 0
931.0 1022 960 2 1 2.0 0
932.0 1023 961 2 1 2.0 0
933.0 1024 962 2 1 2.0 0
934.0 1025 963 2 1 2.0 0
935.0 1026 964 2 1 2.0 0
936.0 1027 965 2 1 2.0 0
937.0 1028 966 2 1 2.0 0
938.0 1029 967 2 1 2.0 0
939.0 1030 968 2 1 2.0 0
940.0 1031 969 2 1 2.0 0
941.0 1032 970 2 1 2.0 0
942.0 1033 971 2 1 2.0 0
943.0 1034 972 2 1 2.0 0
944.0 1035 973 2 1 2.0 0
945.0 1036 974 2 1 2.0 0
946.0 1037 975 2 1 2.0 0
947.0 1038 976 2 1 2.0 0
948.0 1039 977 2 1 2.0 0
949.0 1040 978 2 1 2.0 0
950.0 1041 979 2 1 2.0 0
951.0 1042 980 2 1 2.0 0
952.0 1043 981 2 1 2.0 0
953.0 1044 982 2 1 2.0 0
954.0 1045 983 2 1 2.0 0
955.0 1046 984 2 1 2.0 0
956.0 1047 985 2 1 2.0 0
957.0 1048 986 2 1 2.0 0
958.0 1049 987 2 1 2.0 0
959.0 1050 988 2 1 2.0 0
960.0 1051 0 2 1 2.0 0
960000 CUPupdateMessage Sent 
961.0 1052 990 14 1 14.0 6858
962.0 1053 991 2 1 2.0 0
963.0 1054 992 2 1 2.0 0
964.0 1055 993 2 1 2.0 0
965.0 1056 994 2 1 2.0 0
966.0 1057 995 2 1 2.0 0
967.0 1058 996 2 1 2.0 0
968.0 1059 997 2 1 2.0 0
969.0 1060 998 2 1 2.0 0
970.0 1061 999 2 1 2.0 0
971.0 1062 1000 2 1 2.0 0
972.0 1063 1001 2 1 2.0 0
973.0 1064 1002 2 1 2.0 0
974.0 1065 1003 2 1 2.0 0
975.0 1066 1004 2 1 2.0 0
976.0 1067 1005 2 1 2.0 0
977.0 1068 1006 2 1 2.0 0
978.0 1069 1007 2 1 2.0 0
979.0 1070 1008 2 1 2.0 0
980.0 1071 1009 2 1 2.0 0
981.0 1072 1010 2 1 2.0 0
982.0 1073 1011 2 1 2.0 0
983.0 1074 1012 2 1 2.0 0
984.0 1075 1013 2 1 2.0 0
985.0 1076 1014 2 1 2.0 0
986.0 1077 1015 2 1 2.0 0
987.0 1078 1016 2 1 2.0 0
988.0 1079 1017 2 1 2.0 0
989.0 1080 1018 2 1 2.0 0
990.0 1081 1019 2 1 2.0 0
991.0 1082 1020 2 1 2.0 0
992.0 1083 1021 2 1 2.0 0
993.0 1084 1022 2 1 2.0 0
994.0 1085 1023 2 1 2.0 0
995.0 1086 1024 2 1 2.0 0
996.0 1087 1025 2 1 2.0 0
997.0 1088 1026 2 1 2.0 0
998.0 1089 1027 2 1 2.0 0
999.0 1090 1028 2 1 2.0 0
1000.0 1091 1029 2 1 2.0 0
1001.0 1092 1030 2 1 2.0 0
1002.0 1093 1031 2 1 2.0 0
1003.0 1094 1032 2 1 2.0 0
1004.0 1095 1033 2 1 2.0 0
1005.0 1096 1034 2 1 2.0 0
1006.0 1097 1035 2 1 2.0 0
1007.0 1098 1036 2 1 2.0 0
1008.0 1099 1037 2 1 2.0 0
1009.0 1100 1038 2 1 2.0 0
1010.0 1101 1039 2 1 2.0 0
1011.0 1102 1040 2 1 2.0 0
1012.0 1103 1041 2 1 2.0 0
1013.0 1104 1042 2 1 2.0 0
1014.0 1105 1043 2 1 2.0 0
1015.0 1106 1044 2 1 2.0 0
1016.0 1107 1045 2 1 2.0 0
1017.0 1108 1046 2 1 2.0 0
1018.0 1109 1047 2 1 2.0 0
1019.0 1110 1048 2 1 2.0 0
1020.0 1111 0 2 1 2.0 0
1020000 CUPupdateMessage Sent 
1021.0 1112 1050 12 1 12.0 14366
1022.0 1113 1051 2 1 2.0 0
1023.0 1114 1052 2 1 2.0 0
1024.0 1115 1053 2 1 2.0 0
1025.0 1116 1054 2 1 2.0 0
1026.0 1117 1055 2 1 2.0 0
1027.0 1118 1057 4 1 4.0 0
1028.0 1119 1058 2 1 2.0 0
1029.0 1120 1059 2 1 2.0 0
1030.0 1121 1060 2 1 2.0 0
1031.0 1122 1061 2 1 2.0 0
1032.0 1123 1062 2 1 2.0 0
1033.0 1124 1063 2 1 2.0 0
1034.0 1125 1064 2 1 2.0 0
1035.0 1126 1065 2 1 2.0 0
1036.0 1127 1066 2 1 2.0 0
1037.0 1128 1067 2 1 2.0 0
1038.0 1129 1068 2 1 2.0 0
1039.0 1130 1069 2 1 2.0 0
1040.0 1131 1070 2 1 2.0 0
1041.0 1132 1071 2 1 2.0 0
1042.0 1133 1072 2 1 2.0 0
1043.0 1134 1073 2 1 2.0 0
1044.0 1135 1074 2 1 2.0 0
1045.0 1136 1075 2 1 2.0 0
1046.0 1137 1076 2 1 2.0 0
1047.0 1138 1077 2 1 2.0 0
1048.0 1139 1078 2 1 2.0 0
1049.0 1140 1079 2 1 2.0 0
1050.0 1141 1080 2 1 2.0 0
1051.0 1142 1081 2 1 2.0 0
1052.0 1143 1082 2 1 2.0 0
1053.0 1144 1083 2 1 2.0 0
1054.0 1145 1084 2 1 2.0 0
1055.0 1146 1085 2 1 2.0 0
1056.0 1147 1086 2 1 2.0 0
1057.0 1148 1087 2 1 2.0 0
1058.0 1149 1088 2 1 2.0 0
1059.0 1150 1089 2 1 2.0 0
1060.0 1151 1090 2 1 2.0 0
1061.0 1152 1091 2 1 2.0 0
1062.0 1153 1092 2 1 2.0 0
1063.0 1154 1093 2 1 2.0 0
1064.0 1155 1094 2 1 2.0 0
1065.0 1156 1095 2 1 2.0 0
1066.0 1157 1096 2 1 2.0 0
1067.0 1158 1097 2 1 2.0 0
1068.0 1159 1098 2 1 2.0 0
1069.0 1160 1099 2 1 2.0 0
1070.0 1161 1100 2 1 2.0 0
1071.0 1162 1101 2 1 2.0 0
1072.0 1163 1102 2 1 2.0 0
1073.0 1164 1103 2 1 2.0 0
1074.0 1165 1104 2 1 2.0 0
1075.0 1166 1105 2 1 2.0 0
1076.0 1167 1106 2 1 2.0 0
1077.0 1168 1107 2 1 2.0 0
1078.0 1169 1108 2 1 2.0 0
1079.0 1170 1109 2 1 2.0 0
1080.0 1171 0 2 1 2.0 0
1080000 CUPupdateMessage Sent 
1081.0 1172 1115 14 1 14.0 15697
1082.0 1173 1116 2 1 2.0 0
1083.0 1174 1117 2 1 2.0 0
1084.0 1175 1118 2 1 2.0 0
1085.0 1176 1119 2 1 2.0 0
1086.0 1177 1120 2 1 2.0 0
1087.0 1178 1121 2 1 2.0 0
1088.0 1179 1122 2 1 2.0 0
1089.0 1180 1123 2 1 2.0 0
1090.0 1181 1124 2 1 2.0 0
1091.0 1182 1125 2 1 2.0 0
1092.0 1183 1126 2 1 2.0 0
1093.0 1184 1127 2 1 2.0 0
1094.0 1185 1128 2 1 2.0 0
1095.0 1186 1129 2 1 2.0 0
1096.0 1187 1130 2 1 2.0 0
1097.0 1188 1131 2 1 2.0 0
1098.0 1189 1132 2 1 2.0 0
1099.0 1190 1133 2 1 2.0 0
1100.0 1191 1134 2 1 2.0 0
1101.0 1192 1135 2 1 2.0 0
1102.0 1193 1136 2 1 2.0 0
1103.0 1194 1137 2 1 2.0 0
1104.0 1195 1138 2 1 2.0 0
1105.0 1196 1139 2 1 2.0 0
1106.0 1197 1140 2 1 2.0 0
1107.0 1198 1141 2 1 2.0 0
1108.0 1199 1142 2 1 2.0 0
1109.0 1200 1143 2 1 2.0 0
1110.0 1201 1144 2 1 2.0 0
1111.0 1202 1145 2 1 2.0 0
1112.0 1203 1146 2 1 2.0 0
1113.0 1204 1147 2 1 2.0 0
1114.0 1205 1148 2 1 2.0 0
1115.0 1206 1149 2 1 2.0 0
1116.0 1207 1150 2 1 2.0 0
1117.0 1208 1151 2 1 2.0 0
1118.0 1209 1152 2 1 2.0 0
1119.0 1210 1153 2 1 2.0 0
1120.0 1211 1154 2 1 2.0 0
1121.0 1212 1155 2 1 2.0 0
1122.0 1213 1156 2 1 2.0 0
1123.0 1214 1157 2 1 2.0 0
1124.0 1215 1158 2 1 2.0 0
1125.0 1216 1159 2 1 2.0 0
1126.0 1217 1160 2 1 2.0 0
1127.0 1218 1161 2 1 2.0 0
1128.0 1219 1162 2 1 2.0 0
1129.0 1220 1163 2 1 2.0 0
1130.0 1221 1164 2 1 2.0 0
1131.0 1222 1165 2 1 2.0 0
1132.0 1223 1166 2 1 2.0 0
1133.0 1224 1167 2 1 2.0 0
1134.0 1225 1168 2 1 2.0 0
1135.0 1226 1169 2 1 2.0 0
1136.0 1227 1170 2 1 2.0 0
1137.0 1228 1171 2 1 2.0 0
1138.0 1229 1172 2 1 2.0 0
1139.0 1230 1173 2 1 2.0 0
1140.0 1231 0 2 1 2.0 0
1140000 CUPupdateMessage Sent 
1141.0 1232 1175 10 1 10.0 22082
1142.0 1233 1176 2 1 2.0 0
1143.0 1234 1177 2 1 2.0 0
1144.0 1235 1178 2 1 2.0 0
1145.0 1236 1179 2 1 2.0 0
1146.0 1237 1180 2 1 2.0 0
1147.0 1238 1181 2 1 2.0 0
1148.0 1239 1182 2 1 2.0 0
1149.0 1240 1183 2 1 2.0 0
1150.0 1241 1184 2 1 2.0 0
1151.0 1242 1185 2 1 2.0 0
1152.0 1243 1186 2 1 2.0 0
1153.0 1244 1187 2 1 2.0 0
1154.0 1245 1188 2 1 2.0 0
1155.0 1246 1189 2 1 2.0 0
1156.0 1247 1190 2 1 2.0 0
1157.0 1248 1191 2 1 2.0 0
1158.0 1249 1192 2 1 2.0 0
1159.0 1250 1193 2 1 2.0 0
1160.0 1251 1194 2 1 2.0 0
1161.0 1252 1195 2 1 2.0 0
1162.0 1253 1196 2 1 2.0 0
1163.0 1254 1197 2 1 2.0 0
1164.0 1255 1198 2 1 2.0 0
1165.0 1256 1199 2 1 2.0 0
1166.0 1257 1200 2 1 2.0 0
1167.0 1258 1201 2 1 2.0 0
1168.0 1259 1202 2 1 2.0 0
1169.0 1260 1203 2 1 2.0 0
1170.0 1261 1204 2 1 2.0 0
1171.0 1262 1205 2 1 2.0 0
1172.0 1263 1206 2 1 2.0 0
1173.0 1264 1207 2 1 2.0 0
1174.0 1265 1208 2 1 2.0 0
1175.0 1266 1209 2 1 2.0 0
1176.0 1267 1210 2 1 2.0 0
1177.0 1268 1211 2 1 2.0 0
1178.0 1269 1212 2 1 2.0 0
1179.0 1270 1213 2 1 2.0 0
1180.0 1271 1214 2 1 2.0 0
1181.0 1272 1215 2 1 2.0 0
1182.0 1273 1216 2 1 2.0 0
1183.0 1274 1217 2 1 2.0 0
1184.0 1275 1218 2 1 2.0 0
1185.0 1276 1219 2 1 2.0 0
1186.0 1277 1220 2 1 2.0 0
1187.0 1278 1221 2 1 2.0 0
1188.0 1279 1222 2 1 2.0 0
1189.0 1280 1223 2 1 2.0 0
1190.0 1281 1224 2 1 2.0 0
1191.0 1282 1225 2 1 2.0 0
1192.0 1283 1226 2 1 2.0 0
1193.0 1284 1227 2 1 2.0 0
1194.0 1285 1228 2 1 2.0 0
1195.0 1286 1229 2 1 2.0 0
1196.0 1287 1230 2 1 2.0 0
1197.0 1288 1231 2 1 2.0 0
1198.0 1289 1232 2 1 2.0 0
1199.0 1290 1233 2 1 2.0 0
1200.0 1291 0 2 1 2.0 0
1200000 CUPupdateMessage Sent 
1201.0 1292 1235 10 1 10.0 23110
1202.0 1293 1236 2 1 2.0 0
1203.0 1294 1237 2 1 2.0 0
1204.0 1295 1238 2 1 2.0 0
1205.0 1296 1239 2 1 2.0 0
1206.0 1297 1240 2 1 2.0 0
1207.0 1298 1241 2 1 2.0 0
1208.0 1299 1242 2 1 2.0 0
1209.0 1300 1243 2 1 2.0 0
1210.0 1301 1244 2 1 2.0 0
1211.0 1302 1245 2 1 2.0 0
1212.0 1303 1246 2 1 2.0 0
1213.0 1304 1247 2 1 2.0 0
1214.0 1305 1248 2 1 2.0 0
1215.0 1306 1249 2 1 2.0 0
1216.0 1307 1250 2 1 2.0 0
1217.0 1308 1251 2 1 2.0 0
1218.0 1309 1252 2 1 2.0 0
1219.0 1310 1253 2 1 2.0 0
1220.0 1311 1254 2 1 2.0 0
1221.0 1312 1255 2 1 2.0 0
1222.0 1313 1256 2 1 2.0 0
1223.0 1314 1257 2 1 2.0 0
1224.0 1315 1258 2 1 2.0 0
1225.0 1316 1259 2 1 2.0 0
1226.0 1317 1260 2 1 2.0 0
1227.0 1318 1261 2 1 2.0 0
1228.0 1319 1262 2 1 2.0 0
1229.0 1320 1263 2 1 2.0 0
1230.0 1321 1264 2 1 2.0 0
1231.0 1322 1265 2 1 2.0 0
1232.0 1323 1266 2 1 2.0 0
1233.0 1324 1267 2 1 2.0 0
1234.0 1325 1268 2 1 2.0 0
1235.0 1326 1269 2 1 2.0 0
1236.0 1327 1270 2 1 2.0 0
1237.0 1328 1271 2 1 2.0 0
1238.0 1329 1272 2 1 2.0 0
1239.0 1330 1273 2 1 2.0 0
1240.0 1331 1274 2 1 2.0 0
1241.0 1332 1275 2 1 2.0 0
1242.0 1333 1276 2 1 2.0 0
1243.0 1334 1277 2 1 2.0 0
1244.0 1335 1278 2 1 2.0 0
1245.0 1336 1279 2 1 2.0 0
1246.0 1337 1280 2 1 2.0 0
1247.0 1338 1281 2 1 2.0 0
1248.0 1339 1282 2 1 2.0 0
1249.0 1340 1283 2 1 2.0 0
1250.0 1341 1285 4 1 4.0 0
1251.0 1342 1286 2 1 2.0 0
1252.0 1343 1287 2 1 2.0 0
1253.0 1344 1288 2 1 2.0 0
1254.0 1345 1289 2 1 2.0 0
1255.0 1346 1290 2 1 2.0 0
1256.0 1347 1291 2 1 2.0 0
1257.0 1348 1292 2 1 2.0 0
1258.0 1349 1293 2 1 2.0 0
1259.0 1350 1294 2 1 2.0 0
1260.0 1351 0 2 1 2.0 0
1260000 CUPupdateMessage Sent 
1261.0 1352 1296 14 1 14.0 24172
1262.0 1353 1297 2 1 2.0 0
1263.0 1354 1298 2 1 2.0 0
1264.0 1355 1299 2 1 2.0 0
1265.0 1356 1300 2 1 2.0 0
1266.0 1357 1301 2 1 2.0 0
1267.0 1358 1302 2 1 2.0 0
1268.0 1359 1303 2 1 2.0 0
1269.0 1360 1304 2 1 2.0 0
1270.0 1361 1305 2 1 2.0 0
1271.0 1362 1306 2 1 2.0 0
1272.0 1363 1307 2 1 2.0 0
1273.0 1364 1308 2 1 2.0 0
1274.0 1365 1309 2 1 2.0 0
1275.0 1366 1310 2 1 2.0 0
1276.0 1367 1311 2 1 2.0 0
1277.0 1368 1312 2 1 2.0 0
1278.0 1369 1313 2 1 2.0 0
1279.0 1370 1314 2 1 2.0 0
1280.0 1371 1315 2 1 2.0 0
1281.0 1372 1316 2 1 2.0 0
1282.0 1373 1317 2 1 2.0 0
1283.0 1374 1318 2 1 2.0 0
1284.0 1375 1319 2 1 2.0 0
1285.0 1376 1320 2 1 2.0 0
1286.0 1377 1321 2 1 2.0 0
1287.0 1378 1322 2 1 2.0 0
1288.0 1379 1323 2 1 2.0 0
1289.0 1380 1324 2 1 2.0 0
1290.0 1381 1325 2 1 2.0 0
1291.0 1382 1326 2 1 2.0 0
1292.0 1383 1327 2 1 2.0 0
1293.0 1384 1328 2 1 2.0 0
1294.0 1385 1329 2 1 2.0 0
1295.0 1386 1330 2 1 2.0 0
1296.0 1387 1331 2 1 2.0 0
1297.0 1388 1332 2 1 2.0 0
1298.0 1389 1333 2 1 2.0 0
1299.0 1390 1334 2 1 2.0 0
1300.0 1391 1335 2 1 2.0 0
1301.0 1392 1336 2 1 2.0 0
1302.0 1393 1337 2 1 2.0 0
1303.0 1394 1338 2 1 2.0 0
1304.0 1395 1339 2 1 2.0 0
1305.0 1396 1340 2 1 2.0 0
1306.0 1397 1341 2 1 2.0 0
1307.0 1398 1342 2 1 2.0 0
1308.0 1399 1343 2 1 2.0 0
1309.0 1400 1344 2 1 2.0 0
1310.0 1401 1345 2 1 2.0 0
1311.0 1402 1346 2 1 2.0 0
1312.0 1403 1347 2 1 2.0 0
1313.0 1404 1348 2 1 2.0 0
1314.0 1405 1349 2 1 2.0 0
1315.0 1406 1350 2 1 2.0 0
1316.0 1407 1351 2 1 2.0 0
1317.0 1408 1352 2 1 2.0 0
1318.0 1409 1353 2 1 2.0 0
1319.0 1410 1354 2 1 2.0 0
1320.0 1411 0 2 1 2.0 0
1320000 CUPupdateMessage Sent 
1321.0 1412 1356 14 1 14.0 24824
1322.0 1413 1357 2 1 2.0 0
1323.0 1414 1358 2 1 2.0 0
1324.0 1415 1359 2 1 2.0 0
1325.0 1416 1360 2 1 2.0 0
1326.0 1417 1361 2 1 2.0 0
1327.0 1418 1362 2 1 2.0 0
1328.0 1419 1363 2 1 2.0 0
1329.0 1420 1364 2 1 2.0 0
1330.0 1421 1365 2 1 2.0 0
1331.0 1422 1366 2 1 2.0 0
1332.0 1423 1367 2 1 2.0 0
1333.0 1424 1368 2 1 2.0 0
1334.0 1425 1369 2 1 2.0 0
1335.0 1426 1370 2 1 2.0 0
1336.0 1427 1371 2 1 2.0 0
1337.0 1428 1372 2 1 2.0 0
1338.0 1429 1373 2 1 2.0 0
1339.0 1430 1374 2 1 2.0 0
1340.0 1431 1375 2 1 2.0 0
1341.0 1432 1376 2 1 2.0 0
1342.0 1433 1377 2 1 2.0 0
1343.0 1434 1378 2 1 2.0 0
1344.0 1435 1379 2 1 2.0 0
1345.0 1436 1380 2 1 2.0 0
1346.0 1437 1381 2 1 2.0 0
1347.0 1438 1382 2 1 2.0 0
1348.0 1439 1383 2 1 2.0 0
1349.0 1440 1384 2 1 2.0 0
1350.0 1441 1385 2 1 2.0 0
1351.0 1442 1386 2 1 2.0 0
1352.0 1443 1387 2 1 2.0 0
1353.0 1444 1388 2 1 2.0 0
1354.0 1445 1389 2 1 2.0 0
1355.0 1446 1390 2 1 2.0 0
1356.0 1447 1391 2 1 2.0 0
1357.0 1448 1392 2 1 2.0 0
1358.0 1449 1393 2 1 2.0 0
1359.0 1450 1394 2 1 2.0 0
1360.0 1451 1395 2 1 2.0 0
1361.0 1452 1396 2 1 2.0 0
1362.0 1453 1397 2 1 2.0 0
1363.0 1454 1398 2 1 2.0 0
1364.0 1455 1399 2 1 2.0 0
1365.0 1456 1400 2 1 2.0 0
1366.0 1457 1401 2 1 2.0 0
1367.0 1458 1402 2 1 2.0 0
1368.0 1459 1403 2 1 2.0 0
1369.0 1460 1404 2 1 2.0 0
1370.0 1461 1405 2 1 2.0 0
1371.0 1462 1406 2 1 2.0 0
1372.0 1463 1407 2 1 2.0 0
1373.0 1464 1409 2 1 2.0 0
1374.0 1465 1409 0 0 NaN 0
1375.0 1466 1410 2 1 2.0 0
1376.0 1467 1411 2 1 2.0 0
1377.0 1468 1412 2 1 2.0 0
1378.0 1469 1413 2 1 2.0 0
1379.0 1470 1414 2 1 2.0 0
1380.0 1471 0 2 1 2.0 0
1380000 CUPupdateMessage Sent 
1381.0 1472 1411 8 1 8.0 16119
1382.0 1473 1412 2 1 2.0 0
1383.0 1474 1413 2 1 2.0 0
1384.0 1475 1414 2 1 2.0 0
1385.0 1476 1415 2 1 2.0 0
1386.0 1477 1416 2 1 2.0 0
1387.0 1478 1417 2 1 2.0 0
1388.0 1479 1418 2 1 2.0 0
1389.0 1480 1419 2 1 2.0 0
1390.0 1481 1420 2 1 2.0 0
1391.0 1482 1421 2 1 2.0 0
1392.0 1483 1422 2 1 2.0 0
1393.0 1484 1423 2 1 2.0 0
1394.0 1485 1424 2 1 2.0 0
1395.0 1486 1425 2 1 2.0 0
1396.0 1487 1426 2 1 2.0 0
1397.0 1488 1427 2 1 2.0 0
1398.0 1489 1428 2 1 2.0 0
1399.0 1490 1429 2 1 2.0 0
1400.0 1491 1430 2 1 2.0 0
1401.0 1492 1431 2 1 2.0 0
1402.0 1493 1432 2 1 2.0 0
1403.0 1494 1433 2 1 2.0 0
1404.0 1495 1434 2 1 2.0 0
1405.0 1496 1435 2 1 2.0 0
1406.0 1497 1436 2 1 2.0 0
1407.0 1498 1437 2 1 2.0 0
1408.0 1499 1438 2 1 2.0 0
1409.0 1500 1439 2 1 2.0 0
1410.0 1501 1440 2 1 2.0 0
1411.0 1502 1441 2 1 2.0 0
1412.0 1503 1442 2 1 2.0 0
1413.0 1504 1443 2 1 2.0 0
1414.0 1505 1444 2 1 2.0 0
1415.0 1506 1445 2 1 2.0 0
1416.0 1507 1446 2 1 2.0 0
1417.0 1508 1447 2 1 2.0 0
1418.0 1509 1448 2 1 2.0 0
1419.0 1510 1449 2 1 2.0 0
1420.0 1511 1450 2 1 2.0 0
1421.0 1512 1451 2 1 2.0 0
1422.0 1513 1452 2 1 2.0 0
1423.0 1514 1453 2 1 2.0 0
1424.0 1515 1454 2 1 2.0 0
1425.0 1516 1455 2 1 2.0 0
1426.0 1517 1456 2 1 2.0 0
1427.0 1518 1457 2 1 2.0 0
1428.0 1519 1458 2 1 2.0 0
1429.0 1520 1459 2 1 2.0 0
1430.0 1521 1460 2 1 2.0 0
1431.0 1522 1461 2 1 2.0 0
1432.0 1523 1462 2 1 2.0 0
1433.0 1524 1463 2 1 2.0 0
1434.0 1525 1464 2 1 2.0 0
1435.0 1526 1465 2 1 2.0 0
1436.0 1527 1466 2 1 2.0 0
1437.0 1528 1467 2 1 2.0 0
1438.0 1529 1468 2 1 2.0 0
1439.0 1530 1469 2 1 2.0 0
1440.0 1531 0 2 1 2.0 0
1440000 CUPupdateMessage Sent 
1441.0 1532 1471 12 1 12.0 16816
1442.0 1533 1472 2 1 2.0 0
1443.0 1534 1473 2 1 2.0 0
1444.0 1535 1474 2 1 2.0 0
1445.0 1536 1475 2 1 2.0 0
1446.0 1537 1476 2 1 2.0 0
1447.0 1538 1477 2 1 2.0 0
1448.0 1539 1478 2 1 2.0 0
1449.0 1540 1479 2 1 2.0 0
1450.0 1541 1480 2 1 2.0 0
1451.0 1542 1481 2 1 2.0 0
1452.0 1543 1482 2 1 2.0 0
1453.0 1544 1483 2 1 2.0 0
1454.0 1545 1484 2 1 2.0 0
1455.0 1546 1485 2 1 2.0 0
1456.0 1547 1486 2 1 2.0 0
1457.0 1548 1487 2 1 2.0 0
1458.0 1549 1488 2 1 2.0 0
1459.0 1550 1489 2 1 2.0 0
1460.0 1551 1490 2 1 2.0 0
1461.0 1552 1491 2 1 2.0 0
1462.0 1553 1492 2 1 2.0 0
1463.0 1554 1493 2 1 2.0 0
1464.0 1555 1494 2 1 2.0 0
1465.0 1556 1495 2 1 2.0 0
1466.0 1557 1496 2 1 2.0 0
1467.0 1558 1497 2 1 2.0 0
1468.0 1559 1498 2 1 2.0 0
1469.0 1560 1499 2 1 2.0 0
1470.0 1561 1500 2 1 2.0 0
1471.0 1562 1501 2 1 2.0 0
1472.0 1563 1502 2 1 2.0 0
1473.0 1564 1503 2 1 2.0 0
1474.0 1565 1504 2 1 2.0 0
1475.0 1566 1505 2 1 2.0 0
1476.0 1567 1506 2 1 2.0 0
1477.0 1568 1507 2 1 2.0 0
1478.0 1569 1508 2 1 2.0 0
1479.0 1570 1509 2 1 2.0 0
1480.0 1571 1510 2 1 2.0 0
1481.0 1572 1511 2 1 2.0 0
1482.0 1573 1512 2 1 2.0 0
1483.0 1574 1513 2 1 2.0 0
1484.0 1575 1514 2 1 2.0 0
1485.0 1576 1515 2 1 2.0 0
1486.0 1577 1516 2 1 2.0 0
1487.0 1578 1517 2 1 2.0 0
1488.0 1579 1518 2 1 2.0 0
1489.0 1580 1519 2 1 2.0 0
1490.0 1581 1520 2 1 2.0 0
1491.0 1582 1521 2 1 2.0 0
1492.0 1583 1522 2 1 2.0 0
1493.0 1584 1523 2 1 2.0 0
1494.0 1585 1524 2 1 2.0 0
1495.0 1586 1525 2 1 2.0 0
1496.0 1587 1526 2 1 2.0 0
1497.0 1588 1527 2 1 2.0 0
1498.0 1589 1528 2 1 2.0 0
1499.0 1590 1529 2 1 2.0 0
1500.0 1591 0 2 1 2.0 0
1500000 CUPupdateMessage Sent 
1501.0 1592 1531 14 1 14.0 17354
1502.0 1593 1532 2 1 2.0 0
1503.0 1594 1533 2 1 2.0 0
1504.0 1595 1534 2 1 2.0 0
1505.0 1596 1535 2 1 2.0 0
1506.0 1597 1536 2 1 2.0 0
1507.0 1598 1537 2 1 2.0 0
1508.0 1599 1538 2 1 2.0 0
1509.0 1600 1539 2 1 2.0 0
1510.0 1601 1540 2 1 2.0 0
1511.0 1602 1541 2 1 2.0 0
1512.0 1603 1542 2 1 2.0 0
1513.0 1604 1543 2 1 2.0 0
1514.0 1605 1544 2 1 2.0 0
1515.0 1606 1545 2 1 2.0 0
1516.0 1607 1546 2 1 2.0 0
1517.0 1608 1547 2 1 2.0 0
1518.0 1609 1548 2 1 2.0 0
1519.0 1610 1549 2 1 2.0 0
1520.0 1611 1550 2 1 2.0 0
1521.0 1612 1551 2 1 2.0 0
1522.0 1613 1552 2 1 2.0 0
1523.0 1614 1553 2 1 2.0 0
1524.0 1615 1554 2 1 2.0 0
1525.0 1616 1555 2 1 2.0 0
1526.0 1617 1556 2 1 2.0 0
1527.0 1618 1557 2 1 2.0 0
1528.0 1619 1558 2 1 2.0 0
1529.0 1620 1559 2 1 2.0 0
1530.0 1621 1560 2 1 2.0 0
1531.0 1622 1561 2 1 2.0 0
1532.0 1623 1562 2 1 2.0 0
1533.0 1624 1563 2 1 2.0 0
1534.0 1625 1564 2 1 2.0 0
1535.0 1626 1565 2 1 2.0 0
1536.0 1627 1566 2 1 2.0 0
1537.0 1628 1567 2 1 2.0 0
1538.0 1629 1568 2 1 2.0 0
1539.0 1630 1569 2 1 2.0 0
1540.0 1631 1570 2 1 2.0 0
1541.0 1632 1571 2 1 2.0 0
1542.0 1633 1572 2 1 2.0 0
1543.0 1634 1573 2 1 2.0 0
1544.0 1635 1574 2 1 2.0 0
1545.0 1636 1575 2 1 2.0 0
1546.0 1637 1576 2 1 2.0 0
1547.0 1638 1577 2 1 2.0 0
1548.0 1639 1578 2 1 2.0 0
1549.0 1640 1579 2 1 2.0 0
1550.0 1641 1580 2 1 2.0 0
1551.0 1642 1581 2 1 2.0 0
1552.0 1643 1582 2 1 2.0 0
1553.0 1644 1583 2 1 2.0 0
1554.0 1645 1584 2 1 2.0 0
1555.0 1646 1585 2 1 2.0 0
1556.0 1647 1586 2 1 2.0 0
1557.0 1648 1587 2 1 2.0 0
1558.0 1649 1588 2 1 2.0 0
1559.0 1650 1589 2 1 2.0 0
1560.0 1651 0 2 1 2.0 0
1560000 CUPupdateMessage Sent 
1561.0 1652 1591 12 1 12.0 18067
1562.0 1653 1592 2 1 2.0 0
1563.0 1654 1593 2 1 2.0 0
1564.0 1655 1594 2 1 2.0 0
1565.0 1656 1595 2 1 2.0 0
1566.0 1657 1596 2 1 2.0 0
1567.0 1658 1597 2 1 2.0 0
1568.0 1659 1598 2 1 2.0 0
1569.0 1660 1599 2 1 2.0 0
1570.0 1661 1600 2 1 2.0 0
1571.0 1662 1601 2 1 2.0 0
1572.0 1663 1602 2 1 2.0 0
1573.0 1664 1603 2 1 2.0 0
1574.0 1665 1604 2 1 2.0 0
1575.0 1666 1605 2 1 2.0 0
1576.0 1667 1606 2 1 2.0 0
1577.0 1668 1607 2 1 2.0 0
1578.0 1669 1608 2 1 2.0 0
1579.0 1670 1609 2 1 2.0 0
1580.0 1671 1610 2 1 2.0 0
1581.0 1672 1611 2 1 2.0 0
1582.0 1673 1612 2 1 2.0 0
1583.0 1674 1613 2 1 2.0 0
1584.0 1675 1614 2 1 2.0 0
1585.0 1676 1615 2 1 2.0 0
1586.0 1677 1616 2 1 2.0 0
1587.0 1678 1617 2 1 2.0 0
1588.0 1679 1618 2 1 2.0 0
1589.0 1680 1619 2 1 2.0 0
1590.0 1681 1620 2 1 2.0 0
1591.0 1682 1621 2 1 2.0 0
1592.0 1683 1622 2 1 2.0 0
1593.0 1684 1623 2 1 2.0 0
1594.0 1685 1624 2 1 2.0 0
1595.0 1686 1625 2 1 2.0 0
1596.0 1687 1626 2 1 2.0 0
1597.0 1688 1627 2 1 2.0 0
1598.0 1689 1628 2 1 2.0 0
1599.0 1690 1629 2 1 2.0 0
1600.0 1691 1630 2 1 2.0 0
1601.0 1692 1631 2 1 2.0 0
1602.0 1693 1632 2 1 2.0 0
1603.0 1694 1633 2 1 2.0 0
1604.0 1695 1634 2 1 2.0 0
1605.0 1696 1635 2 1 2.0 0
1606.0 1697 1636 2 1 2.0 0
1607.0 1698 1637 2 1 2.0 0
1608.0 1699 1638 2 1 2.0 0
1609.0 1700 1639 2 1 2.0 0
1610.0 1701 1640 2 1 2.0 0
1611.0 1702 1641 2 1 2.0 0
1612.0 1703 1642 2 1 2.0 0
1613.0 1704 1643 2 1 2.0 0
1614.0 1705 1644 2 1 2.0 0
1615.0 1706 1645 2 1 2.0 0
1616.0 1707 1646 2 1 2.0 0
1617.0 1708 1647 2 1 2.0 0
1618.0 1709 1648 2 1 2.0 0
1619.0 1710 1649 2 1 2.0 0
1620.0 1711 0 2 1 2.0 0
1620000 CUPupdateMessage Sent 
1621.0 1712 1651 12 1 12.0 18589
1622.0 1713 1652 2 1 2.0 0
1623.0 1714 1653 2 1 2.0 0
1624.0 1715 1654 2 1 2.0 0
1625.0 1716 1655 2 1 2.0 0
1626.0 1717 1656 2 1 2.0 0
1627.0 1718 1657 2 1 2.0 0
1628.0 1719 1658 2 1 2.0 0
1629.0 1720 1659 2 1 2.0 0
1630.0 1721 1660 2 1 2.0 0
1631.0 1722 1661 2 1 2.0 0
1632.0 1723 1662 2 1 2.0 0
1633.0 1724 1663 2 1 2.0 0
1634.0 1725 1664 2 1 2.0 0
1635.0 1726 1665 2 1 2.0 0
1636.0 1727 1666 2 1 2.0 0
1637.0 1728 1667 2 1 2.0 0
1638.0 1729 1668 2 1 2.0 0
1639.0 1730 1669 2 1 2.0 0
1640.0 1731 1670 2 1 2.0 0
1641.0 1732 1671 2 1 2.0 0
1642.0 1733 1672 2 1 2.0 0
1643.0 1734 1673 2 1 2.0 0
1644.0 1735 1674 2 1 2.0 0
1645.0 1736 1675 2 1 2.0 0
1646.0 1737 1676 2 1 2.0 0
1647.0 1738 1677 2 1 2.0 0
1648.0 1739 1678 2 1 2.0 0
1649.0 1740 1679 2 1 2.0 0
1650.0 1741 1680 2 1 2.0 0
1651.0 1742 1681 2 1 2.0 0
1652.0 1743 1682 2 1 2.0 0
1653.0 1744 1683 2 1 2.0 0
1654.0 1745 1684 2 1 2.0 0
1655.0 1746 1685 2 1 2.0 0
1656.0 1747 1687 4 1 4.0 0
1657.0 1748 1688 2 1 2.0 0
1658.0 1749 1689 2 1 2.0 0
1659.0 1750 1690 2 1 2.0 0
1660.0 1751 1691 2 1 2.0 0
1661.0 1752 1692 2 1 2.0 0
1662.0 1753 1693 2 1 2.0 0
1663.0 1754 1694 2 1 2.0 0
1664.0 1755 1695 2 1 2.0 0
1665.0 1756 1696 2 1 2.0 0
1666.0 1757 1697 2 1 2.0 0
1667.0 1758 1698 2 1 2.0 0
1668.0 1759 1699 2 1 2.0 0
1669.0 1760 1700 2 1 2.0 0
1670.0 1761 1701 2 1 2.0 0
1671.0 1762 1702 2 1 2.0 0
1672.0 1763 1703 2 1 2.0 0
1673.0 1764 1704 2 1 2.0 0
1674.0 1765 1706 4 1 4.0 0
1675.0 1766 1707 2 1 2.0 0
1676.0 1767 1708 2 1 2.0 0
1677.0 1768 1709 2 1 2.0 0
1678.0 1769 1710 2 1 2.0 0
1679.0 1770 1711 2 1 2.0 0
1680.0 1771 0 2 1 2.0 0
1680000 CUPupdateMessage Sent 
1681.0 1772 1713 12 1 12.0 19194
1682.0 1773 1714 2 1 2.0 0
1683.0 1774 1715 2 1 2.0 0
1684.0 1775 1716 2 1 2.0 0
1685.0 1776 1717 2 1 2.0 0
1686.0 1777 1718 2 1 2.0 0
1687.0 1778 1719 2 1 2.0 0
1688.0 1779 1720 2 1 2.0 0
1689.0 1780 1721 2 1 2.0 0
1690.0 1781 1722 2 1 2.0 0
1691.0 1782 1723 2 1 2.0 0
1692.0 1783 1724 2 1 2.0 0
1693.0 1784 1725 2 1 2.0 0
1694.0 1785 1728 6 1 6.0 0
1695.0 1786 1729 2 1 2.0 0
1696.0 1787 1730 2 1 2.0 0
1697.0 1788 1731 2 1 2.0 0
1698.0 1789 1732 2 1 2.0 0
1699.0 1790 1733 2 1 2.0 0
1700.0 1791 1734 2 1 2.0 0
1701.0 1792 1735 2 1 2.0 0
1702.0 1793 1736 2 1 2.0 0
1703.0 1794 1737 2 1 2.0 0
1704.0 1795 1738 2 1 2.0 0
1705.0 1796 1739 2 1 2.0 0
1706.0 1797 1740 2 1 2.0 0
1707.0 1798 1741 2 1 2.0 0
1708.0 1799 1742 2 1 2.0 0
1709.0 1800 1743 2 1 2.0 0
1710.0 1801 1744 2 1 2.0 0
1711.0 1802 1745 2 1 2.0 0
1712.0 1803 1746 2 1 2.0 0
1713.0 1804 1747 2 1 2.0 0
1714.0 1805 1748 2 1 2.0 0
1715.0 1806 1749 2 1 2.0 0
1716.0 1807 1750 2 1 2.0 0
1717.0 1808 1751 2 1 2.0 0
1718.0 1809 1752 2 1 2.0 0
1719.0 1810 1753 2 1 2.0 0
1720.0 1811 1754 2 1 2.0 0
1721.0 1812 1755 2 1 2.0 0
1722.0 1813 1756 2 1 2.0 0
1723.0 1814 1757 2 1 2.0 0
1724.0 1815 1758 2 1 2.0 0
1725.0 1816 1759 2 1 2.0 0
1726.0 1817 1760 2 1 2.0 0
1727.0 1818 1761 2 1 2.0 0
1728.0 1819 1762 2 1 2.0 0
1729.0 1820 1763 2 1 2.0 0
1730.0 1821 1764 2 1 2.0 0
1731.0 1822 1765 2 1 2.0 0
1732.0 1823 1766 2 1 2.0 0
1733.0 1824 1767 2 1 2.0 0
1734.0 1825 1768 2 1 2.0 0
1735.0 1826 1769 2 1 2.0 0
1736.0 1827 1770 2 1 2.0 0
1737.0 1828 1771 2 1 2.0 0
1738.0 1829 1772 2 1 2.0 0
1739.0 1830 1773 2 1 2.0 0
1740.0 1831 0 2 1 2.0 0
1740000 CUPupdateMessage Sent 
1741.0 1832 1777 14 1 14.0 19735
1742.0 1833 1778 2 1 2.0 0
1743.0 1834 1779 2 1 2.0 0
1744.0 1835 1780 2 1 2.0 0
1745.0 1836 1781 2 1 2.0 0
1746.0 1837 1782 2 1 2.0 0
1747.0 1838 1783 2 1 2.0 0
1748.0 1839 1784 2 1 2.0 0
1749.0 1840 1785 2 1 2.0 0
1750.0 1841 1786 2 1 2.0 0
1751.0 1842 1787 2 1 2.0 0
1752.0 1843 1788 2 1 2.0 0
1753.0 1844 1789 2 1 2.0 0
1754.0 1845 1790 2 1 2.0 0
1755.0 1846 1791 2 1 2.0 0
1756.0 1847 1792 2 1 2.0 0
1757.0 1848 1793 2 1 2.0 0
1758.0 1849 1794 2 1 2.0 0
1759.0 1850 1795 2 1 2.0 0
1760.0 1851 1796 2 1 2.0 0
1761.0 1852 1797 2 1 2.0 0
1762.0 1853 1798 2 1 2.0 0
1763.0 1854 1799 2 1 2.0 0
1764.0 1855 1800 2 1 2.0 0
1765.0 1856 1801 2 1 2.0 0
1766.0 1857 1802 2 1 2.0 0
1767.0 1858 1803 2 1 2.0 0
1768.0 1859 1804 2 1 2.0 0
1769.0 1860 1805 2 1 2.0 0
1770.0 1861 1806 2 1 2.0 0
1771.0 1862 1807 2 1 2.0 0
1772.0 1863 1808 2 1 2.0 0
1773.0 1864 1809 2 1 2.0 0
1774.0 1865 1810 2 1 2.0 0
1775.0 1866 1811 2 1 2.0 0
1776.0 1867 1812 2 1 2.0 0
1777.0 1868 1813 2 1 2.0 0
1778.0 1869 1814 2 1 2.0 0
1779.0 1870 1815 2 1 2.0 0
1780.0 1871 1816 2 1 2.0 0
1781.0 1872 1817 2 1 2.0 0
1782.0 1873 1818 2 1 2.0 0
1783.0 1874 1819 2 1 2.0 0
1784.0 1875 1820 2 1 2.0 0
1785.0 1876 1821 2 1 2.0 0
1786.0 1877 1822 2 1 2.0 0
1787.0 1878 1823 2 1 2.0 0
1788.0 1879 1824 2 1 2.0 0
1789.0 1880 1825 2 1 2.0 0
1790.0 1881 1826 2 1 2.0 0
1791.0 1882 1827 2 1 2.0 0
1792.0 1883 1828 2 1 2.0 0
1793.0 1884 1829 2 1 2.0 0
1794.0 1885 1830 2 1 2.0 0
1795.0 1886 1831 2 1 2.0 0
1796.0 1887 1832 2 1 2.0 0
1797.0 1888 1833 2 1 2.0 0
1798.0 1889 1834 2 1 2.0 0
1799.0 1890 1835 2 1 2.0 0
1800.0 1891 0 2 1 2.0 0
1800000 CUPupdateMessage Sent 
1801.0 1892 1837 12 1 12.0 21809
1802.0 1893 1838 2 1 2.0 0
1803.0 1894 1839 2 1 2.0 0
1804.0 1895 1840 2 1 2.0 0
1805.0 1896 1841 2 1 2.0 0
1806.0 1897 1842 2 1 2.0 0
1807.0 1898 1843 2 1 2.0 0
1808.0 1899 1844 2 1 2.0 0
1809.0 1900 1845 2 1 2.0 0
1810.0 1901 1846 2 1 2.0 0
1811.0 1902 1847 2 1 2.0 0
1812.0 1903 1848 2 1 2.0 0
1813.0 1904 1849 2 1 2.0 0
1814.0 1905 1850 2 1 2.0 0
1815.0 1906 1851 2 1 2.0 0
1816.0 1907 1852 2 1 2.0 0
1817.0 1908 1853 2 1 2.0 0
1818.0 1909 1854 2 1 2.0 0
1819.0 1910 1855 2 1 2.0 0
1820.0 1911 1856 2 1 2.0 0
1821.0 1912 1857 2 1 2.0 0
1822.0 1913 1858 2 1 2.0 0
1823.0 1914 1859 2 1 2.0 0
1824.0 1915 1860 2 1 2.0 0
1825.0 1916 1861 2 1 2.0 0
1826.0 1917 1862 2 1 2.0 0
1827.0 1918 1863 2 1 2.0 0
1828.0 1919 1864 2 1 2.0 0
1829.0 1920 1865 2 1 2.0 0
1830.0 1921 1866 2 1 2.0 0
1831.0 1922 1867 2 1 2.0 0
1832.0 1923 1868 2 1 2.0 0
1833.0 1924 1869 2 1 2.0 0
1834.0 1925 1870 2 1 2.0 0
1835.0 1926 1871 2 1 2.0 0
1836.0 1927 1872 2 1 2.0 0
1837.0 1928 1873 2 1 2.0 0
1838.0 1929 1874 2 1 2.0 0
1839.0 1930 1875 2 1 2.0 0
1840.0 1931 1876 2 1 2.0 0
1841.0 1932 1877 2 1 2.0 0
1842.0 1933 1878 2 1 2.0 0
1843.0 1934 1879 2 1 2.0 0
1844.0 1935 1880 2 1 2.0 0
1845.0 1936 1881 2 1 2.0 0
1846.0 1937 1882 2 1 2.0 0
1847.0 1938 1883 2 1 2.0 0
1848.0 1939 1884 2 1 2.0 0
1849.0 1940 1885 2 1 2.0 0
1850.0 1941 1886 2 1 2.0 0
1851.0 1942 1887 2 1 2.0 0
1852.0 1943 1888 2 1 2.0 0
1853.0 1944 1889 2 1 2.0 0
1854.0 1945 1890 2 1 2.0 0
1855.0 1946 1891 2 1 2.0 0
1856.0 1947 1892 2 1 2.0 0
1857.0 1948 1893 2 1 2.0 0
1858.0 1949 1894 2 1 2.0 0
1859.0 1950 1895 2 1 2.0 0
1860.0 1951 0 2 1 2.0 0
1860000 CUPupdateMessage Sent 
1861.0 1952 1897 14 1 14.0 22366
1862.0 1953 1898 2 1 2.0 0
1863.0 1954 1899 2 1 2.0 0
1864.0 1955 1900 2 1 2.0 0
1865.0 1956 1901 2 1 2.0 0
1866.0 1957 1902 2 1 2.0 0
1867.0 1958 1903 2 1 2.0 0
1868.0 1959 1904 2 1 2.0 0
1869.0 1960 1905 2 1 2.0 0
1870.0 1961 1906 2 1 2.0 0
1871.0 1962 1907 2 1 2.0 0
1872.0 1963 1908 2 1 2.0 0
1873.0 1964 1909 2 1 2.0 0
1874.0 1965 1910 2 1 2.0 0
1875.0 1966 1911 2 1 2.0 0
1876.0 1967 1912 2 1 2.0 0
1877.0 1968 1913 2 1 2.0 0
1878.0 1969 1914 2 1 2.0 0
1879.0 1970 1915 2 1 2.0 0
1880.0 1971 1916 2 1 2.0 0
1881.0 1972 1917 2 1 2.0 0
1882.0 1973 1918 2 1 2.0 0
1883.0 1974 1919 2 1 2.0 0
1884.0 1975 1920 2 1 2.0 0
1885.0 1976 1921 2 1 2.0 0
1886.0 1977 1922 2 1 2.0 0
1887.0 1978 1923 2 1 2.0 0
1888.0 1979 1924 2 1 2.0 0
1889.0 1980 1925 2 1 2.0 0
1890.0 1981 1926 2 1 2.0 0
1891.0 1982 1927 2 1 2.0 0
1892.0 1983 1928 2 1 2.0 0
1893.0 1984 1929 2 1 2.0 0
1894.0 1985 1930 2 1 2.0 0
1895.0 1986 1931 2 1 2.0 0
1896.0 1987 1932 2 1 2.0 0
1897.0 1988 1933 2 1 2.0 0
1898.0 1989 1934 2 1 2.0 0
1899.0 1990 1935 2 1 2.0 0
1900.0 1991 1936 2 1 2.0 0
1901.0 1992 1937 2 1 2.0 0
1902.0 1993 1938 2 1 2.0 0
1903.0 1994 1939 2 1 2.0 0
1904.0 1995 1940 2 1 2.0 0
1905.0 1996 1941 2 1 2.0 0
1906.0 1997 1942 2 1 2.0 0
1907.0 1998 1943 2 1 2.0 0
1908.0 1999 1944 2 1 2.0 0
1909.0 2000 1945 2 1 2.0 0
1910.0 2001 1946 2 1 2.0 0
1911.0 2002 1947 2 1 2.0 0
1912.0 2003 1948 2 1 2.0 0
1913.0 2004 1949 2 1 2.0 0
1914.0 2005 1950 2 1 2.0 0
1915.0 2006 1951 2 1 2.0 0
1916.0 2007 1952 2 1 2.0 0
1917.0 2008 1953 2 1 2.0 0
1918.0 2009 1954 2 1 2.0 0
1919.0 2010 1955 2 1 2.0 0
1920.0 2011 0 2 1 2.0 0
1920000 CUPupdateMessage Sent 
1921.0 2012 1957 10 1 10.0 22944
1922.0 2013 1958 2 1 2.0 0
1923.0 2014 1959 2 1 2.0 0
1924.0 2015 1960 2 1 2.0 0
1925.0 2016 1961 2 1 2.0 0
1926.0 2017 1962 2 1 2.0 0
1927.0 2018 1963 2 1 2.0 0
1928.0 2019 1964 2 1 2.0 0
1929.0 2020 1965 2 1 2.0 0
1930.0 2021 1966 2 1 2.0 0
1931.0 2022 1967 2 1 2.0 0
1932.0 2023 1968 2 1 2.0 0
1933.0 2024 1969 2 1 2.0 0
1934.0 2025 1970 2 1 2.0 0
1935.0 2026 1971 2 1 2.0 0
1936.0 2027 1972 2 1 2.0 0
1937.0 2028 1973 2 1 2.0 0
1938.0 2029 1974 2 1 2.0 0
1939.0 2030 1975 2 1 2.0 0
1940.0 2031 1976 2 1 2.0 0
1941.0 2032 1977 2 1 2.0 0
1942.0 2033 1978 2 1 2.0 0
1943.0 2034 1979 2 1 2.0 0
1944.0 2035 1980 2 1 2.0 0
1945.0 2036 1981 2 1 2.0 0
1946.0 2037 1982 2 1 2.0 0
1947.0 2038 1983 2 1 2.0 0
1948.0 2039 1984 2 1 2.0 0
1949.0 2040 1985 2 1 2.0 0
1950.0 2041 1986 2 1 2.0 0
1951.0 2042 1987 2 1 2.0 0
1952.0 2043 1988 2 1 2.0 0
1953.0 2044 1989 2 1 2.0 0
1954.0 2045 1990 2 1 2.0 0
1955.0 2046 1991 2 1 2.0 0
1956.0 2047 1992 2 1 2.0 0
1957.0 2048 1993 2 1 2.0 0
1958.0 2049 1994 2 1 2.0 0
1959.0 2050 1995 2 1 2.0 0
1960.0 2051 1996 2 1 2.0 0
1961.0 2052 1997 2 1 2.0 0
1962.0 2053 1998 2 1 2.0 0
1963.0 2054 1999 2 1 2.0 0
1964.0 2055 2000 2 1 2.0 0
1965.0 2056 2001 2 1 2.0 0
1966.0 2057 2002 2 1 2.0 0
1967.0 2058 2003 2 1 2.0 0
1968.0 2059 2004 2 1 2.0 0
1969.0 2060 2005 2 1 2.0 0
1970.0 2061 2006 2 1 2.0 0
1971.0 2062 2007 2 1 2.0 0
1972.0 2063 2008 2 1 2.0 0
1973.0 2064 2009 2 1 2.0 0
1974.0 2065 2010 2 1 2.0 0
1975.0 2066 2011 2 1 2.0 0
1976.0 2067 2012 2 1 2.0 0
1977.0 2068 2013 2 1 2.0 0
1978.0 2069 2014 2 1 2.0 0
1979.0 2070 2015 2 1 2.0 0
1980.0 2071 0 2 1 2.0 0
1980000 CUPupdateMessage Sent 
1981.0 2072 2017 12 1 12.0 23498
1982.0 2073 2018 2 1 2.0 0
1983.0 2074 2019 2 1 2.0 0
1984.0 2075 2020 2 1 2.0 0
1985.0 2076 2021 2 1 2.0 0
1986.0 2077 2022 2 1 2.0 0
1987.0 2078 2023 2 1 2.0 0
1988.0 2079 2024 2 1 2.0 0
1989.0 2080 2025 2 1 2.0 0
1990.0 2081 2026 2 1 2.0 0
1991.0 2082 2027 2 1 2.0 0
1992.0 2083 2028 2 1 2.0 0
1993.0 2084 2029 2 1 2.0 0
1994.0 2085 2030 2 1 2.0 0
1995.0 2086 2031 2 1 2.0 0
1996.0 2087 2032 2 1 2.0 0
1997.0 2088 2033 2 1 2.0 0
1998.0 2089 2034 2 1 2.0 0
1999.0 2090 2035 2 1 2.0 0
2000.0 2091 2036 2 1 2.0 0
2001.0 2092 2037 2 1 2.0 0
2002.0 2093 2038 2 1 2.0 0
2003.0 2094 2039 2 1 2.0 0
2004.0 2095 2040 2 1 2.0 0
2005.0 2096 2041 2 1 2.0 0
2006.0 2097 2042 2 1 2.0 0
2007.0 2098 2043 2 1 2.0 0
2008.0 2099 2044 2 1 2.0 0
2009.0 2100 2045 2 1 2.0 0
2010.0 2101 2046 2 1 2.0 0
2011.0 2102 2047 2 1 2.0 0
2012.0 2103 2048 2 1 2.0 0
2013.0 2104 2049 2 1 2.0 0
2014.0 2105 2050 2 1 2.0 0
2015.0 2106 2051 2 1 2.0 0
2016.0 2107 2052 2 1 2.0 0
2017.0 2108 2053 2 1 2.0 0
2018.0 2109 2054 2 1 2.0 0
2019.0 2110 2055 2 1 2.0 0
2020.0 2111 2056 2 1 2.0 0
2021.0 2112 2057 2 1 2.0 0
2022.0 2113 2058 2 1 2.0 0
2023.0 2114 2059 2 1 2.0 0
2024.0 2115 2060 2 1 2.0 0
2025.0 2116 2061 2 1 2.0 0
2026.0 2117 2062 2 1 2.0 0
2027.0 2118 2063 2 1 2.0 0
2028.0 2119 2064 2 1 2.0 0
2029.0 2120 2065 2 1 2.0 0
2030.0 2121 2066 2 1 2.0 0
2031.0 2122 2067 2 1 2.0 0
2032.0 2123 2068 2 1 2.0 0
2033.0 2124 2069 2 1 2.0 0
2034.0 2125 2070 2 1 2.0 0
2035.0 2126 2071 2 1 2.0 0
2036.0 2127 2072 2 1 2.0 0
2037.0 2128 2073 2 1 2.0 0
2038.0 2129 2074 2 1 2.0 0
2039.0 2130 2075 2 1 2.0 0
2040.0 2131 0 2 1 2.0 0
2040000 CUPupdateMessage Sent 
2041.0 2132 2077 10 1 10.0 24004
2042.0 2133 2078 2 1 2.0 0
2043.0 2134 2079 2 1 2.0 0
2044.0 2135 2080 2 1 2.0 0
2045.0 2136 2081 2 1 2.0 0
2046.0 2137 2082 2 1 2.0 0
2047.0 2138 2083 2 1 2.0 0
2048.0 2139 2084 2 1 2.0 0
2049.0 2140 2085 2 1 2.0 0
2050.0 2141 2086 2 1 2.0 0
2051.0 2142 2087 2 1 2.0 0
2052.0 2143 2088 2 1 2.0 0
2053.0 2144 2089 2 1 2.0 0
2054.0 2145 2090 2 1 2.0 0
2055.0 2146 2091 2 1 2.0 0
2056.0 2147 2092 2 1 2.0 0
2057.0 2148 2093 2 1 2.0 0
2058.0 2149 2094 2 1 2.0 0
2059.0 2150 2095 2 1 2.0 0
2060.0 2151 2096 2 1 2.0 0
2061.0 2152 2097 2 1 2.0 0
2062.0 2153 2098 2 1 2.0 0
2063.0 2154 2099 2 1 2.0 0
2064.0 2155 2100 2 1 2.0 0
2065.0 2156 2101 2 1 2.0 0
2066.0 2157 2102 2 1 2.0 0
2067.0 2158 2103 2 1 2.0 0
2068.0 2159 2104 2 1 2.0 0
2069.0 2160 2105 2 1 2.0 0
2070.0 2161 2106 2 1 2.0 0
2071.0 2162 2107 2 1 2.0 0
2072.0 2163 2108 2 1 2.0 0
2073.0 2164 2109 2 1 2.0 0
2074.0 2165 2110 2 1 2.0 0
2075.0 2166 2111 2 1 2.0 0
2076.0 2167 2112 2 1 2.0 0
2077.0 2168 2113 2 1 2.0 0
2078.0 2169 2114 2 1 2.0 0
2079.0 2170 2115 2 1 2.0 0
2080.0 2171 2116 2 1 2.0 0
2081.0 2172 2117 2 1 2.0 0
2082.0 2173 2118 2 1 2.0 0
2083.0 2174 2119 2 1 2.0 0
2084.0 2175 2120 2 1 2.0 0
2085.0 2176 2121 2 1 2.0 0
2086.0 2177 2122 2 1 2.0 0
2087.0 2178 2123 2 1 2.0 0
2088.0 2179 2124 2 1 2.0 0
2089.0 2180 2125 2 1 2.0 0
2090.0 2181 2126 2 1 2.0 0
2091.0 2182 2127 2 1 2.0 0
2092.0 2183 2128 2 1 2.0 0
2093.0 2184 2129 2 1 2.0 0
2094.0 2185 2130 2 1 2.0 0
2095.0 2186 2131 2 1 2.0 0
2096.0 2187 2132 2 1 2.0 0
2097.0 2188 2133 2 1 2.0 0
2098.0 2189 2134 2 1 2.0 0
2099.0 2190 2135 2 1 2.0 0
2100.0 2191 0 2 1 2.0 0
2100000 CUPupdateMessage Sent 
2101.0 2192 2137 10 1 10.0 25365
2102.0 2193 2138 2 1 2.0 0
2103.0 2194 2139 2 1 2.0 0
2104.0 2195 2140 2 1 2.0 0
2105.0 2196 2141 2 1 2.0 0
2106.0 2197 2142 2 1 2.0 0
2107.0 2198 2143 2 1 2.0 0
2108.0 2199 2144 2 1 2.0 0
2109.0 2200 2145 2 1 2.0 0
2110.0 2201 2146 2 1 2.0 0
2111.0 2202 2147 2 1 2.0 0
2112.0 2203 2148 2 1 2.0 0
2113.0 2204 2149 2 1 2.0 0
2114.0 2205 2150 2 1 2.0 0
2115.0 2206 2151 2 1 2.0 0
2116.0 2207 2152 2 1 2.0 0
2117.0 2208 2153 2 1 2.0 0
2118.0 2209 2154 2 1 2.0 0
2119.0 2210 2155 2 1 2.0 0
2120.0 2211 2156 2 1 2.0 0
2121.0 2212 2157 2 1 2.0 0
2122.0 2213 2158 2 1 2.0 0
2123.0 2214 2159 2 1 2.0 0
2124.0 2215 2160 2 1 2.0 0
2125.0 2216 2161 2 1 2.0 0
2126.0 2217 2162 2 1 2.0 0
2127.0 2218 2163 2 1 2.0 0
2128.0 2219 2164 2 1 2.0 0
2129.0 2220 2165 2 1 2.0 0
2130.0 2221 2166 2 1 2.0 0
2131.0 2222 2167 2 1 2.0 0
2132.0 2223 2168 2 1 2.0 0
2133.0 2224 2169 2 1 2.0 0
2134.0 2225 2170 2 1 2.0 0
2135.0 2226 2171 2 1 2.0 0
2136.0 2227 2172 2 1 2.0 0
2137.0 2228 2173 2 1 2.0 0
2138.0 2229 2174 2 1 2.0 0
2139.0 2230 2175 2 1 2.0 0
2140.0 2231 2176 2 1 2.0 0
2141.0 2232 2177 2 1 2.0 0
2142.0 2233 2178 2 1 2.0 0
2143.0 2234 2179 2 1 2.0 0
2144.0 2235 2180 2 1 2.0 0
2145.0 2236 2181 2 1 2.0 0
2146.0 2237 2182 2 1 2.0 0
2147.0 2238 2183 2 1 2.0 0
2148.0 2239 2184 2 1 2.0 0
2149.0 2240 2185 2 1 2.0 0
2150.0 2241 2186 2 1 2.0 0
2151.0 2242 2187 2 1 2.0 0
2152.0 2243 2188 2 1 2.0 0
2153.0 2244 2189 2 1 2.0 0
2154.0 2245 2190 2 1 2.0 0
2155.0 2246 2191 2 1 2.0 0
2156.0 2247 2192 2 1 2.0 0
2157.0 2248 2193 2 1 2.0 0
2158.0 2249 2194 2 1 2.0 0
2159.0 2250 2195 2 1 2.0 0
2160.0 2251 0 2 1 2.0 0
2160000 CUPupdateMessage Sent 
2161.0 2252 2197 6 1 6.0 25872
2162.0 2253 2198 2 1 2.0 0
2163.0 2254 2199 2 1 2.0 0
2164.0 2255 2200 2 1 2.0 0
2165.0 2256 2201 2 1 2.0 0
2166.0 2257 2202 2 1 2.0 0
2167.0 2258 2203 2 1 2.0 0
2168.0 2259 2204 2 1 2.0 0
2169.0 2260 2205 2 1 2.0 0
2170.0 2261 2206 2 1 2.0 0
2171.0 2262 2207 2 1 2.0 0
2172.0 2263 2208 2 1 2.0 0
2173.0 2264 2209 2 1 2.0 0
2174.0 2265 2210 2 1 2.0 0
2175.0 2266 2211 2 1 2.0 0
2176.0 2267 2212 2 1 2.0 0
2177.0 2268 2213 2 1 2.0 0
2178.0 2269 2214 2 1 2.0 0
2179.0 2270 2215 2 1 2.0 0
2180.0 2271 2216 2 1 2.0 0
2181.0 2272 2217 2 1 2.0 0
2182.0 2273 2218 2 1 2.0 0
2183.0 2274 2219 2 1 2.0 0
2184.0 2275 2220 2 1 2.0 0
2185.0 2276 2221 2 1 2.0 0
2186.0 2277 2222 2 1 2.0 0
2187.0 2278 2223 2 1 2.0 0
2188.0 2279 2224 2 1 2.0 0
2189.0 2280 2225 2 1 2.0 0
2190.0 2281 2226 2 1 2.0 0
2191.0 2282 2227 2 1 2.0 0
2192.0 2283 2228 2 1 2.0 0
2193.0 2284 2229 2 1 2.0 0
2194.0 2285 2230 2 1 2.0 0
2195.0 2286 2231 2 1 2.0 0
2196.0 2287 2232 2 1 2.0 0
2197.0 2288 2233 2 1 2.0 0
2198.0 2289 2234 2 1 2.0 0
2199.0 2290 2235 2 1 2.0 0
2200.0 2291 2236 2 1 2.0 0
2201.0 2292 2237 2 1 2.0 0
2202.0 2293 2238 2 1 2.0 0
2203.0 2294 2239 2 1 2.0 0
2204.0 2295 2240 2 1 2.0 0
2205.0 2296 2241 2 1 2.0 0
2206.0 2297 2242 2 1 2.0 0
2207.0 2298 2243 2 1 2.0 0
2208.0 2299 2244 2 1 2.0 0
2209.0 2300 2245 2 1 2.0 0
2210.0 2301 2246 2 1 2.0 0
2211.0 2302 2247 2 1 2.0 0
2212.0 2303 2248 2 1 2.0 0
2213.0 2304 2249 2 1 2.0 0
2214.0 2305 2250 2 1 2.0 0
2215.0 2306 2251 2 1 2.0 0
2216.0 2307 2252 2 1 2.0 0
2217.0 2308 2253 2 1 2.0 0
2218.0 2309 2254 2 1 2.0 0
2219.0 2310 2255 2 1 2.0 0
2220.0 2311 0 2 1 2.0 0
2220000 CUPupdateMessage Sent 
2221.0 2312 2257 6 1 6.0 26351
2222.0 2313 2258 2 1 2.0 0
2223.0 2314 2259 2 1 2.0 0
2224.0 2315 2260 2 1 2.0 0
2225.0 2316 2261 2 1 2.0 0
2226.0 2317 2262 2 1 2.0 0
2227.0 2318 2263 2 1 2.0 0
2228.0 2319 2264 2 1 2.0 0
2229.0 2320 2265 2 1 2.0 0
2230.0 2321 2266 2 1 2.0 0
2231.0 2322 2267 2 1 2.0 0
2232.0 2323 2268 2 1 2.0 0
2233.0 2324 2269 2 1 2.0 0
2234.0 2325 2270 2 1 2.0 0
2235.0 2326 2271 2 1 2.0 0
2236.0 2327 2272 2 1 2.0 0
2237.0 2328 2273 2 1 2.0 0
2238.0 2329 2274 2 1 2.0 0
2239.0 2330 2275 2 1 2.0 0
2240.0 2331 2276 2 1 2.0 0
2241.0 2332 2277 2 1 2.0 0
2242.0 2333 2278 2 1 2.0 0
2243.0 2334 2279 2 1 2.0 0
2244.0 2335 2280 2 1 2.0 0
2245.0 2336 2281 2 1 2.0 0
2246.0 2337 2282 2 1 2.0 0
2247.0 2338 2283 2 1 2.0 0
2248.0 2339 2284 2 1 2.0 0
2249.0 2340 2285 2 1 2.0 0
2250.0 2341 2286 2 1 2.0 0
2251.0 2342 2287 2 1 2.0 0
2252.0 2343 2288 2 1 2.0 0
2253.0 2344 2289 2 1 2.0 0
2254.0 2345 2290 2 1 2.0 0
2255.0 2346 2291 2 1 2.0 0
2256.0 2347 2292 2 1 2.0 0
2257.0 2348 2293 2 1 2.0 0
2258.0 2349 2294 2 1 2.0 0
2259.0 2350 2295 2 1 2.0 0
2260.0 2351 2296 2 1 2.0 0
2261.0 2352 2297 2 1 2.0 0
2262.0 2353 2298 2 1 2.0 0
2263.0 2354 2299 2 1 2.0 0
2264.0 2355 2300 2 1 2.0 0
2265.0 2356 2301 2 1 2.0 0
2266.0 2357 2302 2 1 2.0 0
2267.0 2358 2303 2 1 2.0 0
2268.0 2359 2304 2 1 2.0 0
2269.0 2360 2305 2 1 2.0 0
2270.0 2361 2306 2 1 2.0 0
2271.0 2362 2307 2 1 2.0 0
2272.0 2363 2308 2 1 2.0 0
2273.0 2364 2309 2 1 2.0 0
2274.0 2365 2310 2 1 2.0 0
2275.0 2366 2311 2 1 2.0 0
2276.0 2367 2312 2 1 2.0 0
2277.0 2368 2313 2 1 2.0 0
2278.0 2369 2314 2 1 2.0 0
2279.0 2370 2315 2 1 2.0 0
2280.0 2371 0 2 1 2.0 0
2280000 CUPupdateMessage Sent 
2281.0 2372 2317 12 1 12.0 26980
2282.0 2373 2318 2 1 2.0 0
2283.0 2374 2319 2 1 2.0 0
2284.0 2375 2320 2 1 2.0 0
2285.0 2376 2321 2 1 2.0 0
2286.0 2377 2322 2 1 2.0 0
2287.0 2378 2323 2 1 2.0 0
2288.0 2379 2324 2 1 2.0 0
2289.0 2380 2325 2 1 2.0 0
2290.0 2381 2326 2 1 2.0 0
2291.0 2382 2327 2 1 2.0 0
2292.0 2383 2328 2 1 2.0 0
2293.0 2384 2329 2 1 2.0 0
2294.0 2385 2330 2 1 2.0 0
2295.0 2386 2331 2 1 2.0 0
2296.0 2387 2332 2 1 2.0 0
2297.0 2388 2333 2 1 2.0 0
2298.0 2389 2334 2 1 2.0 0
2299.0 2390 2335 2 1 2.0 0
2300.0 2391 2336 2 1 2.0 0
2301.0 2392 2337 2 1 2.0 0
2302.0 2393 2338 2 1 2.0 0
2303.0 2394 2339 2 1 2.0 0
2304.0 2395 2340 2 1 2.0 0
2305.0 2396 2341 2 1 2.0 0
2306.0 2397 2342 2 1 2.0 0
2307.0 2398 2343 2 1 2.0 0
2308.0 2399 2344 2 1 2.0 0
2309.0 2400 2345 2 1 2.0 0
2310.0 2401 2346 2 1 2.0 0
2311.0 2402 2347 2 1 2.0 0
2312.0 2403 2348 2 1 2.0 0
2313.0 2404 2349 2 1 2.0 0
2314.0 2405 2350 2 1 2.0 0
2315.0 2406 2351 2 1 2.0 0
2316.0 2407 2352 2 1 2.0 0
2317.0 2408 2353 2 1 2.0 0
2318.0 2409 2354 2 1 2.0 0
2319.0 2410 2355 2 1 2.0 0
2320.0 2411 2356 2 1 2.0 0
2321.0 2412 2357 2 1 2.0 0
2322.0 2413 2358 2 1 2.0 0
2323.0 2414 2359 2 1 2.0 0
2324.0 2415 2360 2 1 2.0 0
2325.0 2416 2361 2 1 2.0 0
2326.0 2417 2362 2 1 2.0 0
2327.0 2418 2363 2 1 2.0 0
2328.0 2419 2364 2 1 2.0 0
2329.0 2420 2365 2 1 2.0 0
2330.0 2421 2366 2 1 2.0 0
2331.0 2422 2367 2 1 2.0 0
2332.0 2423 2368 2 1 2.0 0
2333.0 2424 2369 2 1 2.0 0
2334.0 2425 2370 2 1 2.0 0
2335.0 2426 2371 2 1 2.0 0
2336.0 2427 2372 2 1 2.0 0
2337.0 2428 2373 2 1 2.0 0
2338.0 2429 2374 2 1 2.0 0
2339.0 2430 2375 2 1 2.0 0
2340.0 2431 0 2 1 2.0 0
2340000 CUPupdateMessage Sent 
2341.0 2432 2377 10 1 10.0 27440
2342.0 2433 2378 2 1 2.0 0
2343.0 2434 2379 2 1 2.0 0
2344.0 2435 2380 2 1 2.0 0
2345.0 2436 2381 2 1 2.0 0
2346.0 2437 2382 2 1 2.0 0
2347.0 2438 2383 2 1 2.0 0
2348.0 2439 2384 2 1 2.0 0
2349.0 2440 2385 2 1 2.0 0
2350.0 2441 2386 2 1 2.0 0
2351.0 2442 2387 2 1 2.0 0
2352.0 2443 2388 2 1 2.0 0
2353.0 2444 2389 2 1 2.0 0
2354.0 2445 2390 2 1 2.0 0
2355.0 2446 2391 2 1 2.0 0
2356.0 2447 2392 2 1 2.0 0
2357.0 2448 2393 2 1 2.0 0
2358.0 2449 2394 2 1 2.0 0
2359.0 2450 2395 2 1 2.0 0
2360.0 2451 2396 2 1 2.0 0
2361.0 2452 2397 2 1 2.0 0
2362.0 2453 2398 2 1 2.0 0
2363.0 2454 2399 2 1 2.0 0
2364.0 2455 2400 2 1 2.0 0
2365.0 2456 2401 2 1 2.0 0
2366.0 2457 2402 2 1 2.0 0
2367.0 2458 2403 2 1 2.0 0
2368.0 2459 2404 2 1 2.0 0
2369.0 2460 2405 2 1 2.0 0
2370.0 2461 2406 2 1 2.0 0
2371.0 2462 2407 2 1 2.0 0
2372.0 2463 2408 2 1 2.0 0
2373.0 2464 2409 2 1 2.0 0
2374.0 2465 2410 2 1 2.0 0
2375.0 2466 2411 2 1 2.0 0
2376.0 2467 2412 2 1 2.0 0
2377.0 2468 2413 2 1 2.0 0
2378.0 2469 2414 2 1 2.0 0
2379.0 2470 2415 2 1 2.0 0
2380.0 2471 2416 2 1 2.0 0
2381.0 2472 2417 2 1 2.0 0
2382.0 2473 2418 2 1 2.0 0
2383.0 2474 2419 2 1 2.0 0
2384.0 2475 2420 2 1 2.0 0
2385.0 2476 2421 2 1 2.0 0
2386.0 2477 2422 2 1 2.0 0
2387.0 2478 2423 2 1 2.0 0
2388.0 2479 2424 2 1 2.0 0
2389.0 2480 2425 2 1 2.0 0
2390.0 2481 2426 2 1 2.0 0
2391.0 2482 2427 2 1 2.0 0
2392.0 2483 2428 2 1 2.0 0
2393.0 2484 2429 2 1 2.0 0
2394.0 2485 2430 2 1 2.0 0
2395.0 2486 2431 2 1 2.0 0
2396.0 2487 2432 2 1 2.0 0
2397.0 2488 2433 2 1 2.0 0
2398.0 2489 2434 2 1 2.0 0
2399.0 2490 2435 2 1 2.0 0
2400.0 2491 0 2 1 2.0 0
2400000 CUPupdateMessage Sent 
2401.0 2492 2437 6 1 6.0 27933
2402.0 2493 2438 2 1 2.0 0
2403.0 2494 2439 2 1 2.0 0
2404.0 2495 2440 2 1 2.0 0
2405.0 2496 2441 2 1 2.0 0
2406.0 2497 2442 2 1 2.0 0
2407.0 2498 2443 2 1 2.0 0
2408.0 2499 2444 2 1 2.0 0
2409.0 2500 2445 2 1 2.0 0
2410.0 2501 2446 2 1 2.0 0
2411.0 2502 2447 2 1 2.0 0
2412.0 2503 2448 2 1 2.0 0
2413.0 2504 2449 2 1 2.0 0
2414.0 2505 2450 2 1 2.0 0
2415.0 2506 2451 2 1 2.0 0
2416.0 2507 2452 2 1 2.0 0
2417.0 2508 2453 2 1 2.0 0
2418.0 2509 2454 2 1 2.0 0
2419.0 2510 2455 2 1 2.0 0
2420.0 2511 2456 2 1 2.0 0
2421.0 2512 2457 2 1 2.0 0
2422.0 2513 2458 2 1 2.0 0
2423.0 2514 2459 2 1 2.0 0
2424.0 2515 2460 2 1 2.0 0
2425.0 2516 2461 2 1 2.0 0
2426.0 2517 2462 2 1 2.0 0
2427.0 2518 2463 2 1 2.0 0
2428.0 2519 2464 2 1 2.0 0
2429.0 2520 2465 2 1 2.0 0
2430.0 2521 2466 2 1 2.0 0
2431.0 2522 2467 2 1 2.0 0
2432.0 2523 2468 2 1 2.0 0
2433.0 2524 2469 2 1 2.0 0
2434.0 2525 2470 2 1 2.0 0
2435.0 2526 2471 2 1 2.0 0
2436.0 2527 2472 2 1 2.0 0
2437.0 2528 2473 2 1 2.0 0
2438.0 2529 2474 2 1 2.0 0
2439.0 2530 2475 2 1 2.0 0
2440.0 2531 2476 2 1 2.0 0
2441.0 2532 2477 2 1 2.0 0
2442.0 2533 2478 2 1 2.0 0
2443.0 2534 2479 2 1 2.0 0
2444.0 2535 2480 2 1 2.0 0
2445.0 2536 2481 2 1 2.0 0
2446.0 2537 2482 2 1 2.0 0
2447.0 2538 2483 2 1 2.0 0
2448.0 2539 2484 2 1 2.0 0
2449.0 2540 2485 2 1 2.0 0
2450.0 2541 2486 2 1 2.0 0
2451.0 2542 2487 2 1 2.0 0
2452.0 2543 2488 2 1 2.0 0
2453.0 2544 2489 2 1 2.0 0
2454.0 2545 2490 2 1 2.0 0
2455.0 2546 2491 2 1 2.0 0
2456.0 2547 2492 2 1 2.0 0
2457.0 2548 2493 2 1 2.0 0
2458.0 2549 2494 2 1 2.0 0
2459.0 2550 2495 2 1 2.0 0
2460.0 2551 0 2 1 2.0 0
2460000 CUPupdateMessage Sent 
2461.0 2552 2497 12 1 12.0 28360
2462.0 2553 2498 2 1 2.0 0
2463.0 2554 2499 2 1 2.0 0
2464.0 2555 2500 2 1 2.0 0
2465.0 2556 2501 2 1 2.0 0
2466.0 2557 2502 2 1 2.0 0
2467.0 2558 2503 2 1 2.0 0
2468.0 2559 2504 2 1 2.0 0
2469.0 2560 2505 2 1 2.0 0
2470.0 2561 2506 2 1 2.0 0
2471.0 2562 2507 2 1 2.0 0
2472.0 2563 2508 2 1 2.0 0
2473.0 2564 2509 2 1 2.0 0
2474.0 2565 2510 2 1 2.0 0
2475.0 2566 2511 2 1 2.0 0
2476.0 2567 2512 2 1 2.0 0
2477.0 2568 2513 2 1 2.0 0
2478.0 2569 2514 2 1 2.0 0
2479.0 2570 2515 2 1 2.0 0
2480.0 2571 2516 2 1 2.0 0
2481.0 2572 2517 2 1 2.0 0
2482.0 2573 2518 2 1 2.0 0
2483.0 2574 2519 2 1 2.0 0
2484.0 2575 2520 2 1 2.0 0
2485.0 2576 2521 2 1 2.0 0
2486.0 2577 2522 2 1 2.0 0
2487.0 2578 2523 2 1 2.0 0
2488.0 2579 2524 2 1 2.0 0
2489.0 2580 2525 2 1 2.0 0
2490.0 2581 2526 2 1 2.0 0
2491.0 2582 2527 2 1 2.0 0
2492.0 2583 2528 2 1 2.0 0
2493.0 2584 2529 2 1 2.0 0
2494.0 2585 2530 2 1 2.0 0
2495.0 2586 2531 2 1 2.0 0
2496.0 2587 2532 2 1 2.0 0
2497.0 2588 2533 2 1 2.0 0
2498.0 2589 2534 2 1 2.0 0
2499.0 2590 2535 2 1 2.0 0
2500.0 2591 2536 2 1 2.0 0
2501.0 2592 2537 2 1 2.0 0
2502.0 2593 2538 2 1 2.0 0
2503.0 2594 2539 2 1 2.0 0
2504.0 2595 2540 2 1 2.0 0
2505.0 2596 2541 2 1 2.0 0
2506.0 2597 2542 2 1 2.0 0
2507.0 2598 2543 2 1 2.0 0
2508.0 2599 2544 2 1 2.0 0
2509.0 2600 2545 2 1 2.0 0
2510.0 2601 2546 2 1 2.0 0
2511.0 2602 2547 2 1 2.0 0
2512.0 2603 2549 2 1 2.0 0
2513.0 2604 2549 0 0 NaN 0
2514.0 2605 2550 2 1 2.0 0
2515.0 2606 2551 2 1 2.0 0
2516.0 2607 2552 2 1 2.0 0
2517.0 2608 2553 2 1 2.0 0
2518.0 2609 2554 2 1 2.0 0
2519.0 2610 2555 2 1 2.0 0
2520.0 2611 0 2 1 2.0 0
2520000 CUPupdateMessage Sent 
2521.0 2612 2556 8 1 8.0 28751
2522.0 2613 2557 2 1 2.0 0
2523.0 2614 2558 2 1 2.0 0
2524.0 2615 2559 2 1 2.0 0
2525.0 2616 2560 2 1 2.0 0
2526.0 2617 2561 2 1 2.0 0
2527.0 2618 2562 2 1 2.0 0
2528.0 2619 2563 2 1 2.0 0
2529.0 2620 2564 2 1 2.0 0
2530.0 2621 2565 2 1 2.0 0
2531.0 2622 2566 2 1 2.0 0
2532.0 2623 2567 2 1 2.0 0
2533.0 2624 2568 2 1 2.0 0
2534.0 2625 2569 2 1 2.0 0
2535.0 2626 2570 2 1 2.0 0
2536.0 2627 2571 2 1 2.0 0
2537.0 2628 2572 2 1 2.0 0
2538.0 2629 2573 2 1 2.0 0
2539.0 2630 2574 2 1 2.0 0
2540.0 2631 2575 2 1 2.0 0
2541.0 2632 2576 2 1 2.0 0
2542.0 2633 2577 2 1 2.0 0
2543.0 2634 2578 2 1 2.0 0
2544.0 2635 2579 2 1 2.0 0
2545.0 2636 2580 2 1 2.0 0
2546.0 2637 2581 2 1 2.0 0
2547.0 2638 2582 2 1 2.0 0
2548.0 2639 2583 2 1 2.0 0
2549.0 2640 2584 2 1 2.0 0
2550.0 2641 2585 2 1 2.0 0
2551.0 2642 2586 2 1 2.0 0
2552.0 2643 2587 2 1 2.0 0
2553.0 2644 2588 2 1 2.0 0
2554.0 2645 2589 2 1 2.0 0
2555.0 2646 2590 2 1 2.0 0
2556.0 2647 2591 2 1 2.0 0
2557.0 2648 2592 2 1 2.0 0
2558.0 2649 2593 2 1 2.0 0
2559.0 2650 2594 2 1 2.0 0
2560.0 2651 2595 2 1 2.0 0
2561.0 2652 2596 2 1 2.0 0
2562.0 2653 2597 2 1 2.0 0
2563.0 2654 2598 2 1 2.0 0
2564.0 2655 2599 2 1 2.0 0
2565.0 2656 2600 2 1 2.0 0
2566.0 2657 2601 2 1 2.0 0
2567.0 2658 2602 2 1 2.0 0
2568.0 2659 2603 2 1 2.0 0
2569.0 2660 2604 2 1 2.0 0
2570.0 2661 2605 2 1 2.0 0
2571.0 2662 2606 2 1 2.0 0
2572.0 2663 2607 2 1 2.0 0
2573.0 2664 2608 2 1 2.0 0
2574.0 2665 2609 2 1 2.0 0
2575.0 2666 2610 2 1 2.0 0
2576.0 2667 2611 2 1 2.0 0
2577.0 2668 2612 2 1 2.0 0
2578.0 2669 2613 2 1 2.0 0
2579.0 2670 2614 2 1 2.0 0
2580.0 2671 0 2 1 2.0 0
2580000 CUPupdateMessage Sent 
2581.0 2672 2616 14 1 14.0 29645
2582.0 2673 2617 2 1 2.0 0
2583.0 2674 2618 2 1 2.0 0
2584.0 2675 2619 2 1 2.0 0
2585.0 2676 2620 2 1 2.0 0
2586.0 2677 2621 2 1 2.0 0
2587.0 2678 2622 2 1 2.0 0
2588.0 2679 2623 2 1 2.0 0
2589.0 2680 2624 2 1 2.0 0
2590.0 2681 2625 2 1 2.0 0
2591.0 2682 2626 2 1 2.0 0
2592.0 2683 2627 2 1 2.0 0
2593.0 2684 2628 2 1 2.0 0
2594.0 2685 2629 2 1 2.0 0
2595.0 2686 2630 2 1 2.0 0
2596.0 2687 2631 2 1 2.0 0
2597.0 2688 2632 2 1 2.0 0
2598.0 2689 2633 2 1 2.0 0
2599.0 2690 2634 2 1 2.0 0
2600.0 2691 2635 2 1 2.0 0
2601.0 2692 2636 2 1 2.0 0
2602.0 2693 2637 2 1 2.0 0
2603.0 2694 2638 2 1 2.0 0
2604.0 2695 2639 2 1 2.0 0
2605.0 2696 2640 2 1 2.0 0
2606.0 2697 2641 2 1 2.0 0
2607.0 2698 2642 2 1 2.0 0
2608.0 2699 2643 2 1 2.0 0
2609.0 2700 2644 2 1 2.0 0
2610.0 2701 2645 2 1 2.0 0
2611.0 2702 2646 2 1 2.0 0
2612.0 2703 2647 2 1 2.0 0
2613.0 2704 2648 2 1 2.0 0
2614.0 2705 2649 2 1 2.0 0
2615.0 2706 2650 2 1 2.0 0
2616.0 2707 2651 2 1 2.0 0
2617.0 2708 2652 2 1 2.0 0
2618.0 2709 2653 2 1 2.0 0
2619.0 2710 2654 2 1 2.0 0
2620.0 2711 2655 2 1 2.0 0
2621.0 2712 2656 2 1 2.0 0
2622.0 2713 2657 2 1 2.0 0
2623.0 2714 2658 2 1 2.0 0
2624.0 2715 2659 2 1 2.0 0
2625.0 2716 2660 2 1 2.0 0
2626.0 2717 2661 2 1 2.0 0
2627.0 2718 2662 2 1 2.0 0
2628.0 2719 2663 2 1 2.0 0
2629.0 2720 2664 2 1 2.0 0
2630.0 2721 2665 2 1 2.0 0
2631.0 2722 2666 2 1 2.0 0
2632.0 2723 2667 2 1 2.0 0
2633.0 2724 2668 2 1 2.0 0
2634.0 2725 2669 2 1 2.0 0
2635.0 2726 2670 2 1 2.0 0
2636.0 2727 2671 2 1 2.0 0
2637.0 2728 2672 2 1 2.0 0
2638.0 2729 2673 2 1 2.0 0
2639.0 2730 2674 2 1 2.0 0
2640.0 2731 0 2 1 2.0 0
2640000 CUPupdateMessage Sent 
2641.0 2732 2676 10 1 10.0 31243
2642.0 2733 2677 2 1 2.0 0
2643.0 2734 2678 2 1 2.0 0
2644.0 2735 2679 2 1 2.0 0
2645.0 2736 2680 2 1 2.0 0
2646.0 2737 2681 2 1 2.0 0
2647.0 2738 2682 2 1 2.0 0
2648.0 2739 2683 2 1 2.0 0
2649.0 2740 2684 2 1 2.0 0
2650.0 2741 2685 2 1 2.0 0
2651.0 2742 2686 2 1 2.0 0
2652.0 2743 2687 2 1 2.0 0
2653.0 2744 2688 2 1 2.0 0
2654.0 2745 2689 2 1 2.0 0
2655.0 2746 2690 2 1 2.0 0
2656.0 2747 2691 2 1 2.0 0
2657.0 2748 2692 2 1 2.0 0
2658.0 2749 2693 2 1 2.0 0
2659.0 2750 2694 2 1 2.0 0
2660.0 2751 2695 2 1 2.0 0
2661.0 2752 2696 2 1 2.0 0
2662.0 2753 2697 2 1 2.0 0
2663.0 2754 2698 2 1 2.0 0
2664.0 2755 2699 2 1 2.0 0
2665.0 2756 2700 2 1 2.0 0
2666.0 2757 2701 2 1 2.0 0
2667.0 2758 2702 2 1 2.0 0
2668.0 2759 2703 2 1 2.0 0
2669.0 2760 2704 2 1 2.0 0
2670.0 2761 2705 2 1 2.0 0
2671.0 2762 2706 2 1 2.0 0
2672.0 2763 2707 2 1 2.0 0
2673.0 2764 2708 2 1 2.0 0
2674.0 2765 2709 2 1 2.0 0
2675.0 2766 2710 2 1 2.0 0
2676.0 2767 2711 2 1 2.0 0
2677.0 2768 2712 2 1 2.0 0
2678.0 2769 2713 2 1 2.0 0
2679.0 2770 2714 2 1 2.0 0
2680.0 2771 2715 2 1 2.0 0
2681.0 2772 2716 2 1 2.0 0
2682.0 2773 2717 2 1 2.0 0
2683.0 2774 2718 2 1 2.0 0
2684.0 2775 2719 2 1 2.0 0
2685.0 2776 2720 2 1 2.0 0
2686.0 2777 2721 2 1 2.0 0
2687.0 2778 2722 2 1 2.0 0
2688.0 2779 2723 2 1 2.0 0
2689.0 2780 2724 2 1 2.0 0
2690.0 2781 2725 2 1 2.0 0
2691.0 2782 2726 2 1 2.0 0
2692.0 2783 2727 2 1 2.0 0
2693.0 2784 2728 2 1 2.0 0
2694.0 2785 2729 2 1 2.0 0
2695.0 2786 2730 2 1 2.0 0
2696.0 2787 2731 2 1 2.0 0
2697.0 2788 2732 2 1 2.0 0
2698.0 2789 2733 2 1 2.0 0
2699.0 2790 2734 2 1 2.0 0
2700.0 2791 0 2 1 2.0 0
2700000 CUPupdateMessage Sent 
2701.0 2792 2736 10 1 10.0 36460
2702.0 2793 2737 2 1 2.0 0
2703.0 2794 2738 2 1 2.0 0
2704.0 2795 2739 2 1 2.0 0
2705.0 2796 2740 2 1 2.0 0
2706.0 2797 2741 2 1 2.0 0
2707.0 2798 2742 2 1 2.0 0
2708.0 2799 2743 2 1 2.0 0
2709.0 2800 2744 2 1 2.0 0
2710.0 2801 2745 2 1 2.0 0
2711.0 2802 2746 2 1 2.0 0
2712.0 2803 2747 2 1 2.0 0
2713.0 2804 2748 2 1 2.0 0
2714.0 2805 2749 2 1 2.0 0
2715.0 2806 2750 2 1 2.0 0
2716.0 2807 2751 2 1 2.0 0
2717.0 2808 2752 2 1 2.0 0
2718.0 2809 2753 2 1 2.0 0
2719.0 2810 2754 2 1 2.0 0
2720.0 2811 2755 2 1 2.0 0
2721.0 2812 2756 2 1 2.0 0
2722.0 2813 2757 2 1 2.0 0
2723.0 2814 2758 2 1 2.0 0
2724.0 2815 2759 2 1 2.0 0
2725.0 2816 2760 2 1 2.0 0
2726.0 2817 2761 2 1 2.0 0
2727.0 2818 2762 2 1 2.0 0
2728.0 2819 2763 2 1 2.0 0
2729.0 2820 2764 2 1 2.0 0
2730.0 2821 2765 2 1 2.0 0
2731.0 2822 2766 2 1 2.0 0
2732.0 2823 2767 2 1 2.0 0
2733.0 2824 2768 2 1 2.0 0
2734.0 2825 2769 2 1 2.0 0
2735.0 2826 2770 2 1 2.0 0
2736.0 2827 2771 2 1 2.0 0
2737.0 2828 2772 2 1 2.0 0
2738.0 2829 2773 2 1 2.0 0
2739.0 2830 2774 2 1 2.0 0
2740.0 2831 2775 2 1 2.0 0
2741.0 2832 2776 2 1 2.0 0
2742.0 2833 2777 2 1 2.0 0
2743.0 2834 2778 2 1 2.0 0
2744.0 2835 2779 2 1 2.0 0
2745.0 2836 2780 2 1 2.0 0
2746.0 2837 2781 2 1 2.0 0
2747.0 2838 2782 2 1 2.0 0
2748.0 2839 2783 2 1 2.0 0
2749.0 2840 2784 2 1 2.0 0
2750.0 2841 2785 2 1 2.0 0
2751.0 2842 2786 2 1 2.0 0
2752.0 2843 2787 2 1 2.0 0
2753.0 2844 2788 2 1 2.0 0
2754.0 2845 2789 2 1 2.0 0
2755.0 2846 2790 2 1 2.0 0
2756.0 2847 2791 2 1 2.0 0
2757.0 2848 2792 2 1 2.0 0
2758.0 2849 2793 2 1 2.0 0
2759.0 2850 2794 2 1 2.0 0
2760.0 2851 0 2 1 2.0 0
2760000 CUPupdateMessage Sent 
2761.0 2852 2796 4 1 4.0 36957
2762.0 2853 2797 2 1 2.0 0
2763.0 2854 2798 2 1 2.0 0
2764.0 2855 2799 2 1 2.0 0
2765.0 2856 2800 2 1 2.0 0
2766.0 2857 2801 2 1 2.0 0
2767.0 2858 2802 2 1 2.0 0
2768.0 2859 2803 2 1 2.0 0
2769.0 2860 2804 2 1 2.0 0
2770.0 2861 2805 2 1 2.0 0
2771.0 2862 2806 2 1 2.0 0
2772.0 2863 2807 2 1 2.0 0
2773.0 2864 2808 2 1 2.0 0
2774.0 2865 2809 2 1 2.0 0
2775.0 2866 2810 2 1 2.0 0
2776.0 2867 2811 2 1 2.0 0
2777.0 2868 2812 2 1 2.0 0
2778.0 2869 2813 2 1 2.0 0
2779.0 2870 2814 2 1 2.0 0
2780.0 2871 2815 2 1 2.0 0
2781.0 2872 2816 2 1 2.0 0
2782.0 2873 2817 2 1 2.0 0
2783.0 2874 2818 2 1 2.0 0
2784.0 2875 2819 2 1 2.0 0
2785.0 2876 2820 2 1 2.0 0
2786.0 2877 2821 2 1 2.0 0
2787.0 2878 2822 2 1 2.0 0
2788.0 2879 2823 2 1 2.0 0
2789.0 2880 2824 2 1 2.0 0
2790.0 2881 2825 2 1 2.0 0
2791.0 2882 2826 2 1 2.0 0
2792.0 2883 2827 2 1 2.0 0
2793.0 2884 2828 2 1 2.0 0
2794.0 2885 2829 2 1 2.0 0
2795.0 2886 2830 2 1 2.0 0
2796.0 2887 2831 2 1 2.0 0
2797.0 2888 2832 2 1 2.0 0
2798.0 2889 2833 2 1 2.0 0
2799.0 2890 2834 2 1 2.0 0
2800.0 2891 2835 2 1 2.0 0
2801.0 2892 2836 2 1 2.0 0
2802.0 2893 2837 2 1 2.0 0
2803.0 2894 2838 2 1 2.0 0
2804.0 2895 2839 2 1 2.0 0
2805.0 2896 2840 2 1 2.0 0
2806.0 2897 2841 2 1 2.0 0
2807.0 2898 2842 2 1 2.0 0
2808.0 2899 2843 2 1 2.0 0
2809.0 2900 2844 2 1 2.0 0
2810.0 2901 2845 2 1 2.0 0
2811.0 2902 2846 2 1 2.0 0
2812.0 2903 2847 2 1 2.0 0
2813.0 2904 2848 2 1 2.0 0
2814.0 2905 2849 2 1 2.0 0
2815.0 2906 2850 2 1 2.0 0
2816.0 2907 2851 2 1 2.0 0
2817.0 2908 2852 2 1 2.0 0
2818.0 2909 2853 2 1 2.0 0
2819.0 2910 2854 2 1 2.0 0
2820.0 2911 0 2 1 2.0 0
2820000 CUPupdateMessage Sent 
2821.0 2912 2856 6 1 6.0 37420
2822.0 2913 2857 2 1 2.0 0
2823.0 2914 2858 2 1 2.0 0
2824.0 2915 2859 2 1 2.0 0
2825.0 2916 2860 2 1 2.0 0
2826.0 2917 2861 2 1 2.0 0
2827.0 2918 2862 2 1 2.0 0
2828.0 2919 2863 2 1 2.0 0
2829.0 2920 2864 2 1 2.0 0
2830.0 2921 2865 2 1 2.0 0
2831.0 2922 2866 2 1 2.0 0
2832.0 2923 2867 2 1 2.0 0
2833.0 2924 2868 2 1 2.0 0
2834.0 2925 2869 2 1 2.0 0
2835.0 2926 2870 2 1 2.0 0
2836.0 2927 2871 2 1 2.0 0
2837.0 2928 2872 2 1 2.0 0
2838.0 2929 2873 2 1 2.0 0
2839.0 2930 2874 2 1 2.0 0
2840.0 2931 2875 2 1 2.0 0
2841.0 2932 2876 2 1 2.0 0
2842.0 2933 2877 2 1 2.0 0
2843.0 2934 2878 2 1 2.0 0
2844.0 2935 2879 2 1 2.0 0
2845.0 2936 2880 2 1 2.0 0
2846.0 2937 2881 2 1 2.0 0
2847.0 2938 2882 2 1 2.0 0
2848.0 2939 2883 2 1 2.0 0
2849.0 2940 2884 2 1 2.0 0
2850.0 2941 2885 2 1 2.0 0
2851.0 2942 2886 2 1 2.0 0
2852.0 2943 2887 2 1 2.0 0
2853.0 2944 2888 2 1 2.0 0
2854.0 2945 2889 2 1 2.0 0
2855.0 2946 2890 2 1 2.0 0
2856.0 2947 2891 2 1 2.0 0
2857.0 2948 2892 2 1 2.0 0
2858.0 2949 2893 2 1 2.0 0
2859.0 2950 2894 2 1 2.0 0
2860.0 2951 2895 2 1 2.0 0
2861.0 2952 2896 2 1 2.0 0
2862.0 2953 2897 2 1 2.0 0
2863.0 2954 2898 2 1 2.0 0
2864.0 2955 2899 2 1 2.0 0
2865.0 2956 2900 2 1 2.0 0
2866.0 2957 2901 2 1 2.0 0
2867.0 2958 2902 2 1 2.0 0
2868.0 2959 2903 2 1 2.0 0
2869.0 2960 2904 2 1 2.0 0
2870.0 2961 2905 2 1 2.0 0
2871.0 2962 2906 2 1 2.0 0
2872.0 2963 2907 2 1 2.0 0
2873.0 2964 2908 2 1 2.0 0
2874.0 2965 2909 2 1 2.0 0
2875.0 2966 2910 2 1 2.0 0
2876.0 2967 2911 2 1 2.0 0
2877.0 2968 2912 2 1 2.0 0
2878.0 2969 2913 2 1 2.0 0
2879.0 2970 2914 2 1 2.0 0
2880.0 2971 0 2 1 2.0 0
2880000 CUPupdateMessage Sent 
2881.0 2972 2916 8 1 8.0 37939
2882.0 2973 2917 2 1 2.0 0
2883.0 2974 2918 2 1 2.0 0
2884.0 2975 2919 2 1 2.0 0
2885.0 2976 2920 2 1 2.0 0
2886.0 2977 2921 2 1 2.0 0
2887.0 2978 2922 2 1 2.0 0
2888.0 2979 2923 2 1 2.0 0
2889.0 2980 2924 2 1 2.0 0
2890.0 2981 2925 2 1 2.0 0
2891.0 2982 2926 2 1 2.0 0
2892.0 2983 2927 2 1 2.0 0
2893.0 2984 2928 2 1 2.0 0
2894.0 2985 2929 2 1 2.0 0
2895.0 2986 2930 2 1 2.0 0
2896.0 2987 2931 2 1 2.0 0
2897.0 2988 2932 2 1 2.0 0
2898.0 2989 2933 2 1 2.0 0
2899.0 2990 2934 2 1 2.0 0
2900.0 2991 2935 2 1 2.0 0
2901.0 2992 2936 2 1 2.0 0
2902.0 2993 2937 2 1 2.0 0
2903.0 2994 2938 2 1 2.0 0
2904.0 2995 2939 2 1 2.0 0
2905.0 2996 2940 2 1 2.0 0
2906.0 2997 2941 2 1 2.0 0
2907.0 2998 2942 2 1 2.0 0
2908.0 2999 2943 2 1 2.0 0
2909.0 3000 2944 2 1 2.0 0
2910.0 3001 2945 2 1 2.0 0
2911.0 3002 2946 2 1 2.0 0
2912.0 3003 2947 2 1 2.0 0
2913.0 3004 2948 2 1 2.0 0
2914.0 3005 2949 2 1 2.0 0
2915.0 3006 2950 2 1 2.0 0
2916.0 3007 2951 2 1 2.0 0
2917.0 3008 2952 2 1 2.0 0
2918.0 3009 2953 2 1 2.0 0
2919.0 3010 2954 2 1 2.0 0
2920.0 3011 2955 2 1 2.0 0
2921.0 3012 2956 2 1 2.0 0
2922.0 3013 2957 2 1 2.0 0
2923.0 3014 2958 2 1 2.0 0
2924.0 3015 2959 2 1 2.0 0
2925.0 3016 2960 2 1 2.0 0
2926.0 3017 2961 2 1 2.0 0
2927.0 3018 2962 2 1 2.0 0
2928.0 3019 2963 2 1 2.0 0
2929.0 3020 2964 2 1 2.0 0
2930.0 3021 2965 2 1 2.0 0
2931.0 3022 2966 2 1 2.0 0
2932.0 3023 2967 2 1 2.0 0
2933.0 3024 2968 2 1 2.0 0
2934.0 3025 2969 2 1 2.0 0
2935.0 3026 2970 2 1 2.0 0
2936.0 3027 2971 2 1 2.0 0
2937.0 3028 2972 2 1 2.0 0
2938.0 3029 2973 2 1 2.0 0
2939.0 3030 2974 2 1 2.0 0
2940.0 3031 0 2 1 2.0 0
2940000 CUPupdateMessage Sent 
2941.0 3032 2976 16 1 16.0 38646
2942.0 3033 2977 2 1 2.0 0
2943.0 3034 2978 2 1 2.0 0
2944.0 3035 2979 2 1 2.0 0
2945.0 3036 2980 2 1 2.0 0
2946.0 3037 2981 2 1 2.0 0
2947.0 3038 2982 2 1 2.0 0
2948.0 3039 2983 2 1 2.0 0
2949.0 3040 2984 2 1 2.0 0
2950.0 3041 2985 2 1 2.0 0
2951.0 3042 2986 2 1 2.0 0
2952.0 3043 2987 2 1 2.0 0
2953.0 3044 2988 2 1 2.0 0
2954.0 3045 2989 2 1 2.0 0
2955.0 3046 2990 2 1 2.0 0
2956.0 3047 2991 2 1 2.0 0
2957.0 3048 2992 2 1 2.0 0
2958.0 3049 2993 2 1 2.0 0
2959.0 3050 2994 2 1 2.0 0
2960.0 3051 2995 2 1 2.0 0
2961.0 3052 2996 2 1 2.0 0
2962.0 3053 2997 2 1 2.0 0
2963.0 3054 2998 2 1 2.0 0
2964.0 3055 2999 2 1 2.0 0
2965.0 3056 3000 2 1 2.0 0
2966.0 3057 3001 2 1 2.0 0
2967.0 3058 3002 2 1 2.0 0
2968.0 3059 3003 2 1 2.0 0
2969.0 3060 3004 2 1 2.0 0
2970.0 3061 3005 2 1 2.0 0
2971.0 3062 3006 2 1 2.0 0
2972.0 3063 3007 2 1 2.0 0
2973.0 3064 3008 2 1 2.0 0
2974.0 3065 3009 2 1 2.0 0
2975.0 3066 3010 2 1 2.0 0
2976.0 3067 3011 2 1 2.0 0
2977.0 3068 3012 2 1 2.0 0
2978.0 3069 3013 2 1 2.0 0
2979.0 3070 3014 2 1 2.0 0
2980.0 3071 3015 2 1 2.0 0
2981.0 3072 3016 2 1 2.0 0
2982.0 3073 3017 2 1 2.0 0
2983.0 3074 3018 2 1 2.0 0
2984.0 3075 3019 2 1 2.0 0
2985.0 3076 3020 2 1 2.0 0
2986.0 3077 3021 2 1 2.0 0
2987.0 3078 3022 2 1 2.0 0
2988.0 3079 3023 2 1 2.0 0
2989.0 3080 3024 2 1 2.0 0
2990.0 3081 3025 2 1 2.0 0
2991.0 3082 3026 2 1 2.0 0
2992.0 3083 3027 2 1 2.0 0
2993.0 3084 3028 2 1 2.0 0
2994.0 3085 3029 2 1 2.0 0
2995.0 3086 3030 2 1 2.0 0
2996.0 3087 3031 2 1 2.0 0
2997.0 3088 3032 2 1 2.0 0
2998.0 3089 3033 2 1 2.0 0
2999.0 3090 3034 2 1 2.0 0
9757.0 2984 2.2647452
875255.0 2984 292.311
