java -cp `find -L lib/ -name "*.jar" | tr [:space:] :`:"":classes peersim.Simulator PCX.cfg



0.0 100 0 0 0 NaN
1.0 100 1 0 0 NaN
2.0 100 1 0 0 NaN
3.0 100 1 0 0 NaN
4.0 100 1 0 0 NaN
5.0 100 1 0 0 NaN
6.0 100 1 0 0 NaN
7.0 100 1 0 0 NaN
8.0 100 1 0 0 NaN
9.0 100 1 0 0 NaN
10.0 101 1 0 0 NaN
11.0 102 6 10 1 10.0
12.0 103 7 2 1 2.0
13.0 104 8 2 1 2.0
14.0 105 11 6 1 6.0
15.0 106 14 6 1 6.0
16.0 107 15 2 1 2.0
17.0 108 16 2 1 2.0
18.0 109 20 8 1 8.0
19.0 110 22 4 1 4.0
20.0 111 23 2 1 2.0
21.0 112 24 2 1 2.0
22.0 113 26 4 1 4.0
23.0 114 27 2 1 2.0
24.0 115 28 2 1 2.0
25.0 116 29 2 1 2.0
26.0 117 30 2 1 2.0
27.0 118 31 2 1 2.0
28.0 119 32 2 1 2.0
29.0 120 34 4 1 4.0
30.0 121 36 4 1 4.0
31.0 122 37 2 1 2.0
32.0 123 38 2 1 2.0
33.0 124 39 2 1 2.0
34.0 125 41 4 1 4.0
35.0 126 42 2 1 2.0
36.0 127 44 4 1 4.0
37.0 128 45 2 1 2.0
38.0 129 46 2 1 2.0
39.0 130 48 4 1 4.0
40.0 131 50 4 1 4.0
41.0 132 52 4 1 4.0
42.0 133 54 4 1 4.0
43.0 134 56 4 1 4.0
44.0 135 58 4 1 4.0
45.0 136 59 2 1 2.0
46.0 137 60 2 1 2.0
47.0 138 61 2 1 2.0
48.0 139 62 2 1 2.0
49.0 140 64 4 1 4.0
50.0 141 65 2 1 2.0
51.0 142 66 2 1 2.0
52.0 143 68 4 1 4.0
53.0 144 69 2 1 2.0
54.0 145 70 2 1 2.0
55.0 146 73 6 1 6.0
56.0 147 74 2 1 2.0
57.0 148 75 2 1 2.0
58.0 149 76 2 1 2.0
59.0 150 78 4 1 4.0
60.0 151 79 2 1 2.0
61.0 152 80 2 1 2.0
62.0 153 81 2 1 2.0
63.0 154 82 2 1 2.0
64.0 155 84 4 1 4.0
65.0 156 85 2 1 2.0
66.0 157 86 2 1 2.0
67.0 158 87 2 1 2.0
68.0 159 88 2 1 2.0
69.0 160 89 2 1 2.0
70.0 161 0 2 1 2.0
71.0 162 5 8 1 8.0
72.0 163 8 6 1 6.0
73.0 164 11 6 1 6.0
74.0 165 12 2 1 2.0
75.0 166 14 4 1 4.0
76.0 167 15 2 1 2.0
77.0 168 16 2 1 2.0
78.0 169 17 2 1 2.0
79.0 170 20 6 1 6.0
80.0 171 22 4 1 4.0
81.0 172 23 2 1 2.0
82.0 173 28 10 1 10.0
83.0 174 30 4 1 4.0
84.0 175 33 6 1 6.0
85.0 176 34 2 1 2.0
86.0 177 37 6 1 6.0
87.0 178 38 2 1 2.0
88.0 179 42 8 1 8.0
89.0 180 43 2 1 2.0
90.0 181 44 2 1 2.0
91.0 182 46 4 1 4.0
92.0 183 49 6 1 6.0
93.0 184 52 6 1 6.0
94.0 185 53 2 1 2.0
95.0 186 54 2 1 2.0
96.0 187 55 2 1 2.0
97.0 188 57 4 1 4.0
98.0 189 58 2 1 2.0
99.0 190 59 2 1 2.0
100.0 191 60 2 1 2.0
101.0 192 61 2 1 2.0
102.0 193 63 4 1 4.0
103.0 194 64 2 1 2.0
104.0 195 65 2 1 2.0
105.0 196 66 2 1 2.0
106.0 197 68 4 1 4.0
107.0 198 69 2 1 2.0
108.0 199 70 2 1 2.0
109.0 200 71 2 1 2.0
110.0 201 74 6 1 6.0
111.0 202 76 4 1 4.0
112.0 203 78 4 1 4.0
113.0 204 79 2 1 2.0
114.0 205 80 2 1 2.0
115.0 206 81 2 1 2.0
116.0 207 82 2 1 2.0
117.0 208 83 2 1 2.0
118.0 209 84 2 1 2.0
119.0 210 85 2 1 2.0
120.0 211 86 2 1 2.0
121.0 212 87 2 1 2.0
122.0 213 88 2 1 2.0
123.0 214 89 2 1 2.0
124.0 215 90 2 1 2.0
125.0 216 91 2 1 2.0
126.0 217 92 2 1 2.0
127.0 218 93 2 1 2.0
128.0 219 95 4 1 4.0
129.0 220 98 6 1 6.0
130.0 221 0 2 1 2.0
131.0 222 5 8 1 8.0
132.0 223 10 10 1 10.0
133.0 224 11 2 1 2.0
134.0 225 13 4 1 4.0
135.0 226 17 8 1 8.0
136.0 227 18 2 1 2.0
137.0 228 21 6 1 6.0
138.0 229 25 8 1 8.0
139.0 230 29 8 1 8.0
140.0 231 30 2 1 2.0
141.0 232 32 4 1 4.0
142.0 233 35 6 1 6.0
143.0 234 37 4 1 4.0
144.0 235 40 6 1 6.0
145.0 236 42 4 1 4.0
146.0 237 44 4 1 4.0
147.0 238 46 4 1 4.0
148.0 239 47 2 1 2.0
149.0 240 49 2 1 2.0
150.0 241 49 0 0 NaN
151.0 242 50 2 1 2.0
152.0 243 52 4 1 4.0
153.0 244 55 6 1 6.0
154.0 245 56 2 1 2.0
155.0 246 57 2 1 2.0
156.0 247 58 2 1 2.0
157.0 248 59 2 1 2.0
158.0 249 61 4 1 4.0
159.0 250 62 2 1 2.0
160.0 251 63 2 1 2.0
161.0 252 66 6 1 6.0
162.0 253 67 2 1 2.0
163.0 254 68 2 1 2.0
164.0 255 69 2 1 2.0
165.0 256 70 2 1 2.0
166.0 257 71 2 1 2.0
167.0 258 74 6 1 6.0
168.0 259 76 4 1 4.0
169.0 260 77 2 1 2.0
170.0 261 78 2 1 2.0
171.0 262 80 4 1 4.0
172.0 263 82 4 1 4.0
173.0 264 83 2 1 2.0
174.0 265 84 2 1 2.0
175.0 266 87 6 1 6.0
176.0 267 88 2 1 2.0
177.0 268 89 2 1 2.0
178.0 269 90 2 1 2.0
179.0 270 92 4 1 4.0
180.0 271 93 2 1 2.0
181.0 272 94 2 1 2.0
182.0 273 95 2 1 2.0
183.0 274 97 4 1 4.0
184.0 275 99 4 1 4.0
185.0 276 100 2 1 2.0
186.0 277 101 2 1 2.0
187.0 278 102 2 1 2.0
188.0 279 103 2 1 2.0
189.0 280 104 2 1 2.0
190.0 281 0 2 1 2.0
191.0 282 7 12 1 12.0
192.0 283 11 8 1 8.0
193.0 284 12 2 1 2.0
194.0 285 15 6 1 6.0
195.0 286 16 2 1 2.0
196.0 287 17 2 1 2.0
197.0 288 19 4 1 4.0
198.0 289 25 10 1 10.0
199.0 290 25 0 0 NaN
200.0 291 28 6 1 6.0
201.0 292 32 8 1 8.0
202.0 293 33 2 1 2.0
203.0 294 35 4 1 4.0
204.0 295 37 4 1 4.0
205.0 296 40 6 1 6.0
206.0 297 42 4 1 4.0
207.0 298 44 4 1 4.0
208.0 299 45 2 1 2.0
209.0 300 46 2 1 2.0
210.0 301 47 2 1 2.0
211.0 302 48 2 1 2.0
212.0 303 49 2 1 2.0
213.0 304 50 2 1 2.0
214.0 305 51 2 1 2.0
215.0 306 52 2 1 2.0
216.0 307 54 4 1 4.0
217.0 308 58 8 1 8.0
218.0 309 59 2 1 2.0
219.0 310 60 2 1 2.0
220.0 311 61 2 1 2.0
221.0 312 62 2 1 2.0
222.0 313 64 4 1 4.0
223.0 314 65 2 1 2.0
224.0 315 70 10 1 10.0
225.0 316 71 2 1 2.0
226.0 317 72 2 1 2.0
227.0 318 73 2 1 2.0
228.0 319 75 4 1 4.0
229.0 320 76 2 1 2.0
230.0 321 78 4 1 4.0
231.0 322 79 2 1 2.0
232.0 323 82 6 1 6.0
233.0 324 83 2 1 2.0
234.0 325 84 2 1 2.0
235.0 326 85 2 1 2.0
236.0 327 86 2 1 2.0
237.0 328 87 2 1 2.0
238.0 329 89 4 1 4.0
239.0 330 90 2 1 2.0
240.0 331 92 4 1 4.0
241.0 332 93 2 1 2.0
242.0 333 94 2 1 2.0
243.0 334 96 4 1 4.0
244.0 335 97 2 1 2.0
245.0 336 98 2 1 2.0
246.0 337 99 2 1 2.0
247.0 338 100 2 1 2.0
248.0 339 101 2 1 2.0
249.0 340 102 2 1 2.0
250.0 341 0 2 1 2.0
251.0 342 6 10 1 10.0
252.0 343 8 4 1 4.0
253.0 344 11 6 1 6.0
254.0 345 15 8 1 8.0
255.0 346 18 6 1 6.0
256.0 347 19 2 1 2.0
257.0 348 22 6 1 6.0
258.0 349 24 4 1 4.0
259.0 350 25 2 1 2.0
260.0 351 31 12 1 12.0
261.0 352 34 6 1 6.0
262.0 353 35 2 1 2.0
263.0 354 37 4 1 4.0
264.0 355 39 4 1 4.0
265.0 356 42 6 1 6.0
266.0 357 43 2 1 2.0
267.0 358 44 2 1 2.0
268.0 359 45 2 1 2.0
269.0 360 49 8 1 8.0
270.0 361 50 2 1 2.0
271.0 362 51 2 1 2.0
272.0 363 52 2 1 2.0
273.0 364 53 2 1 2.0
274.0 365 54 2 1 2.0
275.0 366 57 6 1 6.0
276.0 367 58 2 1 2.0
277.0 368 60 4 1 4.0
278.0 369 61 2 1 2.0
279.0 370 63 4 1 4.0
280.0 371 64 2 1 2.0
281.0 372 68 8 1 8.0
282.0 373 69 2 1 2.0
283.0 374 73 8 1 8.0
284.0 375 75 4 1 4.0
285.0 376 76 2 1 2.0
286.0 377 77 2 1 2.0
287.0 378 79 4 1 4.0
288.0 379 82 6 1 6.0
289.0 380 85 6 1 6.0
290.0 381 88 6 1 6.0
291.0 382 90 4 1 4.0
292.0 383 92 4 1 4.0
293.0 384 93 2 1 2.0
294.0 385 96 6 1 6.0
295.0 386 97 2 1 2.0
296.0 387 98 2 1 2.0
297.0 388 100 4 1 4.0
298.0 389 101 2 1 2.0
299.0 390 103 4 1 4.0
300.0 391 106 6 1 6.0
301.0 392 107 2 1 2.0
302.0 393 108 2 1 2.0
303.0 394 110 4 1 4.0
304.0 395 111 2 1 2.0
305.0 396 112 2 1 2.0
306.0 397 113 2 1 2.0
307.0 398 114 2 1 2.0
308.0 399 117 6 1 6.0
309.0 400 118 2 1 2.0
310.0 401 0 2 1 2.0
311.0 402 8 14 1 14.0
312.0 403 12 8 1 8.0
313.0 404 15 6 1 6.0
314.0 405 16 2 1 2.0
315.0 406 17 2 1 2.0
316.0 407 18 2 1 2.0
317.0 408 19 2 1 2.0
318.0 409 22 6 1 6.0
319.0 410 26 8 1 8.0
320.0 411 27 2 1 2.0
321.0 412 28 2 1 2.0
322.0 413 33 10 1 10.0
323.0 414 34 2 1 2.0
324.0 415 38 8 1 8.0
325.0 416 39 2 1 2.0
326.0 417 40 2 1 2.0
327.0 418 46 12 1 12.0
328.0 419 47 2 1 2.0
329.0 420 49 4 1 4.0
330.0 421 50 2 1 2.0
331.0 422 51 2 1 2.0
332.0 423 53 4 1 4.0
333.0 424 55 4 1 4.0
334.0 425 57 4 1 4.0
335.0 426 60 6 1 6.0
336.0 427 61 2 1 2.0
337.0 428 62 2 1 2.0
338.0 429 63 2 1 2.0
339.0 430 64 2 1 2.0
340.0 431 65 2 1 2.0
341.0 432 66 2 1 2.0
342.0 433 67 2 1 2.0
343.0 434 69 4 1 4.0
344.0 435 70 2 1 2.0
345.0 436 71 2 1 2.0
346.0 437 73 4 1 4.0
347.0 438 74 2 1 2.0
348.0 439 75 2 1 2.0
349.0 440 76 2 1 2.0
350.0 441 77 2 1 2.0
351.0 442 78 2 1 2.0
352.0 443 83 10 1 10.0
353.0 444 86 6 1 6.0
354.0 445 88 4 1 4.0
355.0 446 90 4 1 4.0
356.0 447 94 8 1 8.0
357.0 448 96 4 1 4.0
358.0 449 98 4 1 4.0
359.0 450 99 2 1 2.0
360.0 451 100 2 1 2.0
361.0 452 102 4 1 4.0
362.0 453 103 2 1 2.0
363.0 454 104 2 1 2.0
364.0 455 105 2 1 2.0
365.0 456 107 4 1 4.0
366.0 457 108 2 1 2.0
367.0 458 110 4 1 4.0
368.0 459 111 2 1 2.0
369.0 460 113 4 1 4.0
370.0 461 0 2 1 2.0
371.0 462 8 14 1 14.0
372.0 463 11 6 1 6.0
373.0 464 15 8 1 8.0
374.0 465 17 4 1 4.0
375.0 466 20 6 1 6.0
376.0 467 21 2 1 2.0
377.0 468 26 10 1 10.0
378.0 469 29 6 1 6.0
379.0 470 31 4 1 4.0
380.0 471 36 10 1 10.0
381.0 472 37 2 1 2.0
382.0 473 42 10 1 10.0
383.0 474 43 2 1 2.0
384.0 475 47 8 1 8.0
385.0 476 48 2 1 2.0
386.0 477 49 2 1 2.0
387.0 478 51 4 1 4.0
388.0 479 54 6 1 6.0
389.0 480 55 2 1 2.0
390.0 481 56 2 1 2.0
391.0 482 60 8 1 8.0
392.0 483 61 2 1 2.0
393.0 484 65 8 1 8.0
394.0 485 66 2 1 2.0
395.0 486 68 4 1 4.0
396.0 487 70 4 1 4.0
397.0 488 72 4 1 4.0
398.0 489 73 2 1 2.0
399.0 490 74 2 1 2.0
400.0 491 75 2 1 2.0
401.0 492 76 2 1 2.0
402.0 493 78 4 1 4.0
403.0 494 79 2 1 2.0
404.0 495 81 4 1 4.0
405.0 496 82 2 1 2.0
406.0 497 85 6 1 6.0
407.0 498 87 4 1 4.0
408.0 499 89 4 1 4.0
409.0 500 90 2 1 2.0
410.0 501 92 4 1 4.0
411.0 502 94 4 1 4.0
412.0 503 95 2 1 2.0
413.0 504 97 4 1 4.0
414.0 505 98 2 1 2.0
415.0 506 102 8 1 8.0
416.0 507 103 2 1 2.0
417.0 508 104 2 1 2.0
418.0 509 106 4 1 4.0
419.0 510 107 2 1 2.0
420.0 511 108 2 1 2.0
421.0 512 109 2 1 2.0
422.0 513 110 2 1 2.0
423.0 514 111 2 1 2.0
424.0 515 114 6 1 6.0
425.0 516 116 4 1 4.0
426.0 517 117 2 1 2.0
427.0 518 119 4 1 4.0
428.0 519 120 2 1 2.0
429.0 520 123 6 1 6.0
430.0 521 0 2 1 2.0
431.0 522 5 8 1 8.0
432.0 523 10 10 1 10.0
433.0 524 14 8 1 8.0
434.0 525 17 6 1 6.0
435.0 526 21 8 1 8.0
436.0 527 24 6 1 6.0
437.0 528 25 2 1 2.0
438.0 529 27 4 1 4.0
439.0 530 28 2 1 2.0
440.0 531 29 2 1 2.0
441.0 532 31 4 1 4.0
442.0 533 32 2 1 2.0
443.0 534 35 6 1 6.0
444.0 535 39 8 1 8.0
445.0 536 40 2 1 2.0
446.0 537 41 2 1 2.0
447.0 538 44 6 1 6.0
448.0 539 46 4 1 4.0
449.0 540 47 2 1 2.0
450.0 541 49 4 1 4.0
451.0 542 52 6 1 6.0
452.0 543 53 2 1 2.0
453.0 544 55 4 1 4.0
454.0 545 58 6 1 6.0
455.0 546 61 6 1 6.0
456.0 547 62 2 1 2.0
457.0 548 65 6 1 6.0
458.0 549 66 2 1 2.0
459.0 550 68 4 1 4.0
460.0 551 73 10 1 10.0
461.0 552 75 4 1 4.0
462.0 553 77 4 1 4.0
463.0 554 79 4 1 4.0
464.0 555 82 6 1 6.0
465.0 556 84 4 1 4.0
466.0 557 85 2 1 2.0
467.0 558 87 4 1 4.0
468.0 559 88 2 1 2.0
469.0 560 89 2 1 2.0
470.0 561 91 4 1 4.0
471.0 562 92 2 1 2.0
472.0 563 96 8 1 8.0
473.0 564 97 2 1 2.0
474.0 565 99 4 1 4.0
475.0 566 101 4 1 4.0
476.0 567 102 2 1 2.0
477.0 568 103 2 1 2.0
478.0 569 105 4 1 4.0
479.0 570 106 2 1 2.0
480.0 571 107 2 1 2.0
481.0 572 109 4 1 4.0
482.0 573 111 4 1 4.0
483.0 574 112 2 1 2.0
484.0 575 115 6 1 6.0
485.0 576 117 4 1 4.0
486.0 577 118 2 1 2.0
487.0 578 119 2 1 2.0
488.0 579 120 2 1 2.0
489.0 580 121 2 1 2.0
490.0 581 0 2 1 2.0
491.0 582 8 14 1 14.0
492.0 583 10 4 1 4.0
493.0 584 12 4 1 4.0
494.0 585 16 8 1 8.0
495.0 586 20 8 1 8.0
496.0 587 23 6 1 6.0
497.0 588 25 4 1 4.0
498.0 589 28 6 1 6.0
499.0 590 29 2 1 2.0
500.0 591 33 8 1 8.0
501.0 592 37 8 1 8.0
502.0 593 41 8 1 8.0
503.0 594 43 4 1 4.0
504.0 595 46 6 1 6.0
505.0 596 47 2 1 2.0
506.0 597 50 6 1 6.0
507.0 598 51 2 1 2.0
508.0 599 52 2 1 2.0
509.0 600 53 2 1 2.0
510.0 601 56 6 1 6.0
511.0 602 57 2 1 2.0
512.0 603 58 2 1 2.0
513.0 604 59 2 1 2.0
514.0 605 61 4 1 4.0
515.0 606 62 2 1 2.0
516.0 607 63 2 1 2.0
517.0 608 64 2 1 2.0
518.0 609 67 6 1 6.0
519.0 610 70 6 1 6.0
520.0 611 72 4 1 4.0
521.0 612 74 4 1 4.0
522.0 613 75 2 1 2.0
523.0 614 76 2 1 2.0
524.0 615 78 4 1 4.0
525.0 616 82 8 1 8.0
526.0 617 83 2 1 2.0
527.0 618 85 4 1 4.0
528.0 619 86 2 1 2.0
529.0 620 88 4 1 4.0
530.0 621 91 6 1 6.0
531.0 622 92 2 1 2.0
532.0 623 94 4 1 4.0
533.0 624 97 6 1 6.0
534.0 625 98 2 1 2.0
535.0 626 100 4 1 4.0
536.0 627 102 4 1 4.0
537.0 628 105 6 1 6.0
538.0 629 106 2 1 2.0
539.0 630 107 2 1 2.0
540.0 631 110 6 1 6.0
541.0 632 112 4 1 4.0
542.0 633 113 2 1 2.0
543.0 634 115 4 1 4.0
544.0 635 119 8 1 8.0
545.0 636 121 4 1 4.0
546.0 637 122 2 1 2.0
547.0 638 123 2 1 2.0
548.0 639 124 2 1 2.0
549.0 640 125 2 1 2.0
550.0 641 0 2 1 2.0
551.0 642 8 14 1 14.0
552.0 643 12 8 1 8.0
553.0 644 15 6 1 6.0
554.0 645 19 8 1 8.0
555.0 646 23 8 1 8.0
556.0 647 25 4 1 4.0
557.0 648 29 8 1 8.0
558.0 649 34 10 1 10.0
559.0 650 36 4 1 4.0
560.0 651 39 6 1 6.0
561.0 652 40 2 1 2.0
562.0 653 44 8 1 8.0
563.0 654 47 6 1 6.0
564.0 655 50 6 1 6.0
565.0 656 54 8 1 8.0
566.0 657 56 4 1 4.0
567.0 658 58 4 1 4.0
568.0 659 59 2 1 2.0
569.0 660 60 2 1 2.0
570.0 661 62 4 1 4.0
571.0 662 65 6 1 6.0
572.0 663 70 10 1 10.0
573.0 664 72 4 1 4.0
574.0 665 74 4 1 4.0
575.0 666 75 2 1 2.0
576.0 667 77 4 1 4.0
577.0 668 78 2 1 2.0
578.0 669 79 2 1 2.0
579.0 670 82 6 1 6.0
580.0 671 85 6 1 6.0
581.0 672 86 2 1 2.0
582.0 673 88 4 1 4.0
583.0 674 91 6 1 6.0
584.0 675 93 4 1 4.0
585.0 676 95 4 1 4.0
586.0 677 97 4 1 4.0
587.0 678 98 2 1 2.0
588.0 679 100 4 1 4.0
589.0 680 101 2 1 2.0
590.0 681 102 2 1 2.0
591.0 682 103 2 1 2.0
592.0 683 105 4 1 4.0
593.0 684 106 2 1 2.0
594.0 685 108 4 1 4.0
595.0 686 112 8 1 8.0
596.0 687 115 6 1 6.0
597.0 688 118 6 1 6.0
598.0 689 119 2 1 2.0
599.0 690 123 8 1 8.0
600.0 691 124 2 1 2.0
601.0 692 127 6 1 6.0
602.0 693 128 2 1 2.0
603.0 694 129 2 1 2.0
604.0 695 130 2 1 2.0
605.0 696 133 6 1 6.0
606.0 697 137 8 1 8.0
607.0 698 139 4 1 4.0
608.0 699 140 2 1 2.0
609.0 700 142 4 1 4.0
610.0 701 0 2 1 2.0
611.0 702 6 10 1 10.0
612.0 703 13 14 1 14.0
613.0 704 17 8 1 8.0
614.0 705 18 2 1 2.0
615.0 706 21 6 1 6.0
616.0 707 25 8 1 8.0
617.0 708 31 12 1 12.0
618.0 709 35 8 1 8.0
619.0 710 36 2 1 2.0
620.0 711 40 8 1 8.0
621.0 712 42 4 1 4.0
622.0 713 45 6 1 6.0
623.0 714 46 2 1 2.0
624.0 715 48 4 1 4.0
625.0 716 49 2 1 2.0
626.0 717 53 8 1 8.0
627.0 718 58 10 1 10.0
628.0 719 62 8 1 8.0
629.0 720 63 2 1 2.0
630.0 721 66 6 1 6.0
631.0 722 68 4 1 4.0
632.0 723 69 2 1 2.0
633.0 724 71 4 1 4.0
634.0 725 73 4 1 4.0
635.0 726 75 4 1 4.0
636.0 727 76 2 1 2.0
637.0 728 79 6 1 6.0
638.0 729 81 4 1 4.0
639.0 730 83 4 1 4.0
640.0 731 85 4 1 4.0
641.0 732 87 4 1 4.0
642.0 733 89 4 1 4.0
643.0 734 90 2 1 2.0
644.0 735 94 8 1 8.0
645.0 736 96 4 1 4.0
646.0 737 98 4 1 4.0
647.0 738 99 2 1 2.0
648.0 739 101 4 1 4.0
649.0 740 102 2 1 2.0
650.0 741 103 2 1 2.0
651.0 742 105 4 1 4.0
652.0 743 107 4 1 4.0
653.0 744 109 4 1 4.0
654.0 745 110 2 1 2.0
655.0 746 111 2 1 2.0
656.0 747 112 2 1 2.0
657.0 748 115 6 1 6.0
658.0 749 116 2 1 2.0
659.0 750 120 8 1 8.0
660.0 751 121 2 1 2.0
661.0 752 122 2 1 2.0
662.0 753 123 2 1 2.0
663.0 754 125 4 1 4.0
664.0 755 126 2 1 2.0
665.0 756 127 2 1 2.0
666.0 757 128 2 1 2.0
667.0 758 129 2 1 2.0
668.0 759 130 2 1 2.0
669.0 760 132 4 1 4.0
670.0 761 0 4 1 4.0
671.0 762 4 6 1 6.0
672.0 763 10 12 1 12.0
673.0 764 14 8 1 8.0
674.0 765 16 4 1 4.0
675.0 766 20 8 1 8.0
676.0 767 24 8 1 8.0
677.0 768 25 2 1 2.0
678.0 769 28 6 1 6.0
679.0 770 31 6 1 6.0
680.0 771 33 4 1 4.0
681.0 772 35 4 1 4.0
682.0 773 37 4 1 4.0
683.0 774 38 2 1 2.0
684.0 775 41 6 1 6.0
685.0 776 45 8 1 8.0
686.0 777 48 6 1 6.0
687.0 778 50 4 1 4.0
688.0 779 54 8 1 8.0
689.0 780 55 2 1 2.0
690.0 781 56 2 1 2.0
691.0 782 59 6 1 6.0
692.0 783 60 2 1 2.0
693.0 784 65 10 1 10.0
694.0 785 67 4 1 4.0
695.0 786 69 4 1 4.0
696.0 787 70 2 1 2.0
697.0 788 71 2 1 2.0
698.0 789 73 4 1 4.0
699.0 790 74 2 1 2.0
700.0 791 76 4 1 4.0
701.0 792 79 6 1 6.0
702.0 793 83 8 1 8.0
703.0 794 84 2 1 2.0
704.0 795 86 4 1 4.0
705.0 796 89 6 1 6.0
706.0 797 91 4 1 4.0
707.0 798 92 2 1 2.0
708.0 799 93 2 1 2.0
709.0 800 96 6 1 6.0
710.0 801 99 6 1 6.0
711.0 802 101 4 1 4.0
712.0 803 105 8 1 8.0
713.0 804 106 2 1 2.0
714.0 805 111 10 1 10.0
715.0 806 112 2 1 2.0
716.0 807 113 2 1 2.0
717.0 808 118 10 1 10.0
718.0 809 120 4 1 4.0
719.0 810 121 2 1 2.0
720.0 811 124 6 1 6.0
721.0 812 128 8 1 8.0
722.0 813 129 2 1 2.0
723.0 814 130 2 1 2.0
724.0 815 132 4 1 4.0
725.0 816 136 8 1 8.0
726.0 817 137 2 1 2.0
727.0 818 139 4 1 4.0
728.0 819 143 8 1 8.0
729.0 820 144 2 1 2.0
730.0 821 0 2 1 2.0
731.0 822 9 16 1 16.0
732.0 823 11 4 1 4.0
733.0 824 14 6 1 6.0
734.0 825 20 12 1 12.0
735.0 826 23 6 1 6.0
736.0 827 27 8 1 8.0
737.0 828 28 2 1 2.0
738.0 829 31 6 1 6.0
739.0 830 35 8 1 8.0
740.0 831 37 4 1 4.0
741.0 832 41 8 1 8.0
742.0 833 47 12 1 12.0
743.0 834 50 6 1 6.0
744.0 835 53 6 1 6.0
745.0 836 55 4 1 4.0
746.0 837 56 2 1 2.0
747.0 838 62 12 1 12.0
748.0 839 63 2 1 2.0
749.0 840 64 2 1 2.0
750.0 841 67 6 1 6.0
751.0 842 69 4 1 4.0
752.0 843 70 2 1 2.0
753.0 844 71 2 1 2.0
754.0 845 72 2 1 2.0
755.0 846 74 4 1 4.0
756.0 847 76 4 1 4.0
757.0 848 79 6 1 6.0
758.0 849 82 6 1 6.0
759.0 850 83 2 1 2.0
760.0 851 85 4 1 4.0
761.0 852 89 8 1 8.0
762.0 853 90 2 1 2.0
763.0 854 91 2 1 2.0
764.0 855 94 6 1 6.0
765.0 856 95 2 1 2.0
766.0 857 99 8 1 8.0
767.0 858 101 4 1 4.0
768.0 859 103 4 1 4.0
769.0 860 108 10 1 10.0
770.0 861 112 8 1 8.0
771.0 862 115 6 1 6.0
772.0 863 117 4 1 4.0
773.0 864 118 2 1 2.0
774.0 865 119 2 1 2.0
775.0 866 120 2 1 2.0
776.0 867 122 4 1 4.0
777.0 868 124 4 1 4.0
778.0 869 126 4 1 4.0
779.0 870 127 2 1 2.0
780.0 871 131 8 1 8.0
781.0 872 133 4 1 4.0
782.0 873 135 4 1 4.0
783.0 874 138 6 1 6.0
784.0 875 139 2 1 2.0
785.0 876 140 2 1 2.0
786.0 877 141 2 1 2.0
787.0 878 142 2 1 2.0
788.0 879 145 6 1 6.0
789.0 880 146 2 1 2.0
790.0 881 0 2 1 2.0
791.0 882 6 10 1 10.0
792.0 883 13 14 1 14.0
793.0 884 16 6 1 6.0
794.0 885 22 12 1 12.0
795.0 886 24 4 1 4.0
796.0 887 27 6 1 6.0
797.0 888 29 4 1 4.0
798.0 889 32 6 1 6.0
799.0 890 35 6 1 6.0
800.0 891 38 6 1 6.0
801.0 892 40 4 1 4.0
802.0 893 44 8 1 8.0
803.0 894 47 6 1 6.0
804.0 895 49 4 1 4.0
805.0 896 50 2 1 2.0
806.0 897 51 2 1 2.0
807.0 898 54 6 1 6.0
808.0 899 56 4 1 4.0
809.0 900 58 4 1 4.0
810.0 901 61 6 1 6.0
811.0 902 63 4 1 4.0
812.0 903 65 4 1 4.0
813.0 904 67 4 1 4.0
814.0 905 71 8 1 8.0
815.0 906 72 2 1 2.0
816.0 907 73 2 1 2.0
817.0 908 76 6 1 6.0
818.0 909 78 4 1 4.0
819.0 910 79 2 1 2.0
820.0 911 81 4 1 4.0
821.0 912 82 2 1 2.0
822.0 913 83 2 1 2.0
823.0 914 85 4 1 4.0
824.0 915 88 6 1 6.0
825.0 916 90 4 1 4.0
826.0 917 93 6 1 6.0
827.0 918 95 4 1 4.0
828.0 919 97 4 1 4.0
829.0 920 98 2 1 2.0
830.0 921 99 2 1 2.0
831.0 922 101 4 1 4.0
832.0 923 103 4 1 4.0
833.0 924 107 8 1 8.0
834.0 925 110 6 1 6.0
835.0 926 111 2 1 2.0
836.0 927 115 8 1 8.0
837.0 928 118 6 1 6.0
838.0 929 119 2 1 2.0
839.0 930 120 2 1 2.0
840.0 931 122 4 1 4.0
841.0 932 124 4 1 4.0
842.0 933 126 4 1 4.0
843.0 934 128 4 1 4.0
844.0 935 130 4 1 4.0
845.0 936 132 4 1 4.0
846.0 937 133 2 1 2.0
847.0 938 134 2 1 2.0
848.0 939 138 8 1 8.0
849.0 940 139 2 1 2.0
850.0 941 0 2 1 2.0
851.0 942 8 14 1 14.0
852.0 943 14 12 1 12.0
853.0 944 17 6 1 6.0
854.0 945 22 10 1 10.0
855.0 946 26 8 1 8.0
856.0 947 31 10 1 10.0
857.0 948 32 2 1 2.0
858.0 949 33 2 1 2.0
859.0 950 35 4 1 4.0
860.0 951 36 2 1 2.0
861.0 952 39 6 1 6.0
862.0 953 44 10 1 10.0
863.0 954 47 6 1 6.0
864.0 955 50 6 1 6.0
865.0 956 51 2 1 2.0
866.0 957 52 2 1 2.0
867.0 958 53 2 1 2.0
868.0 959 57 8 1 8.0
869.0 960 59 4 1 4.0
870.0 961 61 4 1 4.0
871.0 962 62 2 1 2.0
872.0 963 64 4 1 4.0
873.0 964 70 12 1 12.0
874.0 965 72 4 1 4.0
875.0 966 75 6 1 6.0
876.0 967 76 2 1 2.0
877.0 968 79 6 1 6.0
878.0 969 82 6 1 6.0
879.0 970 84 4 1 4.0
880.0 971 86 4 1 4.0
881.0 972 87 2 1 2.0
882.0 973 88 2 1 2.0
883.0 974 91 6 1 6.0
884.0 975 92 2 1 2.0
885.0 976 93 2 1 2.0
886.0 977 94 2 1 2.0
887.0 978 95 2 1 2.0
888.0 979 97 4 1 4.0
889.0 980 100 6 1 6.0
890.0 981 104 8 1 8.0
891.0 982 106 4 1 4.0
892.0 983 107 2 1 2.0
893.0 984 108 2 1 2.0
894.0 985 109 2 1 2.0
895.0 986 113 8 1 8.0
896.0 987 115 4 1 4.0
897.0 988 118 6 1 6.0
898.0 989 121 6 1 6.0
899.0 990 125 8 1 8.0
900.0 991 126 2 1 2.0
901.0 992 127 2 1 2.0
902.0 993 130 6 1 6.0
903.0 994 131 2 1 2.0
904.0 995 133 4 1 4.0
905.0 996 135 4 1 4.0
906.0 997 136 2 1 2.0
907.0 998 138 4 1 4.0
908.0 999 140 4 1 4.0
909.0 1000 141 2 1 2.0
910.0 1001 0 2 1 2.0
911.0 1002 7 12 1 12.0
912.0 1003 9 4 1 4.0
913.0 1004 12 6 1 6.0
914.0 1005 16 8 1 8.0
915.0 1006 21 10 1 10.0
916.0 1007 24 6 1 6.0
917.0 1008 29 10 1 10.0
918.0 1009 32 6 1 6.0
919.0 1010 34 4 1 4.0
920.0 1011 36 4 1 4.0
921.0 1012 37 2 1 2.0
922.0 1013 41 8 1 8.0
923.0 1014 42 2 1 2.0
924.0 1015 44 4 1 4.0
925.0 1016 45 2 1 2.0
926.0 1017 49 8 1 8.0
927.0 1018 50 2 1 2.0
928.0 1019 52 4 1 4.0
929.0 1020 54 4 1 4.0
930.0 1021 56 4 1 4.0
931.0 1022 59 6 1 6.0
932.0 1023 61 4 1 4.0
933.0 1024 67 12 1 12.0
934.0 1025 68 2 1 2.0
935.0 1026 70 4 1 4.0
936.0 1027 74 8 1 8.0
937.0 1028 76 4 1 4.0
938.0 1029 80 8 1 8.0
939.0 1030 83 6 1 6.0
940.0 1031 85 4 1 4.0
941.0 1032 87 4 1 4.0
942.0 1033 89 4 1 4.0
943.0 1034 90 2 1 2.0
944.0 1035 92 4 1 4.0
945.0 1036 96 8 1 8.0
946.0 1037 97 2 1 2.0
947.0 1038 99 4 1 4.0
948.0 1039 100 2 1 2.0
949.0 1040 102 4 1 4.0
950.0 1041 103 2 1 2.0
951.0 1042 104 2 1 2.0
952.0 1043 106 4 1 4.0
953.0 1044 108 4 1 4.0
954.0 1045 109 2 1 2.0
955.0 1046 111 4 1 4.0
956.0 1047 113 4 1 4.0
957.0 1048 114 2 1 2.0
958.0 1049 116 4 1 4.0
959.0 1050 118 4 1 4.0
960.0 1051 119 2 1 2.0
961.0 1052 122 6 1 6.0
962.0 1053 123 2 1 2.0
963.0 1054 126 6 1 6.0
964.0 1055 129 6 1 6.0
965.0 1056 133 8 1 8.0
966.0 1057 134 2 1 2.0
967.0 1058 136 4 1 4.0
968.0 1059 137 2 1 2.0
969.0 1060 141 8 1 8.0
970.0 1061 0 8 1 8.0
971.0 1062 6 10 1 10.0
972.0 1063 10 8 1 8.0
973.0 1064 14 8 1 8.0
974.0 1065 19 10 1 10.0
975.0 1066 24 10 1 10.0
976.0 1067 28 8 1 8.0
977.0 1068 31 6 1 6.0
978.0 1069 33 4 1 4.0
979.0 1070 38 10 1 10.0
980.0 1071 40 4 1 4.0
981.0 1072 42 4 1 4.0
982.0 1073 45 6 1 6.0
983.0 1074 46 2 1 2.0
984.0 1075 52 12 1 12.0
985.0 1076 55 6 1 6.0
986.0 1077 57 4 1 4.0
987.0 1078 61 8 1 8.0
988.0 1079 62 2 1 2.0
989.0 1080 64 4 1 4.0
990.0 1081 66 4 1 4.0
991.0 1082 69 6 1 6.0
992.0 1083 70 2 1 2.0
993.0 1084 72 4 1 4.0
994.0 1085 76 8 1 8.0
995.0 1086 79 6 1 6.0
996.0 1087 81 4 1 4.0
997.0 1088 82 2 1 2.0
998.0 1089 83 2 1 2.0
999.0 1090 84 2 1 2.0
1000.0 1091 85 2 1 2.0
1001.0 1092 90 10 1 10.0
1002.0 1093 93 6 1 6.0
1003.0 1094 94 2 1 2.0
1004.0 1095 96 4 1 4.0
1005.0 1096 99 6 1 6.0
1006.0 1097 102 6 1 6.0
1007.0 1098 103 2 1 2.0
1008.0 1099 104 2 1 2.0
1009.0 1100 108 8 1 8.0
1010.0 1101 111 6 1 6.0
1011.0 1102 112 2 1 2.0
1012.0 1103 113 2 1 2.0
1013.0 1104 116 6 1 6.0
1014.0 1105 118 4 1 4.0
1015.0 1106 120 4 1 4.0
1016.0 1107 122 4 1 4.0
1017.0 1108 123 2 1 2.0
1018.0 1109 127 8 1 8.0
1019.0 1110 131 8 1 8.0
1020.0 1111 133 4 1 4.0
1021.0 1112 136 6 1 6.0
1022.0 1113 137 2 1 2.0
1023.0 1114 141 8 1 8.0
1024.0 1115 142 2 1 2.0
1025.0 1116 143 2 1 2.0
1026.0 1117 146 6 1 6.0
1027.0 1118 147 2 1 2.0
1028.0 1119 148 2 1 2.0
1029.0 1120 150 4 1 4.0
1030.0 1121 0 8 1 8.0
1031.0 1122 8 14 1 14.0
1032.0 1123 11 6 1 6.0
1033.0 1124 14 6 1 6.0
1034.0 1125 17 6 1 6.0
1035.0 1126 19 4 1 4.0
1036.0 1127 23 8 1 8.0
1037.0 1128 25 4 1 4.0
1038.0 1129 27 4 1 4.0
1039.0 1130 32 10 1 10.0
1040.0 1131 33 2 1 2.0
1041.0 1132 34 2 1 2.0
1042.0 1133 37 6 1 6.0
1043.0 1134 38 2 1 2.0
1044.0 1135 40 4 1 4.0
1045.0 1136 41 2 1 2.0
1046.0 1137 45 8 1 8.0
1047.0 1138 46 2 1 2.0
1048.0 1139 48 4 1 4.0
1049.0 1140 51 6 1 6.0
1050.0 1141 54 6 1 6.0
1051.0 1142 61 14 1 14.0
1052.0 1143 62 2 1 2.0
1053.0 1144 64 4 1 4.0
1054.0 1145 67 6 1 6.0
1055.0 1146 69 4 1 4.0
1056.0 1147 71 4 1 4.0
1057.0 1148 74 6 1 6.0
1058.0 1149 76 4 1 4.0
1059.0 1150 77 2 1 2.0
1060.0 1151 79 4 1 4.0
1061.0 1152 80 2 1 2.0
1062.0 1153 83 6 1 6.0
1063.0 1154 88 10 1 10.0
1064.0 1155 93 10 1 10.0
1065.0 1156 96 6 1 6.0
1066.0 1157 98 4 1 4.0
1067.0 1158 99 2 1 2.0
1068.0 1159 102 6 1 6.0
1069.0 1160 103 2 1 2.0
1070.0 1161 105 4 1 4.0
1071.0 1162 107 4 1 4.0
1072.0 1163 108 2 1 2.0
1073.0 1164 111 6 1 6.0
1074.0 1165 113 4 1 4.0
1075.0 1166 116 6 1 6.0
1076.0 1167 117 2 1 2.0
1077.0 1168 120 6 1 6.0
1078.0 1169 121 2 1 2.0
1079.0 1170 122 2 1 2.0
1080.0 1171 123 2 1 2.0
1081.0 1172 125 4 1 4.0
1082.0 1173 126 2 1 2.0
1083.0 1174 127 2 1 2.0
1084.0 1175 130 6 1 6.0
1085.0 1176 132 4 1 4.0
1086.0 1177 133 2 1 2.0
1087.0 1178 135 4 1 4.0
1088.0 1179 138 6 1 6.0
1089.0 1180 139 2 1 2.0
1090.0 1181 0 6 1 6.0
1091.0 1182 7 12 1 12.0
1092.0 1183 10 6 1 6.0
1093.0 1184 16 12 1 12.0
1094.0 1185 21 10 1 10.0
1095.0 1186 26 10 1 10.0
1096.0 1187 30 8 1 8.0
1097.0 1188 31 2 1 2.0
1098.0 1189 36 10 1 10.0
1099.0 1190 38 4 1 4.0
1100.0 1191 41 6 1 6.0
1101.0 1192 43 4 1 4.0
1102.0 1193 47 8 1 8.0
1103.0 1194 48 2 1 2.0
1104.0 1195 49 2 1 2.0
1105.0 1196 52 6 1 6.0
1106.0 1197 54 4 1 4.0
1107.0 1198 56 4 1 4.0
1108.0 1199 57 2 1 2.0
1109.0 1200 59 4 1 4.0
1110.0 1201 60 2 1 2.0
1111.0 1202 64 8 1 8.0
1112.0 1203 65 2 1 2.0
1113.0 1204 67 4 1 4.0
1114.0 1205 71 8 1 8.0
1115.0 1206 72 2 1 2.0
1116.0 1207 75 6 1 6.0
1117.0 1208 76 2 1 2.0
1118.0 1209 77 2 1 2.0
1119.0 1210 80 6 1 6.0
1120.0 1211 84 8 1 8.0
1121.0 1212 85 2 1 2.0
1122.0 1213 88 6 1 6.0
1123.0 1214 91 6 1 6.0
1124.0 1215 96 10 1 10.0
1125.0 1216 99 6 1 6.0
1126.0 1217 101 4 1 4.0
1127.0 1218 102 2 1 2.0
1128.0 1219 103 2 1 2.0
1129.0 1220 104 2 1 2.0
1130.0 1221 107 6 1 6.0
1131.0 1222 112 10 1 10.0
1132.0 1223 115 6 1 6.0
1133.0 1224 116 2 1 2.0
1134.0 1225 117 2 1 2.0
1135.0 1226 119 4 1 4.0
1136.0 1227 120 2 1 2.0
1137.0 1228 122 4 1 4.0
1138.0 1229 124 4 1 4.0
1139.0 1230 125 2 1 2.0
1140.0 1231 127 4 1 4.0
1141.0 1232 128 2 1 2.0
1142.0 1233 129 2 1 2.0
1143.0 1234 131 4 1 4.0
1144.0 1235 132 2 1 2.0
1145.0 1236 133 2 1 2.0
1146.0 1237 137 8 1 8.0
1147.0 1238 138 2 1 2.0
1148.0 1239 139 2 1 2.0
1149.0 1240 144 10 1 10.0
1150.0 1241 0 8 1 8.0
1151.0 1242 9 16 1 16.0
1152.0 1243 11 4 1 4.0
1153.0 1244 17 12 1 12.0
1154.0 1245 22 10 1 10.0
1155.0 1246 24 4 1 4.0
1156.0 1247 27 6 1 6.0
1157.0 1248 32 10 1 10.0
1158.0 1249 34 4 1 4.0
1159.0 1250 36 4 1 4.0
1160.0 1251 37 2 1 2.0
1161.0 1252 39 4 1 4.0
1162.0 1253 42 6 1 6.0
1163.0 1254 45 6 1 6.0
1164.0 1255 48 6 1 6.0
1165.0 1256 51 6 1 6.0
1166.0 1257 53 4 1 4.0
1167.0 1258 58 10 1 10.0
1168.0 1259 61 6 1 6.0
1169.0 1260 64 6 1 6.0
1170.0 1261 65 2 1 2.0
1171.0 1262 67 4 1 4.0
1172.0 1263 70 6 1 6.0
1173.0 1264 72 4 1 4.0
1174.0 1265 76 8 1 8.0
1175.0 1266 79 6 1 6.0
1176.0 1267 80 2 1 2.0
1177.0 1268 82 4 1 4.0
1178.0 1269 85 6 1 6.0
1179.0 1270 87 4 1 4.0
1180.0 1271 89 4 1 4.0
1181.0 1272 94 10 1 10.0
1182.0 1273 96 4 1 4.0
1183.0 1274 101 10 1 10.0
1184.0 1275 102 2 1 2.0
1185.0 1276 104 4 1 4.0
1186.0 1277 105 2 1 2.0
1187.0 1278 106 2 1 2.0
1188.0 1279 107 2 1 2.0
1189.0 1280 110 6 1 6.0
1190.0 1281 112 4 1 4.0
1191.0 1282 113 2 1 2.0
1192.0 1283 115 4 1 4.0
1193.0 1284 116 2 1 2.0
1194.0 1285 118 4 1 4.0
1195.0 1286 121 6 1 6.0
1196.0 1287 123 4 1 4.0
1197.0 1288 126 6 1 6.0
1198.0 1289 127 2 1 2.0
1199.0 1290 129 4 1 4.0
1200.0 1291 133 8 1 8.0
1201.0 1292 136 6 1 6.0
1202.0 1293 139 6 1 6.0
1203.0 1294 140 2 1 2.0
1204.0 1295 141 2 1 2.0
1205.0 1296 142 2 1 2.0
1206.0 1297 145 6 1 6.0
1207.0 1298 147 4 1 4.0
1208.0 1299 148 2 1 2.0
1209.0 1300 151 6 1 6.0
1210.0 1301 0 4 1 4.0
1211.0 1302 8 14 1 14.0
1212.0 1303 13 10 1 10.0
1213.0 1304 15 4 1 4.0
1214.0 1305 17 4 1 4.0
1215.0 1306 19 4 1 4.0
1216.0 1307 24 10 1 10.0
1217.0 1308 26 4 1 4.0
1218.0 1309 32 12 1 12.0
1219.0 1310 33 2 1 2.0
1220.0 1311 36 6 1 6.0
1221.0 1312 37 2 1 2.0
1222.0 1313 40 6 1 6.0
1223.0 1314 43 6 1 6.0
1224.0 1315 44 2 1 2.0
1225.0 1316 49 10 1 10.0
1226.0 1317 51 4 1 4.0
1227.0 1318 54 6 1 6.0
1228.0 1319 58 8 1 8.0
1229.0 1320 62 8 1 8.0
1230.0 1321 63 2 1 2.0
1231.0 1322 66 6 1 6.0
1232.0 1323 70 8 1 8.0
1233.0 1324 72 4 1 4.0
1234.0 1325 77 10 1 10.0
1235.0 1326 79 4 1 4.0
1236.0 1327 81 4 1 4.0
1237.0 1328 83 4 1 4.0
1238.0 1329 87 8 1 8.0
1239.0 1330 88 2 1 2.0
1240.0 1331 89 2 1 2.0
1241.0 1332 90 2 1 2.0
1242.0 1333 92 4 1 4.0
1243.0 1334 94 4 1 4.0
1244.0 1335 95 2 1 2.0
1245.0 1336 96 2 1 2.0
1246.0 1337 99 6 1 6.0
1247.0 1338 101 4 1 4.0
1248.0 1339 104 6 1 6.0
1249.0 1340 107 6 1 6.0
1250.0 1341 108 2 1 2.0
1251.0 1342 110 4 1 4.0
1252.0 1343 113 6 1 6.0
1253.0 1344 117 8 1 8.0
1254.0 1345 120 6 1 6.0
1255.0 1346 122 4 1 4.0
1256.0 1347 124 4 1 4.0
1257.0 1348 125 2 1 2.0
1258.0 1349 127 4 1 4.0
1259.0 1350 129 4 1 4.0
1260.0 1351 130 2 1 2.0
1261.0 1352 131 2 1 2.0
1262.0 1353 133 4 1 4.0
1263.0 1354 134 2 1 2.0
1264.0 1355 136 4 1 4.0
1265.0 1356 139 6 1 6.0
1266.0 1357 140 2 1 2.0
1267.0 1358 141 2 1 2.0
1268.0 1359 145 8 1 8.0
1269.0 1360 147 4 1 4.0
1270.0 1361 0 2 1 2.0
1271.0 1362 7 12 1 12.0
1272.0 1363 10 6 1 6.0
1273.0 1364 16 12 1 12.0
1274.0 1365 21 10 1 10.0
1275.0 1366 25 8 1 8.0
1276.0 1367 29 8 1 8.0
1277.0 1368 33 8 1 8.0
1278.0 1369 38 10 1 10.0
1279.0 1370 39 2 1 2.0
1280.0 1371 40 2 1 2.0
1281.0 1372 44 8 1 8.0
1282.0 1373 46 4 1 4.0
1283.0 1374 49 6 1 6.0
1284.0 1375 50 2 1 2.0
1285.0 1376 52 4 1 4.0
1286.0 1377 55 6 1 6.0
1287.0 1378 57 4 1 4.0
1288.0 1379 59 4 1 4.0
1289.0 1380 60 2 1 2.0
1290.0 1381 64 8 1 8.0
1291.0 1382 66 4 1 4.0
1292.0 1383 70 8 1 8.0
1293.0 1384 72 4 1 4.0
1294.0 1385 75 6 1 6.0
1295.0 1386 78 6 1 6.0
1296.0 1387 81 6 1 6.0
1297.0 1388 82 2 1 2.0
1298.0 1389 87 10 1 10.0
1299.0 1390 89 4 1 4.0
1300.0 1391 90 2 1 2.0
1301.0 1392 92 4 1 4.0
1302.0 1393 93 2 1 2.0
1303.0 1394 97 8 1 8.0
1304.0 1395 98 2 1 2.0
1305.0 1396 100 4 1 4.0
1306.0 1397 102 4 1 4.0
1307.0 1398 104 4 1 4.0
1308.0 1399 105 2 1 2.0
1309.0 1400 106 2 1 2.0
1310.0 1401 107 2 1 2.0
1311.0 1402 112 10 1 10.0
1312.0 1403 115 6 1 6.0
1313.0 1404 120 10 1 10.0
1314.0 1405 122 4 1 4.0
1315.0 1406 123 2 1 2.0
1316.0 1407 125 4 1 4.0
1317.0 1408 127 4 1 4.0
1318.0 1409 129 4 1 4.0
1319.0 1410 131 4 1 4.0
1320.0 1411 134 6 1 6.0
1321.0 1412 136 4 1 4.0
1322.0 1413 137 2 1 2.0
1323.0 1414 140 6 1 6.0
1324.0 1415 142 4 1 4.0
1325.0 1416 146 8 1 8.0
1326.0 1417 149 6 1 6.0
1327.0 1418 150 2 1 2.0
1328.0 1419 153 6 1 6.0
1329.0 1420 157 8 1 8.0
1330.0 1421 0 2 1 2.0
1331.0 1422 8 14 1 14.0
1332.0 1423 14 12 1 12.0
1333.0 1424 18 8 1 8.0
1334.0 1425 19 2 1 2.0
1335.0 1426 22 6 1 6.0
1336.0 1427 27 10 1 10.0
1337.0 1428 29 4 1 4.0
1338.0 1429 32 6 1 6.0
1339.0 1430 34 4 1 4.0
1340.0 1431 36 4 1 4.0
1341.0 1432 37 2 1 2.0
1342.0 1433 38 2 1 2.0
1343.0 1434 41 6 1 6.0
1344.0 1435 44 6 1 6.0
1345.0 1436 46 4 1 4.0
1346.0 1437 48 4 1 4.0
1347.0 1438 53 10 1 10.0
1348.0 1439 54 2 1 2.0
1349.0 1440 57 6 1 6.0
1350.0 1441 58 2 1 2.0
1351.0 1442 61 6 1 6.0
1352.0 1443 63 4 1 4.0
1353.0 1444 66 6 1 6.0
1354.0 1445 68 4 1 4.0
1355.0 1446 71 6 1 6.0
1356.0 1447 74 6 1 6.0
1357.0 1448 77 6 1 6.0
1358.0 1449 80 6 1 6.0
1359.0 1450 81 2 1 2.0
1360.0 1451 82 2 1 2.0
1361.0 1452 83 2 1 2.0
1362.0 1453 85 4 1 4.0
1363.0 1454 86 2 1 2.0
1364.0 1455 87 2 1 2.0
1365.0 1456 88 2 1 2.0
1366.0 1457 90 4 1 4.0
1367.0 1458 93 6 1 6.0
1368.0 1459 94 2 1 2.0
1369.0 1460 98 8 1 8.0
1370.0 1461 99 2 1 2.0
1371.0 1462 102 6 1 6.0
1372.0 1463 106 8 1 8.0
1373.0 1464 107 2 1 2.0
1374.0 1465 110 6 1 6.0
1375.0 1466 113 6 1 6.0
1376.0 1467 115 4 1 4.0
1377.0 1468 117 4 1 4.0
1378.0 1469 122 10 1 10.0
1379.0 1470 125 6 1 6.0
1380.0 1471 130 10 1 10.0
1381.0 1472 131 2 1 2.0
1382.0 1473 133 4 1 4.0
1383.0 1474 134 2 1 2.0
1384.0 1475 136 4 1 4.0
1385.0 1476 137 2 1 2.0
1386.0 1477 139 4 1 4.0
1387.0 1478 140 2 1 2.0
1388.0 1479 141 2 1 2.0
1389.0 1480 143 4 1 4.0
1390.0 1481 0 10 1 10.0
1391.0 1482 9 16 1 16.0
1392.0 1483 13 8 1 8.0
1393.0 1484 17 8 1 8.0
1394.0 1485 18 2 1 2.0
1395.0 1486 24 12 1 12.0
1396.0 1487 25 2 1 2.0
1397.0 1488 30 10 1 10.0
1398.0 1489 31 2 1 2.0
1399.0 1490 34 6 1 6.0
1400.0 1491 35 2 1 2.0
1401.0 1492 36 2 1 2.0
1402.0 1493 38 4 1 4.0
1403.0 1494 40 4 1 4.0
1404.0 1495 43 6 1 6.0
1405.0 1496 44 2 1 2.0
1406.0 1497 47 6 1 6.0
1407.0 1498 49 4 1 4.0
1408.0 1499 51 4 1 4.0
1409.0 1500 53 4 1 4.0
1410.0 1501 56 6 1 6.0
1411.0 1502 60 8 1 8.0
1412.0 1503 63 6 1 6.0
1413.0 1504 66 6 1 6.0
1414.0 1505 70 8 1 8.0
1415.0 1506 72 4 1 4.0
1416.0 1507 74 4 1 4.0
1417.0 1508 77 6 1 6.0
1418.0 1509 80 6 1 6.0
1419.0 1510 87 14 1 14.0
1420.0 1511 89 4 1 4.0
1421.0 1512 91 4 1 4.0
1422.0 1513 96 10 1 10.0
1423.0 1514 98 4 1 4.0
1424.0 1515 99 2 1 2.0
1425.0 1516 100 2 1 2.0
1426.0 1517 102 4 1 4.0
1427.0 1518 103 2 1 2.0
1428.0 1519 106 6 1 6.0
1429.0 1520 107 2 1 2.0
1430.0 1521 110 6 1 6.0
1431.0 1522 112 4 1 4.0
1432.0 1523 113 2 1 2.0
1433.0 1524 114 2 1 2.0
1434.0 1525 119 10 1 10.0
1435.0 1526 122 6 1 6.0
1436.0 1527 123 2 1 2.0
1437.0 1528 124 2 1 2.0
1438.0 1529 126 4 1 4.0
1439.0 1530 129 6 1 6.0
1440.0 1531 131 4 1 4.0
1441.0 1532 136 10 1 10.0
1442.0 1533 139 6 1 6.0
1443.0 1534 142 6 1 6.0
1444.0 1535 143 2 1 2.0
1445.0 1536 145 4 1 4.0
1446.0 1537 146 2 1 2.0
1447.0 1538 148 4 1 4.0
1448.0 1539 149 2 1 2.0
1449.0 1540 150 2 1 2.0
1450.0 1541 0 2 1 2.0
1451.0 1542 8 14 1 14.0
1452.0 1543 13 10 1 10.0
1453.0 1544 19 12 1 12.0
1454.0 1545 23 8 1 8.0
1455.0 1546 27 8 1 8.0
1456.0 1547 28 2 1 2.0
1457.0 1548 30 4 1 4.0
1458.0 1549 32 4 1 4.0
1459.0 1550 37 10 1 10.0
1460.0 1551 39 4 1 4.0
1461.0 1552 44 10 1 10.0
1462.0 1553 49 10 1 10.0
1463.0 1554 52 6 1 6.0
1464.0 1555 54 4 1 4.0
1465.0 1556 57 6 1 6.0
1466.0 1557 58 2 1 2.0
1467.0 1558 60 4 1 4.0
1468.0 1559 62 4 1 4.0
1469.0 1560 64 4 1 4.0
1470.0 1561 66 4 1 4.0
1471.0 1562 68 4 1 4.0
1472.0 1563 71 6 1 6.0
1473.0 1564 73 4 1 4.0
1474.0 1565 74 2 1 2.0
1475.0 1566 75 2 1 2.0
1476.0 1567 78 6 1 6.0
1477.0 1568 80 4 1 4.0
1478.0 1569 84 8 1 8.0
1479.0 1570 88 8 1 8.0
1480.0 1571 91 6 1 6.0
1481.0 1572 93 4 1 4.0
1482.0 1573 95 4 1 4.0
1483.0 1574 98 6 1 6.0
1484.0 1575 99 2 1 2.0
1485.0 1576 102 6 1 6.0
1486.0 1577 103 2 1 2.0
1487.0 1578 104 2 1 2.0
1488.0 1579 107 6 1 6.0
1489.0 1580 112 10 1 10.0
1490.0 1581 114 4 1 4.0
1491.0 1582 116 4 1 4.0
1492.0 1583 117 2 1 2.0
1493.0 1584 121 8 1 8.0
1494.0 1585 122 2 1 2.0
1495.0 1586 123 2 1 2.0
1496.0 1587 125 4 1 4.0
1497.0 1588 129 8 1 8.0
1498.0 1589 136 14 1 14.0
1499.0 1590 138 4 1 4.0
1500.0 1591 140 4 1 4.0
1501.0 1592 141 2 1 2.0
1502.0 1593 142 2 1 2.0
1503.0 1594 145 6 1 6.0
1504.0 1595 148 6 1 6.0
1505.0 1596 151 6 1 6.0
1506.0 1597 154 6 1 6.0
1507.0 1598 157 6 1 6.0
1508.0 1599 160 6 1 6.0
1509.0 1600 162 4 1 4.0
1510.0 1601 0 4 1 4.0
1511.0 1602 6 10 1 10.0
1512.0 1603 12 12 1 12.0
1513.0 1604 17 10 1 10.0
1514.0 1605 19 4 1 4.0
1515.0 1606 21 4 1 4.0
1516.0 1607 27 12 1 12.0
1517.0 1608 29 4 1 4.0
1518.0 1609 34 10 1 10.0
1519.0 1610 36 4 1 4.0
1520.0 1611 39 6 1 6.0
1521.0 1612 43 8 1 8.0
1522.0 1613 47 8 1 8.0
1523.0 1614 48 2 1 2.0
1524.0 1615 49 2 1 2.0
1525.0 1616 51 4 1 4.0
1526.0 1617 53 4 1 4.0
1527.0 1618 58 10 1 10.0
1528.0 1619 60 4 1 4.0
1529.0 1620 63 6 1 6.0
1530.0 1621 68 10 1 10.0
1531.0 1622 72 8 1 8.0
1532.0 1623 74 4 1 4.0
1533.0 1624 75 2 1 2.0
1534.0 1625 76 2 1 2.0
1535.0 1626 79 6 1 6.0
1536.0 1627 82 6 1 6.0
1537.0 1628 84 4 1 4.0
1538.0 1629 85 2 1 2.0
1539.0 1630 88 6 1 6.0
1540.0 1631 89 2 1 2.0
1541.0 1632 93 8 1 8.0
1542.0 1633 95 4 1 4.0
1543.0 1634 98 6 1 6.0
1544.0 1635 99 2 1 2.0
1545.0 1636 101 4 1 4.0
1546.0 1637 102 2 1 2.0
1547.0 1638 105 6 1 6.0
1548.0 1639 106 2 1 2.0
1549.0 1640 109 6 1 6.0
1550.0 1641 111 4 1 4.0
1551.0 1642 114 6 1 6.0
1552.0 1643 116 4 1 4.0
1553.0 1644 119 6 1 6.0
1554.0 1645 122 6 1 6.0
1555.0 1646 124 4 1 4.0
1556.0 1647 125 2 1 2.0
1557.0 1648 128 6 1 6.0
1558.0 1649 130 4 1 4.0
1559.0 1650 133 6 1 6.0
1560.0 1651 138 10 1 10.0
1561.0 1652 140 4 1 4.0
1562.0 1653 141 2 1 2.0
1563.0 1654 143 4 1 4.0
1564.0 1655 145 4 1 4.0
1565.0 1656 146 2 1 2.0
1566.0 1657 148 4 1 4.0
1567.0 1658 149 2 1 2.0
1568.0 1659 151 4 1 4.0
1569.0 1660 155 8 1 8.0
1570.0 1661 0 2 1 2.0
1571.0 1662 7 12 1 12.0
1572.0 1663 11 8 1 8.0
1573.0 1664 15 8 1 8.0
1574.0 1665 18 6 1 6.0
1575.0 1666 20 4 1 4.0
1576.0 1667 21 2 1 2.0
1577.0 1668 25 8 1 8.0
1578.0 1669 29 8 1 8.0
1579.0 1670 33 8 1 8.0
1580.0 1671 37 8 1 8.0
1581.0 1672 41 8 1 8.0
1582.0 1673 44 6 1 6.0
1583.0 1674 47 6 1 6.0
1584.0 1675 50 6 1 6.0
1585.0 1676 52 4 1 4.0
1586.0 1677 58 12 1 12.0
1587.0 1678 62 8 1 8.0
1588.0 1679 66 8 1 8.0
1589.0 1680 67 2 1 2.0
1590.0 1681 69 4 1 4.0
1591.0 1682 72 6 1 6.0
1592.0 1683 76 8 1 8.0
1593.0 1684 79 6 1 6.0
1594.0 1685 81 4 1 4.0
1595.0 1686 82 2 1 2.0
1596.0 1687 83 2 1 2.0
1597.0 1688 85 4 1 4.0
1598.0 1689 87 4 1 4.0
1599.0 1690 89 4 1 4.0
1600.0 1691 92 6 1 6.0
1601.0 1692 94 4 1 4.0
1602.0 1693 96 4 1 4.0
1603.0 1694 98 4 1 4.0
1604.0 1695 101 6 1 6.0
1605.0 1696 103 4 1 4.0
1606.0 1697 106 6 1 6.0
1607.0 1698 110 8 1 8.0
1608.0 1699 111 2 1 2.0
1609.0 1700 112 2 1 2.0
1610.0 1701 114 4 1 4.0
1611.0 1702 116 4 1 4.0
1612.0 1703 118 4 1 4.0
1613.0 1704 122 8 1 8.0
1614.0 1705 123 2 1 2.0
1615.0 1706 126 6 1 6.0
1616.0 1707 127 2 1 2.0
1617.0 1708 129 4 1 4.0
1618.0 1709 130 2 1 2.0
1619.0 1710 133 6 1 6.0
1620.0 1711 136 6 1 6.0
1621.0 1712 137 2 1 2.0
1622.0 1713 141 8 1 8.0
1623.0 1714 143 4 1 4.0
1624.0 1715 145 4 1 4.0
1625.0 1716 147 4 1 4.0
1626.0 1717 149 4 1 4.0
1627.0 1718 151 4 1 4.0
1628.0 1719 153 4 1 4.0
1629.0 1720 156 6 1 6.0
1630.0 1721 0 2 1 2.0
1631.0 1722 9 16 1 16.0
1632.0 1723 14 10 1 10.0
1633.0 1724 19 10 1 10.0
1634.0 1725 24 10 1 10.0
1635.0 1726 29 10 1 10.0
1636.0 1727 32 6 1 6.0
1637.0 1728 35 6 1 6.0
1638.0 1729 36 2 1 2.0
1639.0 1730 38 4 1 4.0
1640.0 1731 39 2 1 2.0
1641.0 1732 41 4 1 4.0
1642.0 1733 42 2 1 2.0
1643.0 1734 45 6 1 6.0
1644.0 1735 48 6 1 6.0
1645.0 1736 51 6 1 6.0
1646.0 1737 54 6 1 6.0
1647.0 1738 55 2 1 2.0
1648.0 1739 57 4 1 4.0
1649.0 1740 59 4 1 4.0
1650.0 1741 60 2 1 2.0
1651.0 1742 64 8 1 8.0
1652.0 1743 66 4 1 4.0
1653.0 1744 68 4 1 4.0
1654.0 1745 74 12 1 12.0
1655.0 1746 80 12 1 12.0
1656.0 1747 85 10 1 10.0
1657.0 1748 89 8 1 8.0
1658.0 1749 93 8 1 8.0
1659.0 1750 95 4 1 4.0
1660.0 1751 97 4 1 4.0
1661.0 1752 100 6 1 6.0
1662.0 1753 101 2 1 2.0
1663.0 1754 102 2 1 2.0
1664.0 1755 104 4 1 4.0
1665.0 1756 105 2 1 2.0
1666.0 1757 108 6 1 6.0
1667.0 1758 109 2 1 2.0
1668.0 1759 112 6 1 6.0
1669.0 1760 115 6 1 6.0
1670.0 1761 116 2 1 2.0
1671.0 1762 119 6 1 6.0
1672.0 1763 121 4 1 4.0
1673.0 1764 124 6 1 6.0
1674.0 1765 126 4 1 4.0
1675.0 1766 131 10 1 10.0
1676.0 1767 133 4 1 4.0
1677.0 1768 138 10 1 10.0
1678.0 1769 140 4 1 4.0
1679.0 1770 142 4 1 4.0
1680.0 1771 147 10 1 10.0
1681.0 1772 151 8 1 8.0
1682.0 1773 153 4 1 4.0
1683.0 1774 156 6 1 6.0
1684.0 1775 157 2 1 2.0
1685.0 1776 158 2 1 2.0
1686.0 1777 159 2 1 2.0
1687.0 1778 162 6 1 6.0
1688.0 1779 163 2 1 2.0
1689.0 1780 168 10 1 10.0
1690.0 1781 0 2 1 2.0
1691.0 1782 7 12 1 12.0
1692.0 1783 11 8 1 8.0
1693.0 1784 15 8 1 8.0
1694.0 1785 18 6 1 6.0
1695.0 1786 21 6 1 6.0
1696.0 1787 26 10 1 10.0
1697.0 1788 28 4 1 4.0
1698.0 1789 30 4 1 4.0
1699.0 1790 31 2 1 2.0
1700.0 1791 38 14 1 14.0
1701.0 1792 42 8 1 8.0
1702.0 1793 44 4 1 4.0
1703.0 1794 47 6 1 6.0
1704.0 1795 50 6 1 6.0
1705.0 1796 51 2 1 2.0
1706.0 1797 53 4 1 4.0
1707.0 1798 55 4 1 4.0
1708.0 1799 56 2 1 2.0
1709.0 1800 59 6 1 6.0
1710.0 1801 63 8 1 8.0
1711.0 1802 67 8 1 8.0
1712.0 1803 70 6 1 6.0
1713.0 1804 73 6 1 6.0
1714.0 1805 78 10 1 10.0
1715.0 1806 80 4 1 4.0
1716.0 1807 83 6 1 6.0
1717.0 1808 86 6 1 6.0
1718.0 1809 87 2 1 2.0
1719.0 1810 91 8 1 8.0
1720.0 1811 96 10 1 10.0
1721.0 1812 98 4 1 4.0
1722.0 1813 101 6 1 6.0
1723.0 1814 103 4 1 4.0
1724.0 1815 106 6 1 6.0
1725.0 1816 109 6 1 6.0
1726.0 1817 115 12 1 12.0
1727.0 1818 118 6 1 6.0
1728.0 1819 120 4 1 4.0
1729.0 1820 123 6 1 6.0
1730.0 1821 124 2 1 2.0
1731.0 1822 125 2 1 2.0
1732.0 1823 127 4 1 4.0
1733.0 1824 129 4 1 4.0
1734.0 1825 131 4 1 4.0
1735.0 1826 132 2 1 2.0
1736.0 1827 133 2 1 2.0
1737.0 1828 135 4 1 4.0
1738.0 1829 137 4 1 4.0
1739.0 1830 141 8 1 8.0
1740.0 1831 142 2 1 2.0
1741.0 1832 143 2 1 2.0
1742.0 1833 144 2 1 2.0
1743.0 1834 146 4 1 4.0
1744.0 1835 148 4 1 4.0
1745.0 1836 151 6 1 6.0
1746.0 1837 152 2 1 2.0
1747.0 1838 154 4 1 4.0
1748.0 1839 155 2 1 2.0
1749.0 1840 156 2 1 2.0
1750.0 1841 0 2 1 2.0
1751.0 1842 7 12 1 12.0
1752.0 1843 12 10 1 10.0
1753.0 1844 17 10 1 10.0
1754.0 1845 20 6 1 6.0
1755.0 1846 24 8 1 8.0
1756.0 1847 28 8 1 8.0
1757.0 1848 33 10 1 10.0
1758.0 1849 39 12 1 12.0
1759.0 1850 41 4 1 4.0
1760.0 1851 47 12 1 12.0
1761.0 1852 49 4 1 4.0
1762.0 1853 51 4 1 4.0
1763.0 1854 53 4 1 4.0
1764.0 1855 59 12 1 12.0
1765.0 1856 62 6 1 6.0
1766.0 1857 65 6 1 6.0
1767.0 1858 67 4 1 4.0
1768.0 1859 71 8 1 8.0
1769.0 1860 75 8 1 8.0
1770.0 1861 76 2 1 2.0
1771.0 1862 79 6 1 6.0
1772.0 1863 80 2 1 2.0
1773.0 1864 81 2 1 2.0
1774.0 1865 83 4 1 4.0
1775.0 1866 85 4 1 4.0
1776.0 1867 86 2 1 2.0
1777.0 1868 87 2 1 2.0
1778.0 1869 90 6 1 6.0
1779.0 1870 95 10 1 10.0
1780.0 1871 96 2 1 2.0
1781.0 1872 100 8 1 8.0
1782.0 1873 101 2 1 2.0
1783.0 1874 103 4 1 4.0
1784.0 1875 107 8 1 8.0
1785.0 1876 111 8 1 8.0
1786.0 1877 117 12 1 12.0
1787.0 1878 119 4 1 4.0
1788.0 1879 123 8 1 8.0
1789.0 1880 125 4 1 4.0
1790.0 1881 126 2 1 2.0
1791.0 1882 128 4 1 4.0
1792.0 1883 130 4 1 4.0
1793.0 1884 133 6 1 6.0
1794.0 1885 135 4 1 4.0
1795.0 1886 138 6 1 6.0
1796.0 1887 140 4 1 4.0
1797.0 1888 142 4 1 4.0
1798.0 1889 145 6 1 6.0
1799.0 1890 147 4 1 4.0
1800.0 1891 150 6 1 6.0
1801.0 1892 155 10 1 10.0
1802.0 1893 158 6 1 6.0
1803.0 1894 159 2 1 2.0
1804.0 1895 162 6 1 6.0
1805.0 1896 165 6 1 6.0
1806.0 1897 169 8 1 8.0
1807.0 1898 172 6 1 6.0
1808.0 1899 175 6 1 6.0
1809.0 1900 176 2 1 2.0
1810.0 1901 0 4 1 4.0
1811.0 1902 8 14 1 14.0
1812.0 1903 13 10 1 10.0
1813.0 1904 15 4 1 4.0
1814.0 1905 21 12 1 12.0
1815.0 1906 27 12 1 12.0
1816.0 1907 31 8 1 8.0
1817.0 1908 34 6 1 6.0
1818.0 1909 37 6 1 6.0
1819.0 1910 38 2 1 2.0
1820.0 1911 41 6 1 6.0
1821.0 1912 45 8 1 8.0
1822.0 1913 48 6 1 6.0
1823.0 1914 50 4 1 4.0
1824.0 1915 52 4 1 4.0
1825.0 1916 55 6 1 6.0
1826.0 1917 60 10 1 10.0
1827.0 1918 63 6 1 6.0
1828.0 1919 66 6 1 6.0
1829.0 1920 68 4 1 4.0
1830.0 1921 72 8 1 8.0
1831.0 1922 74 4 1 4.0
1832.0 1923 81 14 1 14.0
1833.0 1924 83 4 1 4.0
1834.0 1925 84 2 1 2.0
1835.0 1926 86 4 1 4.0
1836.0 1927 89 6 1 6.0
1837.0 1928 95 12 1 12.0
1838.0 1929 97 4 1 4.0
1839.0 1930 99 4 1 4.0
1840.0 1931 102 6 1 6.0
1841.0 1932 103 2 1 2.0
1842.0 1933 107 8 1 8.0
1843.0 1934 110 6 1 6.0
1844.0 1935 112 4 1 4.0
1845.0 1936 115 6 1 6.0
1846.0 1937 116 2 1 2.0
1847.0 1938 118 4 1 4.0
1848.0 1939 119 2 1 2.0
1849.0 1940 120 2 1 2.0
1850.0 1941 124 8 1 8.0
1851.0 1942 126 4 1 4.0
1852.0 1943 128 4 1 4.0
1853.0 1944 131 6 1 6.0
1854.0 1945 134 6 1 6.0
1855.0 1946 138 8 1 8.0
1856.0 1947 141 6 1 6.0
1857.0 1948 145 8 1 8.0
1858.0 1949 147 4 1 4.0
1859.0 1950 149 4 1 4.0
1860.0 1951 151 4 1 4.0
1861.0 1952 153 4 1 4.0
1862.0 1953 154 2 1 2.0
1863.0 1954 157 6 1 6.0
1864.0 1955 158 2 1 2.0
1865.0 1956 160 4 1 4.0
1866.0 1957 162 4 1 4.0
1867.0 1958 165 6 1 6.0
1868.0 1959 167 4 1 4.0
1869.0 1960 168 2 1 2.0
1870.0 1961 0 4 1 4.0
1871.0 1962 10 18 1 18.0
1872.0 1963 15 10 1 10.0
1873.0 1964 18 6 1 6.0
1874.0 1965 22 8 1 8.0
1875.0 1966 25 6 1 6.0
1876.0 1967 28 6 1 6.0
1877.0 1968 29 2 1 2.0
1878.0 1969 35 12 1 12.0
1879.0 1970 38 6 1 6.0
1880.0 1971 40 4 1 4.0
1881.0 1972 44 8 1 8.0
1882.0 1973 47 6 1 6.0
1883.0 1974 52 10 1 10.0
1884.0 1975 56 8 1 8.0
1885.0 1976 62 12 1 12.0
1886.0 1977 63 2 1 2.0
1887.0 1978 64 2 1 2.0
1888.0 1979 66 4 1 4.0
1889.0 1980 67 2 1 2.0
1890.0 1981 71 8 1 8.0
1891.0 1982 73 4 1 4.0
1892.0 1983 75 4 1 4.0
1893.0 1984 78 6 1 6.0
1894.0 1985 80 4 1 4.0
1895.0 1986 81 2 1 2.0
1896.0 1987 83 4 1 4.0
1897.0 1988 84 2 1 2.0
1898.0 1989 88 8 1 8.0
1899.0 1990 89 2 1 2.0
1900.0 1991 90 2 1 2.0
1901.0 1992 92 4 1 4.0
1902.0 1993 93 2 1 2.0
1903.0 1994 97 8 1 8.0
1904.0 1995 101 8 1 8.0
1905.0 1996 102 2 1 2.0
1906.0 1997 104 4 1 4.0
1907.0 1998 105 2 1 2.0
1908.0 1999 108 6 1 6.0
1909.0 2000 109 2 1 2.0
1910.0 2001 110 2 1 2.0
1911.0 2002 111 2 1 2.0
1912.0 2003 113 4 1 4.0
1913.0 2004 116 6 1 6.0
1914.0 2005 117 2 1 2.0
1915.0 2006 118 2 1 2.0
1916.0 2007 120 4 1 4.0
1917.0 2008 124 8 1 8.0
1918.0 2009 127 6 1 6.0
1919.0 2010 129 4 1 4.0
1920.0 2011 133 8 1 8.0
1921.0 2012 135 4 1 4.0
1922.0 2013 136 2 1 2.0
1923.0 2014 137 2 1 2.0
1924.0 2015 140 6 1 6.0
1925.0 2016 142 4 1 4.0
1926.0 2017 144 4 1 4.0
1927.0 2018 145 2 1 2.0
1928.0 2019 148 6 1 6.0
1929.0 2020 150 4 1 4.0
1930.0 2021 0 6 1 6.0
1931.0 2022 7 12 1 12.0
1932.0 2023 13 12 1 12.0
1933.0 2024 15 4 1 4.0
1934.0 2025 19 8 1 8.0
1935.0 2026 23 8 1 8.0
1936.0 2027 29 12 1 12.0
1937.0 2028 31 4 1 4.0
1938.0 2029 35 8 1 8.0
1939.0 2030 36 2 1 2.0
1940.0 2031 40 8 1 8.0
1941.0 2032 46 12 1 12.0
1942.0 2033 51 10 1 10.0
1943.0 2034 53 4 1 4.0
1944.0 2035 56 6 1 6.0
1945.0 2036 60 8 1 8.0
1946.0 2037 62 4 1 4.0
1947.0 2038 64 4 1 4.0
1948.0 2039 66 4 1 4.0
1949.0 2040 68 4 1 4.0
1950.0 2041 72 8 1 8.0
1951.0 2042 76 8 1 8.0
1952.0 2043 81 10 1 10.0
1953.0 2044 84 6 1 6.0
1954.0 2045 85 2 1 2.0
1955.0 2046 87 4 1 4.0
1956.0 2047 88 2 1 2.0
1957.0 2048 91 6 1 6.0
1958.0 2049 95 8 1 8.0
1959.0 2050 98 6 1 6.0
1960.0 2051 102 8 1 8.0
1961.0 2052 107 10 1 10.0
1962.0 2053 108 2 1 2.0
1963.0 2054 111 6 1 6.0
1964.0 2055 113 4 1 4.0
1965.0 2056 114 2 1 2.0
1966.0 2057 117 6 1 6.0
1967.0 2058 122 10 1 10.0
1968.0 2059 124 4 1 4.0
1969.0 2060 126 4 1 4.0
1970.0 2061 128 4 1 4.0
1971.0 2062 132 8 1 8.0
1972.0 2063 133 2 1 2.0
1973.0 2064 135 4 1 4.0
1974.0 2065 137 4 1 4.0
1975.0 2066 138 2 1 2.0
1976.0 2067 139 2 1 2.0
1977.0 2068 142 6 1 6.0
1978.0 2069 145 6 1 6.0
1979.0 2070 146 2 1 2.0
1980.0 2071 148 4 1 4.0
1981.0 2072 149 2 1 2.0
1982.0 2073 151 4 1 4.0
1983.0 2074 152 2 1 2.0
1984.0 2075 154 4 1 4.0
1985.0 2076 155 2 1 2.0
1986.0 2077 157 4 1 4.0
1987.0 2078 159 4 1 4.0
1988.0 2079 160 2 1 2.0
1989.0 2080 163 6 1 6.0
1990.0 2081 0 4 1 4.0
1991.0 2082 8 14 1 14.0
1992.0 2083 11 6 1 6.0
1993.0 2084 15 8 1 8.0
1994.0 2085 19 8 1 8.0
1995.0 2086 24 10 1 10.0
1996.0 2087 30 12 1 12.0
1997.0 2088 33 6 1 6.0
1998.0 2089 37 8 1 8.0
1999.0 2090 39 4 1 4.0
2000.0 2091 44 10 1 10.0
2001.0 2092 49 10 1 10.0
2002.0 2093 54 10 1 10.0
2003.0 2094 56 4 1 4.0
2004.0 2095 59 6 1 6.0
2005.0 2096 65 12 1 12.0
2006.0 2097 67 4 1 4.0
2007.0 2098 73 12 1 12.0
2008.0 2099 75 4 1 4.0
2009.0 2100 78 6 1 6.0
2010.0 2101 82 8 1 8.0
2011.0 2102 86 8 1 8.0
2012.0 2103 88 4 1 4.0
2013.0 2104 89 2 1 2.0
2014.0 2105 91 4 1 4.0
2015.0 2106 95 8 1 8.0
2016.0 2107 98 6 1 6.0
2017.0 2108 100 4 1 4.0
2018.0 2109 105 10 1 10.0
2019.0 2110 107 4 1 4.0
2020.0 2111 109 4 1 4.0
2021.0 2112 112 6 1 6.0
2022.0 2113 117 10 1 10.0
2023.0 2114 120 6 1 6.0
2024.0 2115 122 4 1 4.0
2025.0 2116 124 4 1 4.0
2026.0 2117 126 4 1 4.0
2027.0 2118 127 2 1 2.0
2028.0 2119 130 6 1 6.0
2029.0 2120 131 2 1 2.0
2030.0 2121 134 6 1 6.0
2031.0 2122 136 4 1 4.0
2032.0 2123 137 2 1 2.0
2033.0 2124 141 8 1 8.0
2034.0 2125 142 2 1 2.0
2035.0 2126 143 2 1 2.0
2036.0 2127 146 6 1 6.0
2037.0 2128 148 4 1 4.0
2038.0 2129 149 2 1 2.0
2039.0 2130 152 6 1 6.0
2040.0 2131 155 6 1 6.0
2041.0 2132 156 2 1 2.0
2042.0 2133 158 4 1 4.0
2043.0 2134 161 6 1 6.0
2044.0 2135 162 2 1 2.0
2045.0 2136 164 4 1 4.0
2046.0 2137 165 2 1 2.0
2047.0 2138 166 2 1 2.0
2048.0 2139 170 8 1 8.0
2049.0 2140 173 6 1 6.0
2050.0 2141 0 4 1 4.0
2051.0 2142 7 12 1 12.0
2052.0 2143 9 4 1 4.0
2053.0 2144 13 8 1 8.0
2054.0 2145 18 10 1 10.0
2055.0 2146 23 10 1 10.0
2056.0 2147 28 10 1 10.0
2057.0 2148 33 10 1 10.0
2058.0 2149 37 8 1 8.0
2059.0 2150 41 8 1 8.0
2060.0 2151 42 2 1 2.0
2061.0 2152 46 8 1 8.0
2062.0 2153 48 4 1 4.0
2063.0 2154 51 6 1 6.0
2064.0 2155 53 4 1 4.0
2065.0 2156 55 4 1 4.0
2066.0 2157 58 6 1 6.0
2067.0 2158 61 6 1 6.0
2068.0 2159 62 2 1 2.0
2069.0 2160 66 8 1 8.0
2070.0 2161 69 6 1 6.0
2071.0 2162 74 10 1 10.0
2072.0 2163 79 10 1 10.0
2073.0 2164 82 6 1 6.0
2074.0 2165 84 4 1 4.0
2075.0 2166 87 6 1 6.0
2076.0 2167 88 2 1 2.0
2077.0 2168 94 12 1 12.0
2078.0 2169 97 6 1 6.0
2079.0 2170 99 4 1 4.0
2080.0 2171 103 8 1 8.0
2081.0 2172 106 6 1 6.0
2082.0 2173 109 6 1 6.0
2083.0 2174 112 6 1 6.0
2084.0 2175 114 4 1 4.0
2085.0 2176 119 10 1 10.0
2086.0 2177 121 4 1 4.0
2087.0 2178 124 6 1 6.0
2088.0 2179 127 6 1 6.0
2089.0 2180 129 4 1 4.0
2090.0 2181 132 6 1 6.0
2091.0 2182 134 4 1 4.0
2092.0 2183 136 4 1 4.0
2093.0 2184 140 8 1 8.0
2094.0 2185 143 6 1 6.0
2095.0 2186 144 2 1 2.0
2096.0 2187 147 6 1 6.0
2097.0 2188 149 4 1 4.0
2098.0 2189 153 8 1 8.0
2099.0 2190 154 2 1 2.0
2100.0 2191 155 2 1 2.0
2101.0 2192 156 2 1 2.0
2102.0 2193 158 4 1 4.0
2103.0 2194 161 6 1 6.0
2104.0 2195 163 4 1 4.0
2105.0 2196 165 4 1 4.0
2106.0 2197 167 4 1 4.0
2107.0 2198 168 2 1 2.0
2108.0 2199 172 8 1 8.0
2109.0 2200 175 6 1 6.0
2110.0 2201 0 2 1 2.0
2111.0 2202 8 14 1 14.0
2112.0 2203 14 12 1 12.0
2113.0 2204 16 4 1 4.0
2114.0 2205 20 8 1 8.0
2115.0 2206 23 6 1 6.0
2116.0 2207 29 12 1 12.0
2117.0 2208 32 6 1 6.0
2118.0 2209 37 10 1 10.0
2119.0 2210 42 10 1 10.0
2120.0 2211 44 4 1 4.0
2121.0 2212 48 8 1 8.0
2122.0 2213 51 6 1 6.0
2123.0 2214 55 8 1 8.0
2124.0 2215 57 4 1 4.0
2125.0 2216 59 4 1 4.0
2126.0 2217 63 8 1 8.0
2127.0 2218 68 10 1 10.0
2128.0 2219 73 10 1 10.0
2129.0 2220 76 6 1 6.0
2130.0 2221 80 8 1 8.0
2131.0 2222 84 8 1 8.0
2132.0 2223 87 6 1 6.0
2133.0 2224 90 6 1 6.0
2134.0 2225 94 8 1 8.0
2135.0 2226 98 8 1 8.0
2136.0 2227 99 2 1 2.0
2137.0 2228 102 6 1 6.0
2138.0 2229 104 4 1 4.0
2139.0 2230 107 6 1 6.0
2140.0 2231 109 4 1 4.0
2141.0 2232 111 4 1 4.0
2142.0 2233 114 6 1 6.0
2143.0 2234 115 2 1 2.0
2144.0 2235 117 4 1 4.0
2145.0 2236 120 6 1 6.0
2146.0 2237 123 6 1 6.0
2147.0 2238 125 4 1 4.0
2148.0 2239 128 6 1 6.0
2149.0 2240 129 2 1 2.0
2150.0 2241 130 2 1 2.0
2151.0 2242 132 4 1 4.0
2152.0 2243 138 12 1 12.0
2153.0 2244 139 2 1 2.0
2154.0 2245 141 4 1 4.0
2155.0 2246 143 4 1 4.0
2156.0 2247 145 4 1 4.0
2157.0 2248 147 4 1 4.0
2158.0 2249 150 6 1 6.0
2159.0 2250 151 2 1 2.0
2160.0 2251 155 8 1 8.0
2161.0 2252 157 4 1 4.0
2162.0 2253 159 4 1 4.0
2163.0 2254 162 6 1 6.0
2164.0 2255 164 4 1 4.0
2165.0 2256 165 2 1 2.0
2166.0 2257 166 2 1 2.0
2167.0 2258 167 2 1 2.0
2168.0 2259 168 2 1 2.0
2169.0 2260 172 8 1 8.0
2170.0 2261 0 2 1 2.0
2171.0 2262 8 14 1 14.0
2172.0 2263 11 6 1 6.0
2173.0 2264 16 10 1 10.0
2174.0 2265 21 10 1 10.0
2175.0 2266 23 4 1 4.0
2176.0 2267 24 2 1 2.0
2177.0 2268 27 6 1 6.0
2178.0 2269 32 10 1 10.0
2179.0 2270 36 8 1 8.0
2180.0 2271 41 10 1 10.0
2181.0 2272 46 10 1 10.0
2182.0 2273 48 4 1 4.0
2183.0 2274 51 6 1 6.0
2184.0 2275 57 12 1 12.0
2185.0 2276 60 6 1 6.0
2186.0 2277 63 6 1 6.0
2187.0 2278 69 12 1 12.0
2188.0 2279 71 4 1 4.0
2189.0 2280 72 2 1 2.0
2190.0 2281 73 2 1 2.0
2191.0 2282 76 6 1 6.0
2192.0 2283 78 4 1 4.0
2193.0 2284 81 6 1 6.0
2194.0 2285 84 6 1 6.0
2195.0 2286 87 6 1 6.0
2196.0 2287 90 6 1 6.0
2197.0 2288 91 2 1 2.0
2198.0 2289 92 2 1 2.0
2199.0 2290 93 2 1 2.0
2200.0 2291 95 4 1 4.0
2201.0 2292 98 6 1 6.0
2202.0 2293 101 6 1 6.0
2203.0 2294 105 8 1 8.0
2204.0 2295 107 4 1 4.0
2205.0 2296 111 8 1 8.0
2206.0 2297 112 2 1 2.0
2207.0 2298 115 6 1 6.0
2208.0 2299 117 4 1 4.0
2209.0 2300 119 4 1 4.0
2210.0 2301 122 6 1 6.0
2211.0 2302 126 8 1 8.0
2212.0 2303 130 8 1 8.0
2213.0 2304 133 6 1 6.0
2214.0 2305 136 6 1 6.0
2215.0 2306 139 6 1 6.0
2216.0 2307 142 6 1 6.0
2217.0 2308 143 2 1 2.0
2218.0 2309 144 2 1 2.0
2219.0 2310 146 4 1 4.0
2220.0 2311 148 4 1 4.0
2221.0 2312 150 4 1 4.0
2222.0 2313 151 2 1 2.0
2223.0 2314 153 4 1 4.0
2224.0 2315 155 4 1 4.0
2225.0 2316 156 2 1 2.0
2226.0 2317 160 8 1 8.0
2227.0 2318 161 2 1 2.0
2228.0 2319 166 10 1 10.0
2229.0 2320 167 2 1 2.0
2230.0 2321 0 4 1 4.0
2231.0 2322 10 18 1 18.0
2232.0 2323 17 14 1 14.0
2233.0 2324 19 4 1 4.0
2234.0 2325 24 10 1 10.0
2235.0 2326 27 6 1 6.0
2236.0 2327 29 4 1 4.0
2237.0 2328 32 6 1 6.0
2238.0 2329 37 10 1 10.0
2239.0 2330 40 6 1 6.0
2240.0 2331 44 8 1 8.0
2241.0 2332 48 8 1 8.0
2242.0 2333 51 6 1 6.0
2243.0 2334 52 2 1 2.0
2244.0 2335 54 4 1 4.0
2245.0 2336 57 6 1 6.0
2246.0 2337 58 2 1 2.0
2247.0 2338 61 6 1 6.0
2248.0 2339 63 4 1 4.0
2249.0 2340 66 6 1 6.0
2250.0 2341 70 8 1 8.0
2251.0 2342 75 10 1 10.0
2252.0 2343 80 10 1 10.0
2253.0 2344 84 8 1 8.0
2254.0 2345 85 2 1 2.0
2255.0 2346 87 4 1 4.0
2256.0 2347 91 8 1 8.0
2257.0 2348 96 10 1 10.0
2258.0 2349 100 8 1 8.0
2259.0 2350 105 10 1 10.0
2260.0 2351 107 4 1 4.0
2261.0 2352 109 4 1 4.0
2262.0 2353 112 6 1 6.0
2263.0 2354 115 6 1 6.0
2264.0 2355 116 2 1 2.0
2265.0 2356 120 8 1 8.0
2266.0 2357 121 2 1 2.0
2267.0 2358 123 4 1 4.0
2268.0 2359 127 8 1 8.0
2269.0 2360 128 2 1 2.0
2270.0 2361 130 4 1 4.0
2271.0 2362 133 6 1 6.0
2272.0 2363 136 6 1 6.0
2273.0 2364 137 2 1 2.0
2274.0 2365 138 2 1 2.0
2275.0 2366 139 2 1 2.0
2276.0 2367 144 10 1 10.0
2277.0 2368 147 6 1 6.0
2278.0 2369 148 2 1 2.0
2279.0 2370 149 2 1 2.0
2280.0 2371 151 4 1 4.0
2281.0 2372 155 8 1 8.0
2282.0 2373 156 2 1 2.0
2283.0 2374 159 6 1 6.0
2284.0 2375 161 4 1 4.0
2285.0 2376 164 6 1 6.0
2286.0 2377 165 2 1 2.0
2287.0 2378 166 2 1 2.0
2288.0 2379 167 2 1 2.0
2289.0 2380 169 4 1 4.0
2290.0 2381 0 4 1 4.0
2291.0 2382 8 14 1 14.0
2292.0 2383 15 14 1 14.0
2293.0 2384 20 10 1 10.0
2294.0 2385 26 12 1 12.0
2295.0 2386 31 10 1 10.0
2296.0 2387 32 2 1 2.0
2297.0 2388 38 12 1 12.0
2298.0 2389 42 8 1 8.0
2299.0 2390 46 8 1 8.0
2300.0 2391 48 4 1 4.0
2301.0 2392 50 4 1 4.0
2302.0 2393 53 6 1 6.0
2303.0 2394 56 6 1 6.0
2304.0 2395 61 10 1 10.0
2305.0 2396 64 6 1 6.0
2306.0 2397 68 8 1 8.0
2307.0 2398 70 4 1 4.0
2308.0 2399 73 6 1 6.0
2309.0 2400 74 2 1 2.0
2310.0 2401 78 8 1 8.0
2311.0 2402 81 6 1 6.0
2312.0 2403 84 6 1 6.0
2313.0 2404 87 6 1 6.0
2314.0 2405 88 2 1 2.0
2315.0 2406 91 6 1 6.0
2316.0 2407 92 2 1 2.0
2317.0 2408 94 4 1 4.0
2318.0 2409 98 8 1 8.0
2319.0 2410 100 4 1 4.0
2320.0 2411 103 6 1 6.0
2321.0 2412 104 2 1 2.0
2322.0 2413 105 2 1 2.0
2323.0 2414 106 2 1 2.0
2324.0 2415 111 10 1 10.0
2325.0 2416 114 6 1 6.0
2326.0 2417 117 6 1 6.0
2327.0 2418 121 8 1 8.0
2328.0 2419 122 2 1 2.0
2329.0 2420 125 6 1 6.0
2330.0 2421 127 4 1 4.0
2331.0 2422 128 2 1 2.0
2332.0 2423 131 6 1 6.0
2333.0 2424 135 8 1 8.0
2334.0 2425 137 4 1 4.0
2335.0 2426 138 2 1 2.0
2336.0 2427 139 2 1 2.0
2337.0 2428 143 8 1 8.0
2338.0 2429 144 2 1 2.0
2339.0 2430 148 8 1 8.0
2340.0 2431 152 8 1 8.0
2341.0 2432 155 6 1 6.0
2342.0 2433 157 4 1 4.0
2343.0 2434 158 2 1 2.0
2344.0 2435 162 8 1 8.0
2345.0 2436 163 2 1 2.0
2346.0 2437 166 6 1 6.0
2347.0 2438 167 2 1 2.0
2348.0 2439 170 6 1 6.0
2349.0 2440 176 12 1 12.0
2350.0 2441 0 4 1 4.0
2351.0 2442 9 16 1 16.0
2352.0 2443 15 12 1 12.0
2353.0 2444 21 12 1 12.0
2354.0 2445 25 8 1 8.0
2355.0 2446 28 6 1 6.0
2356.0 2447 34 12 1 12.0
2357.0 2448 38 8 1 8.0
2358.0 2449 42 8 1 8.0
2359.0 2450 49 14 1 14.0
2360.0 2451 50 2 1 2.0
2361.0 2452 53 6 1 6.0
2362.0 2453 55 4 1 4.0
2363.0 2454 61 12 1 12.0
2364.0 2455 64 6 1 6.0
2365.0 2456 68 8 1 8.0
2366.0 2457 69 2 1 2.0
2367.0 2458 70 2 1 2.0
2368.0 2459 72 4 1 4.0
2369.0 2460 74 4 1 4.0
2370.0 2461 77 6 1 6.0
2371.0 2462 80 6 1 6.0
2372.0 2463 82 4 1 4.0
2373.0 2464 84 4 1 4.0
2374.0 2465 87 6 1 6.0
2375.0 2466 92 10 1 10.0
2376.0 2467 96 8 1 8.0
2377.0 2468 97 2 1 2.0
2378.0 2469 101 8 1 8.0
2379.0 2470 103 4 1 4.0
2380.0 2471 104 2 1 2.0
2381.0 2472 106 4 1 4.0
2382.0 2473 108 4 1 4.0
2383.0 2474 109 2 1 2.0
2384.0 2475 110 2 1 2.0
2385.0 2476 113 6 1 6.0
2386.0 2477 118 10 1 10.0
2387.0 2478 119 2 1 2.0
2388.0 2479 120 2 1 2.0
2389.0 2480 121 2 1 2.0
2390.0 2481 122 2 1 2.0
2391.0 2482 123 2 1 2.0
2392.0 2483 127 8 1 8.0
2393.0 2484 129 4 1 4.0
2394.0 2485 130 2 1 2.0
2395.0 2486 135 10 1 10.0
2396.0 2487 138 6 1 6.0
2397.0 2488 139 2 1 2.0
2398.0 2489 140 2 1 2.0
2399.0 2490 144 8 1 8.0
2400.0 2491 147 6 1 6.0
2401.0 2492 148 2 1 2.0
2402.0 2493 153 10 1 10.0
2403.0 2494 156 6 1 6.0
2404.0 2495 159 6 1 6.0
2405.0 2496 160 2 1 2.0
2406.0 2497 162 4 1 4.0
2407.0 2498 166 8 1 8.0
2408.0 2499 167 2 1 2.0
2409.0 2500 171 8 1 8.0
2410.0 2501 0 4 1 4.0
2411.0 2502 7 12 1 12.0
2412.0 2503 11 8 1 8.0
2413.0 2504 17 12 1 12.0
2414.0 2505 20 6 1 6.0
2415.0 2506 24 8 1 8.0
2416.0 2507 26 4 1 4.0
2417.0 2508 30 8 1 8.0
2418.0 2509 32 4 1 4.0
2419.0 2510 36 8 1 8.0
2420.0 2511 38 4 1 4.0
2421.0 2512 41 6 1 6.0
2422.0 2513 43 4 1 4.0
2423.0 2514 48 10 1 10.0
2424.0 2515 54 12 1 12.0
2425.0 2516 58 8 1 8.0
2426.0 2517 62 8 1 8.0
2427.0 2518 64 4 1 4.0
2428.0 2519 66 4 1 4.0
2429.0 2520 68 4 1 4.0
2430.0 2521 74 12 1 12.0
2431.0 2522 76 4 1 4.0
2432.0 2523 77 2 1 2.0
2433.0 2524 81 8 1 8.0
2434.0 2525 83 4 1 4.0
2435.0 2526 84 2 1 2.0
2436.0 2527 86 4 1 4.0
2437.0 2528 89 6 1 6.0
2438.0 2529 92 6 1 6.0
2439.0 2530 95 6 1 6.0
2440.0 2531 96 2 1 2.0
2441.0 2532 98 4 1 4.0
2442.0 2533 100 4 1 4.0
2443.0 2534 101 2 1 2.0
2444.0 2535 104 6 1 6.0
2445.0 2536 106 4 1 4.0
2446.0 2537 109 6 1 6.0
2447.0 2538 111 4 1 4.0
2448.0 2539 115 8 1 8.0
2449.0 2540 118 6 1 6.0
2450.0 2541 121 6 1 6.0
2451.0 2542 122 2 1 2.0
2452.0 2543 127 10 1 10.0
2453.0 2544 132 10 1 10.0
2454.0 2545 134 4 1 4.0
2455.0 2546 136 4 1 4.0
2456.0 2547 139 6 1 6.0
2457.0 2548 140 2 1 2.0
2458.0 2549 142 4 1 4.0
2459.0 2550 144 4 1 4.0
2460.0 2551 146 4 1 4.0
2461.0 2552 148 4 1 4.0
2462.0 2553 150 4 1 4.0
2463.0 2554 153 6 1 6.0
2464.0 2555 155 4 1 4.0
2465.0 2556 157 4 1 4.0
2466.0 2557 160 6 1 6.0
2467.0 2558 164 8 1 8.0
2468.0 2559 168 8 1 8.0
2469.0 2560 169 2 1 2.0
2470.0 2561 0 4 1 4.0
2471.0 2562 5 8 1 8.0
2472.0 2563 12 14 1 14.0
2473.0 2564 16 8 1 8.0
2474.0 2565 19 6 1 6.0
2475.0 2566 24 10 1 10.0
2476.0 2567 27 6 1 6.0
2477.0 2568 28 2 1 2.0
2478.0 2569 29 2 1 2.0
2479.0 2570 33 8 1 8.0
2480.0 2571 34 2 1 2.0
2481.0 2572 37 6 1 6.0
2482.0 2573 41 8 1 8.0
2483.0 2574 45 8 1 8.0
2484.0 2575 47 4 1 4.0
2485.0 2576 53 12 1 12.0
2486.0 2577 55 4 1 4.0
2487.0 2578 57 4 1 4.0
2488.0 2579 59 4 1 4.0
2489.0 2580 62 6 1 6.0
2490.0 2581 67 10 1 10.0
2491.0 2582 72 10 1 10.0
2492.0 2583 76 8 1 8.0
2493.0 2584 79 6 1 6.0
2494.0 2585 81 4 1 4.0
2495.0 2586 83 4 1 4.0
2496.0 2587 85 4 1 4.0
2497.0 2588 87 4 1 4.0
2498.0 2589 92 10 1 10.0
2499.0 2590 94 4 1 4.0
2500.0 2591 97 6 1 6.0
2501.0 2592 99 4 1 4.0
2502.0 2593 101 4 1 4.0
2503.0 2594 107 12 1 12.0
2504.0 2595 110 6 1 6.0
2505.0 2596 112 4 1 4.0
2506.0 2597 116 8 1 8.0
2507.0 2598 120 8 1 8.0
2508.0 2599 123 6 1 6.0
2509.0 2600 124 2 1 2.0
2510.0 2601 126 2 1 2.0
2511.0 2602 126 0 0 NaN
2512.0 2603 130 8 1 8.0
2513.0 2604 131 2 1 2.0
2514.0 2605 133 4 1 4.0
2515.0 2606 134 2 1 2.0
2516.0 2607 139 10 1 10.0
2517.0 2608 142 6 1 6.0
2518.0 2609 144 4 1 4.0
2519.0 2610 145 2 1 2.0
2520.0 2611 147 4 1 4.0
2521.0 2612 148 2 1 2.0
2522.0 2613 149 2 1 2.0
2523.0 2614 151 4 1 4.0
2524.0 2615 156 10 1 10.0
2525.0 2616 160 8 1 8.0
2526.0 2617 162 4 1 4.0
2527.0 2618 164 4 1 4.0
2528.0 2619 165 2 1 2.0
2529.0 2620 166 2 1 2.0
2530.0 2621 0 6 1 6.0
2531.0 2622 9 16 1 16.0
2532.0 2623 17 16 1 16.0
2533.0 2624 24 14 1 14.0
2534.0 2625 26 4 1 4.0
2535.0 2626 31 10 1 10.0
2536.0 2627 36 10 1 10.0
2537.0 2628 38 4 1 4.0
2538.0 2629 42 8 1 8.0
2539.0 2630 47 10 1 10.0
2540.0 2631 52 10 1 10.0
2541.0 2632 53 2 1 2.0
2542.0 2633 54 2 1 2.0
2543.0 2634 55 2 1 2.0
2544.0 2635 57 4 1 4.0
2545.0 2636 59 4 1 4.0
2546.0 2637 63 8 1 8.0
2547.0 2638 66 6 1 6.0
2548.0 2639 67 2 1 2.0
2549.0 2640 72 10 1 10.0
2550.0 2641 80 16 1 16.0
2551.0 2642 81 2 1 2.0
2552.0 2643 83 4 1 4.0
2553.0 2644 84 2 1 2.0
2554.0 2645 86 4 1 4.0
2555.0 2646 91 10 1 10.0
2556.0 2647 95 8 1 8.0
2557.0 2648 98 6 1 6.0
2558.0 2649 102 8 1 8.0
2559.0 2650 104 4 1 4.0
2560.0 2651 107 6 1 6.0
2561.0 2652 111 8 1 8.0
2562.0 2653 113 4 1 4.0
2563.0 2654 117 8 1 8.0
2564.0 2655 118 2 1 2.0
2565.0 2656 120 4 1 4.0
2566.0 2657 121 2 1 2.0
2567.0 2658 122 2 1 2.0
2568.0 2659 124 4 1 4.0
2569.0 2660 125 2 1 2.0
2570.0 2661 128 6 1 6.0
2571.0 2662 131 6 1 6.0
2572.0 2663 132 2 1 2.0
2573.0 2664 133 2 1 2.0
2574.0 2665 135 4 1 4.0
2575.0 2666 137 4 1 4.0
2576.0 2667 138 2 1 2.0
2577.0 2668 141 6 1 6.0
2578.0 2669 145 8 1 8.0
2579.0 2670 146 2 1 2.0
2580.0 2671 148 4 1 4.0
2581.0 2672 149 2 1 2.0
2582.0 2673 150 2 1 2.0
2583.0 2674 152 4 1 4.0
2584.0 2675 156 8 1 8.0
2585.0 2676 158 4 1 4.0
2586.0 2677 160 4 1 4.0
2587.0 2678 161 2 1 2.0
2588.0 2679 162 2 1 2.0
2589.0 2680 164 4 1 4.0
2590.0 2681 0 2 1 2.0
2591.0 2682 8 14 1 14.0
2592.0 2683 11 6 1 6.0
2593.0 2684 16 10 1 10.0
2594.0 2685 21 10 1 10.0
2595.0 2686 25 8 1 8.0
2596.0 2687 26 2 1 2.0
2597.0 2688 28 4 1 4.0
2598.0 2689 30 4 1 4.0
2599.0 2690 33 6 1 6.0
2600.0 2691 36 6 1 6.0
2601.0 2692 38 4 1 4.0
2602.0 2693 42 8 1 8.0
2603.0 2694 48 12 1 12.0
2604.0 2695 51 6 1 6.0
2605.0 2696 54 6 1 6.0
2606.0 2697 61 14 1 14.0
2607.0 2698 64 6 1 6.0
2608.0 2699 67 6 1 6.0
2609.0 2700 71 8 1 8.0
2610.0 2701 73 4 1 4.0
2611.0 2702 75 4 1 4.0
2612.0 2703 78 6 1 6.0
2613.0 2704 82 8 1 8.0
2614.0 2705 85 6 1 6.0
2615.0 2706 89 8 1 8.0
2616.0 2707 92 6 1 6.0
2617.0 2708 97 10 1 10.0
2618.0 2709 98 2 1 2.0
2619.0 2710 101 6 1 6.0
2620.0 2711 104 6 1 6.0
2621.0 2712 110 12 1 12.0
2622.0 2713 112 4 1 4.0
2623.0 2714 115 6 1 6.0
2624.0 2715 119 8 1 8.0
2625.0 2716 120 2 1 2.0
2626.0 2717 123 6 1 6.0
2627.0 2718 127 8 1 8.0
2628.0 2719 129 4 1 4.0
2629.0 2720 131 4 1 4.0
2630.0 2721 133 4 1 4.0
2631.0 2722 134 2 1 2.0
2632.0 2723 136 4 1 4.0
2633.0 2724 138 4 1 4.0
2634.0 2725 140 4 1 4.0
2635.0 2726 145 10 1 10.0
2636.0 2727 150 10 1 10.0
2637.0 2728 151 2 1 2.0
2638.0 2729 154 6 1 6.0
2639.0 2730 155 2 1 2.0
2640.0 2731 156 2 1 2.0
2641.0 2732 161 10 1 10.0
2642.0 2733 163 4 1 4.0
2643.0 2734 164 2 1 2.0
2644.0 2735 168 8 1 8.0
2645.0 2736 169 2 1 2.0
2646.0 2737 170 2 1 2.0
2647.0 2738 175 10 1 10.0
2648.0 2739 179 8 1 8.0
2649.0 2740 181 4 1 4.0
2650.0 2741 0 6 1 6.0
2651.0 2742 8 14 1 14.0
2652.0 2743 14 12 1 12.0
2653.0 2744 19 10 1 10.0
2654.0 2745 24 10 1 10.0
2655.0 2746 27 6 1 6.0
2656.0 2747 31 8 1 8.0
2657.0 2748 32 2 1 2.0
2658.0 2749 36 8 1 8.0
2659.0 2750 42 12 1 12.0
2660.0 2751 47 10 1 10.0
2661.0 2752 48 2 1 2.0
2662.0 2753 53 10 1 10.0
2663.0 2754 56 6 1 6.0
2664.0 2755 60 8 1 8.0
2665.0 2756 64 8 1 8.0
2666.0 2757 68 8 1 8.0
2667.0 2758 70 4 1 4.0
2668.0 2759 73 6 1 6.0
2669.0 2760 74 2 1 2.0
2670.0 2761 78 8 1 8.0
2671.0 2762 80 4 1 4.0
2672.0 2763 81 2 1 2.0
2673.0 2764 85 8 1 8.0
2674.0 2765 88 6 1 6.0
2675.0 2766 92 8 1 8.0
2676.0 2767 97 10 1 10.0
2677.0 2768 98 2 1 2.0
2678.0 2769 100 4 1 4.0
2679.0 2770 103 6 1 6.0
2680.0 2771 108 10 1 10.0
2681.0 2772 111 6 1 6.0
2682.0 2773 114 6 1 6.0
2683.0 2774 116 4 1 4.0
2684.0 2775 120 8 1 8.0
2685.0 2776 124 8 1 8.0
2686.0 2777 125 2 1 2.0
2687.0 2778 129 8 1 8.0
2688.0 2779 132 6 1 6.0
2689.0 2780 134 4 1 4.0
2690.0 2781 137 6 1 6.0
2691.0 2782 138 2 1 2.0
2692.0 2783 140 4 1 4.0
2693.0 2784 141 2 1 2.0
2694.0 2785 145 8 1 8.0
2695.0 2786 148 6 1 6.0
2696.0 2787 150 4 1 4.0
2697.0 2788 154 8 1 8.0
2698.0 2789 155 2 1 2.0
2699.0 2790 156 2 1 2.0
2700.0 2791 158 4 1 4.0
2701.0 2792 160 4 1 4.0
2702.0 2793 164 8 1 8.0
2703.0 2794 166 4 1 4.0
2704.0 2795 169 6 1 6.0
2705.0 2796 171 4 1 4.0
2706.0 2797 173 4 1 4.0
2707.0 2798 176 6 1 6.0
2708.0 2799 179 6 1 6.0
2709.0 2800 181 4 1 4.0
2710.0 2801 0 2 1 2.0
2711.0 2802 4 6 1 6.0
2712.0 2803 8 8 1 8.0
2713.0 2804 12 8 1 8.0
2714.0 2805 16 8 1 8.0
2715.0 2806 20 8 1 8.0
2716.0 2807 24 8 1 8.0
2717.0 2808 28 8 1 8.0
2718.0 2809 32 8 1 8.0
2719.0 2810 37 10 1 10.0
2720.0 2811 39 4 1 4.0
2721.0 2812 41 4 1 4.0
2722.0 2813 45 8 1 8.0
2723.0 2814 51 12 1 12.0
2724.0 2815 56 10 1 10.0
2725.0 2816 58 4 1 4.0
2726.0 2817 62 8 1 8.0
2727.0 2818 64 4 1 4.0
2728.0 2819 66 4 1 4.0
2729.0 2820 70 8 1 8.0
2730.0 2821 74 8 1 8.0
2731.0 2822 79 10 1 10.0
2732.0 2823 81 4 1 4.0
2733.0 2824 86 10 1 10.0
2734.0 2825 89 6 1 6.0
2735.0 2826 92 6 1 6.0
2736.0 2827 93 2 1 2.0
2737.0 2828 96 6 1 6.0
2738.0 2829 99 6 1 6.0
2739.0 2830 103 8 1 8.0
2740.0 2831 108 10 1 10.0
2741.0 2832 114 12 1 12.0
2742.0 2833 119 10 1 10.0
2743.0 2834 122 6 1 6.0
2744.0 2835 126 8 1 8.0
2745.0 2836 128 4 1 4.0
2746.0 2837 132 8 1 8.0
2747.0 2838 134 4 1 4.0
2748.0 2839 135 2 1 2.0
2749.0 2840 137 4 1 4.0
2750.0 2841 139 4 1 4.0
2751.0 2842 140 2 1 2.0
2752.0 2843 143 6 1 6.0
2753.0 2844 145 4 1 4.0
2754.0 2845 146 2 1 2.0
2755.0 2846 148 4 1 4.0
2756.0 2847 150 4 1 4.0
2757.0 2848 152 4 1 4.0
2758.0 2849 153 2 1 2.0
2759.0 2850 155 4 1 4.0
2760.0 2851 157 4 1 4.0
2761.0 2852 159 4 1 4.0
2762.0 2853 160 2 1 2.0
2763.0 2854 161 2 1 2.0
2764.0 2855 163 4 1 4.0
2765.0 2856 166 6 1 6.0
2766.0 2857 168 4 1 4.0
2767.0 2858 170 4 1 4.0
2768.0 2859 172 4 1 4.0
2769.0 2860 174 4 1 4.0
2770.0 2861 0 2 1 2.0
2771.0 2862 4 6 1 6.0
2772.0 2863 7 6 1 6.0
2773.0 2864 12 10 1 10.0
2774.0 2865 18 12 1 12.0
2775.0 2866 22 8 1 8.0
2776.0 2867 24 4 1 4.0
2777.0 2868 32 16 1 16.0
2778.0 2869 34 4 1 4.0
2779.0 2870 40 12 1 12.0
2780.0 2871 43 6 1 6.0
2781.0 2872 44 2 1 2.0
2782.0 2873 48 8 1 8.0
2783.0 2874 50 4 1 4.0
2784.0 2875 52 4 1 4.0
2785.0 2876 54 4 1 4.0
2786.0 2877 57 6 1 6.0
2787.0 2878 58 2 1 2.0
2788.0 2879 62 8 1 8.0
2789.0 2880 67 10 1 10.0
2790.0 2881 69 4 1 4.0
2791.0 2882 71 4 1 4.0
2792.0 2883 74 6 1 6.0
2793.0 2884 75 2 1 2.0
2794.0 2885 77 4 1 4.0
2795.0 2886 80 6 1 6.0
2796.0 2887 84 8 1 8.0
2797.0 2888 85 2 1 2.0
2798.0 2889 86 2 1 2.0
2799.0 2890 89 6 1 6.0
2800.0 2891 91 4 1 4.0
2801.0 2892 95 8 1 8.0
2802.0 2893 98 6 1 6.0
2803.0 2894 100 4 1 4.0
2804.0 2895 105 10 1 10.0
2805.0 2896 106 2 1 2.0
2806.0 2897 110 8 1 8.0
2807.0 2898 111 2 1 2.0
2808.0 2899 113 4 1 4.0
2809.0 2900 117 8 1 8.0
2810.0 2901 118 2 1 2.0
2811.0 2902 121 6 1 6.0
2812.0 2903 124 6 1 6.0
2813.0 2904 127 6 1 6.0
2814.0 2905 128 2 1 2.0
2815.0 2906 130 4 1 4.0
2816.0 2907 131 2 1 2.0
2817.0 2908 133 4 1 4.0
2818.0 2909 137 8 1 8.0
2819.0 2910 141 8 1 8.0
2820.0 2911 147 12 1 12.0
2821.0 2912 150 6 1 6.0
2822.0 2913 151 2 1 2.0
2823.0 2914 154 6 1 6.0
2824.0 2915 155 2 1 2.0
2825.0 2916 156 2 1 2.0
2826.0 2917 157 2 1 2.0
2827.0 2918 158 2 1 2.0
2828.0 2919 162 8 1 8.0
2829.0 2920 168 12 1 12.0
2830.0 2921 0 4 1 4.0
2831.0 2922 9 0 0 NaN
2832.0 2923 14 26 2 13.0
2833.0 2924 19 10 1 10.0
2834.0 2925 23 8 1 8.0
2835.0 2926 27 8 1 8.0
2836.0 2927 30 6 1 6.0
2837.0 2928 33 6 1 6.0
2838.0 2929 34 2 1 2.0
2839.0 2930 35 2 1 2.0
2840.0 2931 40 10 1 10.0
2841.0 2932 44 8 1 8.0
2842.0 2933 47 6 1 6.0
2843.0 2934 51 8 1 8.0
2844.0 2935 52 2 1 2.0
2845.0 2936 57 10 1 10.0
2846.0 2937 61 8 1 8.0
2847.0 2938 64 6 1 6.0
2848.0 2939 65 2 1 2.0
2849.0 2940 71 12 1 12.0
2850.0 2941 72 2 1 2.0
2851.0 2942 75 6 1 6.0
2852.0 2943 80 10 1 10.0
2853.0 2944 82 4 1 4.0
2854.0 2945 83 2 1 2.0
2855.0 2946 86 6 1 6.0
2856.0 2947 90 8 1 8.0
2857.0 2948 92 4 1 4.0
2858.0 2949 93 2 1 2.0
2859.0 2950 98 10 1 10.0
2860.0 2951 99 2 1 2.0
2861.0 2952 104 10 1 10.0
2862.0 2953 107 6 1 6.0
2863.0 2954 110 6 1 6.0
2864.0 2955 113 6 1 6.0
2865.0 2956 118 10 1 10.0
2866.0 2957 121 6 1 6.0
2867.0 2958 124 6 1 6.0
2868.0 2959 126 4 1 4.0
2869.0 2960 131 10 1 10.0
2870.0 2961 133 4 1 4.0
2871.0 2962 136 6 1 6.0
2872.0 2963 138 4 1 4.0
2873.0 2964 143 10 1 10.0
2874.0 2965 148 10 1 10.0
2875.0 2966 149 2 1 2.0
2876.0 2967 152 6 1 6.0
2877.0 2968 155 6 1 6.0
2878.0 2969 156 2 1 2.0
2879.0 2970 157 2 1 2.0
2880.0 2971 161 8 1 8.0
2881.0 2972 164 6 1 6.0
2882.0 2973 168 8 1 8.0
2883.0 2974 170 4 1 4.0
2884.0 2975 173 6 1 6.0
2885.0 2976 175 4 1 4.0
2886.0 2977 179 8 1 8.0
2887.0 2978 182 6 1 6.0
2888.0 2979 184 4 1 4.0
2889.0 2980 185 2 1 2.0
2890.0 2981 0 2 1 2.0
2891.0 2982 7 12 1 12.0
2892.0 2983 10 6 1 6.0
2893.0 2984 17 14 1 14.0
2894.0 2985 21 8 1 8.0
2895.0 2986 24 6 1 6.0
2896.0 2987 28 8 1 8.0
2897.0 2988 32 8 1 8.0
2898.0 2989 33 2 1 2.0
2899.0 2990 39 12 1 12.0
2900.0 2991 42 6 1 6.0
2901.0 2992 43 2 1 2.0
2902.0 2993 46 6 1 6.0
2903.0 2994 49 6 1 6.0
2904.0 2995 54 10 1 10.0
2905.0 2996 56 4 1 4.0
2906.0 2997 57 2 1 2.0
2907.0 2998 58 2 1 2.0
2908.0 2999 62 8 1 8.0
2909.0 3000 64 4 1 4.0
2910.0 3001 70 12 1 12.0
2911.0 3002 75 10 1 10.0
2912.0 3003 79 8 1 8.0
2913.0 3004 84 10 1 10.0
2914.0 3005 87 6 1 6.0
2915.0 3006 89 4 1 4.0
2916.0 3007 93 8 1 8.0
2917.0 3008 99 12 1 12.0
2918.0 3009 105 12 1 12.0
2919.0 3010 109 8 1 8.0
2920.0 3011 110 2 1 2.0
2921.0 3012 111 2 1 2.0
2922.0 3013 113 4 1 4.0
2923.0 3014 115 4 1 4.0
2924.0 3015 118 6 1 6.0
2925.0 3016 122 8 1 8.0
2926.0 3017 124 4 1 4.0
2927.0 3018 127 6 1 6.0
2928.0 3019 129 4 1 4.0
2929.0 3020 133 8 1 8.0
2930.0 3021 136 6 1 6.0
2931.0 3022 138 4 1 4.0
2932.0 3023 142 8 1 8.0
2933.0 3024 144 4 1 4.0
2934.0 3025 145 2 1 2.0
2935.0 3026 149 8 1 8.0
2936.0 3027 151 4 1 4.0
2937.0 3028 152 2 1 2.0
2938.0 3029 155 6 1 6.0
2939.0 3030 158 6 1 6.0
2940.0 3031 164 12 1 12.0
2941.0 3032 168 8 1 8.0
2942.0 3033 169 2 1 2.0
2943.0 3034 174 10 1 10.0
2944.0 3035 175 2 1 2.0
2945.0 3036 179 8 1 8.0
2946.0 3037 181 4 1 4.0
2947.0 3038 184 6 1 6.0
2948.0 3039 187 6 1 6.0
2949.0 3040 190 6 1 6.0
2950.0 3041 0 2 1 2.0
2951.0 3042 6 10 1 10.0
2952.0 3043 12 12 1 12.0
2953.0 3044 18 12 1 12.0
2954.0 3045 22 8 1 8.0
2955.0 3046 25 6 1 6.0
2956.0 3047 28 6 1 6.0
2957.0 3048 33 10 1 10.0
2958.0 3049 37 8 1 8.0
2959.0 3050 41 8 1 8.0
2960.0 3051 45 8 1 8.0
2961.0 3052 47 4 1 4.0
2962.0 3053 50 6 1 6.0
2963.0 3054 57 14 1 14.0
2964.0 3055 60 6 1 6.0
2965.0 3056 61 2 1 2.0
2966.0 3057 63 4 1 4.0
2967.0 3058 68 10 1 10.0
2968.0 3059 71 6 1 6.0
2969.0 3060 76 10 1 10.0
2970.0 3061 77 2 1 2.0
2971.0 3062 78 2 1 2.0
2972.0 3063 81 6 1 6.0
2973.0 3064 82 2 1 2.0
2974.0 3065 86 8 1 8.0
2975.0 3066 93 14 1 14.0
2976.0 3067 95 4 1 4.0
2977.0 3068 99 8 1 8.0
2978.0 3069 102 6 1 6.0
2979.0 3070 105 6 1 6.0
2980.0 3071 107 4 1 4.0
2981.0 3072 108 2 1 2.0
2982.0 3073 110 4 1 4.0
2983.0 3074 113 6 1 6.0
2984.0 3075 117 8 1 8.0
2985.0 3076 119 4 1 4.0
2986.0 3077 120 2 1 2.0
2987.0 3078 123 6 1 6.0
2988.0 3079 126 6 1 6.0
2989.0 3080 129 6 1 6.0
2990.0 3081 131 4 1 4.0
2991.0 3082 133 4 1 4.0
2992.0 3083 136 6 1 6.0
2993.0 3084 140 8 1 8.0
2994.0 3085 141 2 1 2.0
2995.0 3086 144 6 1 6.0
2996.0 3087 145 2 1 2.0
2997.0 3088 147 4 1 4.0
2998.0 3089 149 4 1 4.0
2999.0 3090 152 6 1 6.0
18151.0 2986 5.074347
