java -cp `find -L lib/ -name "*.jar" | tr [:space:] :`:"":classes peersim.Simulator CUPsim.cfg



# Time | updated | total | diff |  value N | avg time | hop count | logSize*100 | avg hop
292
305
251
285
282
303
309
266
266
292
279
318
290
267
293
321
311
255
283
290
323
262
298
293
328
281
313
277
312
297
313
279
313
254
243
279
289
309
281
269
290
309
294
257
297
289
282
293
282
309
294
292
259
290
308
284
306
290
288
276
283
318
267
306
309
280
267
296
317
319
296
280
266
310
298
282
318
296
270
289
279
298
289
261
291
292
306
292
279
314
288
294
326
304
270
277
296
299
272
291
290
299
301
319
295
324
285
297
310
291
294
270
286
297
278
293
301
284
318
297
294
294
314
278
294
290
275
268
277
302
308
314
270
301
316
290
292
272
253
282
311
305
320
288
286
277
282
293
296
277
288
272
287
292
290
296
292
271
288
289
283
278
296
290
283
280
275
300
270
298
288
287
303
298
304
272
267
292
310
282
296
306
303
286
290
288
305
290
301
280
272
262
292
293
304
270
266
276
306
310
280
291
300
311
278
307
321
299
270
285
306
264
277
296
278
295
288
311
282
290
290
296
320
319
291
293
270
296
284
265
302
269
299
275
302
309
289
314
299
287
293
302
304
273
259
309
257
283
291
306
297
251
311
301
319
291
306
259
284
297
271
274
279
278
318
315
305
265
284
278
282
302
280
290
269
259
293
267
303
295
309
280
307
281
285
288
274
258
340
291
301
268
302
295
282
263
282
303
304
272
261
302
274
280
305
285
297
316
278
281
275
299
323
309
283
270
273
273
296
298
275
305
267
302
270
316
269
290
317
290
284
296
268
284
293
249
311
286
297
288
289
265
260
279
305
277
304
284
267
285
298
273
292
321
304
288
281
321
313
320
283
289
294
293
279
241
279
326
271
277
319
302
287
273
310
284
267
293
269
286
281
279
261
288
304
289
284
318
301
287
291
280
304
279
296
289
310
294
309
300
299
324
268
331
308
270
294
312
292
274
334
306
290
288
333
287
271
302
294
278
277
270
311
277
296
298
266
312
280
288
307
282
303
275
273
300
297
283
301
278
284
285
278
248
291
312
299
272
274
300
292
326
259
300
297
317
287
255
277
280
319
288
304
281
283
271
287
288
273
294
306
284
262
278
310
294
291
302
275
276
300
263
309
290
319
287
276
329
327
289
296
269
291
286
273
284
280
283
287
289
317
335
323
286
276
309
317
313
288
272
271
308
282
271
301
259
269
313
299
277
284
275
293
315
262
315
282
274
320
304
284
301
304
277
297
280
298
280
316
289
297
312
298
311
274
269
280
302
312
272
289
293
257
295
258
312
288
280
251
288
293
294
290
315
279
247
307
309
284
303
293
292
294
268
264
307
260
278
305
290
285
282
280
300
291
323
290
278
288
286
291
274
280
274
275
327
292
295
287
294
307
271
258
299
273
303
311
290
300
279
287
266
297
287
278
266
262
286
309
286
264
268
297
290
281
274
288
323
264
317
280
289
281
278
297
300
303
319
313
285
276
311
298
299
287
285
299
270
329
291
294
317
269
285
278
308
286
306
301
290
280
274
324
276
288
317
283
306
297
282
257
307
320
280
297
313
280
310
284
298
291
331
273
283
300
299
296
313
293
277
282
281
274
317
259
305
265
290
258
292
309
274
294
282
301
322
266
264
277
286
282
263
300
288
298
319
268
306
300
299
280
307
281
297
278
270
246
273
260
313
279
291
296
260
290
294
298
294
259
260
300
309
306
310
307
301
285
332
312
274
273
265
306
328
278
311
279
289
306
296
293
291
272
308
285
315
321
337
260
318
280
296
259
315
288
288
292
292
325
294
285
297
271
288
308
306
277
298
286
312
306
285
274
305
293
284
313
268
319
303
304
304
272
297
220
293
279
278
292
279
273
288
303
277
285
280
290
274
272
277
306
295
273
258
263
271
294
302
313
299
304
274
301
282
303
284
298
263
309
294
294
274
299
282
293
327
282
317
289
299
284
281
286
302
297
292
278
292
291
241
289
298
273
301
261
291
302
318
278
293
313
283
296
283
279
283
272
278
318
319
304
307
278
289
306
305
298
288
291
311
289
277
299
278
293
304
295
313
313
312
310
275
294
285
316
298
298
261
285
281
300
301
265
286
298
306
277
311
302
291
294
261
299
300
287
303
280
324
314
304
328
295
282
299
298
277
318
312
292
304
275
309
286
291
286
262
280
306
301
296
275
303
302
301
291
302
295
334
292
273
298
315
277
300
285
301
268
299
283
269
285
296
296
306
295
305
309
287
315
275
288
284
306
275
288
303
309
291
273
276
289
279
304
292
309
279
313
291
317
296
293
311
315
291
291
306
287
307
289
286
294
288
294
266
275
269
278
282
313
296
293
307
332
274
