java -cp `find -L lib/ -name "*.jar" | tr [:space:] :`:"":classes peersim.Simulator PCX.cfg



0.0 100 0 0 0 NaN 0
1.0 100 0 0 0 NaN 0
2.0 100 0 0 0 NaN 0
3.0 100 0 0 0 NaN 0
4.0 100 0 0 0 NaN 0
5.0 100 0 0 0 NaN 0
6.0 100 0 0 0 NaN 0
7.0 100 0 0 0 NaN 0
8.0 100 0 0 0 NaN 0
9.0 100 0 0 0 NaN 0
10.0 101 0 0 0 NaN 0
11.0 102 6 10 1 10.0 0
12.0 103 9 6 1 6.0 0
13.0 104 12 6 1 6.0 0
14.0 105 14 4 1 4.0 0
15.0 106 15 2 1 2.0 0
16.0 107 16 2 1 2.0 0
17.0 108 18 4 1 4.0 0
18.0 109 19 2 1 2.0 0
19.0 110 20 2 1 2.0 0
20.0 111 21 2 1 2.0 0
21.0 112 23 4 1 4.0 0
22.0 113 26 6 1 6.0 0
23.0 114 27 2 1 2.0 0
24.0 115 28 2 1 2.0 0
25.0 116 29 2 1 2.0 0
26.0 117 31 4 1 4.0 0
27.0 118 32 2 1 2.0 0
28.0 119 33 2 1 2.0 0
29.0 120 35 4 1 4.0 0
30.0 121 37 4 1 4.0 0
31.0 122 38 2 1 2.0 0
32.0 123 39 2 1 2.0 0
33.0 124 40 2 1 2.0 0
34.0 125 41 2 1 2.0 0
35.0 126 42 2 1 2.0 0
36.0 127 43 2 1 2.0 0
37.0 128 44 2 1 2.0 0
38.0 129 45 2 1 2.0 0
39.0 130 47 4 1 4.0 0
40.0 131 48 2 1 2.0 0
41.0 132 49 2 1 2.0 0
42.0 133 50 2 1 2.0 0
43.0 134 51 2 1 2.0 0
44.0 135 52 2 1 2.0 0
45.0 136 53 2 1 2.0 0
46.0 137 55 4 1 4.0 0
47.0 138 56 2 1 2.0 0
48.0 139 57 2 1 2.0 0
49.0 140 58 2 1 2.0 0
50.0 141 59 2 1 2.0 0
51.0 142 60 2 1 2.0 0
52.0 143 61 2 1 2.0 0
53.0 144 63 4 1 4.0 0
54.0 145 65 4 1 4.0 0
55.0 146 66 2 1 2.0 0
56.0 147 67 2 1 2.0 0
57.0 148 68 2 1 2.0 0
58.0 149 69 2 1 2.0 0
59.0 150 70 2 1 2.0 0
60.0 151 72 4 1 4.0 0
60000 CUPupdateMessage Sent 
61.0 152 73 2 1 2.0 72
62.0 153 75 4 1 4.0 0
63.0 154 76 2 1 2.0 0
64.0 155 78 4 1 4.0 0
65.0 156 79 2 1 2.0 0
66.0 157 81 4 1 4.0 0
67.0 158 82 2 1 2.0 0
68.0 159 83 2 1 2.0 0
69.0 160 84 2 1 2.0 0
70.0 161 85 2 1 2.0 0
71.0 162 86 2 1 2.0 0
72.0 163 87 2 1 2.0 0
73.0 164 90 6 1 6.0 0
74.0 165 91 2 1 2.0 0
75.0 166 92 2 1 2.0 0
76.0 167 93 2 1 2.0 0
77.0 168 94 2 1 2.0 0
78.0 169 95 2 1 2.0 0
79.0 170 96 2 1 2.0 0
80.0 171 97 2 1 2.0 0
81.0 172 98 2 1 2.0 0
82.0 173 99 2 1 2.0 0
83.0 174 100 2 1 2.0 0
84.0 175 101 2 1 2.0 0
85.0 176 103 4 1 4.0 0
86.0 177 104 2 1 2.0 0
87.0 178 105 2 1 2.0 0
88.0 179 106 2 1 2.0 0
89.0 180 107 2 1 2.0 0
90.0 181 108 2 1 2.0 0
91.0 182 109 2 1 2.0 0
92.0 183 110 2 1 2.0 0
93.0 184 111 2 1 2.0 0
94.0 185 113 4 1 4.0 0
95.0 186 114 2 1 2.0 0
96.0 187 115 2 1 2.0 0
97.0 188 116 2 1 2.0 0
98.0 189 117 2 1 2.0 0
99.0 190 119 4 1 4.0 0
100.0 191 120 2 1 2.0 0
101.0 192 121 2 1 2.0 0
102.0 193 122 2 1 2.0 0
103.0 194 123 2 1 2.0 0
104.0 195 124 2 1 2.0 0
105.0 196 125 2 1 2.0 0
106.0 197 126 2 1 2.0 0
107.0 198 128 4 1 4.0 0
108.0 199 129 2 1 2.0 0
109.0 200 130 2 1 2.0 0
110.0 201 131 2 1 2.0 0
111.0 202 132 2 1 2.0 0
112.0 203 133 2 1 2.0 0
113.0 204 134 2 1 2.0 0
114.0 205 135 2 1 2.0 0
115.0 206 137 4 1 4.0 0
116.0 207 138 2 1 2.0 0
117.0 208 139 2 1 2.0 0
118.0 209 140 2 1 2.0 0
119.0 210 141 2 1 2.0 0
120.0 211 142 2 1 2.0 0
120000 CUPupdateMessage Sent 
121.0 212 143 2 1 2.0 142
122.0 213 144 2 1 2.0 0
123.0 214 145 2 1 2.0 0
124.0 215 146 2 1 2.0 0
125.0 216 147 2 1 2.0 0
126.0 217 148 2 1 2.0 0
127.0 218 149 2 1 2.0 0
128.0 219 150 2 1 2.0 0
129.0 220 152 4 1 4.0 0
130.0 221 153 2 1 2.0 0
131.0 222 154 2 1 2.0 0
132.0 223 156 4 1 4.0 0
133.0 224 157 2 1 2.0 0
134.0 225 158 2 1 2.0 0
135.0 226 160 4 1 4.0 0
136.0 227 160 0 0 NaN 0
137.0 228 161 2 1 2.0 0
138.0 229 162 2 1 2.0 0
139.0 230 163 2 1 2.0 0
140.0 231 164 2 1 2.0 0
141.0 232 165 2 1 2.0 0
142.0 233 166 2 1 2.0 0
143.0 234 167 2 1 2.0 0
144.0 235 168 2 1 2.0 0
145.0 236 168 0 0 NaN 0
146.0 237 169 2 1 2.0 0
147.0 238 171 4 1 4.0 0
148.0 239 172 2 1 2.0 0
149.0 240 173 2 1 2.0 0
150.0 241 174 2 1 2.0 0
151.0 242 175 2 1 2.0 0
152.0 243 176 2 1 2.0 0
153.0 244 177 2 1 2.0 0
154.0 245 178 2 1 2.0 0
155.0 246 179 2 1 2.0 0
156.0 247 180 2 1 2.0 0
157.0 248 181 2 1 2.0 0
158.0 249 182 2 1 2.0 0
159.0 250 183 2 1 2.0 0
160.0 251 184 2 1 2.0 0
161.0 252 185 2 1 2.0 0
162.0 253 186 2 1 2.0 0
163.0 254 187 2 1 2.0 0
164.0 255 188 2 1 2.0 0
165.0 256 189 2 1 2.0 0
166.0 257 190 2 1 2.0 0
167.0 258 191 2 1 2.0 0
168.0 259 192 2 1 2.0 0
169.0 260 193 2 1 2.0 0
170.0 261 194 2 1 2.0 0
171.0 262 195 2 1 2.0 0
172.0 263 196 2 1 2.0 0
173.0 264 199 6 1 6.0 0
174.0 265 200 2 1 2.0 0
175.0 266 201 2 1 2.0 0
176.0 267 202 2 1 2.0 0
177.0 268 203 2 1 2.0 0
178.0 269 204 2 1 2.0 0
179.0 270 205 2 1 2.0 0
180.0 271 206 2 1 2.0 0
180000 CUPupdateMessage Sent 
181.0 272 208 2 1 2.0 0
182.0 273 209 2 1 2.0 0
183.0 274 210 2 1 2.0 0
184.0 275 211 2 1 2.0 0
185.0 276 212 2 1 2.0 0
186.0 277 213 2 1 2.0 0
187.0 278 214 2 1 2.0 0
188.0 279 215 2 1 2.0 0
189.0 280 216 2 1 2.0 0
190.0 281 1 2 1 2.0 0
191.0 282 7 12 1 12.0 0
192.0 283 10 6 1 6.0 0
193.0 284 16 12 1 12.0 0
194.0 285 17 2 1 2.0 0
195.0 286 20 6 1 6.0 0
196.0 287 23 6 1 6.0 0
197.0 288 26 6 1 6.0 0
198.0 289 28 4 1 4.0 0
199.0 290 31 6 1 6.0 0
200.0 291 32 2 1 2.0 0
201.0 292 33 2 1 2.0 0
202.0 293 35 4 1 4.0 0
203.0 294 37 4 1 4.0 0
204.0 295 38 2 1 2.0 0
205.0 296 40 4 1 4.0 0
206.0 297 42 4 1 4.0 0
207.0 298 45 6 1 6.0 0
208.0 299 46 2 1 2.0 0
209.0 300 47 2 1 2.0 0
210.0 301 50 6 1 6.0 0
211.0 302 52 4 1 4.0 0
212.0 303 53 2 1 2.0 0
213.0 304 55 4 1 4.0 0
214.0 305 56 2 1 2.0 0
215.0 306 57 2 1 2.0 0
216.0 307 58 2 1 2.0 0
217.0 308 59 2 1 2.0 0
218.0 309 61 4 1 4.0 0
219.0 310 62 2 1 2.0 0
220.0 311 64 4 1 4.0 0
221.0 312 65 2 1 2.0 0
222.0 313 67 4 1 4.0 0
223.0 314 69 4 1 4.0 0
224.0 315 70 2 1 2.0 0
225.0 316 71 2 1 2.0 0
226.0 317 73 4 1 4.0 0
227.0 318 74 2 1 2.0 0
228.0 319 76 4 1 4.0 0
229.0 320 78 4 1 4.0 0
230.0 321 81 6 1 6.0 0
231.0 322 83 4 1 4.0 0
232.0 323 84 2 1 2.0 0
233.0 324 85 2 1 2.0 0
234.0 325 88 6 1 6.0 0
235.0 326 89 2 1 2.0 0
236.0 327 90 2 1 2.0 0
237.0 328 91 2 1 2.0 0
238.0 329 93 4 1 4.0 0
239.0 330 94 2 1 2.0 0
240.0 331 95 2 1 2.0 0
240000 CUPupdateMessage Sent 
241.0 332 136 2 1 2.0 167
242.0 333 137 2 1 2.0 0
243.0 334 138 2 1 2.0 0
244.0 335 140 4 1 4.0 0
245.0 336 141 2 1 2.0 0
246.0 337 142 2 1 2.0 0
247.0 338 143 2 1 2.0 0
248.0 339 145 4 1 4.0 0
249.0 340 147 4 1 4.0 0
250.0 341 148 2 1 2.0 0
251.0 342 149 2 1 2.0 0
252.0 343 150 2 1 2.0 0
253.0 344 151 2 1 2.0 0
254.0 345 153 4 1 4.0 0
255.0 346 154 2 1 2.0 0
256.0 347 155 2 1 2.0 0
257.0 348 156 2 1 2.0 0
258.0 349 157 2 1 2.0 0
259.0 350 158 2 1 2.0 0
260.0 351 159 2 1 2.0 0
261.0 352 160 2 1 2.0 0
262.0 353 161 2 1 2.0 0
263.0 354 162 2 1 2.0 0
264.0 355 163 2 1 2.0 0
265.0 356 165 4 1 4.0 0
266.0 357 166 2 1 2.0 0
267.0 358 168 4 1 4.0 0
268.0 359 169 2 1 2.0 0
269.0 360 170 2 1 2.0 0
270.0 361 171 2 1 2.0 0
271.0 362 172 2 1 2.0 0
272.0 363 174 4 1 4.0 0
273.0 364 175 2 1 2.0 0
274.0 365 176 2 1 2.0 0
275.0 366 177 2 1 2.0 0
276.0 367 179 4 1 4.0 0
277.0 368 180 2 1 2.0 0
278.0 369 181 2 1 2.0 0
279.0 370 182 2 1 2.0 0
280.0 371 183 2 1 2.0 0
281.0 372 186 6 1 6.0 0
282.0 373 187 2 1 2.0 0
283.0 374 189 4 1 4.0 0
284.0 375 190 2 1 2.0 0
285.0 376 191 2 1 2.0 0
286.0 377 192 2 1 2.0 0
287.0 378 193 2 1 2.0 0
288.0 379 194 2 1 2.0 0
289.0 380 195 2 1 2.0 0
290.0 381 196 2 1 2.0 0
291.0 382 197 2 1 2.0 0
292.0 383 198 2 1 2.0 0
293.0 384 199 2 1 2.0 0
294.0 385 200 2 1 2.0 0
295.0 386 201 2 1 2.0 0
296.0 387 203 4 1 4.0 0
297.0 388 204 2 1 2.0 0
298.0 389 205 2 1 2.0 0
299.0 390 206 2 1 2.0 0
300.0 391 207 2 1 2.0 0
300000 CUPupdateMessage Sent 
301.0 392 208 2 1 2.0 160
302.0 393 209 2 1 2.0 0
303.0 394 210 2 1 2.0 0
304.0 395 211 2 1 2.0 0
305.0 396 212 2 1 2.0 0
306.0 397 213 2 1 2.0 0
307.0 398 214 2 1 2.0 0
308.0 399 215 2 1 2.0 0
309.0 400 216 2 1 2.0 0
310.0 401 166 2 1 2.0 0
311.0 402 169 6 1 6.0 0
312.0 403 170 2 1 2.0 0
313.0 404 172 4 1 4.0 0
314.0 405 173 2 1 2.0 0
315.0 406 174 2 1 2.0 0
316.0 407 177 6 1 6.0 0
317.0 408 178 2 1 2.0 0
318.0 409 179 2 1 2.0 0
319.0 410 180 2 1 2.0 0
320.0 411 181 2 1 2.0 0
321.0 412 182 2 1 2.0 0
322.0 413 183 2 1 2.0 0
323.0 414 184 2 1 2.0 0
324.0 415 187 6 1 6.0 0
325.0 416 188 2 1 2.0 0
326.0 417 189 2 1 2.0 0
327.0 418 190 2 1 2.0 0
328.0 419 191 2 1 2.0 0
329.0 420 192 2 1 2.0 0
330.0 421 193 2 1 2.0 0
331.0 422 194 2 1 2.0 0
332.0 423 196 4 1 4.0 0
333.0 424 197 2 1 2.0 0
334.0 425 199 4 1 4.0 0
335.0 426 200 2 1 2.0 0
336.0 427 201 2 1 2.0 0
337.0 428 202 2 1 2.0 0
338.0 429 204 4 1 4.0 0
339.0 430 205 2 1 2.0 0
340.0 431 206 2 1 2.0 0
341.0 432 207 2 1 2.0 0
342.0 433 208 2 1 2.0 0
343.0 434 209 2 1 2.0 0
344.0 435 210 2 1 2.0 0
345.0 436 211 2 1 2.0 0
346.0 437 212 2 1 2.0 0
347.0 438 213 2 1 2.0 0
348.0 439 215 4 1 4.0 0
349.0 440 216 2 1 2.0 0
350.0 441 217 2 1 2.0 0
351.0 442 218 2 1 2.0 0
352.0 443 219 2 1 2.0 0
353.0 444 220 2 1 2.0 0
354.0 445 221 2 1 2.0 0
355.0 446 225 8 1 8.0 0
356.0 447 226 2 1 2.0 0
357.0 448 227 2 1 2.0 0
358.0 449 228 2 1 2.0 0
359.0 450 229 2 1 2.0 0
360.0 451 230 2 1 2.0 0
360000 CUPupdateMessage Sent 
361.0 452 231 2 1 2.0 0
362.0 453 232 2 1 2.0 0
363.0 454 233 2 1 2.0 0
364.0 455 234 2 1 2.0 0
365.0 456 235 2 1 2.0 0
366.0 457 236 2 1 2.0 0
367.0 458 237 2 1 2.0 0
368.0 459 238 2 1 2.0 0
369.0 460 239 2 1 2.0 0
370.0 461 1 2 1 2.0 0
371.0 462 4 6 1 6.0 0
372.0 463 6 4 1 4.0 0
373.0 464 9 6 1 6.0 0
374.0 465 12 6 1 6.0 0
375.0 466 14 4 1 4.0 0
376.0 467 16 4 1 4.0 0
377.0 468 19 6 1 6.0 0
378.0 469 23 8 1 8.0 0
379.0 470 25 4 1 4.0 0
380.0 471 28 6 1 6.0 0
381.0 472 29 2 1 2.0 0
382.0 473 32 6 1 6.0 0
383.0 474 34 4 1 4.0 0
384.0 475 37 6 1 6.0 0
385.0 476 40 6 1 6.0 0
386.0 477 44 8 1 8.0 0
387.0 478 45 2 1 2.0 0
388.0 479 46 2 1 2.0 0
389.0 480 47 2 1 2.0 0
390.0 481 51 8 1 8.0 0
391.0 482 52 2 1 2.0 0
392.0 483 53 2 1 2.0 0
393.0 484 55 4 1 4.0 0
394.0 485 57 4 1 4.0 0
395.0 486 58 2 1 2.0 0
396.0 487 59 2 1 2.0 0
397.0 488 60 2 1 2.0 0
398.0 489 63 6 1 6.0 0
399.0 490 64 2 1 2.0 0
400.0 491 67 6 1 6.0 0
401.0 492 68 2 1 2.0 0
402.0 493 71 6 1 6.0 0
403.0 494 73 4 1 4.0 0
404.0 495 76 6 1 6.0 0
405.0 496 79 6 1 6.0 0
406.0 497 82 6 1 6.0 0
407.0 498 85 6 1 6.0 0
408.0 499 87 4 1 4.0 0
409.0 500 89 4 1 4.0 0
410.0 501 90 2 1 2.0 0
411.0 502 91 2 1 2.0 0
412.0 503 96 10 1 10.0 0
413.0 504 97 2 1 2.0 0
414.0 505 98 2 1 2.0 0
415.0 506 99 2 1 2.0 0
416.0 507 100 2 1 2.0 0
417.0 508 103 6 1 6.0 0
418.0 509 104 2 1 2.0 0
419.0 510 105 2 1 2.0 0
420.0 511 107 4 1 4.0 0
420000 CUPupdateMessage Sent 
421.0 512 162 2 1 2.0 171
422.0 513 163 2 1 2.0 0
423.0 514 164 2 1 2.0 0
424.0 515 165 2 1 2.0 0
425.0 516 167 4 1 4.0 0
426.0 517 168 2 1 2.0 0
427.0 518 169 2 1 2.0 0
428.0 519 170 2 1 2.0 0
429.0 520 171 2 1 2.0 0
430.0 521 172 2 1 2.0 0
431.0 522 173 2 1 2.0 0
432.0 523 174 2 1 2.0 0
433.0 524 176 4 1 4.0 0
434.0 525 178 4 1 4.0 0
435.0 526 179 2 1 2.0 0
436.0 527 182 6 1 6.0 0
437.0 528 183 2 1 2.0 0
438.0 529 184 2 1 2.0 0
439.0 530 186 4 1 4.0 0
440.0 531 187 2 1 2.0 0
441.0 532 189 4 1 4.0 0
442.0 533 190 2 1 2.0 0
443.0 534 191 2 1 2.0 0
444.0 535 192 2 1 2.0 0
445.0 536 193 2 1 2.0 0
446.0 537 194 2 1 2.0 0
447.0 538 195 2 1 2.0 0
448.0 539 196 2 1 2.0 0
449.0 540 197 2 1 2.0 0
450.0 541 198 2 1 2.0 0
451.0 542 200 4 1 4.0 0
452.0 543 201 2 1 2.0 0
453.0 544 203 4 1 4.0 0
454.0 545 204 2 1 2.0 0
455.0 546 206 4 1 4.0 0
456.0 547 207 2 1 2.0 0
457.0 548 208 2 1 2.0 0
458.0 549 209 2 1 2.0 0
459.0 550 210 2 1 2.0 0
460.0 551 212 4 1 4.0 0
461.0 552 213 2 1 2.0 0
462.0 553 214 2 1 2.0 0
463.0 554 215 2 1 2.0 0
464.0 555 216 2 1 2.0 0
465.0 556 217 2 1 2.0 0
466.0 557 219 4 1 4.0 0
467.0 558 221 4 1 4.0 0
468.0 559 222 2 1 2.0 0
469.0 560 223 2 1 2.0 0
470.0 561 225 4 1 4.0 0
471.0 562 227 4 1 4.0 0
472.0 563 228 2 1 2.0 0
473.0 564 229 2 1 2.0 0
474.0 565 230 2 1 2.0 0
475.0 566 232 4 1 4.0 0
476.0 567 233 2 1 2.0 0
477.0 568 234 2 1 2.0 0
478.0 569 236 4 1 4.0 0
479.0 570 237 2 1 2.0 0
480.0 571 239 4 1 4.0 0
480000 CUPupdateMessage Sent 
481.0 572 241 2 1 2.0 186
482.0 573 242 2 1 2.0 0
483.0 574 243 2 1 2.0 0
484.0 575 245 4 1 4.0 0
485.0 576 247 4 1 4.0 0
486.0 577 249 4 1 4.0 0
487.0 578 250 2 1 2.0 0
488.0 579 251 2 1 2.0 0
489.0 580 253 4 1 4.0 0
490.0 581 200 2 1 2.0 0
491.0 582 201 2 1 2.0 0
492.0 583 202 2 1 2.0 0
493.0 584 204 4 1 4.0 0
494.0 585 205 2 1 2.0 0
495.0 586 206 2 1 2.0 0
496.0 587 207 2 1 2.0 0
497.0 588 208 2 1 2.0 0
498.0 589 209 2 1 2.0 0
499.0 590 210 2 1 2.0 0
500.0 591 211 2 1 2.0 0
501.0 592 212 2 1 2.0 0
502.0 593 213 2 1 2.0 0
503.0 594 214 2 1 2.0 0
504.0 595 215 2 1 2.0 0
505.0 596 216 2 1 2.0 0
506.0 597 217 2 1 2.0 0
507.0 598 218 2 1 2.0 0
508.0 599 219 2 1 2.0 0
509.0 600 221 4 1 4.0 0
510.0 601 222 2 1 2.0 0
511.0 602 223 2 1 2.0 0
512.0 603 225 4 1 4.0 0
513.0 604 228 6 1 6.0 0
514.0 605 229 2 1 2.0 0
515.0 606 231 4 1 4.0 0
516.0 607 232 2 1 2.0 0
517.0 608 233 2 1 2.0 0
518.0 609 234 2 1 2.0 0
519.0 610 236 4 1 4.0 0
520.0 611 237 2 1 2.0 0
521.0 612 238 2 1 2.0 0
522.0 613 239 2 1 2.0 0
523.0 614 240 2 1 2.0 0
524.0 615 243 6 1 6.0 0
525.0 616 244 2 1 2.0 0
526.0 617 246 4 1 4.0 0
527.0 618 247 2 1 2.0 0
528.0 619 248 2 1 2.0 0
529.0 620 249 2 1 2.0 0
530.0 621 250 2 1 2.0 0
531.0 622 252 4 1 4.0 0
532.0 623 253 2 1 2.0 0
533.0 624 254 2 1 2.0 0
534.0 625 255 2 1 2.0 0
535.0 626 256 2 1 2.0 0
536.0 627 257 2 1 2.0 0
537.0 628 258 2 1 2.0 0
538.0 629 259 2 1 2.0 0
539.0 630 260 2 1 2.0 0
540.0 631 261 2 1 2.0 0
540000 CUPupdateMessage Sent 
541.0 632 262 2 1 2.0 5
542.0 633 264 4 1 4.0 0
543.0 634 265 2 1 2.0 0
544.0 635 266 2 1 2.0 0
545.0 636 267 2 1 2.0 0
546.0 637 268 2 1 2.0 0
547.0 638 269 2 1 2.0 0
548.0 639 271 4 1 4.0 0
549.0 640 272 2 1 2.0 0
550.0 641 7 4 1 4.0 0
551.0 642 7 0 0 NaN 0
552.0 643 10 6 1 6.0 0
553.0 644 13 6 1 6.0 0
554.0 645 15 4 1 4.0 0
555.0 646 18 6 1 6.0 0
556.0 647 22 8 1 8.0 0
557.0 648 25 6 1 6.0 0
558.0 649 26 2 1 2.0 0
559.0 650 28 4 1 4.0 0
560.0 651 33 10 1 10.0 0
561.0 652 34 2 1 2.0 0
562.0 653 36 4 1 4.0 0
563.0 654 37 2 1 2.0 0
564.0 655 39 4 1 4.0 0
565.0 656 41 4 1 4.0 0
566.0 657 44 6 1 6.0 0
567.0 658 47 6 1 6.0 0
568.0 659 50 6 1 6.0 0
569.0 660 53 6 1 6.0 0
570.0 661 54 2 1 2.0 0
571.0 662 59 10 1 10.0 0
572.0 663 62 6 1 6.0 0
573.0 664 65 6 1 6.0 0
574.0 665 68 6 1 6.0 0
575.0 666 69 2 1 2.0 0
576.0 667 71 4 1 4.0 0
577.0 668 73 4 1 4.0 0
578.0 669 74 2 1 2.0 0
579.0 670 76 4 1 4.0 0
580.0 671 77 2 1 2.0 0
581.0 672 79 4 1 4.0 0
582.0 673 80 2 1 2.0 0
583.0 674 83 6 1 6.0 0
584.0 675 85 4 1 4.0 0
585.0 676 86 2 1 2.0 0
586.0 677 87 2 1 2.0 0
587.0 678 90 6 1 6.0 0
588.0 679 91 2 1 2.0 0
589.0 680 92 2 1 2.0 0
590.0 681 95 6 1 6.0 0
591.0 682 96 2 1 2.0 0
592.0 683 98 4 1 4.0 0
593.0 684 101 6 1 6.0 0
594.0 685 104 6 1 6.0 0
595.0 686 106 4 1 4.0 0
596.0 687 108 4 1 4.0 0
597.0 688 109 2 1 2.0 0
598.0 689 110 2 1 2.0 0
599.0 690 112 4 1 4.0 0
600.0 691 113 2 1 2.0 0
600000 CUPupdateMessage Sent 
601.0 692 115 2 1 2.0 0
602.0 693 116 2 1 2.0 0
603.0 694 119 6 1 6.0 0
604.0 695 120 2 1 2.0 0
605.0 696 122 4 1 4.0 0
606.0 697 123 2 1 2.0 0
607.0 698 124 2 1 2.0 0
608.0 699 126 4 1 4.0 0
609.0 700 129 6 1 6.0 0
610.0 701 1 4 1 4.0 0
611.0 702 8 14 1 14.0 0
612.0 703 10 4 1 4.0 0
613.0 704 15 10 1 10.0 0
614.0 705 17 4 1 4.0 0
615.0 706 19 4 1 4.0 0
616.0 707 22 6 1 6.0 0
617.0 708 24 4 1 4.0 0
618.0 709 25 2 1 2.0 0
619.0 710 27 4 1 4.0 0
620.0 711 31 8 1 8.0 0
621.0 712 34 6 1 6.0 0
622.0 713 36 4 1 4.0 0
623.0 714 39 6 1 6.0 0
624.0 715 40 2 1 2.0 0
625.0 716 42 4 1 4.0 0
626.0 717 44 4 1 4.0 0
627.0 718 47 6 1 6.0 0
628.0 719 49 4 1 4.0 0
629.0 720 51 4 1 4.0 0
630.0 721 53 4 1 4.0 0
631.0 722 57 8 1 8.0 0
632.0 723 58 2 1 2.0 0
633.0 724 60 4 1 4.0 0
634.0 725 62 4 1 4.0 0
635.0 726 63 2 1 2.0 0
636.0 727 64 2 1 2.0 0
637.0 728 66 4 1 4.0 0
638.0 729 68 4 1 4.0 0
639.0 730 71 6 1 6.0 0
640.0 731 72 2 1 2.0 0
641.0 732 73 2 1 2.0 0
642.0 733 76 6 1 6.0 0
643.0 734 78 4 1 4.0 0
644.0 735 79 2 1 2.0 0
645.0 736 80 2 1 2.0 0
646.0 737 83 6 1 6.0 0
647.0 738 86 6 1 6.0 0
648.0 739 89 6 1 6.0 0
649.0 740 92 6 1 6.0 0
650.0 741 94 4 1 4.0 0
651.0 742 95 2 1 2.0 0
652.0 743 97 4 1 4.0 0
653.0 744 98 2 1 2.0 0
654.0 745 99 2 1 2.0 0
655.0 746 100 2 1 2.0 0
656.0 747 103 6 1 6.0 0
657.0 748 105 4 1 4.0 0
658.0 749 106 2 1 2.0 0
659.0 750 107 2 1 2.0 0
660.0 751 111 8 1 8.0 0
660000 CUPupdateMessage Sent 
661.0 752 208 6 1 6.0 226
662.0 753 210 4 1 4.0 0
663.0 754 211 2 1 2.0 0
664.0 755 212 2 1 2.0 0
665.0 756 214 4 1 4.0 0
666.0 757 217 6 1 6.0 0
667.0 758 220 6 1 6.0 0
668.0 759 221 2 1 2.0 0
669.0 760 222 2 1 2.0 0
670.0 761 223 2 1 2.0 0
671.0 762 224 2 1 2.0 0
672.0 763 225 2 1 2.0 0
673.0 764 227 4 1 4.0 0
674.0 765 228 2 1 2.0 0
675.0 766 229 2 1 2.0 0
676.0 767 231 4 1 4.0 0
677.0 768 232 2 1 2.0 0
678.0 769 233 2 1 2.0 0
679.0 770 234 2 1 2.0 0
680.0 771 235 2 1 2.0 0
681.0 772 236 2 1 2.0 0
682.0 773 237 2 1 2.0 0
683.0 774 238 2 1 2.0 0
684.0 775 239 2 1 2.0 0
685.0 776 240 2 1 2.0 0
686.0 777 241 2 1 2.0 0
687.0 778 242 2 1 2.0 0
688.0 779 244 4 1 4.0 0
689.0 780 245 2 1 2.0 0
690.0 781 247 4 1 4.0 0
691.0 782 248 2 1 2.0 0
692.0 783 249 2 1 2.0 0
693.0 784 250 2 1 2.0 0
694.0 785 251 2 1 2.0 0
695.0 786 252 2 1 2.0 0
696.0 787 254 4 1 4.0 0
697.0 788 255 2 1 2.0 0
698.0 789 258 6 1 6.0 0
699.0 790 259 2 1 2.0 0
700.0 791 260 2 1 2.0 0
701.0 792 262 4 1 4.0 0
702.0 793 263 2 1 2.0 0
703.0 794 264 2 1 2.0 0
704.0 795 266 4 1 4.0 0
705.0 796 267 2 1 2.0 0
706.0 797 268 2 1 2.0 0
707.0 798 269 2 1 2.0 0
708.0 799 270 2 1 2.0 0
709.0 800 272 4 1 4.0 0
710.0 801 274 4 1 4.0 0
711.0 802 275 2 1 2.0 0
712.0 803 276 2 1 2.0 0
713.0 804 277 2 1 2.0 0
714.0 805 278 2 1 2.0 0
715.0 806 279 2 1 2.0 0
716.0 807 280 2 1 2.0 0
717.0 808 281 2 1 2.0 0
718.0 809 282 2 1 2.0 0
719.0 810 283 2 1 2.0 0
720.0 811 284 2 1 2.0 0
720000 CUPupdateMessage Sent 
721.0 812 285 2 1 2.0 182
722.0 813 286 2 1 2.0 0
723.0 814 288 4 1 4.0 0
724.0 815 289 2 1 2.0 0
725.0 816 290 2 1 2.0 0
726.0 817 291 2 1 2.0 0
727.0 818 292 2 1 2.0 0
728.0 819 293 2 1 2.0 0
729.0 820 294 2 1 2.0 0
730.0 821 185 2 1 2.0 0
731.0 822 185 0 0 NaN 0
732.0 823 186 2 1 2.0 0
733.0 824 187 2 1 2.0 0
734.0 825 188 2 1 2.0 0
735.0 826 190 4 1 4.0 0
736.0 827 191 2 1 2.0 0
737.0 828 192 2 1 2.0 0
738.0 829 195 6 1 6.0 0
739.0 830 199 8 1 8.0 0
740.0 831 200 2 1 2.0 0
741.0 832 201 2 1 2.0 0
742.0 833 204 6 1 6.0 0
743.0 834 205 2 1 2.0 0
744.0 835 207 4 1 4.0 0
745.0 836 208 2 1 2.0 0
746.0 837 209 2 1 2.0 0
747.0 838 211 4 1 4.0 0
748.0 839 212 2 1 2.0 0
749.0 840 214 4 1 4.0 0
750.0 841 216 4 1 4.0 0
751.0 842 217 2 1 2.0 0
752.0 843 218 2 1 2.0 0
753.0 844 219 2 1 2.0 0
754.0 845 221 4 1 4.0 0
755.0 846 222 2 1 2.0 0
756.0 847 223 2 1 2.0 0
757.0 848 226 6 1 6.0 0
758.0 849 227 2 1 2.0 0
759.0 850 228 2 1 2.0 0
760.0 851 230 4 1 4.0 0
761.0 852 234 8 1 8.0 0
762.0 853 235 2 1 2.0 0
763.0 854 236 2 1 2.0 0
764.0 855 238 4 1 4.0 0
765.0 856 240 4 1 4.0 0
766.0 857 242 4 1 4.0 0
767.0 858 243 2 1 2.0 0
768.0 859 245 4 1 4.0 0
769.0 860 246 2 1 2.0 0
770.0 861 248 4 1 4.0 0
771.0 862 249 2 1 2.0 0
772.0 863 250 2 1 2.0 0
773.0 864 251 2 1 2.0 0
774.0 865 253 4 1 4.0 0
775.0 866 254 2 1 2.0 0
776.0 867 255 2 1 2.0 0
777.0 868 256 2 1 2.0 0
778.0 869 257 2 1 2.0 0
779.0 870 260 6 1 6.0 0
780.0 871 261 2 1 2.0 0
780000 CUPupdateMessage Sent 
781.0 872 263 2 1 2.0 0
782.0 873 264 2 1 2.0 0
783.0 874 266 4 1 4.0 0
784.0 875 268 4 1 4.0 0
785.0 876 270 4 1 4.0 0
786.0 877 272 4 1 4.0 0
787.0 878 274 4 1 4.0 0
788.0 879 275 2 1 2.0 0
789.0 880 276 2 1 2.0 0
790.0 881 1 2 1 2.0 0
791.0 882 4 6 1 6.0 0
792.0 883 7 6 1 6.0 0
793.0 884 11 8 1 8.0 0
794.0 885 12 2 1 2.0 0
795.0 886 14 4 1 4.0 0
796.0 887 20 12 1 12.0 0
797.0 888 24 8 1 8.0 0
798.0 889 28 8 1 8.0 0
799.0 890 30 4 1 4.0 0
800.0 891 32 4 1 4.0 0
801.0 892 34 4 1 4.0 0
802.0 893 35 2 1 2.0 0
803.0 894 38 6 1 6.0 0
804.0 895 41 6 1 6.0 0
805.0 896 42 2 1 2.0 0
806.0 897 43 2 1 2.0 0
807.0 898 45 4 1 4.0 0
808.0 899 47 4 1 4.0 0
809.0 900 48 2 1 2.0 0
810.0 901 50 4 1 4.0 0
811.0 902 54 8 1 8.0 0
812.0 903 56 4 1 4.0 0
813.0 904 59 6 1 6.0 0
814.0 905 61 4 1 4.0 0
815.0 906 63 4 1 4.0 0
816.0 907 64 2 1 2.0 0
817.0 908 67 6 1 6.0 0
818.0 909 72 10 1 10.0 0
819.0 910 73 2 1 2.0 0
820.0 911 76 6 1 6.0 0
821.0 912 79 6 1 6.0 0
822.0 913 80 2 1 2.0 0
823.0 914 83 6 1 6.0 0
824.0 915 85 4 1 4.0 0
825.0 916 87 4 1 4.0 0
826.0 917 89 4 1 4.0 0
827.0 918 92 6 1 6.0 0
828.0 919 93 2 1 2.0 0
829.0 920 95 4 1 4.0 0
830.0 921 98 6 1 6.0 0
831.0 922 100 4 1 4.0 0
832.0 923 101 2 1 2.0 0
833.0 924 102 2 1 2.0 0
834.0 925 103 2 1 2.0 0
835.0 926 105 4 1 4.0 0
836.0 927 107 4 1 4.0 0
837.0 928 109 4 1 4.0 0
838.0 929 110 2 1 2.0 0
839.0 930 112 4 1 4.0 0
840.0 931 115 6 1 6.0 0
840000 CUPupdateMessage Sent 
841.0 932 186 6 1 6.0 185
842.0 933 188 4 1 4.0 0
843.0 934 190 4 1 4.0 0
844.0 935 192 4 1 4.0 0
845.0 936 193 2 1 2.0 0
846.0 937 194 2 1 2.0 0
847.0 938 195 2 1 2.0 0
848.0 939 199 8 1 8.0 0
849.0 940 200 2 1 2.0 0
850.0 941 201 2 1 2.0 0
851.0 942 202 2 1 2.0 0
852.0 943 203 2 1 2.0 0
853.0 944 205 4 1 4.0 0
854.0 945 207 4 1 4.0 0
855.0 946 208 2 1 2.0 0
856.0 947 210 4 1 4.0 0
857.0 948 212 4 1 4.0 0
858.0 949 214 4 1 4.0 0
859.0 950 215 2 1 2.0 0
860.0 951 219 8 1 8.0 0
861.0 952 220 2 1 2.0 0
862.0 953 221 2 1 2.0 0
863.0 954 222 2 1 2.0 0
864.0 955 223 2 1 2.0 0
865.0 956 224 2 1 2.0 0
866.0 957 226 4 1 4.0 0
867.0 958 228 4 1 4.0 0
868.0 959 230 4 1 4.0 0
869.0 960 232 4 1 4.0 0
870.0 961 234 4 1 4.0 0
871.0 962 235 2 1 2.0 0
872.0 963 239 8 1 8.0 0
873.0 964 240 2 1 2.0 0
874.0 965 241 2 1 2.0 0
875.0 966 242 2 1 2.0 0
876.0 967 243 2 1 2.0 0
877.0 968 244 2 1 2.0 0
878.0 969 247 6 1 6.0 0
879.0 970 248 2 1 2.0 0
880.0 971 249 2 1 2.0 0
881.0 972 250 2 1 2.0 0
882.0 973 251 2 1 2.0 0
883.0 974 252 2 1 2.0 0
884.0 975 254 4 1 4.0 0
885.0 976 255 2 1 2.0 0
886.0 977 258 6 1 6.0 0
887.0 978 259 2 1 2.0 0
888.0 979 263 8 1 8.0 0
889.0 980 265 4 1 4.0 0
890.0 981 267 4 1 4.0 0
891.0 982 269 4 1 4.0 0
892.0 983 272 6 1 6.0 0
893.0 984 274 4 1 4.0 0
894.0 985 275 2 1 2.0 0
895.0 986 276 2 1 2.0 0
896.0 987 277 2 1 2.0 0
897.0 988 279 4 1 4.0 0
898.0 989 280 2 1 2.0 0
899.0 990 281 2 1 2.0 0
900.0 991 282 2 1 2.0 0
900000 CUPupdateMessage Sent 
901.0 992 284 4 1 4.0 225
902.0 993 286 4 1 4.0 0
903.0 994 287 2 1 2.0 0
904.0 995 288 2 1 2.0 0
905.0 996 289 2 1 2.0 0
906.0 997 290 2 1 2.0 0
907.0 998 292 4 1 4.0 0
908.0 999 294 4 1 4.0 0
909.0 1000 295 2 1 2.0 0
910.0 1001 238 4 1 4.0 0
911.0 1002 240 4 1 4.0 0
912.0 1003 241 2 1 2.0 0
913.0 1004 245 8 1 8.0 0
914.0 1005 247 4 1 4.0 0
915.0 1006 249 4 1 4.0 0
916.0 1007 250 2 1 2.0 0
917.0 1008 251 2 1 2.0 0
918.0 1009 252 2 1 2.0 0
919.0 1010 254 4 1 4.0 0
920.0 1011 256 4 1 4.0 0
921.0 1012 257 2 1 2.0 0
922.0 1013 258 2 1 2.0 0
923.0 1014 259 2 1 2.0 0
924.0 1015 260 2 1 2.0 0
925.0 1016 261 2 1 2.0 0
926.0 1017 263 4 1 4.0 0
927.0 1018 264 2 1 2.0 0
928.0 1019 265 2 1 2.0 0
929.0 1020 268 6 1 6.0 0
930.0 1021 269 2 1 2.0 0
931.0 1022 270 2 1 2.0 0
932.0 1023 272 4 1 4.0 0
933.0 1024 273 2 1 2.0 0
934.0 1025 277 8 1 8.0 0
935.0 1026 278 2 1 2.0 0
936.0 1027 279 2 1 2.0 0
937.0 1028 281 4 1 4.0 0
938.0 1029 282 2 1 2.0 0
939.0 1030 284 4 1 4.0 0
940.0 1031 286 4 1 4.0 0
941.0 1032 288 4 1 4.0 0
942.0 1033 289 2 1 2.0 0
943.0 1034 290 2 1 2.0 0
944.0 1035 292 4 1 4.0 0
945.0 1036 293 2 1 2.0 0
946.0 1037 294 2 1 2.0 0
947.0 1038 296 4 1 4.0 0
948.0 1039 299 6 1 6.0 0
949.0 1040 300 2 1 2.0 0
950.0 1041 302 4 1 4.0 0
951.0 1042 304 4 1 4.0 0
952.0 1043 306 4 1 4.0 0
953.0 1044 307 2 1 2.0 0
954.0 1045 308 2 1 2.0 0
955.0 1046 309 2 1 2.0 0
956.0 1047 312 6 1 6.0 0
957.0 1048 313 2 1 2.0 0
958.0 1049 314 2 1 2.0 0
959.0 1050 315 2 1 2.0 0
960.0 1051 316 2 1 2.0 0
960000 CUPupdateMessage Sent 
961.0 1052 317 2 1 2.0 0
962.0 1053 318 2 1 2.0 0
963.0 1054 319 2 1 2.0 0
964.0 1055 322 6 1 6.0 0
965.0 1056 323 2 1 2.0 0
966.0 1057 324 2 1 2.0 0
967.0 1058 325 2 1 2.0 0
968.0 1059 327 4 1 4.0 0
969.0 1060 328 2 1 2.0 0
970.0 1061 1 4 1 4.0 0
971.0 1062 8 14 1 14.0 0
972.0 1063 10 4 1 4.0 0
973.0 1064 13 6 1 6.0 0
974.0 1065 16 6 1 6.0 0
975.0 1066 20 8 1 8.0 0
976.0 1067 22 4 1 4.0 0
977.0 1068 23 2 1 2.0 0
978.0 1069 26 6 1 6.0 0
979.0 1070 29 6 1 6.0 0
980.0 1071 35 12 1 12.0 0
981.0 1072 36 2 1 2.0 0
982.0 1073 39 6 1 6.0 0
983.0 1074 43 8 1 8.0 0
984.0 1075 47 8 1 8.0 0
985.0 1076 49 4 1 4.0 0
986.0 1077 50 2 1 2.0 0
987.0 1078 52 4 1 4.0 0
988.0 1079 56 8 1 8.0 0
989.0 1080 58 4 1 4.0 0
990.0 1081 62 8 1 8.0 0
991.0 1082 67 10 1 10.0 0
992.0 1083 70 6 1 6.0 0
993.0 1084 71 2 1 2.0 0
994.0 1085 74 6 1 6.0 0
995.0 1086 75 2 1 2.0 0
996.0 1087 78 6 1 6.0 0
997.0 1088 81 6 1 6.0 0
998.0 1089 85 8 1 8.0 0
999.0 1090 88 6 1 6.0 0
4115.0 985 3.1634517
2720.0 985 1.7472081
