java -cp `find -L lib/ -name "*.jar" | tr [:space:] :`:"":classes peersim.Simulator PCX.cfg



0.0 100 0 0 0 NaN
1.0 100 1 0 0 NaN
2.0 100 1 0 0 NaN
3.0 100 1 0 0 NaN
4.0 100 1 0 0 NaN
5.0 100 1 0 0 NaN
6.0 100 1 0 0 NaN
7.0 100 1 0 0 NaN
8.0 100 1 0 0 NaN
9.0 100 1 0 0 NaN
10.0 101 1 0 0 NaN
11.0 111 18 39 7 5.571429
12.0 121 37 40 11 3.6363637
13.0 131 49 24 10 2.4
14.0 141 60 22 10 2.2
15.0 151 75 30 10 3.0
16.0 161 86 22 10 2.2
17.0 171 97 22 10 2.2
18.0 181 107 20 9 2.2222223
19.0 191 120 26 11 2.3636363
20.0 201 131 22 10 2.2
21.0 211 141 20 10 2.0
22.0 221 152 22 10 2.2
23.0 231 162 20 10 2.0
24.0 241 172 20 10 2.0
25.0 251 182 20 10 2.0
26.0 261 192 20 10 2.0
27.0 271 203 22 10 2.2
28.0 281 214 20 9 2.2222223
29.0 291 226 26 11 2.3636363
30.0 301 236 20 10 2.0
31.0 311 246 20 10 2.0
32.0 321 256 20 10 2.0
33.0 331 266 20 10 2.0
34.0 341 276 20 10 2.0
35.0 351 286 20 10 2.0
36.0 361 296 20 10 2.0
37.0 371 307 22 10 2.2
38.0 381 317 20 10 2.0
39.0 391 327 20 10 2.0
40.0 401 337 20 10 2.0
41.0 411 347 20 10 2.0
42.0 421 358 20 9 2.2222223
43.0 431 369 24 11 2.1818182
44.0 441 379 20 10 2.0
45.0 451 389 20 10 2.0
46.0 461 399 20 10 2.0
47.0 471 409 20 10 2.0
48.0 481 419 20 10 2.0
49.0 491 429 20 10 2.0
50.0 501 440 22 10 2.2
51.0 511 450 20 10 2.0
52.0 521 460 20 10 2.0
53.0 531 470 20 10 2.0
54.0 541 481 22 10 2.2
55.0 551 491 20 10 2.0
56.0 561 501 20 10 2.0
57.0 571 511 20 10 2.0
58.0 581 521 20 10 2.0
59.0 591 531 20 10 2.0
60.0 601 541 20 10 2.0
61.0 611 551 20 10 2.0
62.0 621 561 20 10 2.0
63.0 631 571 20 10 2.0
64.0 641 581 20 10 2.0
65.0 651 591 20 10 2.0
66.0 661 601 20 10 2.0
67.0 671 611 20 10 2.0
68.0 681 621 20 10 2.0
69.0 691 631 20 10 2.0
70.0 701 0 20 10 2.0
71.0 711 23 45 9 5.0
72.0 721 49 44 8 5.5
73.0 731 70 50 12 4.1666665
74.0 741 94 46 9 5.111111
75.0 751 117 48 11 4.3636365
76.0 761 136 40 10 4.0
77.0 771 156 34 9 3.7777777
78.0 781 173 40 12 3.3333333
79.0 791 188 30 10 3.0
80.0 801 202 26 9 2.8888888
81.0 811 215 28 11 2.5454545
82.0 821 227 24 10 2.4
83.0 831 238 20 9 2.2222223
84.0 841 250 24 11 2.1818182
85.0 851 260 18 8 2.25
86.0 861 274 30 11 2.7272727
87.0 871 287 26 10 2.6
88.0 881 301 26 9 2.8888888
89.0 891 316 32 11 2.909091
90.0 901 328 24 10 2.4
91.0 911 342 28 10 2.8
92.0 921 356 28 10 2.8
93.0 931 367 22 10 2.2
94.0 941 380 22 9 2.4444444
95.0 951 393 30 11 2.7272727
96.0 961 406 26 10 2.6
97.0 971 417 20 9 2.2222223
98.0 981 429 26 11 2.3636363
99.0 991 439 20 10 2.0
100.0 1001 451 24 10 2.4
101.0 1011 464 26 10 2.6
102.0 1021 477 24 9 2.6666667
103.0 1031 488 24 11 2.1818182
104.0 1041 502 28 10 2.8
105.0 1051 514 24 10 2.4
106.0 1061 524 20 10 2.0
107.0 1071 537 26 10 2.6
108.0 1081 549 24 10 2.4
109.0 1091 561 24 10 2.4
110.0 1101 572 22 10 2.2
111.0 1111 582 20 10 2.0
112.0 1121 594 24 10 2.4
113.0 1131 605 22 10 2.2
114.0 1141 617 24 10 2.4
115.0 1151 630 26 10 2.6
116.0 1161 640 20 10 2.0
117.0 1171 652 24 10 2.4
118.0 1181 664 24 10 2.4
119.0 1191 676 24 10 2.4
120.0 1201 686 20 10 2.0
121.0 1211 698 24 10 2.4
122.0 1221 709 22 10 2.2
123.0 1231 721 24 10 2.4
124.0 1241 731 20 10 2.0
125.0 1251 741 20 10 2.0
126.0 1261 751 20 10 2.0
127.0 1271 761 20 10 2.0
128.0 1281 773 24 10 2.4
129.0 1291 786 26 10 2.6
130.0 1301 0 20 10 2.0
131.0 1311 32 67 9 7.4444447
132.0 1321 61 58 11 5.2727275
133.0 1331 89 56 10 5.6
134.0 1341 108 38 9 4.2222223
135.0 1351 122 30 10 3.0
136.0 1361 146 42 9 4.6666665
137.0 1371 170 54 12 4.5
138.0 1381 186 32 9 3.5555556
139.0 1391 205 34 9 3.7777777
140.0 1401 228 44 10 4.4
141.0 1411 244 38 12 3.1666667
142.0 1421 257 24 9 2.6666667
143.0 1431 274 36 11 3.2727273
144.0 1441 288 28 10 2.8
145.0 1451 305 30 9 3.3333333
146.0 1461 321 32 10 3.2
147.0 1471 336 28 10 2.8
148.0 1481 347 26 10 2.6
149.0 1491 360 28 11 2.5454545
150.0 1501 374 28 9 3.1111112
151.0 1511 392 34 10 3.4
152.0 1521 407 32 11 2.909091
153.0 1531 420 24 9 2.6666667
154.0 1541 433 24 9 2.6666667
155.0 1551 451 38 11 3.4545455
156.0 1561 466 32 11 2.909091
157.0 1571 480 28 10 2.8
158.0 1581 492 24 10 2.4
159.0 1591 505 26 9 2.8888888
160.0 1601 523 36 11 3.2727273
161.0 1611 537 26 9 2.8888888
162.0 1621 550 26 10 2.6
163.0 1631 567 34 10 3.4
164.0 1641 578 24 10 2.4
165.0 1651 594 32 11 2.909091
166.0 1661 609 30 10 3.0
167.0 1671 622 26 10 2.6
168.0 1681 636 26 9 2.8888888
169.0 1691 649 28 11 2.5454545
170.0 1701 663 28 10 2.8
171.0 1711 674 20 9 2.2222223
172.0 1721 688 30 11 2.7272727
173.0 1731 700 22 9 2.4444444
174.0 1741 715 32 11 2.909091
175.0 1751 725 20 10 2.0
176.0 1761 736 22 9 2.4444444
177.0 1771 750 28 11 2.5454545
178.0 1781 764 28 10 2.8
179.0 1791 776 24 10 2.4
180.0 1801 789 26 10 2.6
181.0 1811 802 26 10 2.6
182.0 1821 814 24 10 2.4
183.0 1831 826 24 10 2.4
184.0 1841 837 20 9 2.2222223
185.0 1851 850 28 11 2.5454545
186.0 1861 860 20 10 2.0
187.0 1871 873 26 10 2.6
188.0 1881 885 24 10 2.4
189.0 1891 895 20 10 2.0
190.0 1901 0 24 10 2.4
191.0 1911 38 75 8 9.375
192.0 1921 61 36 8 4.5
193.0 1931 96 74 12 6.1666665
194.0 1941 126 72 12 6.0
195.0 1951 148 40 8 5.0
196.0 1961 171 42 10 4.2
197.0 1971 192 50 12 4.1666665
198.0 1981 207 28 9 3.1111112
199.0 1991 228 44 11 4.0
200.0 2001 247 38 10 3.8
201.0 2011 266 38 10 3.8
202.0 2021 284 32 9 3.5555556
203.0 2031 300 36 11 3.2727273
204.0 2041 318 32 9 3.5555556
205.0 2051 333 32 10 3.2
206.0 2061 348 32 11 2.909091
207.0 2071 364 32 9 3.5555556
208.0 2081 388 46 10 4.6
209.0 2091 408 42 11 3.8181818
210.0 2101 426 34 9 3.7777777
211.0 2111 441 32 10 3.2
212.0 2121 458 34 11 3.090909
213.0 2131 473 30 10 3.0
214.0 2141 488 30 10 3.0
215.0 2151 503 30 10 3.0
216.0 2161 517 28 10 2.8
217.0 2171 530 24 9 2.6666667
218.0 2181 546 28 10 2.8
219.0 2191 564 42 10 4.2
220.0 2201 583 38 11 3.4545455
221.0 2211 594 22 10 2.2
222.0 2221 612 34 9 3.7777777
223.0 2231 627 32 11 2.909091
224.0 2241 640 24 9 2.6666667
225.0 2251 655 32 11 2.909091
226.0 2261 667 22 9 2.4444444
227.0 2271 680 28 11 2.5454545
228.0 2281 693 26 10 2.6
229.0 2291 704 22 10 2.2
230.0 2301 717 26 9 2.8888888
231.0 2311 735 36 11 3.2727273
232.0 2321 744 18 9 2.0
233.0 2331 757 26 11 2.3636363
234.0 2341 768 20 9 2.2222223
235.0 2351 779 22 10 2.2
236.0 2361 788 18 9 2.0
237.0 2371 804 32 11 2.909091
238.0 2381 819 26 9 2.8888888
239.0 2391 832 30 11 2.7272727
240.0 2401 847 26 9 2.8888888
241.0 2411 863 36 11 3.2727273
242.0 2421 875 24 10 2.4
243.0 2431 890 30 10 3.0
244.0 2441 904 26 9 2.8888888
245.0 2451 918 28 10 2.8
246.0 2461 930 24 10 2.4
247.0 2471 944 26 10 2.6
248.0 2481 957 28 10 2.8
249.0 2491 972 32 11 2.909091
250.0 2501 0 24 10 2.4
251.0 2511 27 38 7 5.428571
252.0 2521 55 74 11 6.7272725
253.0 2531 83 50 10 5.0
254.0 2541 111 60 11 5.4545455
255.0 2551 137 52 10 5.2
256.0 2561 160 38 9 4.2222223
257.0 2571 183 56 11 5.090909
258.0 2581 202 34 9 3.7777777
259.0 2591 225 40 9 4.4444447
260.0 2601 244 50 13 3.8461537
261.0 2611 265 38 8 4.75
262.0 2621 286 40 9 4.4444447
263.0 2631 312 58 12 4.8333335
264.0 2641 330 36 11 3.2727273
265.0 2651 350 36 9 4.0
266.0 2661 368 36 9 4.0
267.0 2671 397 62 12 5.1666665
268.0 2681 415 36 10 3.6
269.0 2691 431 30 9 3.3333333
270.0 2701 446 28 9 3.1111112
271.0 2711 459 26 10 2.6
272.0 2721 475 28 9 3.1111112
273.0 2731 490 36 12 3.0
274.0 2741 505 30 10 3.0
275.0 2751 521 30 9 3.3333333
276.0 2761 533 24 10 2.4
277.0 2771 547 30 11 2.7272727
278.0 2781 560 22 9 2.4444444
279.0 2791 580 44 11 4.0
280.0 2801 593 24 9 2.6666667
281.0 2811 611 38 11 3.4545455
282.0 2821 622 18 9 2.0
283.0 2831 638 36 11 3.2727273
284.0 2841 655 32 9 3.5555556
285.0 2851 669 28 10 2.8
286.0 2861 683 30 11 2.7272727
287.0 2871 694 22 10 2.2
288.0 2881 707 26 10 2.6
289.0 2891 719 22 9 2.4444444
290.0 2901 734 30 10 3.0
291.0 2911 747 28 11 2.5454545
292.0 2921 759 18 8 2.25
293.0 2931 773 34 12 2.8333333
294.0 2941 785 24 10 2.4
295.0 2951 801 32 10 3.2
296.0 2961 814 26 10 2.6
297.0 2971 827 26 10 2.6
298.0 2981 838 22 10 2.2
299.0 2991 850 24 9 2.6666667
300.0 3001 867 34 11 3.090909
301.0 3011 884 32 9 3.5555556
302.0 3021 902 38 11 3.4545455
303.0 3031 917 28 9 3.1111112
304.0 3041 937 42 11 3.8181818
305.0 3051 951 28 10 2.8
306.0 3061 967 32 10 3.2
307.0 3071 987 40 10 4.0
308.0 3081 998 22 10 2.2
309.0 3091 1011 24 9 2.6666667
310.0 3101 0 24 11 2.1818182
311.0 3111 30 60 7 8.571428
312.0 3121 71 72 10 7.2
313.0 3131 104 78 11 7.090909
314.0 3141 136 66 10 6.6
315.0 3151 165 58 11 5.2727275
316.0 3161 187 43 10 4.3
317.0 3171 207 34 9 3.7777777
318.0 3181 227 48 12 4.0
319.0 3191 247 30 8 3.75
320.0 3201 264 36 10 3.6
321.0 3211 286 52 12 4.3333335
322.0 3221 303 34 10 3.4
323.0 3231 327 48 10 4.8
324.0 3241 340 26 9 2.8888888
325.0 3251 362 42 10 4.2
326.0 3261 382 42 10 4.2
327.0 3271 401 34 9 3.7777777
328.0 3281 423 48 12 4.0
329.0 3291 444 42 10 4.2
330.0 3301 460 32 10 3.2
331.0 3311 476 32 10 3.2
332.0 3321 496 40 10 4.0
333.0 3331 515 34 9 3.7777777
334.0 3341 531 36 10 3.6
335.0 3351 546 30 11 2.7272727
336.0 3361 560 28 10 2.8
337.0 3371 573 24 9 2.6666667
338.0 3381 585 24 10 2.4
339.0 3391 601 34 11 3.090909
340.0 3401 618 34 10 3.4
341.0 3411 630 24 10 2.4
342.0 3421 644 28 10 2.8
343.0 3431 662 36 10 3.6
344.0 3441 679 34 9 3.7777777
345.0 3451 699 32 9 3.5555556
346.0 3461 715 40 12 3.3333333
347.0 3471 733 34 9 3.7777777
348.0 3481 749 34 10 3.4
349.0 3491 768 38 11 3.4545455
350.0 3501 784 28 8 3.5
351.0 3511 800 36 12 3.0
352.0 3521 813 26 10 2.6
353.0 3531 829 32 10 3.2
354.0 3541 844 30 10 3.0
355.0 3551 861 34 10 3.4
356.0 3561 876 30 10 3.0
357.0 3571 888 24 10 2.4
358.0 3581 901 24 9 2.6666667
359.0 3591 916 30 10 3.0
360.0 3601 929 26 10 2.6
361.0 3611 945 34 11 3.090909
362.0 3621 958 26 10 2.6
363.0 3631 971 26 10 2.6
364.0 3641 982 22 10 2.2
365.0 3651 997 30 10 3.0
366.0 3661 1012 28 9 3.1111112
367.0 3671 1025 26 10 2.6
368.0 3681 1041 30 10 3.0
369.0 3691 1057 36 11 3.2727273
370.0 3701 0 28 10 2.8
371.0 3711 33 53 7 7.571429
372.0 3721 72 93 11 8.454545
373.0 3731 100 56 10 5.6
374.0 3741 124 50 11 4.5454545
375.0 3751 150 50 9 5.5555553
376.0 3761 181 66 11 6.0
377.0 3771 208 54 10 5.4
378.0 3781 232 46 10 4.6
379.0 3791 255 48 11 4.3636365
380.0 3801 275 34 9 3.7777777
381.0 3811 295 46 11 4.181818
382.0 3821 315 34 8 4.25
383.0 3831 337 46 11 4.181818
384.0 3841 356 36 9 4.0
385.0 3851 379 52 11 4.7272725
386.0 3861 399 40 11 3.6363637
387.0 3871 413 28 9 3.1111112
388.0 3881 431 36 11 3.2727273
389.0 3891 455 42 8 5.25
390.0 3901 475 44 11 4.0
391.0 3911 495 40 10 4.0
392.0 3921 516 44 10 4.4
393.0 3931 535 36 9 4.0
394.0 3941 558 48 12 4.0
395.0 3951 572 28 10 2.8
396.0 3961 592 40 10 4.0
397.0 3971 609 34 10 3.4
398.0 3981 622 26 10 2.6
399.0 3991 637 28 9 3.1111112
400.0 4001 649 24 10 2.4
401.0 4011 665 34 11 3.090909
402.0 4021 679 26 9 2.8888888
403.0 4031 696 34 10 3.4
404.0 4041 716 36 9 4.0
405.0 4051 734 40 11 3.6363637
406.0 4061 751 36 11 3.2727273
407.0 4071 764 26 10 2.6
408.0 4081 777 26 10 2.6
409.0 4091 792 30 10 3.0
410.0 4101 806 28 10 2.8
411.0 4111 820 28 10 2.8
412.0 4121 832 22 9 2.4444444
413.0 4131 849 36 11 3.2727273
414.0 4141 860 18 8 2.25
415.0 4151 877 38 11 3.4545455
416.0 4161 896 38 11 3.4545455
417.0 4171 910 28 10 2.8
418.0 4181 926 32 10 3.2
419.0 4191 938 24 10 2.4
420.0 4201 953 26 9 2.8888888
421.0 4211 968 34 11 3.090909
422.0 4221 982 28 9 3.1111112
423.0 4231 1000 36 11 3.2727273
424.0 4241 1016 22 8 2.75
425.0 4251 1032 40 11 3.6363637
426.0 4261 1048 34 10 3.4
427.0 4271 1068 40 11 3.6363637
428.0 4281 1079 22 10 2.2
429.0 4291 1094 30 10 3.0
430.0 4301 0 24 9 2.6666667
431.0 4311 28 62 9 6.888889
432.0 4321 67 74 9 8.222222
433.0 4331 103 78 11 7.090909
434.0 4341 135 66 11 6.0
435.0 4351 158 38 8 4.75
436.0 4361 189 70 13 5.3846154
437.0 4371 213 42 9 4.6666665
438.0 4381 229 36 10 3.6
439.0 4391 250 36 9 4.0
440.0 4401 270 44 11 4.0
441.0 4411 286 36 10 3.6
442.0 4421 308 44 10 4.4
443.0 4431 338 58 10 5.8
444.0 4441 360 40 9 4.4444447
445.0 4451 381 48 12 4.0
446.0 4461 396 30 9 3.3333333
447.0 4471 422 44 9 4.888889
448.0 4481 443 50 12 4.1666665
449.0 4491 460 34 9 3.7777777
450.0 4501 483 36 9 4.0
451.0 4511 498 38 11 3.4545455
452.0 4521 515 30 9 3.3333333
453.0 4531 532 40 11 3.6363637
454.0 4541 551 32 10 3.2
455.0 4551 569 42 11 3.8181818
456.0 4561 587 32 9 3.5555556
457.0 4571 606 42 10 4.2
458.0 4581 622 32 11 2.909091
459.0 4591 643 42 10 4.2
460.0 4601 658 28 9 3.1111112
461.0 4611 676 38 11 3.4545455
462.0 4621 690 28 9 3.1111112
463.0 4631 706 28 9 3.1111112
464.0 4641 727 44 11 4.0
465.0 4651 744 30 9 3.3333333
466.0 4661 760 34 11 3.090909
467.0 4671 773 30 11 2.7272727
468.0 4681 789 32 10 3.2
469.0 4691 798 18 9 2.0
470.0 4701 818 34 9 3.7777777
471.0 4711 835 40 12 3.3333333
472.0 4721 853 34 9 3.7777777
473.0 4731 869 34 10 3.4
474.0 4741 886 34 11 3.090909
475.0 4751 900 28 9 3.1111112
476.0 4761 919 38 11 3.4545455
477.0 4771 933 28 9 3.1111112
478.0 4781 950 34 11 3.090909
479.0 4791 970 38 9 4.2222223
480.0 4801 986 34 11 3.090909
481.0 4811 1001 30 10 3.0
482.0 4821 1018 34 9 3.7777777
483.0 4831 1036 34 10 3.4
484.0 4841 1055 40 11 3.6363637
485.0 4851 1067 24 10 2.4
486.0 4861 1077 18 9 2.0
487.0 4871 1093 34 11 3.090909
488.0 4881 1111 36 10 3.6
489.0 4891 1127 32 10 3.2
490.0 4901 0 36 10 3.6
491.0 4911 26 45 6 7.5
492.0 4921 68 98 12 8.166667
493.0 4931 102 62 9 6.888889
494.0 4941 134 68 11 6.181818
495.0 4951 164 58 10 5.8
496.0 4961 197 54 8 6.75
497.0 4971 223 66 13 5.076923
498.0 4981 246 40 8 5.0
499.0 4991 278 70 11 6.3636365
500.0 5001 302 48 10 4.8
501.0 5011 330 54 11 4.909091
502.0 5021 350 46 11 4.181818
503.0 5031 372 38 8 4.75
504.0 5041 388 34 10 3.4
505.0 5051 410 48 12 4.0
506.0 5061 430 36 8 4.5
507.0 5071 457 50 10 5.0
508.0 5081 478 50 11 4.5454545
509.0 5091 502 46 10 4.6
510.0 5101 526 50 11 4.5454545
511.0 5111 543 33 9 3.6666667
512.0 5121 562 40 11 3.6363637
513.0 5131 583 42 9 4.6666665
514.0 5141 598 28 10 2.8
515.0 5151 616 38 11 3.4545455
516.0 5161 633 34 10 3.4
517.0 5171 651 36 10 3.6
518.0 5181 673 42 9 4.6666665
519.0 5191 691 36 10 3.6
520.0 5201 710 38 10 3.8
521.0 5211 730 42 11 3.8181818
522.0 5221 751 40 9 4.4444447
523.0 5231 770 38 10 3.8
524.0 5241 787 34 10 3.4
525.0 5251 804 30 9 3.3333333
526.0 5261 823 44 12 3.6666667
527.0 5271 840 34 10 3.4
528.0 5281 860 38 9 4.2222223
529.0 5291 880 40 10 4.0
530.0 5301 895 30 10 3.0
531.0 5311 914 40 11 3.6363637
532.0 5321 929 28 9 3.1111112
533.0 5331 944 30 10 3.0
534.0 5341 959 30 10 3.0
535.0 5351 975 34 10 3.4
536.0 5361 989 28 11 2.5454545
537.0 5371 1006 32 9 3.5555556
538.0 5381 1019 28 11 2.5454545
539.0 5391 1031 24 10 2.4
540.0 5401 1043 22 9 2.4444444
541.0 5411 1061 38 11 3.4545455
542.0 5421 1074 26 10 2.6
543.0 5431 1088 24 8 3.0
544.0 5441 1108 42 11 3.8181818
545.0 5451 1122 24 9 2.6666667
546.0 5461 1141 44 12 3.6666667
547.0 5471 1160 38 10 3.8
548.0 5481 1177 34 10 3.4
549.0 5491 1196 32 8 4.0
550.0 5501 0 42 12 3.5
551.0 5511 35 60 7 8.571428
552.0 5521 75 83 10 8.3
553.0 5531 109 68 9 7.5555553
554.0 5541 149 89 12 7.4166665
555.0 5551 177 54 10 5.4
556.0 5561 207 52 9 5.7777777
557.0 5571 232 60 11 5.4545455
558.0 5581 260 60 11 5.4545455
559.0 5591 279 38 10 3.8
560.0 5601 306 48 9 5.3333335
561.0 5611 329 53 12 4.4166665
562.0 5621 346 35 10 3.5
563.0 5631 366 40 9 4.4444447
564.0 5641 387 36 9 4.0
565.0 5651 408 42 10 4.2
566.0 5661 431 48 10 4.8
567.0 5671 452 46 11 4.181818
568.0 5681 476 48 11 4.3636365
569.0 5691 492 26 8 3.25
570.0 5701 516 52 11 4.7272725
571.0 5711 533 36 11 3.2727273
572.0 5721 556 46 10 4.6
573.0 5731 577 42 10 4.2
574.0 5741 592 30 10 3.0
575.0 5751 611 36 9 4.0
576.0 5761 633 42 10 4.2
577.0 5771 655 42 9 4.6666665
578.0 5781 675 42 11 3.8181818
579.0 5791 698 44 10 4.4
580.0 5801 716 42 10 4.2
581.0 5811 733 32 10 3.2
582.0 5821 754 38 9 4.2222223
583.0 5831 775 48 11 4.3636365
584.0 5841 799 48 10 4.8
585.0 5851 823 46 10 4.6
586.0 5861 844 44 11 4.0
587.0 5871 861 32 9 3.5555556
588.0 5881 878 36 10 3.6
589.0 5891 897 38 11 3.4545455
590.0 5901 914 30 9 3.3333333
591.0 5911 927 30 10 3.0
592.0 5921 941 28 11 2.5454545
593.0 5931 959 36 10 3.6
594.0 5941 971 22 8 2.75
595.0 5951 996 52 12 4.3333335
596.0 5961 1012 32 10 3.2
597.0 5971 1024 24 9 2.6666667
598.0 5981 1041 34 10 3.4
599.0 5991 1063 40 9 4.4444447
600.0 6001 1082 40 11 3.6363637
601.0 6011 1094 26 10 2.6
602.0 6021 1110 28 9 3.1111112
603.0 6031 1130 44 11 4.0
604.0 6041 1147 30 10 3.0
605.0 6051 1161 32 11 2.909091
606.0 6061 1178 32 9 3.5555556
607.0 6071 1201 48 11 4.3636365
608.0 6081 1218 34 10 3.4
609.0 6091 1235 34 10 3.4
610.0 6101 0 24 10 2.4
611.0 6111 35 60 7 8.571428
612.0 6121 70 64 11 5.818182
613.0 6131 106 82 10 8.2
614.0 6141 136 64 10 6.4
615.0 6151 168 66 11 6.0
616.0 6161 199 54 9 6.0
617.0 6171 227 60 10 6.0
618.0 6181 252 44 9 4.888889
619.0 6191 280 60 11 5.4545455
620.0 6201 300 46 10 4.6
621.0 6211 331 58 11 5.2727275
622.0 6221 351 44 9 4.888889
623.0 6231 383 52 10 5.2
624.0 6241 409 64 12 5.3333335
625.0 6251 433 42 8 5.25
626.0 6261 459 52 11 4.7272725
627.0 6271 482 46 10 4.6
628.0 6281 498 38 11 3.4545455
629.0 6291 519 36 9 4.0
630.0 6301 532 32 9 3.5555556
631.0 6311 557 46 10 4.6
632.0 6321 578 46 11 4.181818
633.0 6331 600 44 11 4.0
634.0 6341 620 40 9 4.4444447
635.0 6351 641 40 10 4.0
636.0 6361 657 32 10 3.2
637.0 6371 679 46 11 4.181818
638.0 6381 694 28 9 3.1111112
639.0 6391 716 40 9 4.4444447
640.0 6401 735 44 12 3.6666667
641.0 6411 751 30 9 3.3333333
642.0 6421 770 40 10 4.0
643.0 6431 787 32 10 3.2
644.0 6441 810 42 9 4.6666665
645.0 6451 834 54 12 4.5
646.0 6461 847 26 9 2.8888888
647.0 6471 872 46 10 4.6
648.0 6481 894 48 11 4.3636365
649.0 6491 909 30 9 3.3333333
650.0 6501 929 38 10 3.8
651.0 6511 942 28 10 2.8
652.0 6521 962 40 11 3.6363637
653.0 6531 979 32 9 3.5555556
654.0 6541 998 40 11 3.6363637
655.0 6551 1012 26 9 2.8888888
656.0 6561 1031 36 10 3.6
657.0 6571 1045 32 11 2.909091
658.0 6581 1059 28 9 3.1111112
659.0 6591 1076 34 11 3.090909
660.0 6601 1092 32 10 3.2
661.0 6611 1110 36 10 3.6
662.0 6621 1125 30 9 3.3333333
663.0 6631 1145 38 10 3.8
664.0 6641 1167 46 11 4.181818
665.0 6651 1182 30 10 3.0
666.0 6661 1194 22 9 2.4444444
667.0 6671 1212 38 11 3.4545455
668.0 6681 1225 24 9 2.6666667
669.0 6691 1243 36 10 3.6
670.0 6701 0 26 11 2.3636363
671.0 6711 27 54 7 7.714286
672.0 6721 75 84 10 8.4
673.0 6731 109 84 13 6.4615383
674.0 6741 132 46 8 5.75
675.0 6751 173 82 11 7.4545455
676.0 6761 198 48 9 5.3333335
677.0 6771 225 54 10 5.4
678.0 6781 250 42 10 4.2
679.0 6791 278 64 10 6.4
680.0 6801 305 50 9 5.5555553
681.0 6811 333 60 12 5.0
682.0 6821 357 48 10 4.8
683.0 6831 380 46 9 5.111111
684.0 6841 412 56 10 5.6
685.0 6851 435 56 12 4.6666665
686.0 6861 453 36 8 4.5
687.0 6871 478 48 11 4.3636365
688.0 6881 498 42 10 4.2
689.0 6891 522 44 9 4.888889
690.0 6901 542 38 10 3.8
691.0 6911 561 38 10 3.8
692.0 6921 580 42 10 4.2
693.0 6931 604 48 11 4.3636365
694.0 6941 623 40 11 3.6363637
695.0 6951 638 30 9 3.3333333
696.0 6961 662 46 10 4.6
697.0 6971 679 36 11 3.2727273
698.0 6981 698 36 9 4.0
699.0 6991 711 24 9 2.6666667
700.0 7001 732 40 10 4.0
701.0 7011 750 42 11 3.8181818
702.0 7021 772 40 10 4.0
703.0 7031 791 40 10 4.0
704.0 7041 808 36 11 3.2727273
705.0 7051 826 34 9 3.7777777
706.0 7061 848 44 10 4.4
707.0 7071 868 42 10 4.2
708.0 7081 889 42 10 4.2
709.0 7091 911 38 9 4.2222223
710.0 7101 931 46 12 3.8333333
711.0 7111 948 34 10 3.4
712.0 7121 962 28 10 2.8
713.0 7131 978 30 9 3.3333333
714.0 7141 992 30 10 3.0
715.0 7151 1012 36 10 3.6
716.0 7161 1027 34 11 3.090909
717.0 7171 1043 28 9 3.1111112
718.0 7181 1057 32 11 2.909091
719.0 7191 1072 30 10 3.0
720.0 7201 1091 38 10 3.8
721.0 7211 1108 32 9 3.5555556
722.0 7221 1122 30 11 2.7272727
723.0 7231 1142 38 9 4.2222223
724.0 7241 1158 32 10 3.2
725.0 7251 1171 26 10 2.6
726.0 7261 1187 34 11 3.090909
727.0 7271 1204 32 9 3.5555556
728.0 7281 1224 42 10 4.2
729.0 7291 1243 38 11 3.4545455
730.0 7301 0 40 9 4.4444447
731.0 7311 37 81 8 10.125
732.0 7321 91 97 10 9.7
733.0 7331 120 70 12 5.8333335
734.0 7341 149 46 8 5.75
735.0 7351 191 90 11 8.181818
736.0 7361 213 48 11 4.3636365
737.0 7371 239 48 8 6.0
738.0 7381 276 78 12 6.5
739.0 7391 298 42 10 4.2
740.0 7401 320 46 10 4.6
741.0 7411 342 40 9 4.4444447
742.0 7421 368 58 11 5.2727275
743.0 7431 394 48 10 4.8
744.0 7441 416 46 10 4.6
745.0 7451 438 42 9 4.6666665
746.0 7461 462 48 10 4.8
747.0 7471 486 44 10 4.4
748.0 7481 511 58 10 5.8
749.0 7491 548 74 11 6.7272725
750.0 7501 572 48 10 4.8
751.0 7511 601 52 9 5.7777777
752.0 7521 621 36 10 3.6
753.0 7531 644 51 10 5.1
754.0 7541 668 48 10 4.8
755.0 7551 689 42 10 4.2
756.0 7561 710 48 11 4.3636365
757.0 7571 733 46 11 4.181818
758.0 7581 758 44 8 5.5
759.0 7591 780 50 12 4.1666665
760.0 7601 805 50 10 5.0
761.0 7611 821 30 9 3.3333333
762.0 7621 838 30 9 3.3333333
763.0 7631 857 44 12 3.6666667
764.0 7641 882 42 7 6.0
765.0 7651 902 48 12 4.0
766.0 7661 923 38 9 4.2222223
767.0 7671 944 44 11 4.0
768.0 7681 961 34 9 3.7777777
769.0 7691 987 54 12 4.5
770.0 7701 1002 30 9 3.3333333
771.0 7711 1023 40 10 4.0
772.0 7721 1042 40 11 3.6363637
773.0 7731 1060 32 8 4.0
774.0 7741 1087 56 11 5.090909
775.0 7751 1107 42 10 4.2
776.0 7761 1132 50 11 4.5454545
777.0 7771 1152 34 8 4.25
778.0 7781 1168 38 12 3.1666667
779.0 7791 1180 24 9 2.6666667
780.0 7801 1199 34 10 3.4
781.0 7811 1214 34 11 3.090909
782.0 7821 1233 38 10 3.8
783.0 7831 1249 30 9 3.3333333
784.0 7841 1263 26 10 2.6
785.0 7851 1279 36 11 3.2727273
786.0 7861 1294 30 10 3.0
787.0 7871 1311 32 9 3.5555556
788.0 7881 1326 30 10 3.0
789.0 7891 1347 42 10 4.2
790.0 7901 0 30 11 2.7272727
791.0 7911 30 59 7 8.428572
792.0 7921 79 95 10 9.5
793.0 7931 120 72 11 6.5454545
794.0 7941 149 68 9 7.5555553
795.0 7951 183 64 11 5.818182
796.0 7961 217 72 9 8.0
797.0 7971 254 80 12 6.6666665
798.0 7981 280 54 10 5.4
799.0 7991 314 64 9 7.111111
800.0 8001 342 60 11 5.4545455
801.0 8011 369 52 10 5.2
802.0 8021 390 44 9 4.888889
803.0 8031 417 54 12 4.5
804.0 8041 440 38 7 5.428571
805.0 8051 468 64 12 5.3333335
806.0 8061 493 46 9 5.111111
807.0 8071 518 44 9 4.888889
808.0 8081 541 56 12 4.6666665
809.0 8091 568 50 9 5.5555553
810.0 8101 591 46 11 4.181818
811.0 8111 618 58 10 5.8
812.0 8121 644 52 10 5.2
813.0 8131 666 44 11 4.0
814.0 8141 685 34 8 4.25
815.0 8151 706 46 11 4.181818
816.0 8161 734 54 10 5.4
817.0 8171 756 38 9 4.2222223
818.0 8181 775 42 10 4.2
819.0 8191 800 48 10 4.8
820.0 8201 820 46 11 4.181818
821.0 8211 843 44 10 4.4
822.0 8221 861 38 10 3.8
823.0 8231 880 34 10 3.4
824.0 8241 898 36 9 4.0
825.0 8251 922 44 10 4.4
826.0 8261 946 52 11 4.7272725
827.0 8271 964 38 10 3.8
828.0 8281 978 28 10 2.8
829.0 8291 997 34 9 3.7777777
830.0 8301 1011 34 11 3.090909
831.0 8311 1033 38 10 3.8
832.0 8321 1048 36 10 3.6
833.0 8331 1070 40 10 4.0
834.0 8341 1089 42 10 4.2
835.0 8351 1110 40 10 4.0
836.0 8361 1126 34 11 3.090909
837.0 8371 1147 38 8 4.75
838.0 8381 1172 54 12 4.5
839.0 8391 1188 30 9 3.3333333
840.0 8401 1205 36 11 3.2727273
841.0 8411 1221 28 8 3.5
842.0 8421 1243 48 12 4.0
843.0 8431 1260 32 9 3.5555556
844.0 8441 1278 36 10 3.6
845.0 8451 1302 48 10 4.8
846.0 8461 1313 22 9 2.4444444
847.0 8471 1337 50 12 4.1666665
848.0 8481 1349 24 9 2.6666667
849.0 8491 1368 38 10 3.8
850.0 8501 0 44 10 4.4
851.0 8511 38 54 7 7.714286
852.0 8521 79 84 9 9.333333
853.0 8531 115 94 13 7.230769
854.0 8541 152 72 9 8.0
855.0 8551 187 68 10 6.8
856.0 8561 216 70 11 6.3636365
857.0 8571 246 52 9 5.7777777
858.0 8581 278 72 12 6.0
859.0 8591 302 44 9 4.888889
860.0 8601 328 52 10 5.2
861.0 8611 356 54 10 5.4
862.0 8621 385 54 9 6.0
863.0 8631 419 74 11 6.7272725
864.0 8641 448 62 11 5.6363635
865.0 8651 479 52 8 6.5
866.0 8661 510 72 12 6.0
867.0 8671 535 50 11 4.5454545
868.0 8681 558 38 8 4.75
869.0 8691 577 46 12 3.8333333
870.0 8701 596 38 9 4.2222223
871.0 8711 622 48 10 4.8
872.0 8721 641 38 9 4.2222223
873.0 8731 671 58 10 5.8
874.0 8741 691 44 11 4.0
875.0 8751 705 24 9 2.6666667
876.0 8761 732 58 11 5.2727275
877.0 8771 752 40 9 4.4444447
878.0 8781 783 60 10 6.0
879.0 8791 809 52 11 4.7272725
880.0 8801 829 44 10 4.4
881.0 8811 849 38 10 3.8
882.0 8821 869 32 9 3.5555556
883.0 8831 887 46 12 3.8333333
884.0 8841 907 32 8 4.0
885.0 8851 927 48 11 4.3636365
886.0 8861 949 44 11 4.0
887.0 8871 964 30 10 3.0
888.0 8881 980 26 8 3.25
889.0 8891 1000 38 10 3.8
890.0 8901 1022 52 11 4.7272725
891.0 8911 1040 34 10 3.4
892.0 8921 1059 36 10 3.6
893.0 8931 1074 34 11 3.090909
894.0 8941 1094 38 9 4.2222223
895.0 8951 1109 28 9 3.1111112
896.0 8961 1136 58 11 5.2727275
897.0 8971 1158 38 9 4.2222223
898.0 8981 1178 44 11 4.0
899.0 8991 1196 38 11 3.4545455
900.0 9001 1213 34 10 3.4
901.0 9011 1230 30 9 3.3333333
902.0 9021 1248 40 11 3.6363637
903.0 9031 1264 30 9 3.3333333
904.0 9041 1290 54 11 4.909091
905.0 9051 1303 26 10 2.6
906.0 9061 1319 32 9 3.5555556
907.0 9071 1342 44 10 4.4
908.0 9081 1359 34 10 3.4
909.0 9091 1377 32 9 3.5555556
910.0 9101 0 42 11 3.8181818
911.0 9111 29 60 7 8.571428
912.0 9121 74 83 10 8.3
913.0 9131 105 80 12 6.6666665
914.0 9141 139 52 8 6.5
915.0 9151 172 80 12 6.6666665
916.0 9161 201 62 10 6.2
917.0 9171 234 62 9 6.888889
918.0 9181 269 74 11 6.7272725
919.0 9191 293 46 10 4.6
920.0 9201 321 52 9 5.7777777
921.0 9211 349 66 12 5.5
922.0 9221 374 50 11 4.5454545
923.0 9231 397 36 8 4.5
924.0 9241 423 62 12 5.1666665
925.0 9251 443 36 7 5.142857
926.0 9261 475 68 13 5.230769
927.0 9271 493 32 8 4.0
928.0 9281 520 48 9 5.3333335
929.0 9291 542 52 12 4.3333335
930.0 9301 561 40 10 4.0
931.0 9311 579 32 9 3.5555556
932.0 9321 604 44 10 4.4
933.0 9331 631 60 11 5.4545455
934.0 9341 651 44 10 4.4
935.0 9351 675 42 9 4.6666665
936.0 9361 704 64 11 5.818182
937.0 9371 732 54 10 5.4
938.0 9381 753 44 11 4.0
939.0 9391 772 38 9 4.2222223
940.0 9401 797 50 11 4.5454545
941.0 9411 817 40 9 4.4444447
942.0 9421 838 42 11 3.8181818
943.0 9431 857 34 9 3.7777777
944.0 9441 876 42 10 4.2
945.0 9451 894 34 10 3.4
946.0 9461 912 38 10 3.8
947.0 9471 932 36 10 3.6
948.0 9481 952 44 11 4.0
949.0 9491 968 32 9 3.5555556
950.0 9501 985 34 10 3.4
951.0 9511 1012 48 9 5.3333335
952.0 9521 1031 40 10 4.0
953.0 9531 1056 52 10 5.2
954.0 9541 1085 56 11 5.090909
955.0 9551 1101 34 10 3.4
956.0 9561 1121 42 10 4.2
957.0 9571 1144 42 9 4.6666665
958.0 9581 1164 42 11 3.8181818
959.0 9591 1187 48 11 4.3636365
960.0 9601 1204 34 10 3.4
961.0 9611 1219 24 8 3.0
962.0 9621 1239 44 11 4.0
963.0 9631 1256 36 11 3.2727273
964.0 9641 1273 34 10 3.4
965.0 9651 1289 32 10 3.2
966.0 9661 1309 40 10 4.0
967.0 9671 1327 32 9 3.5555556
968.0 9681 1343 36 10 3.6
969.0 9691 1362 38 11 3.4545455
970.0 9701 0 24 9 2.6666667
971.0 9711 36 71 8 8.875
972.0 9721 68 64 11 5.818182
973.0 9731 107 76 8 9.5
974.0 9741 150 90 12 7.5
975.0 9751 181 46 7 6.571429
976.0 9761 215 82 12 6.8333335
977.0 9771 246 60 10 6.0
978.0 9781 276 58 10 5.8
979.0 9791 300 54 12 4.5
980.0 9801 328 50 7 7.142857
981.0 9811 360 68 12 5.6666665
982.0 9821 390 62 10 6.2
983.0 9831 423 62 9 6.888889
984.0 9841 454 64 11 5.818182
985.0 9851 478 46 9 5.111111
986.0 9861 503 52 10 5.2
987.0 9871 529 54 11 4.909091
988.0 9881 556 52 10 5.2
989.0 9891 582 54 10 5.4
990.0 9901 608 52 10 5.2
991.0 9911 630 44 11 4.0
992.0 9921 646 32 10 3.2
993.0 9931 665 38 9 4.2222223
994.0 9941 690 50 11 4.5454545
995.0 9951 705 28 8 3.5
996.0 9961 734 50 10 5.0
997.0 9971 754 46 11 4.181818
998.0 9981 775 46 10 4.6
999.0 9991 793 36 11 3.2727273
39027.0 9884 3.8474302
