java -cp `find -L lib/ -name "*.jar" | tr [:space:] :`:"":classes peersim.Simulator PCX.cfg



0.0 100 0 0 0 NaN
1.0 100 1 0 0 NaN
2.0 100 1 0 0 NaN
3.0 100 1 0 0 NaN
4.0 100 1 0 0 NaN
5.0 100 1 0 0 NaN
6.0 100 1 0 0 NaN
7.0 100 1 0 0 NaN
8.0 100 1 0 0 NaN
9.0 100 1 0 0 NaN
10.0 101 1 0 0 NaN
11.0 102 5 8 1 8.0
12.0 103 8 6 1 6.0
13.0 104 12 8 1 8.0
14.0 105 13 2 1 2.0
15.0 106 16 6 1 6.0
16.0 107 18 4 1 4.0
17.0 108 19 2 1 2.0
18.0 109 20 2 1 2.0
19.0 110 22 2 1 2.0
20.0 111 22 0 0 NaN
21.0 112 24 4 1 4.0
22.0 113 25 2 1 2.0
23.0 114 26 2 1 2.0
24.0 115 28 4 1 4.0
25.0 116 32 8 1 8.0
26.0 117 34 4 1 4.0
27.0 118 35 2 1 2.0
28.0 119 36 2 1 2.0
29.0 120 38 4 1 4.0
30.0 121 39 2 1 2.0
31.0 122 41 4 1 4.0
32.0 123 42 2 1 2.0
33.0 124 43 2 1 2.0
34.0 125 44 2 1 2.0
35.0 126 45 2 1 2.0
36.0 127 47 4 1 4.0
37.0 128 48 2 1 2.0
38.0 129 49 2 1 2.0
39.0 130 50 2 1 2.0
40.0 131 51 2 1 2.0
41.0 132 52 2 1 2.0
42.0 133 54 4 1 4.0
43.0 134 56 4 1 4.0
44.0 135 57 2 1 2.0
45.0 136 58 2 1 2.0
46.0 137 59 2 1 2.0
47.0 138 60 2 1 2.0
48.0 139 61 2 1 2.0
49.0 140 62 2 1 2.0
50.0 141 63 2 1 2.0
51.0 142 64 2 1 2.0
52.0 143 65 2 1 2.0
53.0 144 66 2 1 2.0
54.0 145 67 2 1 2.0
55.0 146 68 2 1 2.0
56.0 147 69 2 1 2.0
57.0 148 70 2 1 2.0
58.0 149 71 2 1 2.0
59.0 150 72 2 1 2.0
60.0 151 73 2 1 2.0
61.0 152 74 2 1 2.0
62.0 153 75 2 1 2.0
63.0 154 77 4 1 4.0
64.0 155 79 4 1 4.0
65.0 156 80 2 1 2.0
66.0 157 82 4 1 4.0
67.0 158 83 2 1 2.0
68.0 159 84 2 1 2.0
69.0 160 85 2 1 2.0
70.0 161 0 2 1 2.0
71.0 162 8 14 1 14.0
72.0 163 10 4 1 4.0
73.0 164 13 6 1 6.0
74.0 165 17 8 1 8.0
75.0 166 21 8 1 8.0
76.0 167 23 4 1 4.0
77.0 168 24 2 1 2.0
78.0 169 25 2 1 2.0
79.0 170 27 4 1 4.0
80.0 171 28 2 1 2.0
81.0 172 29 2 1 2.0
82.0 173 32 6 1 6.0
83.0 174 34 4 1 4.0
84.0 175 36 4 1 4.0
85.0 176 37 2 1 2.0
86.0 177 39 4 1 4.0
87.0 178 41 4 1 4.0
88.0 179 42 2 1 2.0
89.0 180 44 4 1 4.0
90.0 181 45 2 1 2.0
91.0 182 47 4 1 4.0
92.0 183 48 2 1 2.0
93.0 184 49 2 1 2.0
94.0 185 50 2 1 2.0
95.0 186 51 2 1 2.0
96.0 187 52 2 1 2.0
97.0 188 54 4 1 4.0
98.0 189 55 2 1 2.0
99.0 190 57 4 1 4.0
100.0 191 58 2 1 2.0
101.0 192 59 2 1 2.0
102.0 193 60 2 1 2.0
103.0 194 62 4 1 4.0
104.0 195 63 2 1 2.0
105.0 196 64 2 1 2.0
106.0 197 65 2 1 2.0
107.0 198 68 6 1 6.0
108.0 199 70 4 1 4.0
109.0 200 72 4 1 4.0
110.0 201 74 4 1 4.0
111.0 202 75 2 1 2.0
112.0 203 76 2 1 2.0
113.0 204 77 2 1 2.0
114.0 205 78 2 1 2.0
115.0 206 79 2 1 2.0
116.0 207 80 2 1 2.0
117.0 208 81 2 1 2.0
118.0 209 83 4 1 4.0
119.0 210 87 8 1 8.0
120.0 211 88 2 1 2.0
121.0 212 89 2 1 2.0
122.0 213 90 2 1 2.0
123.0 214 91 2 1 2.0
124.0 215 92 2 1 2.0
125.0 216 93 2 1 2.0
126.0 217 95 4 1 4.0
127.0 218 96 2 1 2.0
128.0 219 97 2 1 2.0
129.0 220 98 2 1 2.0
130.0 221 0 4 1 4.0
131.0 222 5 8 1 8.0
132.0 223 7 4 1 4.0
133.0 224 12 10 1 10.0
134.0 225 16 8 1 8.0
135.0 226 19 6 1 6.0
136.0 227 20 2 1 2.0
137.0 228 22 4 1 4.0
138.0 229 23 2 1 2.0
139.0 230 27 8 1 8.0
140.0 231 29 4 1 4.0
141.0 232 30 2 1 2.0
142.0 233 31 2 1 2.0
143.0 234 33 4 1 4.0
144.0 235 36 6 1 6.0
145.0 236 37 2 1 2.0
146.0 237 38 2 1 2.0
147.0 238 39 2 1 2.0
148.0 239 41 4 1 4.0
149.0 240 45 8 1 8.0
150.0 241 46 2 1 2.0
151.0 242 47 2 1 2.0
152.0 243 49 4 1 4.0
153.0 244 52 6 1 6.0
154.0 245 53 2 1 2.0
155.0 246 54 2 1 2.0
156.0 247 55 2 1 2.0
157.0 248 57 4 1 4.0
158.0 249 59 4 1 4.0
159.0 250 60 2 1 2.0
160.0 251 61 2 1 2.0
161.0 252 62 2 1 2.0
162.0 253 63 2 1 2.0
163.0 254 64 2 1 2.0
164.0 255 65 2 1 2.0
165.0 256 66 2 1 2.0
166.0 257 67 2 1 2.0
167.0 258 68 2 1 2.0
168.0 259 71 6 1 6.0
169.0 260 73 4 1 4.0
170.0 261 75 2 1 2.0
171.0 262 75 0 0 NaN
172.0 263 77 4 1 4.0
173.0 264 79 4 1 4.0
174.0 265 81 4 1 4.0
175.0 266 82 2 1 2.0
176.0 267 83 2 1 2.0
177.0 268 85 4 1 4.0
178.0 269 86 2 1 2.0
179.0 270 87 2 1 2.0
180.0 271 89 4 1 4.0
181.0 272 90 2 1 2.0
182.0 273 93 6 1 6.0
183.0 274 94 2 1 2.0
184.0 275 95 2 1 2.0
185.0 276 96 2 1 2.0
186.0 277 97 2 1 2.0
187.0 278 98 2 1 2.0
188.0 279 100 4 1 4.0
189.0 280 101 2 1 2.0
190.0 281 0 6 1 6.0
191.0 282 5 8 1 8.0
192.0 283 8 6 1 6.0
193.0 284 13 10 1 10.0
194.0 285 18 10 1 10.0
195.0 286 23 10 1 10.0
196.0 287 25 4 1 4.0
197.0 288 27 4 1 4.0
198.0 289 29 4 1 4.0
199.0 290 31 4 1 4.0
200.0 291 32 2 1 2.0
201.0 292 36 8 1 8.0
202.0 293 40 8 1 8.0
203.0 294 43 6 1 6.0
204.0 295 44 2 1 2.0
205.0 296 46 4 1 4.0
206.0 297 47 2 1 2.0
207.0 298 50 4 1 4.0
208.0 299 50 0 0 NaN
209.0 300 52 4 1 4.0
210.0 301 53 2 1 2.0
211.0 302 56 6 1 6.0
212.0 303 57 2 1 2.0
213.0 304 58 2 1 2.0
214.0 305 60 4 1 4.0
215.0 306 63 6 1 6.0
216.0 307 65 4 1 4.0
217.0 308 66 2 1 2.0
218.0 309 68 4 1 4.0
219.0 310 69 2 1 2.0
220.0 311 70 2 1 2.0
221.0 312 71 2 1 2.0
222.0 313 72 2 1 2.0
223.0 314 73 2 1 2.0
224.0 315 75 4 1 4.0
225.0 316 76 2 1 2.0
226.0 317 77 2 1 2.0
227.0 318 79 4 1 4.0
228.0 319 81 4 1 4.0
229.0 320 82 2 1 2.0
230.0 321 85 4 1 4.0
231.0 322 85 0 0 NaN
232.0 323 87 4 1 4.0
233.0 324 88 2 1 2.0
234.0 325 89 2 1 2.0
235.0 326 90 2 1 2.0
236.0 327 91 2 1 2.0
237.0 328 92 2 1 2.0
238.0 329 95 6 1 6.0
239.0 330 96 2 1 2.0
240.0 331 98 4 1 4.0
241.0 332 99 2 1 2.0
242.0 333 100 2 1 2.0
243.0 334 101 2 1 2.0
244.0 335 105 8 1 8.0
245.0 336 106 2 1 2.0
246.0 337 108 4 1 4.0
247.0 338 109 2 1 2.0
248.0 339 110 2 1 2.0
249.0 340 111 2 1 2.0
250.0 341 0 4 1 4.0
251.0 342 8 14 1 14.0
252.0 343 13 10 1 10.0
253.0 344 15 4 1 4.0
254.0 345 18 6 1 6.0
255.0 346 22 8 1 8.0
256.0 347 25 6 1 6.0
257.0 348 27 4 1 4.0
258.0 349 30 6 1 6.0
259.0 350 31 2 1 2.0
260.0 351 32 2 1 2.0
261.0 352 35 6 1 6.0
262.0 353 36 2 1 2.0
263.0 354 38 4 1 4.0
264.0 355 42 8 1 8.0
265.0 356 44 4 1 4.0
266.0 357 47 6 1 6.0
267.0 358 48 2 1 2.0
268.0 359 49 2 1 2.0
269.0 360 50 2 1 2.0
270.0 361 51 2 1 2.0
271.0 362 54 6 1 6.0
272.0 363 55 2 1 2.0
273.0 364 56 2 1 2.0
274.0 365 58 4 1 4.0
275.0 366 59 2 1 2.0
276.0 367 60 2 1 2.0
277.0 368 64 8 1 8.0
278.0 369 65 2 1 2.0
279.0 370 67 4 1 4.0
280.0 371 68 2 1 2.0
281.0 372 69 2 1 2.0
282.0 373 71 4 1 4.0
283.0 374 72 2 1 2.0
284.0 375 73 2 1 2.0
285.0 376 75 4 1 4.0
286.0 377 76 2 1 2.0
287.0 378 78 4 1 4.0
288.0 379 80 4 1 4.0
289.0 380 82 4 1 4.0
290.0 381 84 4 1 4.0
291.0 382 85 2 1 2.0
292.0 383 87 4 1 4.0
293.0 384 88 2 1 2.0
294.0 385 90 4 1 4.0
295.0 386 94 8 1 8.0
296.0 387 98 8 1 8.0
297.0 388 103 10 1 10.0
298.0 389 104 2 1 2.0
299.0 390 107 6 1 6.0
300.0 391 108 2 1 2.0
301.0 392 109 2 1 2.0
302.0 393 110 2 1 2.0
303.0 394 112 4 1 4.0
304.0 395 114 4 1 4.0
305.0 396 116 4 1 4.0
306.0 397 117 2 1 2.0
307.0 398 118 2 1 2.0
308.0 399 120 4 1 4.0
309.0 400 122 4 1 4.0
310.0 401 0 2 1 2.0
311.0 402 8 14 1 14.0
312.0 403 12 8 1 8.0
313.0 404 14 4 1 4.0
314.0 405 16 4 1 4.0
315.0 406 18 4 1 4.0
316.0 407 21 6 1 6.0
317.0 408 24 6 1 6.0
318.0 409 26 4 1 4.0
319.0 410 31 10 1 10.0
320.0 411 33 4 1 4.0
321.0 412 35 4 1 4.0
322.0 413 37 4 1 4.0
323.0 414 38 2 1 2.0
324.0 415 39 2 1 2.0
325.0 416 42 6 1 6.0
326.0 417 43 2 1 2.0
327.0 418 46 6 1 6.0
328.0 419 48 4 1 4.0
329.0 420 50 4 1 4.0
330.0 421 51 2 1 2.0
331.0 422 54 6 1 6.0
332.0 423 56 4 1 4.0
333.0 424 57 2 1 2.0
334.0 425 58 2 1 2.0
335.0 426 60 4 1 4.0
336.0 427 61 2 1 2.0
337.0 428 62 2 1 2.0
338.0 429 64 4 1 4.0
339.0 430 66 4 1 4.0
340.0 431 68 4 1 4.0
341.0 432 73 8 1 8.0
342.0 433 73 0 0 NaN
343.0 434 76 6 1 6.0
344.0 435 79 6 1 6.0
345.0 436 80 2 1 2.0
346.0 437 83 6 1 6.0
347.0 438 85 4 1 4.0
348.0 439 89 8 1 8.0
349.0 440 90 2 1 2.0
350.0 441 91 2 1 2.0
351.0 442 92 2 1 2.0
352.0 443 93 2 1 2.0
353.0 444 95 4 1 4.0
354.0 445 96 2 1 2.0
355.0 446 97 2 1 2.0
356.0 447 99 4 1 4.0
357.0 448 101 4 1 4.0
358.0 449 102 2 1 2.0
359.0 450 103 2 1 2.0
360.0 451 106 6 1 6.0
361.0 452 107 2 1 2.0
362.0 453 108 2 1 2.0
363.0 454 109 2 1 2.0
364.0 455 110 2 1 2.0
365.0 456 113 6 1 6.0
366.0 457 115 4 1 4.0
367.0 458 116 2 1 2.0
368.0 459 118 4 1 4.0
369.0 460 119 2 1 2.0
370.0 461 0 4 1 4.0
371.0 462 7 12 1 12.0
372.0 463 9 4 1 4.0
373.0 464 12 6 1 6.0
374.0 465 15 6 1 6.0
375.0 466 18 6 1 6.0
376.0 467 20 4 1 4.0
377.0 468 23 6 1 6.0
378.0 469 26 6 1 6.0
379.0 470 31 10 1 10.0
380.0 471 34 6 1 6.0
381.0 472 36 4 1 4.0
382.0 473 37 2 1 2.0
383.0 474 41 8 1 8.0
384.0 475 42 2 1 2.0
385.0 476 43 2 1 2.0
386.0 477 46 6 1 6.0
387.0 478 50 8 1 8.0
388.0 479 52 4 1 4.0
389.0 480 55 6 1 6.0
390.0 481 56 2 1 2.0
391.0 482 60 8 1 8.0
392.0 483 63 6 1 6.0
393.0 484 65 4 1 4.0
394.0 485 66 2 1 2.0
395.0 486 67 2 1 2.0
396.0 487 68 2 1 2.0
397.0 488 70 4 1 4.0
398.0 489 73 6 1 6.0
399.0 490 75 4 1 4.0
400.0 491 77 4 1 4.0
401.0 492 78 2 1 2.0
402.0 493 80 4 1 4.0
403.0 494 81 2 1 2.0
404.0 495 83 4 1 4.0
405.0 496 84 2 1 2.0
406.0 497 85 2 1 2.0
407.0 498 87 4 1 4.0
408.0 499 88 2 1 2.0
409.0 500 89 2 1 2.0
410.0 501 91 4 1 4.0
411.0 502 93 4 1 4.0
412.0 503 94 2 1 2.0
413.0 504 95 2 1 2.0
414.0 505 96 2 1 2.0
415.0 506 97 2 1 2.0
416.0 507 98 2 1 2.0
417.0 508 99 2 1 2.0
418.0 509 100 2 1 2.0
419.0 510 101 2 1 2.0
420.0 511 103 4 1 4.0
421.0 512 104 2 1 2.0
422.0 513 105 2 1 2.0
423.0 514 107 4 1 4.0
424.0 515 108 2 1 2.0
425.0 516 109 2 1 2.0
426.0 517 110 2 1 2.0
427.0 518 111 2 1 2.0
428.0 519 113 4 1 4.0
429.0 520 114 2 1 2.0
430.0 521 0 4 1 4.0
431.0 522 9 16 1 16.0
432.0 523 14 10 1 10.0
433.0 524 16 4 1 4.0
434.0 525 18 4 1 4.0
435.0 526 19 2 1 2.0
436.0 527 20 2 1 2.0
437.0 528 23 6 1 6.0
438.0 529 26 6 1 6.0
439.0 530 27 2 1 2.0
440.0 531 29 4 1 4.0
441.0 532 30 2 1 2.0
442.0 533 34 8 1 8.0
443.0 534 36 4 1 4.0
444.0 535 38 4 1 4.0
445.0 536 39 2 1 2.0
446.0 537 42 6 1 6.0
447.0 538 43 2 1 2.0
448.0 539 47 8 1 8.0
449.0 540 48 2 1 2.0
450.0 541 52 8 1 8.0
451.0 542 55 6 1 6.0
452.0 543 58 6 1 6.0
453.0 544 60 4 1 4.0
454.0 545 63 6 1 6.0
455.0 546 66 6 1 6.0
456.0 547 68 4 1 4.0
457.0 548 69 2 1 2.0
458.0 549 70 2 1 2.0
459.0 550 73 6 1 6.0
460.0 551 76 6 1 6.0
461.0 552 78 4 1 4.0
462.0 553 79 2 1 2.0
463.0 554 81 4 1 4.0
464.0 555 82 2 1 2.0
465.0 556 84 4 1 4.0
466.0 557 86 4 1 4.0
467.0 558 87 2 1 2.0
468.0 559 88 2 1 2.0
469.0 560 89 2 1 2.0
470.0 561 90 2 1 2.0
471.0 562 92 4 1 4.0
472.0 563 93 2 1 2.0
473.0 564 94 2 1 2.0
474.0 565 96 4 1 4.0
475.0 566 99 6 1 6.0
476.0 567 100 2 1 2.0
477.0 568 101 2 1 2.0
478.0 569 104 6 1 6.0
479.0 570 105 2 1 2.0
480.0 571 107 4 1 4.0
481.0 572 108 2 1 2.0
482.0 573 110 4 1 4.0
483.0 574 112 4 1 4.0
484.0 575 113 2 1 2.0
485.0 576 115 4 1 4.0
486.0 577 117 4 1 4.0
487.0 578 118 2 1 2.0
488.0 579 119 2 1 2.0
489.0 580 120 2 1 2.0
490.0 581 0 2 1 2.0
491.0 582 9 16 1 16.0
492.0 583 12 6 1 6.0
493.0 584 15 6 1 6.0
494.0 585 21 12 1 12.0
495.0 586 22 2 1 2.0
496.0 587 24 4 1 4.0
497.0 588 26 4 1 4.0
498.0 589 30 8 1 8.0
499.0 590 33 6 1 6.0
500.0 591 35 4 1 4.0
501.0 592 37 4 1 4.0
502.0 593 38 2 1 2.0
503.0 594 39 2 1 2.0
504.0 595 43 8 1 8.0
505.0 596 48 10 1 10.0
506.0 597 50 4 1 4.0
507.0 598 51 2 1 2.0
508.0 599 56 10 1 10.0
509.0 600 61 10 1 10.0
510.0 601 62 2 1 2.0
511.0 602 64 4 1 4.0
512.0 603 69 10 1 10.0
513.0 604 71 4 1 4.0
514.0 605 73 4 1 4.0
515.0 606 76 6 1 6.0
516.0 607 77 2 1 2.0
517.0 608 78 2 1 2.0
518.0 609 79 2 1 2.0
519.0 610 81 4 1 4.0
520.0 611 82 2 1 2.0
521.0 612 83 2 1 2.0
522.0 613 84 2 1 2.0
523.0 614 88 8 1 8.0
524.0 615 90 4 1 4.0
525.0 616 92 4 1 4.0
526.0 617 95 6 1 6.0
527.0 618 96 2 1 2.0
528.0 619 97 2 1 2.0
529.0 620 98 2 1 2.0
530.0 621 100 4 1 4.0
531.0 622 103 6 1 6.0
532.0 623 106 6 1 6.0
533.0 624 107 2 1 2.0
534.0 625 108 2 1 2.0
535.0 626 111 6 1 6.0
536.0 627 113 4 1 4.0
537.0 628 114 2 1 2.0
538.0 629 115 2 1 2.0
539.0 630 116 2 1 2.0
540.0 631 117 2 1 2.0
541.0 632 119 4 1 4.0
542.0 633 120 2 1 2.0
543.0 634 121 2 1 2.0
544.0 635 123 4 1 4.0
545.0 636 126 6 1 6.0
546.0 637 127 2 1 2.0
547.0 638 128 2 1 2.0
548.0 639 130 4 1 4.0
549.0 640 132 4 1 4.0
550.0 641 0 8 1 8.0
551.0 642 9 16 1 16.0
552.0 643 12 6 1 6.0
553.0 644 18 12 1 12.0
554.0 645 20 4 1 4.0
555.0 646 21 2 1 2.0
556.0 647 23 4 1 4.0
557.0 648 25 4 1 4.0
558.0 649 29 8 1 8.0
559.0 650 31 4 1 4.0
560.0 651 33 4 1 4.0
561.0 652 35 4 1 4.0
562.0 653 38 6 1 6.0
563.0 654 41 6 1 6.0
564.0 655 42 2 1 2.0
565.0 656 45 6 1 6.0
566.0 657 46 2 1 2.0
567.0 658 48 4 1 4.0
568.0 659 53 10 1 10.0
569.0 660 55 4 1 4.0
570.0 661 57 4 1 4.0
571.0 662 58 2 1 2.0
572.0 663 60 4 1 4.0
573.0 664 61 2 1 2.0
574.0 665 62 2 1 2.0
575.0 666 63 2 1 2.0
576.0 667 66 6 1 6.0
577.0 668 69 6 1 6.0
578.0 669 70 2 1 2.0
579.0 670 73 6 1 6.0
580.0 671 75 4 1 4.0
581.0 672 77 4 1 4.0
582.0 673 80 6 1 6.0
583.0 674 81 2 1 2.0
584.0 675 84 6 1 6.0
585.0 676 85 2 1 2.0
586.0 677 86 2 1 2.0
587.0 678 89 6 1 6.0
588.0 679 92 6 1 6.0
589.0 680 94 4 1 4.0
590.0 681 95 2 1 2.0
591.0 682 96 2 1 2.0
592.0 683 99 6 1 6.0
593.0 684 103 8 1 8.0
594.0 685 106 6 1 6.0
595.0 686 107 2 1 2.0
596.0 687 108 2 1 2.0
597.0 688 111 6 1 6.0
598.0 689 113 4 1 4.0
599.0 690 116 6 1 6.0
600.0 691 117 2 1 2.0
601.0 692 119 4 1 4.0
602.0 693 121 4 1 4.0
603.0 694 122 2 1 2.0
604.0 695 124 4 1 4.0
605.0 696 126 4 1 4.0
606.0 697 127 2 1 2.0
607.0 698 131 8 1 8.0
608.0 699 132 2 1 2.0
609.0 700 135 6 1 6.0
610.0 701 0 2 1 2.0
611.0 702 7 12 1 12.0
612.0 703 9 4 1 4.0
613.0 704 13 8 1 8.0
614.0 705 18 10 1 10.0
615.0 706 19 2 1 2.0
616.0 707 22 6 1 6.0
617.0 708 25 6 1 6.0
618.0 709 29 8 1 8.0
619.0 710 32 6 1 6.0
620.0 711 33 2 1 2.0
621.0 712 37 8 1 8.0
622.0 713 38 2 1 2.0
623.0 714 39 2 1 2.0
624.0 715 41 4 1 4.0
625.0 716 43 4 1 4.0
626.0 717 45 4 1 4.0
627.0 718 48 6 1 6.0
628.0 719 51 6 1 6.0
629.0 720 53 4 1 4.0
630.0 721 56 6 1 6.0
631.0 722 57 2 1 2.0
632.0 723 58 2 1 2.0
633.0 724 61 6 1 6.0
634.0 725 62 2 1 2.0
635.0 726 63 2 1 2.0
636.0 727 65 4 1 4.0
637.0 728 67 4 1 4.0
638.0 729 70 6 1 6.0
639.0 730 71 2 1 2.0
640.0 731 76 10 1 10.0
641.0 732 79 6 1 6.0
642.0 733 82 6 1 6.0
643.0 734 84 4 1 4.0
644.0 735 87 6 1 6.0
645.0 736 90 6 1 6.0
646.0 737 91 2 1 2.0
647.0 738 93 4 1 4.0
648.0 739 94 2 1 2.0
649.0 740 98 8 1 8.0
650.0 741 99 2 1 2.0
651.0 742 102 6 1 6.0
652.0 743 103 2 1 2.0
653.0 744 105 4 1 4.0
654.0 745 107 4 1 4.0
655.0 746 109 4 1 4.0
656.0 747 111 4 1 4.0
657.0 748 115 8 1 8.0
658.0 749 116 2 1 2.0
659.0 750 118 4 1 4.0
660.0 751 119 2 1 2.0
661.0 752 121 4 1 4.0
662.0 753 122 2 1 2.0
663.0 754 124 4 1 4.0
664.0 755 127 6 1 6.0
665.0 756 128 2 1 2.0
666.0 757 129 2 1 2.0
667.0 758 131 4 1 4.0
668.0 759 132 2 1 2.0
669.0 760 133 2 1 2.0
670.0 761 0 4 1 4.0
671.0 762 7 12 1 12.0
672.0 763 10 6 1 6.0
673.0 764 15 10 1 10.0
674.0 765 17 4 1 4.0
675.0 766 21 8 1 8.0
676.0 767 22 2 1 2.0
677.0 768 24 4 1 4.0
678.0 769 28 8 1 8.0
679.0 770 32 8 1 8.0
680.0 771 33 2 1 2.0
681.0 772 36 6 1 6.0
682.0 773 37 2 1 2.0
683.0 774 38 2 1 2.0
684.0 775 43 10 1 10.0
685.0 776 46 6 1 6.0
686.0 777 49 6 1 6.0
687.0 778 50 2 1 2.0
688.0 779 53 6 1 6.0
689.0 780 54 2 1 2.0
690.0 781 56 4 1 4.0
691.0 782 59 6 1 6.0
692.0 783 62 6 1 6.0
693.0 784 64 4 1 4.0
694.0 785 67 6 1 6.0
695.0 786 71 8 1 8.0
696.0 787 73 4 1 4.0
697.0 788 75 4 1 4.0
698.0 789 77 4 1 4.0
699.0 790 81 8 1 8.0
700.0 791 84 6 1 6.0
701.0 792 85 2 1 2.0
702.0 793 86 2 1 2.0
703.0 794 89 6 1 6.0
704.0 795 92 6 1 6.0
705.0 796 94 4 1 4.0
706.0 797 95 2 1 2.0
707.0 798 96 2 1 2.0
708.0 799 98 4 1 4.0
709.0 800 100 4 1 4.0
710.0 801 102 4 1 4.0
711.0 802 105 6 1 6.0
712.0 803 107 4 1 4.0
713.0 804 108 2 1 2.0
714.0 805 109 2 1 2.0
715.0 806 110 2 1 2.0
716.0 807 112 4 1 4.0
717.0 808 114 4 1 4.0
718.0 809 115 2 1 2.0
719.0 810 118 6 1 6.0
720.0 811 119 2 1 2.0
721.0 812 120 2 1 2.0
722.0 813 121 2 1 2.0
723.0 814 122 2 1 2.0
724.0 815 123 2 1 2.0
725.0 816 126 6 1 6.0
726.0 817 129 6 1 6.0
727.0 818 131 4 1 4.0
728.0 819 132 2 1 2.0
729.0 820 135 6 1 6.0
730.0 821 0 4 1 4.0
731.0 822 8 14 1 14.0
732.0 823 11 6 1 6.0
733.0 824 14 6 1 6.0
734.0 825 17 6 1 6.0
735.0 826 25 16 1 16.0
736.0 827 29 8 1 8.0
737.0 828 31 4 1 4.0
738.0 829 36 10 1 10.0
739.0 830 37 2 1 2.0
740.0 831 39 4 1 4.0
741.0 832 41 4 1 4.0
742.0 833 42 2 1 2.0
743.0 834 43 2 1 2.0
744.0 835 46 6 1 6.0
745.0 836 48 4 1 4.0
746.0 837 50 4 1 4.0
747.0 838 52 4 1 4.0
748.0 839 55 6 1 6.0
749.0 840 57 4 1 4.0
750.0 841 58 2 1 2.0
751.0 842 62 8 1 8.0
752.0 843 65 6 1 6.0
753.0 844 66 2 1 2.0
754.0 845 67 2 1 2.0
755.0 846 68 2 1 2.0
756.0 847 69 2 1 2.0
757.0 848 70 2 1 2.0
758.0 849 73 6 1 6.0
759.0 850 78 10 1 10.0
760.0 851 79 2 1 2.0
761.0 852 81 4 1 4.0
762.0 853 83 4 1 4.0
763.0 854 85 4 1 4.0
764.0 855 86 2 1 2.0
765.0 856 89 6 1 6.0
766.0 857 90 2 1 2.0
767.0 858 93 6 1 6.0
768.0 859 97 8 1 8.0
769.0 860 98 2 1 2.0
770.0 861 100 4 1 4.0
771.0 862 101 2 1 2.0
772.0 863 104 6 1 6.0
773.0 864 105 2 1 2.0
774.0 865 107 4 1 4.0
775.0 866 108 2 1 2.0
776.0 867 109 2 1 2.0
777.0 868 111 4 1 4.0
778.0 869 113 4 1 4.0
779.0 870 114 2 1 2.0
780.0 871 115 2 1 2.0
781.0 872 116 2 1 2.0
782.0 873 118 4 1 4.0
783.0 874 121 6 1 6.0
784.0 875 122 2 1 2.0
785.0 876 124 4 1 4.0
786.0 877 125 2 1 2.0
787.0 878 127 4 1 4.0
788.0 879 128 2 1 2.0
789.0 880 130 4 1 4.0
790.0 881 0 2 1 2.0
791.0 882 7 12 1 12.0
792.0 883 9 4 1 4.0
793.0 884 13 8 1 8.0
794.0 885 15 4 1 4.0
795.0 886 16 2 1 2.0
796.0 887 20 8 1 8.0
797.0 888 22 4 1 4.0
798.0 889 25 6 1 6.0
799.0 890 30 10 1 10.0
800.0 891 33 6 1 6.0
801.0 892 34 2 1 2.0
802.0 893 35 2 1 2.0
803.0 894 38 6 1 6.0
804.0 895 42 8 1 8.0
805.0 896 44 4 1 4.0
806.0 897 47 6 1 6.0
807.0 898 49 4 1 4.0
808.0 899 52 6 1 6.0
809.0 900 55 6 1 6.0
810.0 901 57 4 1 4.0
811.0 902 58 2 1 2.0
812.0 903 61 6 1 6.0
813.0 904 63 4 1 4.0
814.0 905 66 6 1 6.0
815.0 906 69 6 1 6.0
816.0 907 71 4 1 4.0
817.0 908 74 6 1 6.0
818.0 909 75 2 1 2.0
819.0 910 78 6 1 6.0
820.0 911 80 4 1 4.0
821.0 912 82 4 1 4.0
822.0 913 85 6 1 6.0
823.0 914 87 4 1 4.0
824.0 915 89 4 1 4.0
825.0 916 92 6 1 6.0
826.0 917 94 4 1 4.0
827.0 918 95 2 1 2.0
828.0 919 96 2 1 2.0
829.0 920 97 2 1 2.0
830.0 921 99 4 1 4.0
831.0 922 102 6 1 6.0
832.0 923 105 6 1 6.0
833.0 924 106 2 1 2.0
834.0 925 107 2 1 2.0
835.0 926 109 4 1 4.0
836.0 927 112 6 1 6.0
837.0 928 114 4 1 4.0
838.0 929 115 2 1 2.0
839.0 930 116 2 1 2.0
840.0 931 117 2 1 2.0
841.0 932 118 2 1 2.0
842.0 933 120 4 1 4.0
843.0 934 121 2 1 2.0
844.0 935 123 4 1 4.0
845.0 936 126 6 1 6.0
846.0 937 127 2 1 2.0
847.0 938 128 2 1 2.0
848.0 939 129 2 1 2.0
849.0 940 131 4 1 4.0
850.0 941 0 6 1 6.0
851.0 942 9 16 1 16.0
852.0 943 11 4 1 4.0
853.0 944 14 6 1 6.0
854.0 945 19 10 1 10.0
855.0 946 23 8 1 8.0
856.0 947 26 6 1 6.0
857.0 948 27 2 1 2.0
858.0 949 29 4 1 4.0
859.0 950 33 8 1 8.0
860.0 951 35 4 1 4.0
861.0 952 39 8 1 8.0
862.0 953 43 8 1 8.0
863.0 954 47 8 1 8.0
864.0 955 51 8 1 8.0
865.0 956 53 4 1 4.0
866.0 957 54 2 1 2.0
867.0 958 59 10 1 10.0
868.0 959 60 2 1 2.0
869.0 960 61 2 1 2.0
870.0 961 62 2 1 2.0
871.0 962 63 2 1 2.0
872.0 963 64 2 1 2.0
873.0 964 67 6 1 6.0
874.0 965 70 6 1 6.0
875.0 966 74 8 1 8.0
876.0 967 78 8 1 8.0
877.0 968 81 6 1 6.0
878.0 969 82 2 1 2.0
879.0 970 83 2 1 2.0
880.0 971 86 6 1 6.0
881.0 972 87 2 1 2.0
882.0 973 90 6 1 6.0
883.0 974 94 8 1 8.0
884.0 975 97 6 1 6.0
885.0 976 99 4 1 4.0
886.0 977 100 2 1 2.0
887.0 978 101 2 1 2.0
888.0 979 105 8 1 8.0
889.0 980 106 2 1 2.0
890.0 981 109 6 1 6.0
891.0 982 111 4 1 4.0
892.0 983 113 4 1 4.0
893.0 984 118 10 1 10.0
894.0 985 120 4 1 4.0
895.0 986 121 2 1 2.0
896.0 987 124 6 1 6.0
897.0 988 126 4 1 4.0
898.0 989 128 4 1 4.0
899.0 990 129 2 1 2.0
900.0 991 131 4 1 4.0
901.0 992 133 4 1 4.0
902.0 993 134 2 1 2.0
903.0 994 135 2 1 2.0
904.0 995 136 2 1 2.0
905.0 996 137 2 1 2.0
906.0 997 138 2 1 2.0
907.0 998 141 6 1 6.0
908.0 999 142 2 1 2.0
909.0 1000 143 2 1 2.0
910.0 1001 0 2 1 2.0
911.0 1002 6 10 1 10.0
912.0 1003 10 8 1 8.0
913.0 1004 14 8 1 8.0
914.0 1005 20 12 1 12.0
915.0 1006 21 2 1 2.0
916.0 1007 26 10 1 10.0
917.0 1008 29 6 1 6.0
918.0 1009 30 2 1 2.0
919.0 1010 32 4 1 4.0
920.0 1011 35 6 1 6.0
921.0 1012 40 10 1 10.0
922.0 1013 45 10 1 10.0
923.0 1014 50 10 1 10.0
924.0 1015 54 8 1 8.0
925.0 1016 56 4 1 4.0
926.0 1017 59 6 1 6.0
927.0 1018 62 6 1 6.0
928.0 1019 67 10 1 10.0
929.0 1020 68 2 1 2.0
930.0 1021 69 2 1 2.0
931.0 1022 71 4 1 4.0
932.0 1023 74 6 1 6.0
933.0 1024 76 4 1 4.0
934.0 1025 77 2 1 2.0
935.0 1026 78 2 1 2.0
936.0 1027 79 2 1 2.0
937.0 1028 80 2 1 2.0
938.0 1029 82 4 1 4.0
939.0 1030 84 4 1 4.0
940.0 1031 86 4 1 4.0
941.0 1032 89 6 1 6.0
942.0 1033 90 2 1 2.0
943.0 1034 94 8 1 8.0
944.0 1035 95 2 1 2.0
945.0 1036 98 6 1 6.0
946.0 1037 100 4 1 4.0
947.0 1038 102 4 1 4.0
948.0 1039 104 4 1 4.0
949.0 1040 106 4 1 4.0
950.0 1041 108 4 1 4.0
951.0 1042 112 8 1 8.0
952.0 1043 113 2 1 2.0
953.0 1044 114 2 1 2.0
954.0 1045 117 6 1 6.0
955.0 1046 120 6 1 6.0
956.0 1047 123 6 1 6.0
957.0 1048 125 4 1 4.0
958.0 1049 127 4 1 4.0
959.0 1050 128 2 1 2.0
960.0 1051 131 6 1 6.0
961.0 1052 134 6 1 6.0
962.0 1053 137 6 1 6.0
963.0 1054 139 4 1 4.0
964.0 1055 140 2 1 2.0
965.0 1056 143 6 1 6.0
966.0 1057 144 2 1 2.0
967.0 1058 146 4 1 4.0
968.0 1059 147 2 1 2.0
969.0 1060 150 6 1 6.0
970.0 1061 0 2 1 2.0
971.0 1062 9 16 1 16.0
972.0 1063 12 6 1 6.0
973.0 1064 14 4 1 4.0
974.0 1065 18 8 1 8.0
975.0 1066 19 2 1 2.0
976.0 1067 22 6 1 6.0
977.0 1068 25 6 1 6.0
978.0 1069 28 6 1 6.0
979.0 1070 29 2 1 2.0
980.0 1071 30 2 1 2.0
981.0 1072 32 4 1 4.0
982.0 1073 35 6 1 6.0
983.0 1074 39 8 1 8.0
984.0 1075 40 2 1 2.0
985.0 1076 44 8 1 8.0
986.0 1077 48 8 1 8.0
987.0 1078 51 6 1 6.0
988.0 1079 53 4 1 4.0
989.0 1080 55 4 1 4.0
990.0 1081 56 2 1 2.0
991.0 1082 58 4 1 4.0
992.0 1083 62 8 1 8.0
993.0 1084 64 4 1 4.0
994.0 1085 67 6 1 6.0
995.0 1086 69 4 1 4.0
996.0 1087 70 2 1 2.0
997.0 1088 73 6 1 6.0
998.0 1089 75 4 1 4.0
999.0 1090 77 4 1 4.0
1000.0 1091 82 10 1 10.0
1001.0 1092 86 8 1 8.0
1002.0 1093 91 10 1 10.0
1003.0 1094 92 2 1 2.0
1004.0 1095 93 2 1 2.0
1005.0 1096 96 6 1 6.0
1006.0 1097 97 2 1 2.0
1007.0 1098 98 2 1 2.0
1008.0 1099 100 4 1 4.0
1009.0 1100 102 4 1 4.0
1010.0 1101 103 2 1 2.0
1011.0 1102 106 6 1 6.0
1012.0 1103 109 6 1 6.0
1013.0 1104 110 2 1 2.0
1014.0 1105 111 2 1 2.0
1015.0 1106 112 2 1 2.0
1016.0 1107 114 4 1 4.0
1017.0 1108 115 2 1 2.0
1018.0 1109 116 2 1 2.0
1019.0 1110 117 2 1 2.0
1020.0 1111 119 4 1 4.0
1021.0 1112 123 8 1 8.0
1022.0 1113 124 2 1 2.0
1023.0 1114 126 4 1 4.0
1024.0 1115 127 2 1 2.0
1025.0 1116 129 4 1 4.0
1026.0 1117 130 2 1 2.0
1027.0 1118 132 4 1 4.0
1028.0 1119 134 4 1 4.0
1029.0 1120 135 2 1 2.0
1030.0 1121 0 6 1 6.0
1031.0 1122 6 10 1 10.0
1032.0 1123 10 8 1 8.0
1033.0 1124 11 2 1 2.0
1034.0 1125 16 10 1 10.0
1035.0 1126 17 2 1 2.0
1036.0 1127 19 4 1 4.0
1037.0 1128 24 10 1 10.0
1038.0 1129 29 10 1 10.0
1039.0 1130 30 2 1 2.0
1040.0 1131 31 2 1 2.0
1041.0 1132 33 4 1 4.0
1042.0 1133 37 8 1 8.0
1043.0 1134 38 2 1 2.0
1044.0 1135 43 10 1 10.0
1045.0 1136 46 6 1 6.0
1046.0 1137 48 4 1 4.0
1047.0 1138 50 4 1 4.0
1048.0 1139 52 4 1 4.0
1049.0 1140 56 8 1 8.0
1050.0 1141 61 10 1 10.0
1051.0 1142 62 2 1 2.0
1052.0 1143 65 6 1 6.0
1053.0 1144 68 6 1 6.0
1054.0 1145 70 4 1 4.0
1055.0 1146 72 4 1 4.0
1056.0 1147 73 2 1 2.0
1057.0 1148 76 6 1 6.0
1058.0 1149 79 6 1 6.0
1059.0 1150 82 6 1 6.0
1060.0 1151 83 2 1 2.0
1061.0 1152 84 2 1 2.0
1062.0 1153 88 8 1 8.0
1063.0 1154 91 6 1 6.0
1064.0 1155 93 4 1 4.0
1065.0 1156 95 4 1 4.0
1066.0 1157 98 6 1 6.0
1067.0 1158 99 2 1 2.0
1068.0 1159 100 2 1 2.0
1069.0 1160 102 4 1 4.0
1070.0 1161 104 4 1 4.0
1071.0 1162 106 4 1 4.0
1072.0 1163 107 2 1 2.0
1073.0 1164 108 2 1 2.0
1074.0 1165 111 6 1 6.0
1075.0 1166 113 4 1 4.0
1076.0 1167 116 6 1 6.0
1077.0 1168 118 4 1 4.0
1078.0 1169 119 2 1 2.0
1079.0 1170 121 4 1 4.0
1080.0 1171 122 2 1 2.0
1081.0 1172 125 6 1 6.0
1082.0 1173 128 6 1 6.0
1083.0 1174 129 2 1 2.0
1084.0 1175 130 2 1 2.0
1085.0 1176 133 6 1 6.0
1086.0 1177 135 4 1 4.0
1087.0 1178 136 2 1 2.0
1088.0 1179 139 6 1 6.0
1089.0 1180 140 2 1 2.0
1090.0 1181 0 6 1 6.0
1091.0 1182 7 12 1 12.0
1092.0 1183 11 8 1 8.0
1093.0 1184 15 8 1 8.0
1094.0 1185 19 8 1 8.0
1095.0 1186 24 10 1 10.0
1096.0 1187 28 8 1 8.0
1097.0 1188 32 8 1 8.0
1098.0 1189 33 2 1 2.0
1099.0 1190 36 6 1 6.0
1100.0 1191 40 8 1 8.0
1101.0 1192 41 2 1 2.0
1102.0 1193 43 4 1 4.0
1103.0 1194 47 8 1 8.0
1104.0 1195 52 10 1 10.0
1105.0 1196 53 2 1 2.0
1106.0 1197 55 4 1 4.0
1107.0 1198 56 2 1 2.0
1108.0 1199 59 6 1 6.0
1109.0 1200 63 8 1 8.0
1110.0 1201 66 6 1 6.0
1111.0 1202 67 2 1 2.0
1112.0 1203 70 6 1 6.0
1113.0 1204 75 10 1 10.0
1114.0 1205 80 10 1 10.0
1115.0 1206 82 4 1 4.0
1116.0 1207 83 2 1 2.0
1117.0 1208 85 4 1 4.0
1118.0 1209 88 6 1 6.0
1119.0 1210 91 6 1 6.0
1120.0 1211 93 4 1 4.0
1121.0 1212 94 2 1 2.0
1122.0 1213 97 6 1 6.0
1123.0 1214 102 10 1 10.0
1124.0 1215 103 2 1 2.0
1125.0 1216 107 8 1 8.0
1126.0 1217 108 2 1 2.0
1127.0 1218 109 2 1 2.0
1128.0 1219 112 6 1 6.0
1129.0 1220 113 2 1 2.0
1130.0 1221 114 2 1 2.0
1131.0 1222 118 8 1 8.0
1132.0 1223 121 6 1 6.0
1133.0 1224 122 2 1 2.0
1134.0 1225 125 6 1 6.0
1135.0 1226 127 4 1 4.0
1136.0 1227 129 4 1 4.0
1137.0 1228 130 2 1 2.0
1138.0 1229 134 8 1 8.0
1139.0 1230 137 6 1 6.0
1140.0 1231 139 4 1 4.0
1141.0 1232 141 4 1 4.0
1142.0 1233 147 12 1 12.0
1143.0 1234 148 2 1 2.0
1144.0 1235 149 2 1 2.0
1145.0 1236 150 2 1 2.0
1146.0 1237 152 4 1 4.0
1147.0 1238 153 2 1 2.0
1148.0 1239 156 6 1 6.0
1149.0 1240 160 8 1 8.0
1150.0 1241 0 2 1 2.0
1151.0 1242 9 16 1 16.0
1152.0 1243 14 10 1 10.0
1153.0 1244 19 10 1 10.0
1154.0 1245 23 8 1 8.0
1155.0 1246 24 2 1 2.0
1156.0 1247 28 8 1 8.0
1157.0 1248 29 2 1 2.0
1158.0 1249 30 2 1 2.0
1159.0 1250 34 8 1 8.0
1160.0 1251 38 8 1 8.0
1161.0 1252 40 4 1 4.0
1162.0 1253 42 4 1 4.0
1163.0 1254 45 6 1 6.0
1164.0 1255 47 4 1 4.0
1165.0 1256 50 6 1 6.0
1166.0 1257 52 4 1 4.0
1167.0 1258 55 6 1 6.0
1168.0 1259 56 2 1 2.0
1169.0 1260 58 4 1 4.0
1170.0 1261 59 2 1 2.0
1171.0 1262 63 8 1 8.0
1172.0 1263 67 8 1 8.0
1173.0 1264 69 4 1 4.0
1174.0 1265 70 2 1 2.0
1175.0 1266 71 2 1 2.0
1176.0 1267 75 8 1 8.0
1177.0 1268 77 4 1 4.0
1178.0 1269 78 2 1 2.0
1179.0 1270 82 8 1 8.0
1180.0 1271 84 4 1 4.0
1181.0 1272 87 6 1 6.0
1182.0 1273 88 2 1 2.0
1183.0 1274 91 6 1 6.0
1184.0 1275 94 6 1 6.0
1185.0 1276 96 4 1 4.0
1186.0 1277 98 4 1 4.0
1187.0 1278 101 6 1 6.0
1188.0 1279 106 10 1 10.0
1189.0 1280 110 8 1 8.0
1190.0 1281 111 2 1 2.0
1191.0 1282 112 2 1 2.0
1192.0 1283 114 4 1 4.0
1193.0 1284 115 2 1 2.0
1194.0 1285 118 6 1 6.0
1195.0 1286 120 4 1 4.0
1196.0 1287 123 6 1 6.0
1197.0 1288 124 2 1 2.0
1198.0 1289 126 4 1 4.0
1199.0 1290 128 4 1 4.0
1200.0 1291 130 4 1 4.0
1201.0 1292 136 12 1 12.0
1202.0 1293 137 2 1 2.0
1203.0 1294 138 2 1 2.0
1204.0 1295 140 4 1 4.0
1205.0 1296 142 4 1 4.0
1206.0 1297 143 2 1 2.0
1207.0 1298 145 4 1 4.0
1208.0 1299 146 2 1 2.0
1209.0 1300 149 6 1 6.0
1210.0 1301 0 2 1 2.0
1211.0 1302 5 8 1 8.0
1212.0 1303 8 6 1 6.0
1213.0 1304 11 6 1 6.0
1214.0 1305 15 8 1 8.0
1215.0 1306 19 8 1 8.0
1216.0 1307 21 4 1 4.0
1217.0 1308 25 8 1 8.0
1218.0 1309 29 8 1 8.0
1219.0 1310 32 6 1 6.0
1220.0 1311 36 8 1 8.0
1221.0 1312 40 8 1 8.0
1222.0 1313 42 4 1 4.0
1223.0 1314 44 4 1 4.0
1224.0 1315 47 6 1 6.0
1225.0 1316 51 8 1 8.0
1226.0 1317 52 2 1 2.0
1227.0 1318 54 4 1 4.0
1228.0 1319 57 6 1 6.0
1229.0 1320 60 6 1 6.0
1230.0 1321 63 6 1 6.0
1231.0 1322 67 8 1 8.0
1232.0 1323 70 6 1 6.0
1233.0 1324 73 6 1 6.0
1234.0 1325 76 6 1 6.0
1235.0 1326 77 2 1 2.0
1236.0 1327 78 2 1 2.0
1237.0 1328 79 2 1 2.0
1238.0 1329 80 2 1 2.0
1239.0 1330 83 6 1 6.0
1240.0 1331 84 2 1 2.0
1241.0 1332 87 6 1 6.0
1242.0 1333 89 4 1 4.0
1243.0 1334 90 2 1 2.0
1244.0 1335 93 6 1 6.0
1245.0 1336 95 4 1 4.0
1246.0 1337 96 2 1 2.0
1247.0 1338 97 2 1 2.0
1248.0 1339 100 6 1 6.0
1249.0 1340 103 6 1 6.0
1250.0 1341 104 2 1 2.0
1251.0 1342 106 4 1 4.0
1252.0 1343 107 2 1 2.0
1253.0 1344 109 4 1 4.0
1254.0 1345 111 4 1 4.0
1255.0 1346 113 4 1 4.0
1256.0 1347 114 2 1 2.0
1257.0 1348 119 10 1 10.0
1258.0 1349 120 2 1 2.0
1259.0 1350 121 2 1 2.0
1260.0 1351 124 6 1 6.0
1261.0 1352 129 10 1 10.0
1262.0 1353 133 8 1 8.0
1263.0 1354 134 2 1 2.0
1264.0 1355 135 2 1 2.0
1265.0 1356 136 2 1 2.0
1266.0 1357 138 4 1 4.0
1267.0 1358 140 4 1 4.0
1268.0 1359 143 6 1 6.0
1269.0 1360 144 2 1 2.0
1270.0 1361 0 2 1 2.0
1271.0 1362 7 12 1 12.0
1272.0 1363 12 10 1 10.0
1273.0 1364 16 8 1 8.0
1274.0 1365 18 4 1 4.0
1275.0 1366 22 8 1 8.0
1276.0 1367 25 6 1 6.0
1277.0 1368 26 2 1 2.0
1278.0 1369 29 6 1 6.0
1279.0 1370 33 8 1 8.0
1280.0 1371 40 14 1 14.0
1281.0 1372 44 8 1 8.0
1282.0 1373 47 6 1 6.0
1283.0 1374 48 2 1 2.0
1284.0 1375 52 8 1 8.0
1285.0 1376 57 10 1 10.0
1286.0 1377 59 4 1 4.0
1287.0 1378 62 6 1 6.0
1288.0 1379 66 8 1 8.0
1289.0 1380 68 4 1 4.0
1290.0 1381 71 6 1 6.0
1291.0 1382 75 8 1 8.0
1292.0 1383 80 10 1 10.0
1293.0 1384 82 4 1 4.0
1294.0 1385 87 10 1 10.0
1295.0 1386 90 6 1 6.0
1296.0 1387 94 8 1 8.0
1297.0 1388 96 4 1 4.0
1298.0 1389 97 2 1 2.0
1299.0 1390 98 2 1 2.0
1300.0 1391 99 2 1 2.0
1301.0 1392 101 4 1 4.0
1302.0 1393 103 4 1 4.0
1303.0 1394 106 6 1 6.0
1304.0 1395 108 4 1 4.0
1305.0 1396 110 4 1 4.0
1306.0 1397 111 2 1 2.0
1307.0 1398 113 4 1 4.0
1308.0 1399 114 2 1 2.0
1309.0 1400 115 2 1 2.0
1310.0 1401 119 8 1 8.0
1311.0 1402 121 4 1 4.0
1312.0 1403 122 2 1 2.0
1313.0 1404 125 6 1 6.0
1314.0 1405 129 8 1 8.0
1315.0 1406 132 6 1 6.0
1316.0 1407 133 2 1 2.0
1317.0 1408 134 2 1 2.0
1318.0 1409 135 2 1 2.0
1319.0 1410 137 4 1 4.0
1320.0 1411 142 10 1 10.0
1321.0 1412 144 4 1 4.0
1322.0 1413 145 2 1 2.0
1323.0 1414 147 4 1 4.0
1324.0 1415 149 4 1 4.0
1325.0 1416 151 4 1 4.0
1326.0 1417 153 4 1 4.0
1327.0 1418 155 4 1 4.0
1328.0 1419 156 2 1 2.0
1329.0 1420 158 4 1 4.0
1330.0 1421 0 8 1 8.0
1331.0 1422 8 14 1 14.0
1332.0 1423 13 10 1 10.0
1333.0 1424 18 10 1 10.0
1334.0 1425 23 10 1 10.0
1335.0 1426 24 2 1 2.0
1336.0 1427 29 10 1 10.0
1337.0 1428 32 6 1 6.0
1338.0 1429 33 2 1 2.0
1339.0 1430 34 2 1 2.0
1340.0 1431 35 2 1 2.0
1341.0 1432 37 4 1 4.0
1342.0 1433 39 4 1 4.0
1343.0 1434 40 2 1 2.0
1344.0 1435 42 4 1 4.0
1345.0 1436 45 6 1 6.0
1346.0 1437 46 2 1 2.0
1347.0 1438 47 2 1 2.0
1348.0 1439 51 8 1 8.0
1349.0 1440 54 6 1 6.0
1350.0 1441 58 8 1 8.0
1351.0 1442 59 2 1 2.0
1352.0 1443 62 6 1 6.0
1353.0 1444 64 4 1 4.0
1354.0 1445 67 6 1 6.0
1355.0 1446 70 6 1 6.0
1356.0 1447 72 4 1 4.0
1357.0 1448 76 8 1 8.0
1358.0 1449 78 4 1 4.0
1359.0 1450 80 4 1 4.0
1360.0 1451 84 8 1 8.0
1361.0 1452 85 2 1 2.0
1362.0 1453 86 2 1 2.0
1363.0 1454 89 6 1 6.0
1364.0 1455 90 2 1 2.0
1365.0 1456 92 4 1 4.0
1366.0 1457 95 6 1 6.0
1367.0 1458 96 2 1 2.0
1368.0 1459 97 2 1 2.0
1369.0 1460 99 4 1 4.0
1370.0 1461 100 2 1 2.0
1371.0 1462 102 4 1 4.0
1372.0 1463 104 4 1 4.0
1373.0 1464 106 4 1 4.0
1374.0 1465 109 6 1 6.0
1375.0 1466 111 4 1 4.0
1376.0 1467 114 6 1 6.0
1377.0 1468 117 6 1 6.0
1378.0 1469 118 2 1 2.0
1379.0 1470 120 4 1 4.0
1380.0 1471 121 2 1 2.0
1381.0 1472 122 2 1 2.0
1382.0 1473 126 8 1 8.0
1383.0 1474 129 6 1 6.0
1384.0 1475 132 6 1 6.0
1385.0 1476 133 2 1 2.0
1386.0 1477 136 6 1 6.0
1387.0 1478 138 4 1 4.0
1388.0 1479 143 10 1 10.0
1389.0 1480 144 2 1 2.0
1390.0 1481 0 6 1 6.0
1391.0 1482 10 18 1 18.0
1392.0 1483 13 6 1 6.0
1393.0 1484 15 4 1 4.0
1394.0 1485 20 10 1 10.0
1395.0 1486 25 10 1 10.0
1396.0 1487 31 12 1 12.0
1397.0 1488 34 6 1 6.0
1398.0 1489 36 4 1 4.0
1399.0 1490 39 6 1 6.0
1400.0 1491 41 4 1 4.0
1401.0 1492 43 4 1 4.0
1402.0 1493 44 2 1 2.0
1403.0 1494 50 12 1 12.0
1404.0 1495 53 6 1 6.0
1405.0 1496 55 4 1 4.0
1406.0 1497 57 4 1 4.0
1407.0 1498 60 6 1 6.0
1408.0 1499 61 2 1 2.0
1409.0 1500 66 10 1 10.0
1410.0 1501 68 4 1 4.0
1411.0 1502 71 6 1 6.0
1412.0 1503 72 2 1 2.0
1413.0 1504 76 8 1 8.0
1414.0 1505 77 2 1 2.0
1415.0 1506 79 4 1 4.0
1416.0 1507 81 4 1 4.0
1417.0 1508 84 6 1 6.0
1418.0 1509 86 4 1 4.0
1419.0 1510 88 4 1 4.0
1420.0 1511 90 4 1 4.0
1421.0 1512 93 6 1 6.0
1422.0 1513 95 4 1 4.0
1423.0 1514 97 4 1 4.0
1424.0 1515 98 2 1 2.0
1425.0 1516 101 6 1 6.0
1426.0 1517 102 2 1 2.0
1427.0 1518 106 8 1 8.0
1428.0 1519 108 4 1 4.0
1429.0 1520 110 4 1 4.0
1430.0 1521 113 6 1 6.0
1431.0 1522 115 4 1 4.0
1432.0 1523 117 4 1 4.0
1433.0 1524 118 2 1 2.0
1434.0 1525 119 2 1 2.0
1435.0 1526 124 10 1 10.0
1436.0 1527 128 8 1 8.0
1437.0 1528 131 6 1 6.0
1438.0 1529 132 2 1 2.0
1439.0 1530 136 8 1 8.0
1440.0 1531 139 6 1 6.0
1441.0 1532 140 2 1 2.0
1442.0 1533 144 8 1 8.0
1443.0 1534 145 2 1 2.0
1444.0 1535 147 4 1 4.0
1445.0 1536 149 4 1 4.0
1446.0 1537 152 6 1 6.0
1447.0 1538 155 6 1 6.0
1448.0 1539 158 6 1 6.0
1449.0 1540 161 6 1 6.0
1450.0 1541 0 2 1 2.0
1451.0 1542 7 12 1 12.0
1452.0 1543 11 8 1 8.0
1453.0 1544 14 6 1 6.0
1454.0 1545 17 6 1 6.0
1455.0 1546 24 14 1 14.0
1456.0 1547 27 6 1 6.0
1457.0 1548 28 2 1 2.0
1458.0 1549 35 14 1 14.0
1459.0 1550 36 2 1 2.0
1460.0 1551 37 2 1 2.0
1461.0 1552 39 4 1 4.0
1462.0 1553 40 2 1 2.0
1463.0 1554 44 8 1 8.0
1464.0 1555 46 4 1 4.0
1465.0 1556 47 2 1 2.0
1466.0 1557 50 6 1 6.0
1467.0 1558 53 6 1 6.0
1468.0 1559 59 12 1 12.0
1469.0 1560 60 2 1 2.0
1470.0 1561 63 6 1 6.0
1471.0 1562 64 2 1 2.0
1472.0 1563 65 2 1 2.0
1473.0 1564 70 10 1 10.0
1474.0 1565 71 2 1 2.0
1475.0 1566 73 4 1 4.0
1476.0 1567 74 2 1 2.0
1477.0 1568 77 6 1 6.0
1478.0 1569 80 6 1 6.0
1479.0 1570 84 8 1 8.0
1480.0 1571 87 6 1 6.0
1481.0 1572 89 4 1 4.0
1482.0 1573 94 10 1 10.0
1483.0 1574 98 8 1 8.0
1484.0 1575 102 8 1 8.0
1485.0 1576 103 2 1 2.0
1486.0 1577 104 2 1 2.0
1487.0 1578 105 2 1 2.0
1488.0 1579 106 2 1 2.0
1489.0 1580 109 6 1 6.0
1490.0 1581 112 6 1 6.0
1491.0 1582 115 6 1 6.0
1492.0 1583 117 4 1 4.0
1493.0 1584 119 4 1 4.0
1494.0 1585 121 4 1 4.0
1495.0 1586 122 2 1 2.0
1496.0 1587 124 4 1 4.0
1497.0 1588 125 2 1 2.0
1498.0 1589 127 4 1 4.0
1499.0 1590 128 2 1 2.0
1500.0 1591 130 4 1 4.0
1501.0 1592 133 6 1 6.0
1502.0 1593 134 2 1 2.0
1503.0 1594 135 2 1 2.0
1504.0 1595 137 4 1 4.0
1505.0 1596 142 10 1 10.0
1506.0 1597 144 4 1 4.0
1507.0 1598 145 2 1 2.0
1508.0 1599 147 4 1 4.0
1509.0 1600 149 4 1 4.0
1510.0 1601 0 2 1 2.0
1511.0 1602 7 12 1 12.0
1512.0 1603 11 8 1 8.0
1513.0 1604 14 6 1 6.0
1514.0 1605 18 8 1 8.0
1515.0 1606 24 12 1 12.0
1516.0 1607 28 8 1 8.0
1517.0 1608 30 4 1 4.0
1518.0 1609 32 4 1 4.0
1519.0 1610 35 6 1 6.0
1520.0 1611 39 8 1 8.0
1521.0 1612 43 8 1 8.0
1522.0 1613 45 4 1 4.0
1523.0 1614 50 10 1 10.0
1524.0 1615 52 4 1 4.0
1525.0 1616 56 8 1 8.0
1526.0 1617 60 8 1 8.0
1527.0 1618 61 2 1 2.0
1528.0 1619 62 2 1 2.0
1529.0 1620 66 8 1 8.0
1530.0 1621 69 6 1 6.0
1531.0 1622 73 8 1 8.0
1532.0 1623 75 4 1 4.0
1533.0 1624 78 6 1 6.0
1534.0 1625 80 4 1 4.0
1535.0 1626 84 8 1 8.0
1536.0 1627 85 2 1 2.0
1537.0 1628 88 6 1 6.0
1538.0 1629 91 6 1 6.0
1539.0 1630 94 6 1 6.0
1540.0 1631 98 8 1 8.0
1541.0 1632 101 6 1 6.0
1542.0 1633 102 2 1 2.0
1543.0 1634 103 2 1 2.0
1544.0 1635 106 6 1 6.0
1545.0 1636 107 2 1 2.0
1546.0 1637 110 6 1 6.0
1547.0 1638 112 4 1 4.0
1548.0 1639 114 4 1 4.0
1549.0 1640 115 2 1 2.0
1550.0 1641 116 2 1 2.0
1551.0 1642 120 8 1 8.0
1552.0 1643 124 8 1 8.0
1553.0 1644 127 6 1 6.0
1554.0 1645 130 6 1 6.0
1555.0 1646 133 6 1 6.0
1556.0 1647 138 10 1 10.0
1557.0 1648 139 2 1 2.0
1558.0 1649 141 4 1 4.0
1559.0 1650 142 2 1 2.0
1560.0 1651 143 2 1 2.0
1561.0 1652 144 2 1 2.0
1562.0 1653 148 8 1 8.0
1563.0 1654 151 6 1 6.0
1564.0 1655 152 2 1 2.0
1565.0 1656 153 2 1 2.0
1566.0 1657 156 6 1 6.0
1567.0 1658 157 2 1 2.0
1568.0 1659 158 2 1 2.0
1569.0 1660 159 2 1 2.0
1570.0 1661 0 4 1 4.0
1571.0 1662 5 8 1 8.0
1572.0 1663 12 14 1 14.0
1573.0 1664 17 10 1 10.0
1574.0 1665 20 6 1 6.0
1575.0 1666 22 4 1 4.0
1576.0 1667 25 6 1 6.0
1577.0 1668 28 6 1 6.0
1578.0 1669 31 6 1 6.0
1579.0 1670 33 4 1 4.0
1580.0 1671 34 2 1 2.0
1581.0 1672 37 6 1 6.0
1582.0 1673 39 4 1 4.0
1583.0 1674 45 12 1 12.0
1584.0 1675 47 4 1 4.0
1585.0 1676 49 4 1 4.0
1586.0 1677 52 6 1 6.0
1587.0 1678 53 2 1 2.0
1588.0 1679 56 6 1 6.0
1589.0 1680 59 6 1 6.0
1590.0 1681 61 4 1 4.0
1591.0 1682 65 8 1 8.0
1592.0 1683 67 4 1 4.0
1593.0 1684 69 4 1 4.0
1594.0 1685 73 8 1 8.0
1595.0 1686 74 2 1 2.0
1596.0 1687 76 4 1 4.0
1597.0 1688 80 8 1 8.0
1598.0 1689 82 4 1 4.0
1599.0 1690 83 2 1 2.0
1600.0 1691 85 4 1 4.0
1601.0 1692 86 2 1 2.0
1602.0 1693 88 4 1 4.0
1603.0 1694 90 4 1 4.0
1604.0 1695 91 2 1 2.0
1605.0 1696 94 6 1 6.0
1606.0 1697 100 12 1 12.0
1607.0 1698 101 2 1 2.0
1608.0 1699 103 4 1 4.0
1609.0 1700 106 6 1 6.0
1610.0 1701 108 4 1 4.0
1611.0 1702 109 2 1 2.0
1612.0 1703 112 6 1 6.0
1613.0 1704 115 6 1 6.0
1614.0 1705 118 6 1 6.0
1615.0 1706 121 6 1 6.0
1616.0 1707 124 6 1 6.0
1617.0 1708 128 8 1 8.0
1618.0 1709 132 8 1 8.0
1619.0 1710 134 4 1 4.0
1620.0 1711 137 6 1 6.0
1621.0 1712 138 2 1 2.0
1622.0 1713 141 6 1 6.0
1623.0 1714 142 2 1 2.0
1624.0 1715 144 4 1 4.0
1625.0 1716 145 2 1 2.0
1626.0 1717 148 6 1 6.0
1627.0 1718 151 6 1 6.0
1628.0 1719 155 8 1 8.0
1629.0 1720 157 4 1 4.0
1630.0 1721 0 6 1 6.0
1631.0 1722 5 8 1 8.0
1632.0 1723 9 8 1 8.0
1633.0 1724 11 4 1 4.0
1634.0 1725 16 10 1 10.0
1635.0 1726 18 4 1 4.0
1636.0 1727 21 6 1 6.0
1637.0 1728 28 14 1 14.0
1638.0 1729 32 8 1 8.0
1639.0 1730 36 8 1 8.0
1640.0 1731 40 8 1 8.0
1641.0 1732 42 4 1 4.0
1642.0 1733 44 4 1 4.0
1643.0 1734 45 2 1 2.0
1644.0 1735 46 2 1 2.0
1645.0 1736 50 8 1 8.0
1646.0 1737 56 12 1 12.0
1647.0 1738 57 2 1 2.0
1648.0 1739 60 6 1 6.0
1649.0 1740 61 2 1 2.0
1650.0 1741 63 4 1 4.0
1651.0 1742 66 6 1 6.0
1652.0 1743 68 4 1 4.0
1653.0 1744 72 8 1 8.0
1654.0 1745 75 6 1 6.0
1655.0 1746 79 8 1 8.0
1656.0 1747 82 6 1 6.0
1657.0 1748 85 6 1 6.0
1658.0 1749 87 4 1 4.0
1659.0 1750 88 2 1 2.0
1660.0 1751 89 2 1 2.0
1661.0 1752 93 8 1 8.0
1662.0 1753 97 8 1 8.0
1663.0 1754 98 2 1 2.0
1664.0 1755 101 6 1 6.0
1665.0 1756 103 4 1 4.0
1666.0 1757 107 8 1 8.0
1667.0 1758 108 2 1 2.0
1668.0 1759 112 8 1 8.0
1669.0 1760 114 4 1 4.0
1670.0 1761 115 2 1 2.0
1671.0 1762 116 2 1 2.0
1672.0 1763 120 8 1 8.0
1673.0 1764 121 2 1 2.0
1674.0 1765 123 4 1 4.0
1675.0 1766 124 2 1 2.0
1676.0 1767 126 4 1 4.0
1677.0 1768 127 2 1 2.0
1678.0 1769 128 2 1 2.0
1679.0 1770 129 2 1 2.0
1680.0 1771 132 6 1 6.0
1681.0 1772 133 2 1 2.0
1682.0 1773 134 2 1 2.0
1683.0 1774 138 8 1 8.0
1684.0 1775 139 2 1 2.0
1685.0 1776 140 2 1 2.0
1686.0 1777 142 4 1 4.0
1687.0 1778 146 8 1 8.0
1688.0 1779 149 6 1 6.0
1689.0 1780 151 4 1 4.0
1690.0 1781 0 4 1 4.0
1691.0 1782 7 12 1 12.0
1692.0 1783 12 10 1 10.0
1693.0 1784 17 10 1 10.0
1694.0 1785 22 10 1 10.0
1695.0 1786 28 12 1 12.0
1696.0 1787 32 8 1 8.0
1697.0 1788 38 12 1 12.0
1698.0 1789 42 8 1 8.0
1699.0 1790 46 8 1 8.0
1700.0 1791 50 8 1 8.0
1701.0 1792 52 4 1 4.0
1702.0 1793 54 4 1 4.0
1703.0 1794 55 2 1 2.0
1704.0 1795 59 8 1 8.0
1705.0 1796 60 2 1 2.0
1706.0 1797 63 6 1 6.0
1707.0 1798 67 8 1 8.0
1708.0 1799 69 4 1 4.0
1709.0 1800 70 2 1 2.0
1710.0 1801 74 8 1 8.0
1711.0 1802 76 4 1 4.0
1712.0 1803 78 4 1 4.0
1713.0 1804 80 4 1 4.0
1714.0 1805 84 8 1 8.0
1715.0 1806 86 4 1 4.0
1716.0 1807 88 4 1 4.0
1717.0 1808 91 6 1 6.0
1718.0 1809 97 12 1 12.0
1719.0 1810 98 2 1 2.0
1720.0 1811 99 2 1 2.0
1721.0 1812 100 2 1 2.0
1722.0 1813 101 2 1 2.0
1723.0 1814 102 2 1 2.0
1724.0 1815 106 8 1 8.0
1725.0 1816 111 10 1 10.0
1726.0 1817 115 8 1 8.0
1727.0 1818 117 4 1 4.0
1728.0 1819 118 2 1 2.0
1729.0 1820 121 6 1 6.0
1730.0 1821 125 8 1 8.0
1731.0 1822 130 10 1 10.0
1732.0 1823 134 8 1 8.0
1733.0 1824 136 4 1 4.0
1734.0 1825 137 2 1 2.0
1735.0 1826 140 6 1 6.0
1736.0 1827 143 6 1 6.0
1737.0 1828 148 10 1 10.0
1738.0 1829 150 4 1 4.0
1739.0 1830 153 6 1 6.0
1740.0 1831 156 6 1 6.0
1741.0 1832 159 6 1 6.0
1742.0 1833 160 2 1 2.0
1743.0 1834 162 4 1 4.0
1744.0 1835 164 4 1 4.0
1745.0 1836 167 6 1 6.0
1746.0 1837 171 8 1 8.0
1747.0 1838 172 2 1 2.0
1748.0 1839 175 6 1 6.0
1749.0 1840 177 4 1 4.0
1750.0 1841 0 8 1 8.0
1751.0 1842 7 12 1 12.0
1752.0 1843 10 6 1 6.0
1753.0 1844 15 10 1 10.0
1754.0 1845 18 6 1 6.0
1755.0 1846 24 12 1 12.0
1756.0 1847 28 8 1 8.0
1757.0 1848 31 6 1 6.0
1758.0 1849 32 2 1 2.0
1759.0 1850 38 12 1 12.0
1760.0 1851 41 6 1 6.0
1761.0 1852 45 8 1 8.0
1762.0 1853 49 8 1 8.0
1763.0 1854 53 8 1 8.0
1764.0 1855 54 2 1 2.0
1765.0 1856 55 2 1 2.0
1766.0 1857 58 6 1 6.0
1767.0 1858 61 6 1 6.0
1768.0 1859 64 6 1 6.0
1769.0 1860 65 2 1 2.0
1770.0 1861 69 8 1 8.0
1771.0 1862 72 6 1 6.0
1772.0 1863 74 4 1 4.0
1773.0 1864 77 6 1 6.0
1774.0 1865 80 6 1 6.0
1775.0 1866 83 6 1 6.0
1776.0 1867 87 8 1 8.0
1777.0 1868 90 6 1 6.0
1778.0 1869 93 6 1 6.0
1779.0 1870 95 4 1 4.0
1780.0 1871 100 10 1 10.0
1781.0 1872 103 6 1 6.0
1782.0 1873 104 2 1 2.0
1783.0 1874 107 6 1 6.0
1784.0 1875 109 4 1 4.0
1785.0 1876 111 4 1 4.0
1786.0 1877 114 6 1 6.0
1787.0 1878 119 10 1 10.0
1788.0 1879 121 4 1 4.0
1789.0 1880 122 2 1 2.0
1790.0 1881 124 4 1 4.0
1791.0 1882 129 10 1 10.0
1792.0 1883 130 2 1 2.0
1793.0 1884 135 10 1 10.0
1794.0 1885 138 6 1 6.0
1795.0 1886 139 2 1 2.0
1796.0 1887 140 2 1 2.0
1797.0 1888 142 4 1 4.0
1798.0 1889 146 8 1 8.0
1799.0 1890 147 2 1 2.0
1800.0 1891 150 6 1 6.0
1801.0 1892 152 4 1 4.0
1802.0 1893 153 2 1 2.0
1803.0 1894 157 8 1 8.0
1804.0 1895 158 2 1 2.0
1805.0 1896 160 4 1 4.0
1806.0 1897 162 4 1 4.0
1807.0 1898 164 4 1 4.0
1808.0 1899 165 2 1 2.0
1809.0 1900 168 6 1 6.0
1810.0 1901 0 2 1 2.0
1811.0 1902 6 10 1 10.0
1812.0 1903 12 12 1 12.0
1813.0 1904 17 10 1 10.0
1814.0 1905 18 2 1 2.0
1815.0 1906 21 6 1 6.0
1816.0 1907 24 6 1 6.0
1817.0 1908 25 2 1 2.0
1818.0 1909 30 10 1 10.0
1819.0 1910 34 8 1 8.0
1820.0 1911 38 8 1 8.0
1821.0 1912 40 4 1 4.0
1822.0 1913 45 10 1 10.0
1823.0 1914 46 2 1 2.0
1824.0 1915 48 4 1 4.0
1825.0 1916 50 4 1 4.0
1826.0 1917 53 6 1 6.0
1827.0 1918 55 4 1 4.0
1828.0 1919 61 12 1 12.0
1829.0 1920 63 4 1 4.0
1830.0 1921 69 12 1 12.0
1831.0 1922 71 4 1 4.0
1832.0 1923 76 10 1 10.0
1833.0 1924 78 4 1 4.0
1834.0 1925 80 4 1 4.0
1835.0 1926 82 4 1 4.0
1836.0 1927 85 6 1 6.0
1837.0 1928 86 2 1 2.0
1838.0 1929 88 4 1 4.0
1839.0 1930 90 4 1 4.0
1840.0 1931 94 8 1 8.0
1841.0 1932 98 8 1 8.0
1842.0 1933 99 2 1 2.0
1843.0 1934 100 2 1 2.0
1844.0 1935 102 4 1 4.0
1845.0 1936 103 2 1 2.0
1846.0 1937 105 4 1 4.0
1847.0 1938 108 6 1 6.0
1848.0 1939 109 2 1 2.0
1849.0 1940 111 4 1 4.0
1850.0 1941 115 8 1 8.0
1851.0 1942 119 8 1 8.0
1852.0 1943 120 2 1 2.0
1853.0 1944 123 6 1 6.0
1854.0 1945 126 6 1 6.0
1855.0 1946 127 2 1 2.0
1856.0 1947 129 4 1 4.0
1857.0 1948 131 4 1 4.0
1858.0 1949 132 2 1 2.0
1859.0 1950 135 6 1 6.0
1860.0 1951 137 4 1 4.0
1861.0 1952 141 8 1 8.0
1862.0 1953 143 4 1 4.0
1863.0 1954 145 4 1 4.0
1864.0 1955 146 2 1 2.0
1865.0 1956 147 2 1 2.0
1866.0 1957 149 4 1 4.0
1867.0 1958 153 8 1 8.0
1868.0 1959 154 2 1 2.0
1869.0 1960 155 2 1 2.0
1870.0 1961 0 8 1 8.0
1871.0 1962 7 12 1 12.0
1872.0 1963 14 14 1 14.0
1873.0 1964 18 8 1 8.0
1874.0 1965 23 10 1 10.0
1875.0 1966 27 8 1 8.0
1876.0 1967 30 6 1 6.0
1877.0 1968 34 8 1 8.0
1878.0 1969 37 6 1 6.0
1879.0 1970 40 6 1 6.0
1880.0 1971 44 8 1 8.0
1881.0 1972 45 2 1 2.0
1882.0 1973 48 6 1 6.0
1883.0 1974 50 4 1 4.0
1884.0 1975 54 8 1 8.0
1885.0 1976 59 10 1 10.0
1886.0 1977 60 2 1 2.0
1887.0 1978 63 6 1 6.0
1888.0 1979 67 8 1 8.0
1889.0 1980 70 6 1 6.0
1890.0 1981 77 14 1 14.0
1891.0 1982 79 4 1 4.0
1892.0 1983 82 6 1 6.0
1893.0 1984 83 2 1 2.0
1894.0 1985 85 4 1 4.0
1895.0 1986 88 6 1 6.0
1896.0 1987 90 4 1 4.0
1897.0 1988 93 6 1 6.0
1898.0 1989 94 2 1 2.0
1899.0 1990 95 2 1 2.0
1900.0 1991 97 4 1 4.0
1901.0 1992 100 6 1 6.0
1902.0 1993 101 2 1 2.0
1903.0 1994 102 2 1 2.0
1904.0 1995 103 2 1 2.0
1905.0 1996 106 6 1 6.0
1906.0 1997 109 6 1 6.0
1907.0 1998 112 6 1 6.0
1908.0 1999 115 6 1 6.0
1909.0 2000 119 8 1 8.0
1910.0 2001 122 6 1 6.0
1911.0 2002 125 6 1 6.0
1912.0 2003 126 2 1 2.0
1913.0 2004 130 8 1 8.0
1914.0 2005 132 4 1 4.0
1915.0 2006 133 2 1 2.0
1916.0 2007 137 8 1 8.0
1917.0 2008 139 4 1 4.0
1918.0 2009 142 6 1 6.0
1919.0 2010 145 6 1 6.0
1920.0 2011 146 2 1 2.0
1921.0 2012 148 4 1 4.0
1922.0 2013 149 2 1 2.0
1923.0 2014 151 4 1 4.0
1924.0 2015 153 4 1 4.0
1925.0 2016 154 2 1 2.0
1926.0 2017 156 4 1 4.0
1927.0 2018 157 2 1 2.0
1928.0 2019 159 4 1 4.0
1929.0 2020 162 6 1 6.0
1930.0 2021 0 8 1 8.0
1931.0 2022 6 10 1 10.0
1932.0 2023 12 12 1 12.0
1933.0 2024 17 10 1 10.0
1934.0 2025 21 8 1 8.0
1935.0 2026 26 10 1 10.0
1936.0 2027 30 8 1 8.0
1937.0 2028 32 4 1 4.0
1938.0 2029 34 4 1 4.0
1939.0 2030 37 6 1 6.0
1940.0 2031 41 8 1 8.0
1941.0 2032 44 6 1 6.0
1942.0 2033 48 8 1 8.0
1943.0 2034 50 4 1 4.0
1944.0 2035 55 10 1 10.0
1945.0 2036 57 4 1 4.0
1946.0 2037 59 4 1 4.0
1947.0 2038 64 10 1 10.0
1948.0 2039 66 4 1 4.0
1949.0 2040 67 2 1 2.0
1950.0 2041 68 2 1 2.0
1951.0 2042 69 2 1 2.0
1952.0 2043 71 4 1 4.0
1953.0 2044 73 4 1 4.0
1954.0 2045 77 8 1 8.0
1955.0 2046 79 4 1 4.0
1956.0 2047 83 8 1 8.0
1957.0 2048 85 4 1 4.0
1958.0 2049 89 8 1 8.0
1959.0 2050 92 6 1 6.0
1960.0 2051 93 2 1 2.0
1961.0 2052 95 4 1 4.0
1962.0 2053 100 10 1 10.0
1963.0 2054 101 2 1 2.0
1964.0 2055 104 6 1 6.0
1965.0 2056 109 10 1 10.0
1966.0 2057 112 6 1 6.0
1967.0 2058 113 2 1 2.0
1968.0 2059 115 4 1 4.0
1969.0 2060 117 4 1 4.0
1970.0 2061 121 8 1 8.0
1971.0 2062 122 2 1 2.0
1972.0 2063 123 2 1 2.0
1973.0 2064 127 8 1 8.0
1974.0 2065 130 6 1 6.0
1975.0 2066 132 4 1 4.0
1976.0 2067 133 2 1 2.0
1977.0 2068 134 2 1 2.0
1978.0 2069 137 6 1 6.0
1979.0 2070 139 4 1 4.0
1980.0 2071 140 2 1 2.0
1981.0 2072 141 2 1 2.0
1982.0 2073 143 4 1 4.0
1983.0 2074 144 2 1 2.0
1984.0 2075 148 8 1 8.0
1985.0 2076 150 4 1 4.0
1986.0 2077 152 4 1 4.0
1987.0 2078 154 4 1 4.0
1988.0 2079 155 2 1 2.0
1989.0 2080 159 8 1 8.0
1990.0 2081 0 2 1 2.0
1991.0 2082 5 8 1 8.0
1992.0 2083 11 12 1 12.0
1993.0 2084 14 6 1 6.0
1994.0 2085 16 4 1 4.0
1995.0 2086 19 6 1 6.0
1996.0 2087 26 14 1 14.0
1997.0 2088 30 8 1 8.0
1998.0 2089 31 2 1 2.0
1999.0 2090 33 4 1 4.0
2000.0 2091 34 2 1 2.0
2001.0 2092 39 10 1 10.0
2002.0 2093 46 14 1 14.0
2003.0 2094 50 8 1 8.0
2004.0 2095 53 6 1 6.0
2005.0 2096 57 8 1 8.0
2006.0 2097 59 4 1 4.0
2007.0 2098 62 6 1 6.0
2008.0 2099 66 8 1 8.0
2009.0 2100 71 10 1 10.0
2010.0 2101 72 2 1 2.0
2011.0 2102 75 6 1 6.0
2012.0 2103 77 4 1 4.0
2013.0 2104 79 4 1 4.0
2014.0 2105 82 6 1 6.0
2015.0 2106 83 2 1 2.0
2016.0 2107 85 4 1 4.0
2017.0 2108 86 2 1 2.0
2018.0 2109 90 8 1 8.0
2019.0 2110 92 4 1 4.0
2020.0 2111 94 4 1 4.0
2021.0 2112 95 2 1 2.0
2022.0 2113 98 6 1 6.0
2023.0 2114 101 6 1 6.0
2024.0 2115 103 4 1 4.0
2025.0 2116 106 6 1 6.0
2026.0 2117 109 6 1 6.0
2027.0 2118 110 2 1 2.0
2028.0 2119 111 2 1 2.0
2029.0 2120 112 2 1 2.0
2030.0 2121 116 8 1 8.0
2031.0 2122 120 8 1 8.0
2032.0 2123 122 4 1 4.0
2033.0 2124 126 8 1 8.0
2034.0 2125 128 4 1 4.0
2035.0 2126 134 12 1 12.0
2036.0 2127 135 2 1 2.0
2037.0 2128 136 2 1 2.0
2038.0 2129 138 4 1 4.0
2039.0 2130 139 2 1 2.0
2040.0 2131 142 6 1 6.0
2041.0 2132 144 4 1 4.0
2042.0 2133 147 6 1 6.0
2043.0 2134 150 6 1 6.0
2044.0 2135 152 4 1 4.0
2045.0 2136 153 2 1 2.0
2046.0 2137 155 4 1 4.0
2047.0 2138 157 4 1 4.0
2048.0 2139 158 2 1 2.0
2049.0 2140 161 6 1 6.0
2050.0 2141 0 4 1 4.0
2051.0 2142 5 8 1 8.0
2052.0 2143 7 4 1 4.0
2053.0 2144 11 8 1 8.0
2054.0 2145 15 8 1 8.0
2055.0 2146 20 10 1 10.0
2056.0 2147 23 6 1 6.0
2057.0 2148 25 4 1 4.0
2058.0 2149 29 8 1 8.0
2059.0 2150 33 8 1 8.0
2060.0 2151 35 4 1 4.0
2061.0 2152 39 8 1 8.0
2062.0 2153 41 4 1 4.0
2063.0 2154 45 8 1 8.0
2064.0 2155 48 6 1 6.0
2065.0 2156 50 4 1 4.0
2066.0 2157 51 2 1 2.0
2067.0 2158 54 6 1 6.0
2068.0 2159 57 6 1 6.0
2069.0 2160 58 2 1 2.0
2070.0 2161 60 4 1 4.0
2071.0 2162 63 6 1 6.0
2072.0 2163 68 10 1 10.0
2073.0 2164 71 6 1 6.0
2074.0 2165 75 8 1 8.0
2075.0 2166 77 4 1 4.0
2076.0 2167 78 2 1 2.0
2077.0 2168 81 6 1 6.0
2078.0 2169 84 6 1 6.0
2079.0 2170 85 2 1 2.0
2080.0 2171 87 4 1 4.0
2081.0 2172 88 2 1 2.0
2082.0 2173 93 10 1 10.0
2083.0 2174 94 2 1 2.0
2084.0 2175 95 2 1 2.0
2085.0 2176 97 4 1 4.0
2086.0 2177 99 4 1 4.0
2087.0 2178 100 2 1 2.0
2088.0 2179 103 6 1 6.0
2089.0 2180 106 6 1 6.0
2090.0 2181 107 2 1 2.0
2091.0 2182 109 4 1 4.0
2092.0 2183 111 4 1 4.0
2093.0 2184 113 4 1 4.0
2094.0 2185 115 4 1 4.0
2095.0 2186 118 6 1 6.0
2096.0 2187 119 2 1 2.0
2097.0 2188 123 8 1 8.0
2098.0 2189 125 4 1 4.0
2099.0 2190 128 6 1 6.0
2100.0 2191 129 2 1 2.0
2101.0 2192 132 6 1 6.0
2102.0 2193 134 4 1 4.0
2103.0 2194 136 4 1 4.0
2104.0 2195 140 8 1 8.0
2105.0 2196 141 2 1 2.0
2106.0 2197 145 8 1 8.0
2107.0 2198 146 2 1 2.0
2108.0 2199 147 2 1 2.0
2109.0 2200 149 4 1 4.0
2110.0 2201 0 8 1 8.0
2111.0 2202 6 10 1 10.0
2112.0 2203 11 10 1 10.0
2113.0 2204 15 8 1 8.0
2114.0 2205 17 4 1 4.0
2115.0 2206 20 6 1 6.0
2116.0 2207 22 4 1 4.0
2117.0 2208 26 8 1 8.0
2118.0 2209 29 6 1 6.0
2119.0 2210 32 6 1 6.0
2120.0 2211 37 10 1 10.0
2121.0 2212 42 10 1 10.0
2122.0 2213 43 2 1 2.0
2123.0 2214 46 6 1 6.0
2124.0 2215 47 2 1 2.0
2125.0 2216 48 2 1 2.0
2126.0 2217 51 6 1 6.0
2127.0 2218 52 2 1 2.0
2128.0 2219 54 4 1 4.0
2129.0 2220 56 4 1 4.0
2130.0 2221 60 8 1 8.0
2131.0 2222 61 2 1 2.0
2132.0 2223 66 10 1 10.0
2133.0 2224 69 6 1 6.0
2134.0 2225 70 2 1 2.0
2135.0 2226 71 2 1 2.0
2136.0 2227 74 6 1 6.0
2137.0 2228 76 4 1 4.0
2138.0 2229 77 2 1 2.0
2139.0 2230 80 6 1 6.0
2140.0 2231 81 2 1 2.0
2141.0 2232 82 2 1 2.0
2142.0 2233 87 10 1 10.0
2143.0 2234 88 2 1 2.0
2144.0 2235 89 2 1 2.0
2145.0 2236 92 6 1 6.0
2146.0 2237 93 2 1 2.0
2147.0 2238 96 6 1 6.0
2148.0 2239 98 4 1 4.0
2149.0 2240 100 4 1 4.0
2150.0 2241 104 8 1 8.0
2151.0 2242 105 2 1 2.0
2152.0 2243 106 2 1 2.0
2153.0 2244 107 2 1 2.0
2154.0 2245 112 10 1 10.0
2155.0 2246 116 8 1 8.0
2156.0 2247 120 8 1 8.0
2157.0 2248 122 4 1 4.0
2158.0 2249 124 4 1 4.0
2159.0 2250 126 4 1 4.0
2160.0 2251 127 2 1 2.0
2161.0 2252 128 2 1 2.0
2162.0 2253 131 6 1 6.0
2163.0 2254 135 8 1 8.0
2164.0 2255 139 8 1 8.0
2165.0 2256 141 4 1 4.0
2166.0 2257 148 14 1 14.0
2167.0 2258 152 8 1 8.0
2168.0 2259 153 2 1 2.0
2169.0 2260 155 4 1 4.0
2170.0 2261 0 2 1 2.0
2171.0 2262 4 6 1 6.0
2172.0 2263 9 10 1 10.0
2173.0 2264 11 4 1 4.0
2174.0 2265 14 6 1 6.0
2175.0 2266 18 8 1 8.0
2176.0 2267 19 2 1 2.0
2177.0 2268 22 6 1 6.0
2178.0 2269 25 6 1 6.0
2179.0 2270 29 8 1 8.0
2180.0 2271 31 4 1 4.0
2181.0 2272 36 10 1 10.0
2182.0 2273 38 4 1 4.0
2183.0 2274 42 8 1 8.0
2184.0 2275 43 2 1 2.0
2185.0 2276 47 8 1 8.0
2186.0 2277 53 12 1 12.0
2187.0 2278 58 10 1 10.0
2188.0 2279 59 2 1 2.0
2189.0 2280 60 2 1 2.0
2190.0 2281 64 8 1 8.0
2191.0 2282 68 8 1 8.0
2192.0 2283 69 2 1 2.0
2193.0 2284 74 10 1 10.0
2194.0 2285 77 6 1 6.0
2195.0 2286 78 2 1 2.0
2196.0 2287 82 8 1 8.0
2197.0 2288 85 6 1 6.0
2198.0 2289 86 2 1 2.0
2199.0 2290 89 6 1 6.0
2200.0 2291 91 4 1 4.0
2201.0 2292 94 6 1 6.0
2202.0 2293 97 6 1 6.0
2203.0 2294 100 6 1 6.0
2204.0 2295 103 6 1 6.0
2205.0 2296 105 4 1 4.0
2206.0 2297 109 8 1 8.0
2207.0 2298 113 8 1 8.0
2208.0 2299 116 6 1 6.0
2209.0 2300 118 4 1 4.0
2210.0 2301 119 2 1 2.0
2211.0 2302 122 6 1 6.0
2212.0 2303 123 2 1 2.0
2213.0 2304 125 4 1 4.0
2214.0 2305 127 4 1 4.0
2215.0 2306 130 6 1 6.0
2216.0 2307 131 2 1 2.0
2217.0 2308 132 2 1 2.0
2218.0 2309 137 10 1 10.0
2219.0 2310 139 4 1 4.0
2220.0 2311 141 4 1 4.0
2221.0 2312 144 6 1 6.0
2222.0 2313 145 2 1 2.0
2223.0 2314 148 6 1 6.0
2224.0 2315 150 4 1 4.0
2225.0 2316 151 2 1 2.0
2226.0 2317 152 2 1 2.0
2227.0 2318 153 2 1 2.0
2228.0 2319 156 6 1 6.0
2229.0 2320 160 8 1 8.0
2230.0 2321 0 4 1 4.0
2231.0 2322 5 8 1 8.0
2232.0 2323 10 10 1 10.0
2233.0 2324 14 8 1 8.0
2234.0 2325 16 4 1 4.0
2235.0 2326 22 12 1 12.0
2236.0 2327 26 8 1 8.0
2237.0 2328 33 14 1 14.0
2238.0 2329 35 4 1 4.0
2239.0 2330 41 12 1 12.0
2240.0 2331 46 10 1 10.0
2241.0 2332 47 2 1 2.0
2242.0 2333 50 6 1 6.0
2243.0 2334 53 6 1 6.0
2244.0 2335 55 4 1 4.0
2245.0 2336 58 6 1 6.0
2246.0 2337 59 2 1 2.0
2247.0 2338 61 4 1 4.0
2248.0 2339 63 4 1 4.0
2249.0 2340 67 8 1 8.0
2250.0 2341 71 8 1 8.0
2251.0 2342 73 4 1 4.0
2252.0 2343 76 6 1 6.0
2253.0 2344 80 8 1 8.0
2254.0 2345 82 4 1 4.0
2255.0 2346 85 6 1 6.0
2256.0 2347 89 8 1 8.0
2257.0 2348 92 6 1 6.0
2258.0 2349 94 4 1 4.0
2259.0 2350 95 2 1 2.0
2260.0 2351 99 8 1 8.0
2261.0 2352 102 6 1 6.0
2262.0 2353 104 4 1 4.0
2263.0 2354 107 6 1 6.0
2264.0 2355 111 8 1 8.0
2265.0 2356 112 2 1 2.0
2266.0 2357 113 2 1 2.0
2267.0 2358 116 6 1 6.0
2268.0 2359 121 10 1 10.0
2269.0 2360 123 4 1 4.0
2270.0 2361 125 4 1 4.0
2271.0 2362 128 6 1 6.0
2272.0 2363 129 2 1 2.0
2273.0 2364 130 2 1 2.0
2274.0 2365 133 6 1 6.0
2275.0 2366 136 6 1 6.0
2276.0 2367 138 4 1 4.0
2277.0 2368 140 4 1 4.0
2278.0 2369 142 4 1 4.0
2279.0 2370 147 10 1 10.0
2280.0 2371 150 6 1 6.0
2281.0 2372 151 2 1 2.0
2282.0 2373 153 4 1 4.0
2283.0 2374 156 6 1 6.0
2284.0 2375 160 8 1 8.0
2285.0 2376 165 10 1 10.0
2286.0 2377 166 2 1 2.0
2287.0 2378 169 6 1 6.0
2288.0 2379 174 10 1 10.0
2289.0 2380 175 2 1 2.0
2290.0 2381 0 6 1 6.0
2291.0 2382 6 10 1 10.0
2292.0 2383 10 8 1 8.0
2293.0 2384 14 8 1 8.0
2294.0 2385 15 2 1 2.0
2295.0 2386 19 8 1 8.0
2296.0 2387 24 10 1 10.0
2297.0 2388 29 10 1 10.0
2298.0 2389 35 12 1 12.0
2299.0 2390 36 2 1 2.0
2300.0 2391 41 10 1 10.0
2301.0 2392 44 6 1 6.0
2302.0 2393 49 10 1 10.0
2303.0 2394 53 8 1 8.0
2304.0 2395 59 12 1 12.0
2305.0 2396 60 2 1 2.0
2306.0 2397 62 4 1 4.0
2307.0 2398 65 6 1 6.0
2308.0 2399 67 4 1 4.0
2309.0 2400 71 8 1 8.0
2310.0 2401 77 12 1 12.0
2311.0 2402 80 6 1 6.0
2312.0 2403 84 8 1 8.0
2313.0 2404 86 4 1 4.0
2314.0 2405 91 10 1 10.0
2315.0 2406 92 2 1 2.0
2316.0 2407 96 8 1 8.0
2317.0 2408 99 6 1 6.0
2318.0 2409 102 6 1 6.0
2319.0 2410 106 8 1 8.0
2320.0 2411 112 12 1 12.0
2321.0 2412 113 2 1 2.0
2322.0 2413 118 10 1 10.0
2323.0 2414 122 8 1 8.0
2324.0 2415 124 4 1 4.0
2325.0 2416 125 2 1 2.0
2326.0 2417 127 4 1 4.0
2327.0 2418 131 8 1 8.0
2328.0 2419 132 2 1 2.0
2329.0 2420 134 4 1 4.0
2330.0 2421 135 2 1 2.0
2331.0 2422 139 8 1 8.0
2332.0 2423 140 2 1 2.0
2333.0 2424 143 6 1 6.0
2334.0 2425 146 6 1 6.0
2335.0 2426 147 2 1 2.0
2336.0 2427 152 10 1 10.0
2337.0 2428 155 6 1 6.0
2338.0 2429 157 4 1 4.0
2339.0 2430 161 8 1 8.0
2340.0 2431 164 6 1 6.0
2341.0 2432 165 2 1 2.0
2342.0 2433 167 4 1 4.0
2343.0 2434 171 8 1 8.0
2344.0 2435 172 2 1 2.0
2345.0 2436 177 10 1 10.0
2346.0 2437 180 6 1 6.0
2347.0 2438 182 4 1 4.0
2348.0 2439 184 4 1 4.0
2349.0 2440 186 4 1 4.0
2350.0 2441 0 6 1 6.0
2351.0 2442 5 8 1 8.0
2352.0 2443 10 10 1 10.0
2353.0 2444 16 12 1 12.0
2354.0 2445 19 6 1 6.0
2355.0 2446 23 8 1 8.0
2356.0 2447 27 8 1 8.0
2357.0 2448 31 8 1 8.0
2358.0 2449 33 4 1 4.0
2359.0 2450 35 4 1 4.0
2360.0 2451 38 6 1 6.0
2361.0 2452 42 8 1 8.0
2362.0 2453 45 6 1 6.0
2363.0 2454 48 6 1 6.0
2364.0 2455 51 6 1 6.0
2365.0 2456 52 2 1 2.0
2366.0 2457 57 10 1 10.0
2367.0 2458 58 2 1 2.0
2368.0 2459 62 8 1 8.0
2369.0 2460 68 12 1 12.0
2370.0 2461 69 2 1 2.0
2371.0 2462 71 4 1 4.0
2372.0 2463 74 6 1 6.0
2373.0 2464 76 4 1 4.0
2374.0 2465 77 2 1 2.0
2375.0 2466 81 8 1 8.0
2376.0 2467 84 6 1 6.0
2377.0 2468 86 4 1 4.0
2378.0 2469 88 4 1 4.0
2379.0 2470 93 10 1 10.0
2380.0 2471 97 8 1 8.0
2381.0 2472 98 2 1 2.0
2382.0 2473 99 2 1 2.0
2383.0 2474 100 2 1 2.0
2384.0 2475 102 4 1 4.0
2385.0 2476 105 6 1 6.0
2386.0 2477 108 6 1 6.0
2387.0 2478 110 4 1 4.0
2388.0 2479 112 4 1 4.0
2389.0 2480 114 4 1 4.0
2390.0 2481 118 8 1 8.0
2391.0 2482 123 10 1 10.0
2392.0 2483 127 8 1 8.0
2393.0 2484 129 4 1 4.0
2394.0 2485 131 4 1 4.0
2395.0 2486 132 2 1 2.0
2396.0 2487 136 8 1 8.0
2397.0 2488 140 8 1 8.0
2398.0 2489 141 2 1 2.0
2399.0 2490 143 4 1 4.0
2400.0 2491 145 4 1 4.0
2401.0 2492 146 2 1 2.0
2402.0 2493 148 4 1 4.0
2403.0 2494 149 2 1 2.0
2404.0 2495 150 2 1 2.0
2405.0 2496 151 2 1 2.0
2406.0 2497 152 2 1 2.0
2407.0 2498 153 2 1 2.0
2408.0 2499 155 4 1 4.0
2409.0 2500 158 6 1 6.0
2410.0 2501 0 4 1 4.0
2411.0 2502 5 8 1 8.0
2412.0 2503 9 8 1 8.0
2413.0 2504 13 8 1 8.0
2414.0 2505 19 12 1 12.0
2415.0 2506 22 6 1 6.0
2416.0 2507 26 8 1 8.0
2417.0 2508 29 6 1 6.0
2418.0 2509 30 2 1 2.0
2419.0 2510 31 2 1 2.0
2420.0 2511 35 8 1 8.0
2421.0 2512 37 4 1 4.0
2422.0 2513 41 8 1 8.0
2423.0 2514 45 8 1 8.0
2424.0 2515 48 6 1 6.0
2425.0 2516 53 10 1 10.0
2426.0 2517 57 8 1 8.0
2427.0 2518 60 6 1 6.0
2428.0 2519 62 4 1 4.0
2429.0 2520 64 4 1 4.0
2430.0 2521 68 8 1 8.0
2431.0 2522 71 6 1 6.0
2432.0 2523 74 6 1 6.0
2433.0 2524 75 2 1 2.0
2434.0 2525 79 8 1 8.0
2435.0 2526 81 4 1 4.0
2436.0 2527 84 6 1 6.0
2437.0 2528 86 4 1 4.0
2438.0 2529 91 10 1 10.0
2439.0 2530 92 2 1 2.0
2440.0 2531 93 2 1 2.0
2441.0 2532 94 2 1 2.0
2442.0 2533 98 8 1 8.0
2443.0 2534 100 4 1 4.0
2444.0 2535 101 2 1 2.0
2445.0 2536 102 2 1 2.0
2446.0 2537 104 4 1 4.0
2447.0 2538 108 8 1 8.0
2448.0 2539 110 4 1 4.0
2449.0 2540 114 8 1 8.0
2450.0 2541 117 6 1 6.0
2451.0 2542 122 10 1 10.0
2452.0 2543 123 2 1 2.0
2453.0 2544 126 6 1 6.0
2454.0 2545 130 8 1 8.0
2455.0 2546 135 10 1 10.0
2456.0 2547 140 10 1 10.0
2457.0 2548 142 4 1 4.0
2458.0 2549 143 2 1 2.0
2459.0 2550 145 4 1 4.0
2460.0 2551 149 8 1 8.0
2461.0 2552 151 4 1 4.0
2462.0 2553 152 2 1 2.0
2463.0 2554 157 10 1 10.0
2464.0 2555 161 8 1 8.0
2465.0 2556 163 4 1 4.0
2466.0 2557 165 4 1 4.0
2467.0 2558 166 2 1 2.0
2468.0 2559 168 4 1 4.0
2469.0 2560 169 2 1 2.0
2470.0 2561 0 4 1 4.0
2471.0 2562 5 8 1 8.0
2472.0 2563 10 10 1 10.0
2473.0 2564 15 10 1 10.0
2474.0 2565 16 2 1 2.0
2475.0 2566 20 8 1 8.0
2476.0 2567 22 4 1 4.0
2477.0 2568 23 2 1 2.0
2478.0 2569 29 12 1 12.0
2479.0 2570 32 6 1 6.0
2480.0 2571 37 10 1 10.0
2481.0 2572 39 4 1 4.0
2482.0 2573 42 6 1 6.0
2483.0 2574 46 8 1 8.0
2484.0 2575 50 8 1 8.0
2485.0 2576 54 8 1 8.0
2486.0 2577 57 6 1 6.0
2487.0 2578 62 10 1 10.0
2488.0 2579 67 10 1 10.0
2489.0 2580 71 8 1 8.0
2490.0 2581 74 6 1 6.0
2491.0 2582 80 12 1 12.0
2492.0 2583 84 8 1 8.0
2493.0 2584 86 4 1 4.0
2494.0 2585 90 8 1 8.0
2495.0 2586 92 4 1 4.0
2496.0 2587 94 4 1 4.0
2497.0 2588 96 4 1 4.0
2498.0 2589 98 4 1 4.0
2499.0 2590 103 10 1 10.0
2500.0 2591 105 4 1 4.0
2501.0 2592 107 4 1 4.0
2502.0 2593 109 4 1 4.0
2503.0 2594 114 10 1 10.0
2504.0 2595 116 4 1 4.0
2505.0 2596 121 10 1 10.0
2506.0 2597 124 6 1 6.0
2507.0 2598 126 4 1 4.0
2508.0 2599 128 4 1 4.0
2509.0 2600 130 4 1 4.0
2510.0 2601 131 2 1 2.0
2511.0 2602 137 12 1 12.0
2512.0 2603 141 8 1 8.0
2513.0 2604 143 4 1 4.0
2514.0 2605 146 6 1 6.0
2515.0 2606 147 2 1 2.0
2516.0 2607 150 6 1 6.0
2517.0 2608 153 6 1 6.0
2518.0 2609 158 10 1 10.0
2519.0 2610 161 6 1 6.0
2520.0 2611 164 6 1 6.0
2521.0 2612 166 4 1 4.0
2522.0 2613 168 4 1 4.0
2523.0 2614 170 4 1 4.0
2524.0 2615 173 6 1 6.0
2525.0 2616 174 2 1 2.0
2526.0 2617 176 4 1 4.0
2527.0 2618 177 2 1 2.0
2528.0 2619 178 2 1 2.0
2529.0 2620 179 2 1 2.0
2530.0 2621 0 2 1 2.0
2531.0 2622 5 8 1 8.0
2532.0 2623 9 8 1 8.0
2533.0 2624 11 4 1 4.0
2534.0 2625 16 10 1 10.0
2535.0 2626 22 12 1 12.0
2536.0 2627 27 10 1 10.0
2537.0 2628 29 4 1 4.0
2538.0 2629 36 14 1 14.0
2539.0 2630 37 2 1 2.0
2540.0 2631 38 2 1 2.0
2541.0 2632 41 6 1 6.0
2542.0 2633 44 6 1 6.0
2543.0 2634 48 8 1 8.0
2544.0 2635 49 2 1 2.0
2545.0 2636 51 4 1 4.0
2546.0 2637 55 8 1 8.0
2547.0 2638 58 6 1 6.0
2548.0 2639 64 12 1 12.0
2549.0 2640 69 10 1 10.0
2550.0 2641 70 2 1 2.0
2551.0 2642 71 2 1 2.0
2552.0 2643 75 8 1 8.0
2553.0 2644 77 4 1 4.0
2554.0 2645 80 6 1 6.0
2555.0 2646 83 6 1 6.0
2556.0 2647 87 8 1 8.0
2557.0 2648 90 6 1 6.0
2558.0 2649 91 2 1 2.0
2559.0 2650 95 8 1 8.0
2560.0 2651 98 6 1 6.0
2561.0 2652 99 2 1 2.0
2562.0 2653 104 10 1 10.0
2563.0 2654 106 4 1 4.0
2564.0 2655 110 8 1 8.0
2565.0 2656 114 8 1 8.0
2566.0 2657 115 2 1 2.0
2567.0 2658 117 4 1 4.0
2568.0 2659 121 8 1 8.0
2569.0 2660 124 6 1 6.0
2570.0 2661 127 6 1 6.0
2571.0 2662 128 2 1 2.0
2572.0 2663 130 4 1 4.0
2573.0 2664 134 8 1 8.0
2574.0 2665 138 8 1 8.0
2575.0 2666 141 6 1 6.0
2576.0 2667 145 8 1 8.0
2577.0 2668 146 2 1 2.0
2578.0 2669 149 6 1 6.0
2579.0 2670 152 6 1 6.0
2580.0 2671 154 4 1 4.0
2581.0 2672 156 4 1 4.0
2582.0 2673 158 4 1 4.0
2583.0 2674 161 6 1 6.0
2584.0 2675 165 8 1 8.0
2585.0 2676 167 4 1 4.0
2586.0 2677 170 6 1 6.0
2587.0 2678 173 6 1 6.0
2588.0 2679 174 2 1 2.0
2589.0 2680 175 2 1 2.0
2590.0 2681 0 6 1 6.0
2591.0 2682 6 10 1 10.0
2592.0 2683 12 12 1 12.0
2593.0 2684 16 8 1 8.0
2594.0 2685 21 10 1 10.0
2595.0 2686 27 12 1 12.0
2596.0 2687 29 4 1 4.0
2597.0 2688 32 6 1 6.0
2598.0 2689 36 8 1 8.0
2599.0 2690 40 8 1 8.0
2600.0 2691 42 4 1 4.0
2601.0 2692 45 6 1 6.0
2602.0 2693 49 8 1 8.0
2603.0 2694 51 4 1 4.0
2604.0 2695 57 12 1 12.0
2605.0 2696 59 4 1 4.0
2606.0 2697 61 4 1 4.0
2607.0 2698 65 8 1 8.0
2608.0 2699 68 6 1 6.0
2609.0 2700 72 8 1 8.0
2610.0 2701 75 6 1 6.0
2611.0 2702 79 8 1 8.0
2612.0 2703 80 2 1 2.0
2613.0 2704 84 8 1 8.0
2614.0 2705 86 4 1 4.0
2615.0 2706 89 6 1 6.0
2616.0 2707 91 4 1 4.0
2617.0 2708 95 8 1 8.0
2618.0 2709 98 6 1 6.0
2619.0 2710 100 4 1 4.0
2620.0 2711 101 2 1 2.0
2621.0 2712 103 4 1 4.0
2622.0 2713 104 2 1 2.0
2623.0 2714 105 2 1 2.0
2624.0 2715 109 8 1 8.0
2625.0 2716 110 2 1 2.0
2626.0 2717 112 4 1 4.0
2627.0 2718 114 4 1 4.0
2628.0 2719 116 4 1 4.0
2629.0 2720 118 4 1 4.0
2630.0 2721 122 8 1 8.0
2631.0 2722 123 2 1 2.0
2632.0 2723 130 14 1 14.0
2633.0 2724 132 4 1 4.0
2634.0 2725 136 8 1 8.0
2635.0 2726 138 4 1 4.0
2636.0 2727 139 2 1 2.0
2637.0 2728 143 8 1 8.0
2638.0 2729 147 8 1 8.0
2639.0 2730 148 2 1 2.0
2640.0 2731 150 4 1 4.0
2641.0 2732 152 4 1 4.0
2642.0 2733 155 6 1 6.0
2643.0 2734 156 2 1 2.0
2644.0 2735 160 8 1 8.0
2645.0 2736 161 2 1 2.0
2646.0 2737 162 2 1 2.0
2647.0 2738 168 12 1 12.0
2648.0 2739 170 4 1 4.0
2649.0 2740 172 4 1 4.0
2650.0 2741 0 4 1 4.0
2651.0 2742 7 12 1 12.0
2652.0 2743 14 14 1 14.0
2653.0 2744 15 2 1 2.0
2654.0 2745 19 8 1 8.0
2655.0 2746 22 6 1 6.0
2656.0 2747 29 14 1 14.0
2657.0 2748 32 6 1 6.0
2658.0 2749 37 10 1 10.0
2659.0 2750 40 6 1 6.0
2660.0 2751 43 6 1 6.0
2661.0 2752 49 12 1 12.0
2662.0 2753 51 4 1 4.0
2663.0 2754 56 10 1 10.0
2664.0 2755 57 2 1 2.0
2665.0 2756 61 8 1 8.0
2666.0 2757 66 10 1 10.0
2667.0 2758 69 6 1 6.0
2668.0 2759 72 6 1 6.0
2669.0 2760 74 4 1 4.0
2670.0 2761 75 2 1 2.0
2671.0 2762 76 2 1 2.0
2672.0 2763 78 4 1 4.0
2673.0 2764 81 6 1 6.0
2674.0 2765 83 4 1 4.0
2675.0 2766 85 4 1 4.0
2676.0 2767 88 6 1 6.0
2677.0 2768 91 6 1 6.0
2678.0 2769 95 8 1 8.0
2679.0 2770 97 4 1 4.0
2680.0 2771 101 8 1 8.0
2681.0 2772 103 4 1 4.0
2682.0 2773 104 2 1 2.0
2683.0 2774 106 4 1 4.0
2684.0 2775 108 4 1 4.0
2685.0 2776 110 4 1 4.0
2686.0 2777 113 6 1 6.0
2687.0 2778 116 6 1 6.0
2688.0 2779 118 4 1 4.0
2689.0 2780 120 4 1 4.0
2690.0 2781 125 10 1 10.0
2691.0 2782 127 4 1 4.0
2692.0 2783 129 4 1 4.0
2693.0 2784 131 4 1 4.0
2694.0 2785 133 4 1 4.0
2695.0 2786 135 4 1 4.0
2696.0 2787 137 4 1 4.0
2697.0 2788 139 4 1 4.0
2698.0 2789 140 2 1 2.0
2699.0 2790 145 10 1 10.0
2700.0 2791 146 2 1 2.0
2701.0 2792 148 4 1 4.0
2702.0 2793 149 2 1 2.0
2703.0 2794 150 2 1 2.0
2704.0 2795 151 2 1 2.0
2705.0 2796 153 4 1 4.0
2706.0 2797 155 4 1 4.0
2707.0 2798 157 4 1 4.0
2708.0 2799 162 10 1 10.0
2709.0 2800 163 2 1 2.0
2710.0 2801 0 4 1 4.0
2711.0 2802 8 14 1 14.0
2712.0 2803 14 12 1 12.0
2713.0 2804 15 2 1 2.0
2714.0 2805 18 6 1 6.0
2715.0 2806 24 12 1 12.0
2716.0 2807 29 10 1 10.0
2717.0 2808 31 4 1 4.0
2718.0 2809 35 8 1 8.0
2719.0 2810 39 8 1 8.0
2720.0 2811 41 4 1 4.0
2721.0 2812 43 4 1 4.0
2722.0 2813 49 12 1 12.0
2723.0 2814 51 4 1 4.0
2724.0 2815 53 4 1 4.0
2725.0 2816 54 2 1 2.0
2726.0 2817 55 2 1 2.0
2727.0 2818 58 6 1 6.0
2728.0 2819 60 4 1 4.0
2729.0 2820 62 4 1 4.0
2730.0 2821 64 4 1 4.0
2731.0 2822 67 6 1 6.0
2732.0 2823 70 6 1 6.0
2733.0 2824 76 12 1 12.0
2734.0 2825 77 2 1 2.0
2735.0 2826 82 10 1 10.0
2736.0 2827 85 6 1 6.0
2737.0 2828 88 6 1 6.0
2738.0 2829 90 4 1 4.0
2739.0 2830 91 2 1 2.0
2740.0 2831 92 2 1 2.0
2741.0 2832 96 8 1 8.0
2742.0 2833 102 12 1 12.0
2743.0 2834 103 2 1 2.0
2744.0 2835 107 8 1 8.0
2745.0 2836 108 2 1 2.0
2746.0 2837 109 2 1 2.0
2747.0 2838 111 4 1 4.0
2748.0 2839 113 4 1 4.0
2749.0 2840 118 10 1 10.0
2750.0 2841 119 2 1 2.0
2751.0 2842 122 6 1 6.0
2752.0 2843 126 8 1 8.0
2753.0 2844 127 2 1 2.0
2754.0 2845 129 4 1 4.0
2755.0 2846 132 6 1 6.0
2756.0 2847 136 8 1 8.0
2757.0 2848 137 2 1 2.0
2758.0 2849 138 2 1 2.0
2759.0 2850 140 4 1 4.0
2760.0 2851 143 6 1 6.0
2761.0 2852 147 8 1 8.0
2762.0 2853 150 6 1 6.0
2763.0 2854 153 6 1 6.0
2764.0 2855 155 4 1 4.0
2765.0 2856 157 4 1 4.0
2766.0 2857 161 8 1 8.0
2767.0 2858 163 4 1 4.0
2768.0 2859 165 4 1 4.0
2769.0 2860 167 4 1 4.0
2770.0 2861 0 6 1 6.0
2771.0 2862 5 8 1 8.0
2772.0 2863 9 8 1 8.0
2773.0 2864 13 8 1 8.0
2774.0 2865 19 12 1 12.0
2775.0 2866 22 6 1 6.0
2776.0 2867 27 10 1 10.0
2777.0 2868 32 10 1 10.0
2778.0 2869 37 10 1 10.0
2779.0 2870 43 12 1 12.0
2780.0 2871 46 6 1 6.0
2781.0 2872 52 12 1 12.0
2782.0 2873 56 8 1 8.0
2783.0 2874 58 4 1 4.0
2784.0 2875 63 10 1 10.0
2785.0 2876 66 6 1 6.0
2786.0 2877 69 6 1 6.0
2787.0 2878 73 8 1 8.0
2788.0 2879 76 6 1 6.0
2789.0 2880 79 6 1 6.0
2790.0 2881 83 8 1 8.0
2791.0 2882 85 4 1 4.0
2792.0 2883 89 8 1 8.0
2793.0 2884 95 12 1 12.0
2794.0 2885 98 6 1 6.0
2795.0 2886 102 8 1 8.0
2796.0 2887 104 4 1 4.0
2797.0 2888 106 4 1 4.0
2798.0 2889 107 2 1 2.0
2799.0 2890 111 8 1 8.0
2800.0 2891 113 4 1 4.0
2801.0 2892 114 2 1 2.0
2802.0 2893 118 8 1 8.0
2803.0 2894 122 8 1 8.0
2804.0 2895 124 4 1 4.0
2805.0 2896 129 10 1 10.0
2806.0 2897 132 6 1 6.0
2807.0 2898 136 8 1 8.0
2808.0 2899 141 10 1 10.0
2809.0 2900 142 2 1 2.0
2810.0 2901 143 2 1 2.0
2811.0 2902 145 4 1 4.0
2812.0 2903 146 2 1 2.0
2813.0 2904 150 8 1 8.0
2814.0 2905 152 4 1 4.0
2815.0 2906 156 8 1 8.0
2816.0 2907 157 2 1 2.0
2817.0 2908 159 4 1 4.0
2818.0 2909 162 6 1 6.0
2819.0 2910 167 10 1 10.0
2820.0 2911 170 6 1 6.0
2821.0 2912 172 4 1 4.0
2822.0 2913 178 12 1 12.0
2823.0 2914 179 2 1 2.0
2824.0 2915 183 8 1 8.0
2825.0 2916 184 2 1 2.0
2826.0 2917 189 10 1 10.0
2827.0 2918 191 4 1 4.0
2828.0 2919 193 4 1 4.0
2829.0 2920 195 4 1 4.0
2830.0 2921 0 8 1 8.0
2831.0 2922 6 10 1 10.0
2832.0 2923 10 8 1 8.0
2833.0 2924 14 8 1 8.0
2834.0 2925 17 6 1 6.0
2835.0 2926 20 6 1 6.0
2836.0 2927 26 12 1 12.0
2837.0 2928 30 8 1 8.0
2838.0 2929 33 6 1 6.0
2839.0 2930 36 6 1 6.0
2840.0 2931 42 12 1 12.0
2841.0 2932 47 10 1 10.0
2842.0 2933 51 8 1 8.0
2843.0 2934 58 14 1 14.0
2844.0 2935 60 4 1 4.0
2845.0 2936 64 8 1 8.0
2846.0 2937 67 6 1 6.0
2847.0 2938 71 8 1 8.0
2848.0 2939 75 8 1 8.0
2849.0 2940 80 10 1 10.0
2850.0 2941 83 6 1 6.0
2851.0 2942 85 4 1 4.0
2852.0 2943 87 4 1 4.0
2853.0 2944 93 12 1 12.0
2854.0 2945 95 4 1 4.0
2855.0 2946 97 4 1 4.0
2856.0 2947 99 4 1 4.0
2857.0 2948 102 6 1 6.0
2858.0 2949 103 2 1 2.0
2859.0 2950 107 8 1 8.0
2860.0 2951 109 4 1 4.0
2861.0 2952 111 4 1 4.0
2862.0 2953 115 8 1 8.0
2863.0 2954 119 8 1 8.0
2864.0 2955 124 10 1 10.0
2865.0 2956 128 8 1 8.0
2866.0 2957 130 4 1 4.0
2867.0 2958 135 10 1 10.0
2868.0 2959 136 2 1 2.0
2869.0 2960 141 10 1 10.0
2870.0 2961 145 8 1 8.0
2871.0 2962 148 6 1 6.0
2872.0 2963 150 4 1 4.0
2873.0 2964 152 4 1 4.0
2874.0 2965 155 6 1 6.0
2875.0 2966 157 4 1 4.0
2876.0 2967 160 6 1 6.0
2877.0 2968 162 4 1 4.0
2878.0 2969 165 6 1 6.0
2879.0 2970 169 8 1 8.0
2880.0 2971 172 6 1 6.0
2881.0 2972 175 6 1 6.0
2882.0 2973 177 4 1 4.0
2883.0 2974 178 2 1 2.0
2884.0 2975 183 10 1 10.0
2885.0 2976 187 8 1 8.0
2886.0 2977 190 6 1 6.0
2887.0 2978 193 6 1 6.0
2888.0 2979 194 2 1 2.0
2889.0 2980 197 6 1 6.0
2890.0 2981 0 12 1 12.0
2891.0 2982 7 12 1 12.0
2892.0 2983 13 12 1 12.0
2893.0 2984 18 10 1 10.0
2894.0 2985 24 12 1 12.0
2895.0 2986 27 6 1 6.0
2896.0 2987 29 4 1 4.0
2897.0 2988 35 12 1 12.0
2898.0 2989 40 10 1 10.0
2899.0 2990 45 10 1 10.0
2900.0 2991 48 6 1 6.0
2901.0 2992 52 8 1 8.0
2902.0 2993 55 6 1 6.0
2903.0 2994 58 6 1 6.0
2904.0 2995 61 6 1 6.0
2905.0 2996 63 4 1 4.0
2906.0 2997 67 8 1 8.0
2907.0 2998 69 4 1 4.0
2908.0 2999 70 2 1 2.0
2909.0 3000 71 2 1 2.0
2910.0 3001 74 6 1 6.0
2911.0 3002 77 6 1 6.0
2912.0 3003 78 2 1 2.0
2913.0 3004 81 6 1 6.0
2914.0 3005 84 6 1 6.0
2915.0 3006 87 6 1 6.0
2916.0 3007 91 8 1 8.0
2917.0 3008 96 10 1 10.0
2918.0 3009 97 2 1 2.0
2919.0 3010 99 4 1 4.0
2920.0 3011 100 2 1 2.0
2921.0 3012 102 4 1 4.0
2922.0 3013 108 12 1 12.0
2923.0 3014 109 2 1 2.0
2924.0 3015 112 6 1 6.0
2925.0 3016 113 2 1 2.0
2926.0 3017 117 8 1 8.0
2927.0 3018 119 4 1 4.0
2928.0 3019 121 4 1 4.0
2929.0 3020 126 10 1 10.0
2930.0 3021 129 6 1 6.0
2931.0 3022 131 4 1 4.0
2932.0 3023 134 6 1 6.0
2933.0 3024 136 4 1 4.0
2934.0 3025 138 4 1 4.0
2935.0 3026 141 6 1 6.0
2936.0 3027 144 6 1 6.0
2937.0 3028 146 4 1 4.0
2938.0 3029 149 6 1 6.0
2939.0 3030 153 8 1 8.0
2940.0 3031 157 8 1 8.0
2941.0 3032 163 12 1 12.0
2942.0 3033 165 4 1 4.0
2943.0 3034 166 2 1 2.0
2944.0 3035 169 6 1 6.0
2945.0 3036 174 10 1 10.0
2946.0 3037 176 4 1 4.0
2947.0 3038 177 2 1 2.0
2948.0 3039 178 2 1 2.0
2949.0 3040 181 6 1 6.0
2950.0 3041 0 4 1 4.0
2951.0 3042 5 8 1 8.0
2952.0 3043 8 6 1 6.0
2953.0 3044 12 8 1 8.0
2954.0 3045 17 10 1 10.0
2955.0 3046 21 8 1 8.0
2956.0 3047 26 10 1 10.0
2957.0 3048 31 10 1 10.0
2958.0 3049 36 10 1 10.0
2959.0 3050 39 6 1 6.0
2960.0 3051 41 4 1 4.0
2961.0 3052 46 10 1 10.0
2962.0 3053 49 6 1 6.0
2963.0 3054 51 4 1 4.0
2964.0 3055 56 10 1 10.0
2965.0 3056 58 4 1 4.0
2966.0 3057 60 4 1 4.0
2967.0 3058 66 12 1 12.0
2968.0 3059 69 6 1 6.0
2969.0 3060 72 6 1 6.0
2970.0 3061 74 4 1 4.0
2971.0 3062 79 10 1 10.0
2972.0 3063 84 10 1 10.0
2973.0 3064 86 4 1 4.0
2974.0 3065 88 4 1 4.0
2975.0 3066 90 4 1 4.0
2976.0 3067 96 12 1 12.0
2977.0 3068 99 6 1 6.0
2978.0 3069 103 8 1 8.0
2979.0 3070 106 6 1 6.0
2980.0 3071 110 8 1 8.0
2981.0 3072 113 6 1 6.0
2982.0 3073 117 8 1 8.0
2983.0 3074 118 2 1 2.0
2984.0 3075 122 8 1 8.0
2985.0 3076 127 10 1 10.0
2986.0 3077 128 2 1 2.0
2987.0 3078 130 4 1 4.0
2988.0 3079 131 2 1 2.0
2989.0 3080 133 4 1 4.0
2990.0 3081 135 4 1 4.0
2991.0 3082 139 8 1 8.0
2992.0 3083 143 8 1 8.0
2993.0 3084 145 4 1 4.0
2994.0 3085 148 6 1 6.0
2995.0 3086 150 4 1 4.0
2996.0 3087 153 6 1 6.0
2997.0 3088 155 4 1 4.0
2998.0 3089 156 2 1 2.0
2999.0 3090 158 4 1 4.0
18083.0 2984 5.05496
