java -cp `find -L lib/ -name "*.jar" | tr [:space:] :`:"":classes peersim.Simulator PCX.cfg



0.0 100 0 0 0 NaN
1.0 100 1 0 0 NaN
2.0 100 1 0 0 NaN
3.0 100 1 0 0 NaN
4.0 100 1 0 0 NaN
5.0 100 1 0 0 NaN
6.0 100 1 0 0 NaN
7.0 100 1 0 0 NaN
8.0 100 1 0 0 NaN
9.0 100 1 0 0 NaN
10.0 101 1 0 0 NaN
11.0 102 6 10 1 10.0
12.0 103 8 4 1 4.0
13.0 104 12 8 1 8.0
14.0 105 14 4 1 4.0
15.0 106 15 2 1 2.0
16.0 107 16 2 1 2.0
17.0 108 17 2 1 2.0
18.0 109 18 2 1 2.0
19.0 110 19 2 1 2.0
20.0 111 20 2 1 2.0
21.0 112 21 2 1 2.0
22.0 113 22 2 1 2.0
23.0 114 26 8 1 8.0
24.0 115 28 4 1 4.0
25.0 116 29 2 1 2.0
26.0 117 30 2 1 2.0
27.0 118 31 2 1 2.0
28.0 119 33 4 1 4.0
29.0 120 35 4 1 4.0
30.0 121 36 2 1 2.0
31.0 122 37 2 1 2.0
32.0 123 39 4 1 4.0
33.0 124 40 2 1 2.0
34.0 125 41 2 1 2.0
35.0 126 42 2 1 2.0
36.0 127 43 2 1 2.0
37.0 128 44 2 1 2.0
38.0 129 47 6 1 6.0
39.0 130 48 2 1 2.0
40.0 131 49 2 1 2.0
41.0 132 50 2 1 2.0
42.0 133 51 2 1 2.0
43.0 134 52 2 1 2.0
44.0 135 54 4 1 4.0
45.0 136 56 4 1 4.0
46.0 137 57 2 1 2.0
47.0 138 58 2 1 2.0
48.0 139 59 2 1 2.0
49.0 140 60 2 1 2.0
50.0 141 61 2 1 2.0
51.0 142 63 4 1 4.0
52.0 143 66 6 1 6.0
53.0 144 67 2 1 2.0
54.0 145 68 2 1 2.0
55.0 146 69 2 1 2.0
56.0 147 70 2 1 2.0
57.0 148 71 2 1 2.0
58.0 149 72 2 1 2.0
59.0 150 73 2 1 2.0
60.0 151 74 2 1 2.0
61.0 152 75 2 1 2.0
62.0 153 76 2 1 2.0
63.0 154 77 2 1 2.0
64.0 155 79 4 1 4.0
65.0 156 80 2 1 2.0
66.0 157 81 2 1 2.0
67.0 158 83 4 1 4.0
68.0 159 84 2 1 2.0
69.0 160 86 2 1 2.0
70.0 161 0 0 0 NaN
71.0 162 7 12 1 12.0
72.0 163 8 2 1 2.0
73.0 164 10 4 1 4.0
74.0 165 13 6 1 6.0
75.0 166 14 2 1 2.0
76.0 167 15 2 1 2.0
77.0 168 18 6 1 6.0
78.0 169 20 4 1 4.0
79.0 170 21 2 1 2.0
80.0 171 23 4 1 4.0
81.0 172 24 2 1 2.0
82.0 173 27 6 1 6.0
83.0 174 28 2 1 2.0
84.0 175 29 2 1 2.0
85.0 176 33 8 1 8.0
86.0 177 34 2 1 2.0
87.0 178 35 2 1 2.0
88.0 179 37 4 1 4.0
89.0 180 38 2 1 2.0
90.0 181 40 4 1 4.0
91.0 182 41 2 1 2.0
92.0 183 42 2 1 2.0
93.0 184 45 6 1 6.0
94.0 185 47 4 1 4.0
95.0 186 48 2 1 2.0
96.0 187 49 2 1 2.0
97.0 188 50 2 1 2.0
98.0 189 51 2 1 2.0
99.0 190 52 2 1 2.0
100.0 191 53 2 1 2.0
101.0 192 55 4 1 4.0
102.0 193 57 4 1 4.0
103.0 194 58 2 1 2.0
104.0 195 60 4 1 4.0
105.0 196 62 4 1 4.0
106.0 197 64 4 1 4.0
107.0 198 65 2 1 2.0
108.0 199 67 4 1 4.0
109.0 200 68 2 1 2.0
110.0 201 69 2 1 2.0
111.0 202 70 2 1 2.0
112.0 203 72 4 1 4.0
113.0 204 74 4 1 4.0
114.0 205 75 2 1 2.0
115.0 206 76 2 1 2.0
116.0 207 77 2 1 2.0
117.0 208 78 2 1 2.0
118.0 209 79 2 1 2.0
119.0 210 80 2 1 2.0
120.0 211 82 4 1 4.0
121.0 212 83 2 1 2.0
122.0 213 85 4 1 4.0
123.0 214 86 2 1 2.0
124.0 215 87 2 1 2.0
125.0 216 88 2 1 2.0
126.0 217 89 2 1 2.0
127.0 218 91 4 1 4.0
128.0 219 92 2 1 2.0
129.0 220 93 2 1 2.0
130.0 221 0 2 1 2.0
131.0 222 6 10 1 10.0
132.0 223 8 4 1 4.0
133.0 224 9 2 1 2.0
134.0 225 12 6 1 6.0
135.0 226 14 4 1 4.0
136.0 227 15 2 1 2.0
137.0 228 16 2 1 2.0
138.0 229 19 6 1 6.0
139.0 230 21 4 1 4.0
140.0 231 22 2 1 2.0
141.0 232 25 6 1 6.0
142.0 233 27 4 1 4.0
143.0 234 29 4 1 4.0
144.0 235 30 2 1 2.0
145.0 236 32 4 1 4.0
146.0 237 35 6 1 6.0
147.0 238 36 2 1 2.0
148.0 239 37 2 1 2.0
149.0 240 38 2 1 2.0
150.0 241 40 4 1 4.0
151.0 242 41 2 1 2.0
152.0 243 42 2 1 2.0
153.0 244 43 2 1 2.0
154.0 245 46 6 1 6.0
155.0 246 47 2 1 2.0
156.0 247 48 2 1 2.0
157.0 248 49 2 1 2.0
158.0 249 50 2 1 2.0
159.0 250 51 2 1 2.0
160.0 251 52 2 1 2.0
161.0 252 55 6 1 6.0
162.0 253 56 2 1 2.0
163.0 254 57 2 1 2.0
164.0 255 58 2 1 2.0
165.0 256 59 2 1 2.0
166.0 257 61 4 1 4.0
167.0 258 62 2 1 2.0
168.0 259 65 6 1 6.0
169.0 260 66 2 1 2.0
170.0 261 67 2 1 2.0
171.0 262 68 2 1 2.0
172.0 263 69 2 1 2.0
173.0 264 70 2 1 2.0
174.0 265 73 6 1 6.0
175.0 266 74 2 1 2.0
176.0 267 75 2 1 2.0
177.0 268 76 2 1 2.0
178.0 269 77 2 1 2.0
179.0 270 78 2 1 2.0
180.0 271 79 2 1 2.0
181.0 272 80 2 1 2.0
182.0 273 82 4 1 4.0
183.0 274 84 4 1 4.0
184.0 275 85 2 1 2.0
185.0 276 86 2 1 2.0
186.0 277 87 2 1 2.0
187.0 278 88 2 1 2.0
188.0 279 89 2 1 2.0
189.0 280 93 8 1 8.0
190.0 281 0 2 1 2.0
191.0 282 8 14 1 14.0
192.0 283 11 6 1 6.0
193.0 284 14 6 1 6.0
194.0 285 16 4 1 4.0
195.0 286 19 6 1 6.0
196.0 287 21 4 1 4.0
197.0 288 22 2 1 2.0
198.0 289 25 6 1 6.0
199.0 290 26 2 1 2.0
200.0 291 27 2 1 2.0
201.0 292 30 6 1 6.0
202.0 293 33 6 1 6.0
203.0 294 35 4 1 4.0
204.0 295 37 4 1 4.0
205.0 296 39 4 1 4.0
206.0 297 41 4 1 4.0
207.0 298 43 4 1 4.0
208.0 299 44 2 1 2.0
209.0 300 45 2 1 2.0
210.0 301 46 2 1 2.0
211.0 302 47 2 1 2.0
212.0 303 50 6 1 6.0
213.0 304 52 4 1 4.0
214.0 305 53 2 1 2.0
215.0 306 54 2 1 2.0
216.0 307 55 2 1 2.0
217.0 308 58 6 1 6.0
218.0 309 60 4 1 4.0
219.0 310 61 2 1 2.0
220.0 311 63 4 1 4.0
221.0 312 64 2 1 2.0
222.0 313 65 2 1 2.0
223.0 314 67 4 1 4.0
224.0 315 69 4 1 4.0
225.0 316 72 6 1 6.0
226.0 317 73 2 1 2.0
227.0 318 74 2 1 2.0
228.0 319 75 2 1 2.0
229.0 320 77 4 1 4.0
230.0 321 78 2 1 2.0
231.0 322 79 2 1 2.0
232.0 323 81 4 1 4.0
233.0 324 82 2 1 2.0
234.0 325 83 2 1 2.0
235.0 326 85 4 1 4.0
236.0 327 87 4 1 4.0
237.0 328 89 4 1 4.0
238.0 329 90 2 1 2.0
239.0 330 93 6 1 6.0
240.0 331 94 2 1 2.0
241.0 332 95 2 1 2.0
242.0 333 97 4 1 4.0
243.0 334 98 2 1 2.0
244.0 335 99 2 1 2.0
245.0 336 100 2 1 2.0
246.0 337 101 2 1 2.0
247.0 338 102 2 1 2.0
248.0 339 103 2 1 2.0
249.0 340 104 2 1 2.0
250.0 341 0 4 1 4.0
251.0 342 5 8 1 8.0
252.0 343 8 6 1 6.0
253.0 344 11 6 1 6.0
254.0 345 13 4 1 4.0
255.0 346 16 6 1 6.0
256.0 347 18 4 1 4.0
257.0 348 20 4 1 4.0
258.0 349 21 2 1 2.0
259.0 350 23 4 1 4.0
260.0 351 24 2 1 2.0
261.0 352 28 8 1 8.0
262.0 353 29 2 1 2.0
263.0 354 30 2 1 2.0
264.0 355 32 4 1 4.0
265.0 356 34 4 1 4.0
266.0 357 35 2 1 2.0
267.0 358 38 6 1 6.0
268.0 359 41 6 1 6.0
269.0 360 43 4 1 4.0
270.0 361 44 2 1 2.0
271.0 362 47 6 1 6.0
272.0 363 48 2 1 2.0
273.0 364 51 6 1 6.0
274.0 365 54 6 1 6.0
275.0 366 55 2 1 2.0
276.0 367 57 4 1 4.0
277.0 368 58 2 1 2.0
278.0 369 61 6 1 6.0
279.0 370 64 6 1 6.0
280.0 371 66 4 1 4.0
281.0 372 68 4 1 4.0
282.0 373 69 2 1 2.0
283.0 374 70 2 1 2.0
284.0 375 71 2 1 2.0
285.0 376 72 2 1 2.0
286.0 377 73 2 1 2.0
287.0 378 75 4 1 4.0
288.0 379 77 4 1 4.0
289.0 380 78 2 1 2.0
290.0 381 79 2 1 2.0
291.0 382 80 2 1 2.0
292.0 383 82 4 1 4.0
293.0 384 85 6 1 6.0
294.0 385 86 2 1 2.0
295.0 386 88 4 1 4.0
296.0 387 89 2 1 2.0
297.0 388 90 2 1 2.0
298.0 389 91 2 1 2.0
299.0 390 92 2 1 2.0
300.0 391 93 2 1 2.0
301.0 392 94 2 1 2.0
302.0 393 96 4 1 4.0
303.0 394 97 2 1 2.0
304.0 395 98 2 1 2.0
305.0 396 99 2 1 2.0
306.0 397 101 4 1 4.0
307.0 398 102 2 1 2.0
308.0 399 103 2 1 2.0
309.0 400 105 4 1 4.0
310.0 401 0 2 1 2.0
311.0 402 6 10 1 10.0
312.0 403 10 8 1 8.0
313.0 404 12 4 1 4.0
314.0 405 16 8 1 8.0
315.0 406 17 2 1 2.0
316.0 407 19 4 1 4.0
317.0 408 22 6 1 6.0
318.0 409 23 2 1 2.0
319.0 410 25 4 1 4.0
320.0 411 28 6 1 6.0
321.0 412 29 2 1 2.0
322.0 413 32 6 1 6.0
323.0 414 33 2 1 2.0
324.0 415 36 6 1 6.0
325.0 416 38 4 1 4.0
326.0 417 39 2 1 2.0
327.0 418 41 4 1 4.0
328.0 419 42 2 1 2.0
329.0 420 43 2 1 2.0
330.0 421 46 6 1 6.0
331.0 422 47 2 1 2.0
332.0 423 49 4 1 4.0
333.0 424 50 2 1 2.0
334.0 425 51 2 1 2.0
335.0 426 52 2 1 2.0
336.0 427 53 2 1 2.0
337.0 428 56 6 1 6.0
338.0 429 59 6 1 6.0
339.0 430 61 4 1 4.0
340.0 431 65 8 1 8.0
341.0 432 67 4 1 4.0
342.0 433 68 2 1 2.0
343.0 434 70 4 1 4.0
344.0 435 71 2 1 2.0
345.0 436 73 4 1 4.0
346.0 437 74 2 1 2.0
347.0 438 75 2 1 2.0
348.0 439 77 4 1 4.0
349.0 440 78 2 1 2.0
350.0 441 79 2 1 2.0
351.0 442 80 2 1 2.0
352.0 443 83 6 1 6.0
353.0 444 85 4 1 4.0
354.0 445 87 4 1 4.0
355.0 446 91 8 1 8.0
356.0 447 92 2 1 2.0
357.0 448 94 4 1 4.0
358.0 449 96 4 1 4.0
359.0 450 100 8 1 8.0
360.0 451 101 2 1 2.0
361.0 452 104 6 1 6.0
362.0 453 105 2 1 2.0
363.0 454 106 2 1 2.0
364.0 455 108 4 1 4.0
365.0 456 109 2 1 2.0
366.0 457 112 6 1 6.0
367.0 458 116 8 1 8.0
368.0 459 117 2 1 2.0
369.0 460 119 4 1 4.0
370.0 461 0 4 1 4.0
371.0 462 5 8 1 8.0
372.0 463 8 6 1 6.0
373.0 464 12 8 1 8.0
374.0 465 13 2 1 2.0
375.0 466 16 6 1 6.0
376.0 467 17 2 1 2.0
377.0 468 19 4 1 4.0
378.0 469 20 2 1 2.0
379.0 470 22 4 1 4.0
380.0 471 26 8 1 8.0
381.0 472 28 4 1 4.0
382.0 473 29 2 1 2.0
383.0 474 30 2 1 2.0
384.0 475 31 2 1 2.0
385.0 476 35 8 1 8.0
386.0 477 36 2 1 2.0
387.0 478 39 6 1 6.0
388.0 479 40 2 1 2.0
389.0 480 44 8 1 8.0
390.0 481 46 4 1 4.0
391.0 482 49 6 1 6.0
392.0 483 51 4 1 4.0
393.0 484 52 2 1 2.0
394.0 485 53 2 1 2.0
395.0 486 54 2 1 2.0
396.0 487 56 4 1 4.0
397.0 488 57 2 1 2.0
398.0 489 58 2 1 2.0
399.0 490 59 2 1 2.0
400.0 491 60 2 1 2.0
401.0 492 62 4 1 4.0
402.0 493 66 8 1 8.0
403.0 494 67 2 1 2.0
404.0 495 68 2 1 2.0
405.0 496 69 2 1 2.0
406.0 497 70 2 1 2.0
407.0 498 72 4 1 4.0
408.0 499 73 2 1 2.0
409.0 500 74 2 1 2.0
410.0 501 75 2 1 2.0
411.0 502 76 2 1 2.0
412.0 503 77 2 1 2.0
413.0 504 80 6 1 6.0
414.0 505 82 4 1 4.0
415.0 506 83 2 1 2.0
416.0 507 84 2 1 2.0
417.0 508 86 4 1 4.0
418.0 509 87 2 1 2.0
419.0 510 88 2 1 2.0
420.0 511 89 2 1 2.0
421.0 512 91 4 1 4.0
422.0 513 93 4 1 4.0
423.0 514 96 6 1 6.0
424.0 515 98 4 1 4.0
425.0 516 99 2 1 2.0
426.0 517 100 2 1 2.0
427.0 518 101 2 1 2.0
428.0 519 103 4 1 4.0
429.0 520 104 2 1 2.0
430.0 521 0 4 1 4.0
431.0 522 5 8 1 8.0
432.0 523 10 10 1 10.0
433.0 524 15 10 1 10.0
434.0 525 18 6 1 6.0
435.0 526 20 4 1 4.0
436.0 527 23 6 1 6.0
437.0 528 24 2 1 2.0
438.0 529 26 4 1 4.0
439.0 530 27 2 1 2.0
440.0 531 29 4 1 4.0
441.0 532 31 4 1 4.0
442.0 533 33 4 1 4.0
443.0 534 35 4 1 4.0
444.0 535 36 2 1 2.0
445.0 536 38 4 1 4.0
446.0 537 39 2 1 2.0
447.0 538 40 2 1 2.0
448.0 539 43 6 1 6.0
449.0 540 45 4 1 4.0
450.0 541 47 4 1 4.0
451.0 542 49 4 1 4.0
452.0 543 51 4 1 4.0
453.0 544 53 4 1 4.0
454.0 545 55 4 1 4.0
455.0 546 57 4 1 4.0
456.0 547 58 2 1 2.0
457.0 548 59 2 1 2.0
458.0 549 62 6 1 6.0
459.0 550 63 2 1 2.0
460.0 551 64 2 1 2.0
461.0 552 67 6 1 6.0
462.0 553 69 4 1 4.0
463.0 554 73 8 1 8.0
464.0 555 75 4 1 4.0
465.0 556 76 2 1 2.0
466.0 557 77 2 1 2.0
467.0 558 80 6 1 6.0
468.0 559 81 2 1 2.0
469.0 560 82 2 1 2.0
470.0 561 84 4 1 4.0
471.0 562 85 2 1 2.0
472.0 563 88 6 1 6.0
473.0 564 89 2 1 2.0
474.0 565 90 2 1 2.0
475.0 566 91 2 1 2.0
476.0 567 92 2 1 2.0
477.0 568 93 2 1 2.0
478.0 569 94 2 1 2.0
479.0 570 96 4 1 4.0
480.0 571 97 2 1 2.0
481.0 572 98 2 1 2.0
482.0 573 99 2 1 2.0
483.0 574 101 4 1 4.0
484.0 575 102 2 1 2.0
485.0 576 104 4 1 4.0
486.0 577 106 4 1 4.0
487.0 578 107 2 1 2.0
488.0 579 108 2 1 2.0
489.0 580 110 4 1 4.0
490.0 581 0 6 1 6.0
491.0 582 9 14 1 14.0
492.0 583 9 0 0 NaN
493.0 584 13 8 1 8.0
494.0 585 14 2 1 2.0
495.0 586 17 6 1 6.0
496.0 587 18 2 1 2.0
497.0 588 22 8 1 8.0
498.0 589 24 4 1 4.0
499.0 590 26 4 1 4.0
500.0 591 27 2 1 2.0
501.0 592 31 8 1 8.0
502.0 593 35 8 1 8.0
503.0 594 37 4 1 4.0
504.0 595 39 4 1 4.0
505.0 596 40 2 1 2.0
506.0 597 41 2 1 2.0
507.0 598 42 2 1 2.0
508.0 599 44 4 1 4.0
509.0 600 45 2 1 2.0
510.0 601 48 6 1 6.0
511.0 602 50 4 1 4.0
512.0 603 53 6 1 6.0
513.0 604 56 6 1 6.0
514.0 605 57 2 1 2.0
515.0 606 59 4 1 4.0
516.0 607 62 6 1 6.0
517.0 608 64 4 1 4.0
518.0 609 66 4 1 4.0
519.0 610 67 2 1 2.0
520.0 611 69 4 1 4.0
521.0 612 71 4 1 4.0
522.0 613 75 8 1 8.0
523.0 614 76 2 1 2.0
524.0 615 78 4 1 4.0
525.0 616 79 2 1 2.0
526.0 617 80 2 1 2.0
527.0 618 82 4 1 4.0
528.0 619 84 4 1 4.0
529.0 620 86 4 1 4.0
530.0 621 87 2 1 2.0
531.0 622 90 6 1 6.0
532.0 623 92 4 1 4.0
533.0 624 94 4 1 4.0
534.0 625 95 2 1 2.0
535.0 626 98 6 1 6.0
536.0 627 99 2 1 2.0
537.0 628 101 4 1 4.0
538.0 629 102 2 1 2.0
539.0 630 103 2 1 2.0
540.0 631 104 2 1 2.0
541.0 632 106 4 1 4.0
542.0 633 107 2 1 2.0
543.0 634 108 2 1 2.0
544.0 635 109 2 1 2.0
545.0 636 110 2 1 2.0
546.0 637 112 4 1 4.0
547.0 638 113 2 1 2.0
548.0 639 114 2 1 2.0
549.0 640 115 2 1 2.0
550.0 641 0 2 1 2.0
551.0 642 6 10 1 10.0
552.0 643 9 6 1 6.0
553.0 644 13 8 1 8.0
554.0 645 16 6 1 6.0
555.0 646 17 2 1 2.0
556.0 647 21 8 1 8.0
557.0 648 22 2 1 2.0
558.0 649 25 6 1 6.0
559.0 650 27 4 1 4.0
560.0 651 30 6 1 6.0
561.0 652 31 2 1 2.0
562.0 653 35 8 1 8.0
563.0 654 38 6 1 6.0
564.0 655 40 4 1 4.0
565.0 656 44 8 1 8.0
566.0 657 47 6 1 6.0
567.0 658 50 6 1 6.0
568.0 659 53 6 1 6.0
569.0 660 55 4 1 4.0
570.0 661 56 2 1 2.0
571.0 662 57 2 1 2.0
572.0 663 60 6 1 6.0
573.0 664 64 8 1 8.0
574.0 665 65 2 1 2.0
575.0 666 66 2 1 2.0
576.0 667 68 4 1 4.0
577.0 668 69 2 1 2.0
578.0 669 70 2 1 2.0
579.0 670 71 2 1 2.0
580.0 671 72 2 1 2.0
581.0 672 74 4 1 4.0
582.0 673 75 2 1 2.0
583.0 674 78 6 1 6.0
584.0 675 81 6 1 6.0
585.0 676 83 4 1 4.0
586.0 677 85 4 1 4.0
587.0 678 88 6 1 6.0
588.0 679 89 2 1 2.0
589.0 680 90 2 1 2.0
590.0 681 91 2 1 2.0
591.0 682 92 2 1 2.0
592.0 683 93 2 1 2.0
593.0 684 95 4 1 4.0
594.0 685 97 4 1 4.0
595.0 686 99 4 1 4.0
596.0 687 101 4 1 4.0
597.0 688 103 4 1 4.0
598.0 689 105 4 1 4.0
599.0 690 106 2 1 2.0
2671.0 587 3.5298126
