java -cp `find -L lib/ -name "*.jar" | tr [:space:] :`:"":classes peersim.Simulator PCX.cfg



0.0 100 0 0 0 NaN 0
1.0 100 1 0 0 NaN 0
2.0 100 1 0 0 NaN 0
3.0 100 1 0 0 NaN 0
4.0 100 1 0 0 NaN 0
5.0 100 1 0 0 NaN 0
6.0 100 1 0 0 NaN 0
7.0 100 1 0 0 NaN 0
8.0 100 1 0 0 NaN 0
9.0 100 1 0 0 NaN 0
10.0 101 1 0 0 NaN 0
11.0 102 6 10 1 10.0 0
12.0 103 7 2 1 2.0 0
13.0 104 8 2 1 2.0 0
14.0 105 11 6 1 6.0 0
15.0 106 14 6 1 6.0 0
16.0 107 15 2 1 2.0 0
17.0 108 16 2 1 2.0 0
18.0 109 20 8 1 8.0 0
19.0 110 22 4 1 4.0 0
20.0 111 23 2 1 2.0 0
21.0 112 24 2 1 2.0 0
22.0 113 26 4 1 4.0 0
23.0 114 27 2 1 2.0 0
24.0 115 28 2 1 2.0 0
25.0 116 29 2 1 2.0 0
26.0 117 30 2 1 2.0 0
27.0 118 31 2 1 2.0 0
28.0 119 32 2 1 2.0 0
29.0 120 34 4 1 4.0 0
30.0 121 36 4 1 4.0 0
31.0 122 37 2 1 2.0 0
32.0 123 38 2 1 2.0 0
33.0 124 39 2 1 2.0 0
34.0 125 41 4 1 4.0 0
35.0 126 42 2 1 2.0 0
36.0 127 44 4 1 4.0 0
37.0 128 45 2 1 2.0 0
38.0 129 46 2 1 2.0 0
39.0 130 48 4 1 4.0 0
40.0 131 50 4 1 4.0 0
41.0 132 52 4 1 4.0 0
42.0 133 54 4 1 4.0 0
43.0 134 56 4 1 4.0 0
44.0 135 58 4 1 4.0 0
45.0 136 59 2 1 2.0 0
46.0 137 60 2 1 2.0 0
47.0 138 61 2 1 2.0 0
48.0 139 62 2 1 2.0 0
49.0 140 64 4 1 4.0 0
50.0 141 65 2 1 2.0 0
51.0 142 66 2 1 2.0 0
52.0 143 68 4 1 4.0 0
53.0 144 69 2 1 2.0 0
54.0 145 70 2 1 2.0 0
55.0 146 73 6 1 6.0 0
56.0 147 74 2 1 2.0 0
57.0 148 75 2 1 2.0 0
58.0 149 76 2 1 2.0 0
59.0 150 78 4 1 4.0 0
60.0 151 79 2 1 2.0 0
61.0 152 80 2 1 2.0 79
62.0 153 81 2 1 2.0 0
63.0 154 83 4 1 4.0 0
64.0 155 84 2 1 2.0 0
65.0 156 85 2 1 2.0 0
66.0 157 86 2 1 2.0 0
67.0 158 87 2 1 2.0 0
68.0 159 88 2 1 2.0 0
69.0 160 89 2 1 2.0 0
70.0 161 90 2 1 2.0 0
71.0 162 91 2 1 2.0 0
72.0 163 92 2 1 2.0 0
73.0 164 93 2 1 2.0 0
74.0 165 94 2 1 2.0 0
75.0 166 95 2 1 2.0 0
76.0 167 96 2 1 2.0 0
77.0 168 97 2 1 2.0 0
78.0 169 98 2 1 2.0 0
79.0 170 99 2 1 2.0 0
80.0 171 100 2 1 2.0 0
81.0 172 101 2 1 2.0 0
82.0 173 102 2 1 2.0 0
83.0 174 103 2 1 2.0 0
84.0 175 104 2 1 2.0 0
85.0 176 105 2 1 2.0 0
86.0 177 106 2 1 2.0 0
87.0 178 107 2 1 2.0 0
88.0 179 108 2 1 2.0 0
89.0 180 109 2 1 2.0 0
90.0 181 110 2 1 2.0 0
91.0 182 111 2 1 2.0 0
92.0 183 112 2 1 2.0 0
93.0 184 113 2 1 2.0 0
94.0 185 114 2 1 2.0 0
95.0 186 115 2 1 2.0 0
96.0 187 116 2 1 2.0 0
97.0 188 117 2 1 2.0 0
98.0 189 118 2 1 2.0 0
99.0 190 119 2 1 2.0 0
100.0 191 120 2 1 2.0 0
101.0 192 121 2 1 2.0 0
102.0 193 122 2 1 2.0 0
103.0 194 123 2 1 2.0 0
104.0 195 124 2 1 2.0 0
105.0 196 126 4 1 4.0 0
106.0 197 127 2 1 2.0 0
107.0 198 128 2 1 2.0 0
108.0 199 129 2 1 2.0 0
109.0 200 130 2 1 2.0 0
110.0 201 131 2 1 2.0 0
111.0 202 132 2 1 2.0 0
112.0 203 134 4 1 4.0 0
113.0 204 135 2 1 2.0 0
114.0 205 136 2 1 2.0 0
115.0 206 137 2 1 2.0 0
116.0 207 138 2 1 2.0 0
117.0 208 139 2 1 2.0 0
118.0 209 140 2 1 2.0 0
119.0 210 141 2 1 2.0 0
120.0 211 142 2 1 2.0 0
121.0 212 143 2 1 2.0 85
122.0 213 145 4 1 4.0 0
123.0 214 146 2 1 2.0 0
124.0 215 147 2 1 2.0 0
125.0 216 148 2 1 2.0 0
126.0 217 149 2 1 2.0 0
127.0 218 150 2 1 2.0 0
128.0 219 151 2 1 2.0 0
129.0 220 152 2 1 2.0 0
130.0 221 95 2 1 2.0 0
131.0 222 97 4 1 4.0 0
132.0 223 98 2 1 2.0 0
133.0 224 99 2 1 2.0 0
134.0 225 100 2 1 2.0 0
135.0 226 101 2 1 2.0 0
136.0 227 102 2 1 2.0 0
137.0 228 103 2 1 2.0 0
138.0 229 104 2 1 2.0 0
139.0 230 105 2 1 2.0 0
140.0 231 107 4 1 4.0 0
141.0 232 108 2 1 2.0 0
142.0 233 109 2 1 2.0 0
143.0 234 110 2 1 2.0 0
144.0 235 111 2 1 2.0 0
145.0 236 112 2 1 2.0 0
146.0 237 113 2 1 2.0 0
147.0 238 116 6 1 6.0 0
148.0 239 117 2 1 2.0 0
149.0 240 119 4 1 4.0 0
150.0 241 121 4 1 4.0 0
151.0 242 122 2 1 2.0 0
152.0 243 123 2 1 2.0 0
153.0 244 124 2 1 2.0 0
154.0 245 125 2 1 2.0 0
155.0 246 127 4 1 4.0 0
156.0 247 128 2 1 2.0 0
157.0 248 129 2 1 2.0 0
158.0 249 130 2 1 2.0 0
159.0 250 131 2 1 2.0 0
160.0 251 132 2 1 2.0 0
161.0 252 133 2 1 2.0 0
162.0 253 134 2 1 2.0 0
163.0 254 136 4 1 4.0 0
164.0 255 137 2 1 2.0 0
165.0 256 138 2 1 2.0 0
166.0 257 139 2 1 2.0 0
167.0 258 140 2 1 2.0 0
168.0 259 143 6 1 6.0 0
169.0 260 144 2 1 2.0 0
170.0 261 145 2 1 2.0 0
171.0 262 146 2 1 2.0 0
172.0 263 147 2 1 2.0 0
173.0 264 148 2 1 2.0 0
174.0 265 149 2 1 2.0 0
175.0 266 150 2 1 2.0 0
176.0 267 151 2 1 2.0 0
177.0 268 152 2 1 2.0 0
178.0 269 153 2 1 2.0 0
179.0 270 154 2 1 2.0 0
180.0 271 155 2 1 2.0 0
181.0 272 161 2 1 2.0 91
182.0 273 163 4 1 4.0 0
183.0 274 165 4 1 4.0 0
184.0 275 166 2 1 2.0 0
185.0 276 167 2 1 2.0 0
186.0 277 168 2 1 2.0 0
187.0 278 169 2 1 2.0 0
188.0 279 170 2 1 2.0 0
189.0 280 171 2 1 2.0 0
190.0 281 102 2 1 2.0 0
191.0 282 104 4 1 4.0 0
192.0 283 105 2 1 2.0 0
193.0 284 106 2 1 2.0 0
194.0 285 107 2 1 2.0 0
195.0 286 108 2 1 2.0 0
196.0 287 109 2 1 2.0 0
197.0 288 110 2 1 2.0 0
198.0 289 112 4 1 4.0 0
199.0 290 115 6 1 6.0 0
200.0 291 116 2 1 2.0 0
201.0 292 117 2 1 2.0 0
202.0 293 118 2 1 2.0 0
203.0 294 119 2 1 2.0 0
204.0 295 120 2 1 2.0 0
205.0 296 121 2 1 2.0 0
206.0 297 122 2 1 2.0 0
207.0 298 123 2 1 2.0 0
208.0 299 124 2 1 2.0 0
209.0 300 125 2 1 2.0 0
210.0 301 126 2 1 2.0 0
211.0 302 127 2 1 2.0 0
212.0 303 128 2 1 2.0 0
213.0 304 129 2 1 2.0 0
214.0 305 130 2 1 2.0 0
215.0 306 132 4 1 4.0 0
216.0 307 133 2 1 2.0 0
217.0 308 134 2 1 2.0 0
218.0 309 135 2 1 2.0 0
219.0 310 136 2 1 2.0 0
220.0 311 137 2 1 2.0 0
221.0 312 138 2 1 2.0 0
222.0 313 139 2 1 2.0 0
223.0 314 140 2 1 2.0 0
224.0 315 141 2 1 2.0 0
225.0 316 142 2 1 2.0 0
226.0 317 143 2 1 2.0 0
227.0 318 144 2 1 2.0 0
228.0 319 145 2 1 2.0 0
229.0 320 146 2 1 2.0 0
230.0 321 147 2 1 2.0 0
231.0 322 148 2 1 2.0 0
232.0 323 149 2 1 2.0 0
233.0 324 150 2 1 2.0 0
234.0 325 152 4 1 4.0 0
235.0 326 154 4 1 4.0 0
236.0 327 155 2 1 2.0 0
237.0 328 157 4 1 4.0 0
238.0 329 159 4 1 4.0 0
239.0 330 160 2 1 2.0 0
240.0 331 161 2 1 2.0 0
241.0 332 165 2 1 2.0 81
242.0 333 166 2 1 2.0 0
243.0 334 169 6 1 6.0 0
244.0 335 171 4 1 4.0 0
245.0 336 172 2 1 2.0 0
246.0 337 173 2 1 2.0 0
247.0 338 175 4 1 4.0 0
248.0 339 176 2 1 2.0 0
249.0 340 177 2 1 2.0 0
250.0 341 90 4 1 4.0 0
251.0 342 91 2 1 2.0 0
252.0 343 92 2 1 2.0 0
253.0 344 95 6 1 6.0 0
254.0 345 96 2 1 2.0 0
255.0 346 97 2 1 2.0 0
256.0 347 99 4 1 4.0 0
257.0 348 101 4 1 4.0 0
258.0 349 103 4 1 4.0 0
259.0 350 104 2 1 2.0 0
260.0 351 105 2 1 2.0 0
261.0 352 108 6 1 6.0 0
262.0 353 111 6 1 6.0 0
263.0 354 112 2 1 2.0 0
264.0 355 113 2 1 2.0 0
265.0 356 115 4 1 4.0 0
266.0 357 116 2 1 2.0 0
267.0 358 117 2 1 2.0 0
268.0 359 120 6 1 6.0 0
269.0 360 122 4 1 4.0 0
270.0 361 123 2 1 2.0 0
271.0 362 124 2 1 2.0 0
272.0 363 127 6 1 6.0 0
273.0 364 129 4 1 4.0 0
274.0 365 130 2 1 2.0 0
275.0 366 131 2 1 2.0 0
276.0 367 132 2 1 2.0 0
277.0 368 133 2 1 2.0 0
278.0 369 134 2 1 2.0 0
279.0 370 135 2 1 2.0 0
280.0 371 136 2 1 2.0 0
281.0 372 137 2 1 2.0 0
282.0 373 140 6 1 6.0 0
283.0 374 141 2 1 2.0 0
284.0 375 142 2 1 2.0 0
285.0 376 143 2 1 2.0 0
286.0 377 144 2 1 2.0 0
287.0 378 145 2 1 2.0 0
288.0 379 146 2 1 2.0 0
289.0 380 148 4 1 4.0 0
290.0 381 150 4 1 4.0 0
291.0 382 151 2 1 2.0 0
292.0 383 152 2 1 2.0 0
293.0 384 153 2 1 2.0 0
294.0 385 154 2 1 2.0 0
295.0 386 155 2 1 2.0 0
296.0 387 156 2 1 2.0 0
297.0 388 157 2 1 2.0 0
298.0 389 159 4 1 4.0 0
299.0 390 160 2 1 2.0 0
300.0 391 161 2 1 2.0 0
301.0 392 181 2 1 2.0 103
302.0 393 183 4 1 4.0 0
303.0 394 184 2 1 2.0 0
304.0 395 185 2 1 2.0 0
305.0 396 186 2 1 2.0 0
306.0 397 187 2 1 2.0 0
307.0 398 188 2 1 2.0 0
308.0 399 189 2 1 2.0 0
309.0 400 190 2 1 2.0 0
310.0 401 111 2 1 2.0 0
311.0 402 114 6 1 6.0 0
312.0 403 116 4 1 4.0 0
313.0 404 118 4 1 4.0 0
314.0 405 120 4 1 4.0 0
315.0 406 122 4 1 4.0 0
316.0 407 125 6 1 6.0 0
317.0 408 128 6 1 6.0 0
318.0 409 129 2 1 2.0 0
319.0 410 131 4 1 4.0 0
320.0 411 132 2 1 2.0 0
321.0 412 133 2 1 2.0 0
322.0 413 134 2 1 2.0 0
323.0 414 136 4 1 4.0 0
324.0 415 137 2 1 2.0 0
325.0 416 138 2 1 2.0 0
326.0 417 141 6 1 6.0 0
327.0 418 142 2 1 2.0 0
328.0 419 143 2 1 2.0 0
329.0 420 144 2 1 2.0 0
330.0 421 146 4 1 4.0 0
331.0 422 147 2 1 2.0 0
332.0 423 148 2 1 2.0 0
333.0 424 149 2 1 2.0 0
334.0 425 150 2 1 2.0 0
335.0 426 151 2 1 2.0 0
336.0 427 152 2 1 2.0 0
337.0 428 154 4 1 4.0 0
338.0 429 155 2 1 2.0 0
339.0 430 156 2 1 2.0 0
340.0 431 157 2 1 2.0 0
341.0 432 158 2 1 2.0 0
342.0 433 160 4 1 4.0 0
343.0 434 161 2 1 2.0 0
344.0 435 162 2 1 2.0 0
345.0 436 163 2 1 2.0 0
346.0 437 164 2 1 2.0 0
347.0 438 165 2 1 2.0 0
348.0 439 166 2 1 2.0 0
349.0 440 168 4 1 4.0 0
350.0 441 169 2 1 2.0 0
351.0 442 170 2 1 2.0 0
352.0 443 172 4 1 4.0 0
353.0 444 173 2 1 2.0 0
354.0 445 175 4 1 4.0 0
355.0 446 176 2 1 2.0 0
356.0 447 177 2 1 2.0 0
357.0 448 179 4 1 4.0 0
358.0 449 180 2 1 2.0 0
359.0 450 181 2 1 2.0 0
360.0 451 184 6 1 6.0 0
361.0 452 209 2 1 2.0 132
362.0 453 210 2 1 2.0 0
363.0 454 212 4 1 4.0 0
364.0 455 213 2 1 2.0 0
365.0 456 214 2 1 2.0 0
366.0 457 215 2 1 2.0 0
367.0 458 216 2 1 2.0 0
368.0 459 217 2 1 2.0 0
369.0 460 218 2 1 2.0 0
370.0 461 140 2 1 2.0 0
371.0 462 141 2 1 2.0 0
372.0 463 146 10 1 10.0 0
373.0 464 147 2 1 2.0 0
374.0 465 148 2 1 2.0 0
375.0 466 151 6 1 6.0 0
376.0 467 152 2 1 2.0 0
377.0 468 153 2 1 2.0 0
378.0 469 155 4 1 4.0 0
379.0 470 156 2 1 2.0 0
380.0 471 157 2 1 2.0 0
381.0 472 160 6 1 6.0 0
382.0 473 161 2 1 2.0 0
383.0 474 162 2 1 2.0 0
384.0 475 163 2 1 2.0 0
385.0 476 166 6 1 6.0 0
386.0 477 167 2 1 2.0 0
387.0 478 168 2 1 2.0 0
388.0 479 169 2 1 2.0 0
389.0 480 170 2 1 2.0 0
390.0 481 171 2 1 2.0 0
391.0 482 172 2 1 2.0 0
392.0 483 173 2 1 2.0 0
393.0 484 175 4 1 4.0 0
394.0 485 176 2 1 2.0 0
395.0 486 177 2 1 2.0 0
396.0 487 178 2 1 2.0 0
397.0 488 179 2 1 2.0 0
398.0 489 180 2 1 2.0 0
399.0 490 181 2 1 2.0 0
400.0 491 183 4 1 4.0 0
401.0 492 184 2 1 2.0 0
402.0 493 187 6 1 6.0 0
403.0 494 189 4 1 4.0 0
404.0 495 190 2 1 2.0 0
405.0 496 191 2 1 2.0 0
406.0 497 193 4 1 4.0 0
407.0 498 194 2 1 2.0 0
408.0 499 195 2 1 2.0 0
409.0 500 196 2 1 2.0 0
410.0 501 197 2 1 2.0 0
411.0 502 199 4 1 4.0 0
412.0 503 200 2 1 2.0 0
413.0 504 201 2 1 2.0 0
414.0 505 202 2 1 2.0 0
415.0 506 203 2 1 2.0 0
416.0 507 204 2 1 2.0 0
417.0 508 205 2 1 2.0 0
418.0 509 207 4 1 4.0 0
419.0 510 208 2 1 2.0 0
420.0 511 209 2 1 2.0 0
421.0 512 214 2 1 2.0 100
422.0 513 215 2 1 2.0 0
423.0 514 216 2 1 2.0 0
424.0 515 218 4 1 4.0 0
425.0 516 219 2 1 2.0 0
426.0 517 220 2 1 2.0 0
427.0 518 222 4 1 4.0 0
428.0 519 223 2 1 2.0 0
429.0 520 224 2 1 2.0 0
430.0 521 104 2 1 2.0 0
431.0 522 106 4 1 4.0 0
432.0 523 113 14 1 14.0 0
433.0 524 115 4 1 4.0 0
434.0 525 117 4 1 4.0 0
435.0 526 119 4 1 4.0 0
436.0 527 120 2 1 2.0 0
437.0 528 121 2 1 2.0 0
438.0 529 124 6 1 6.0 0
439.0 530 127 6 1 6.0 0
440.0 531 132 10 1 10.0 0
441.0 532 133 2 1 2.0 0
442.0 533 136 6 1 6.0 0
443.0 534 137 2 1 2.0 0
444.0 535 138 2 1 2.0 0
445.0 536 142 8 1 8.0 0
446.0 537 144 4 1 4.0 0
447.0 538 145 2 1 2.0 0
448.0 539 146 2 1 2.0 0
449.0 540 148 4 1 4.0 0
450.0 541 149 2 1 2.0 0
451.0 542 150 2 1 2.0 0
452.0 543 152 4 1 4.0 0
453.0 544 153 2 1 2.0 0
454.0 545 154 2 1 2.0 0
455.0 546 155 2 1 2.0 0
456.0 547 156 2 1 2.0 0
457.0 548 157 2 1 2.0 0
458.0 549 159 4 1 4.0 0
459.0 550 161 4 1 4.0 0
460.0 551 162 2 1 2.0 0
461.0 552 163 2 1 2.0 0
462.0 553 167 8 1 8.0 0
463.0 554 168 2 1 2.0 0
464.0 555 170 4 1 4.0 0
465.0 556 171 2 1 2.0 0
466.0 557 172 2 1 2.0 0
467.0 558 173 2 1 2.0 0
468.0 559 174 2 1 2.0 0
469.0 560 175 2 1 2.0 0
470.0 561 177 4 1 4.0 0
471.0 562 178 2 1 2.0 0
472.0 563 179 2 1 2.0 0
473.0 564 180 2 1 2.0 0
474.0 565 183 6 1 6.0 0
475.0 566 184 2 1 2.0 0
476.0 567 185 2 1 2.0 0
477.0 568 187 4 1 4.0 0
478.0 569 189 4 1 4.0 0
479.0 570 190 2 1 2.0 0
480.0 571 191 2 1 2.0 0
481.0 572 245 2 1 2.0 175
482.0 573 246 2 1 2.0 0
483.0 574 247 2 1 2.0 0
484.0 575 248 2 1 2.0 0
485.0 576 249 2 1 2.0 0
486.0 577 250 2 1 2.0 0
487.0 578 251 2 1 2.0 0
488.0 579 252 2 1 2.0 0
489.0 580 253 2 1 2.0 0
490.0 581 183 4 1 4.0 0
491.0 582 184 2 1 2.0 0
492.0 583 186 4 1 4.0 0
493.0 584 187 2 1 2.0 0
494.0 585 188 2 1 2.0 0
495.0 586 190 4 1 4.0 0
496.0 587 191 2 1 2.0 0
497.0 588 193 4 1 4.0 0
498.0 589 195 4 1 4.0 0
499.0 590 197 4 1 4.0 0
500.0 591 198 2 1 2.0 0
501.0 592 201 6 1 6.0 0
502.0 593 202 2 1 2.0 0
503.0 594 204 4 1 4.0 0
504.0 595 206 4 1 4.0 0
505.0 596 208 4 1 4.0 0
506.0 597 210 4 1 4.0 0
507.0 598 211 2 1 2.0 0
508.0 599 212 2 1 2.0 0
509.0 600 214 4 1 4.0 0
510.0 601 216 4 1 4.0 0
511.0 602 218 4 1 4.0 0
512.0 603 219 2 1 2.0 0
513.0 604 220 2 1 2.0 0
514.0 605 221 2 1 2.0 0
515.0 606 223 4 1 4.0 0
516.0 607 224 2 1 2.0 0
517.0 608 225 2 1 2.0 0
518.0 609 226 2 1 2.0 0
519.0 610 227 2 1 2.0 0
520.0 611 228 2 1 2.0 0
521.0 612 230 4 1 4.0 0
522.0 613 231 2 1 2.0 0
523.0 614 232 2 1 2.0 0
524.0 615 233 2 1 2.0 0
525.0 616 235 4 1 4.0 0
526.0 617 236 2 1 2.0 0
527.0 618 237 2 1 2.0 0
528.0 619 238 2 1 2.0 0
529.0 620 239 2 1 2.0 0
530.0 621 240 2 1 2.0 0
531.0 622 241 2 1 2.0 0
532.0 623 242 2 1 2.0 0
533.0 624 243 2 1 2.0 0
534.0 625 245 4 1 4.0 0
535.0 626 247 4 1 4.0 0
536.0 627 248 2 1 2.0 0
537.0 628 249 2 1 2.0 0
538.0 629 251 4 1 4.0 0
539.0 630 252 2 1 2.0 0
540.0 631 253 2 1 2.0 0
541.0 632 261 2 1 2.0 150
542.0 633 262 2 1 2.0 0
543.0 634 263 2 1 2.0 0
544.0 635 265 4 1 4.0 0
545.0 636 266 2 1 2.0 0
546.0 637 267 2 1 2.0 0
547.0 638 268 2 1 2.0 0
548.0 639 269 2 1 2.0 0
549.0 640 270 2 1 2.0 0
550.0 641 158 2 1 2.0 0
551.0 642 159 2 1 2.0 0
552.0 643 160 2 1 2.0 0
553.0 644 161 2 1 2.0 0
554.0 645 162 2 1 2.0 0
555.0 646 165 6 1 6.0 0
556.0 647 166 2 1 2.0 0
557.0 648 167 2 1 2.0 0
558.0 649 171 8 1 8.0 0
559.0 650 172 2 1 2.0 0
560.0 651 174 4 1 4.0 0
561.0 652 175 2 1 2.0 0
562.0 653 177 4 1 4.0 0
563.0 654 180 6 1 6.0 0
564.0 655 181 2 1 2.0 0
565.0 656 182 2 1 2.0 0
566.0 657 183 2 1 2.0 0
567.0 658 184 2 1 2.0 0
568.0 659 185 2 1 2.0 0
569.0 660 186 2 1 2.0 0
570.0 661 187 2 1 2.0 0
571.0 662 188 2 1 2.0 0
572.0 663 189 2 1 2.0 0
573.0 664 190 2 1 2.0 0
574.0 665 191 2 1 2.0 0
575.0 666 192 2 1 2.0 0
576.0 667 195 6 1 6.0 0
577.0 668 196 2 1 2.0 0
578.0 669 197 2 1 2.0 0
579.0 670 198 2 1 2.0 0
580.0 671 199 2 1 2.0 0
581.0 672 200 2 1 2.0 0
582.0 673 201 2 1 2.0 0
583.0 674 202 2 1 2.0 0
584.0 675 204 4 1 4.0 0
585.0 676 205 2 1 2.0 0
586.0 677 206 2 1 2.0 0
587.0 678 207 2 1 2.0 0
588.0 679 208 2 1 2.0 0
589.0 680 209 2 1 2.0 0
590.0 681 211 4 1 4.0 0
591.0 682 213 4 1 4.0 0
592.0 683 214 2 1 2.0 0
593.0 684 215 2 1 2.0 0
594.0 685 216 2 1 2.0 0
595.0 686 217 2 1 2.0 0
596.0 687 218 2 1 2.0 0
597.0 688 219 2 1 2.0 0
598.0 689 220 2 1 2.0 0
599.0 690 222 4 1 4.0 0
600.0 691 223 2 1 2.0 0
601.0 692 233 2 1 2.0 139
602.0 693 234 2 1 2.0 0
603.0 694 235 2 1 2.0 0
604.0 695 236 2 1 2.0 0
605.0 696 237 2 1 2.0 0
606.0 697 238 2 1 2.0 0
607.0 698 239 2 1 2.0 0
608.0 699 242 6 1 6.0 0
609.0 700 243 2 1 2.0 0
610.0 701 148 4 1 4.0 0
611.0 702 149 2 1 2.0 0
612.0 703 151 4 1 4.0 0
613.0 704 152 2 1 2.0 0
614.0 705 153 2 1 2.0 0
615.0 706 154 2 1 2.0 0
616.0 707 155 2 1 2.0 0
617.0 708 157 4 1 4.0 0
618.0 709 158 2 1 2.0 0
619.0 710 159 2 1 2.0 0
620.0 711 160 2 1 2.0 0
621.0 712 162 4 1 4.0 0
622.0 713 163 2 1 2.0 0
623.0 714 164 2 1 2.0 0
624.0 715 165 2 1 2.0 0
625.0 716 166 2 1 2.0 0
626.0 717 167 2 1 2.0 0
627.0 718 168 2 1 2.0 0
628.0 719 170 4 1 4.0 0
629.0 720 172 4 1 4.0 0
630.0 721 174 4 1 4.0 0
631.0 722 175 2 1 2.0 0
632.0 723 176 2 1 2.0 0
633.0 724 177 2 1 2.0 0
634.0 725 178 2 1 2.0 0
635.0 726 181 6 1 6.0 0
636.0 727 183 4 1 4.0 0
637.0 728 184 2 1 2.0 0
638.0 729 186 4 1 4.0 0
639.0 730 187 2 1 2.0 0
640.0 731 188 2 1 2.0 0
641.0 732 189 2 1 2.0 0
642.0 733 190 2 1 2.0 0
643.0 734 191 2 1 2.0 0
644.0 735 193 4 1 4.0 0
645.0 736 194 2 1 2.0 0
646.0 737 195 2 1 2.0 0
647.0 738 197 4 1 4.0 0
648.0 739 198 2 1 2.0 0
649.0 740 200 4 1 4.0 0
650.0 741 201 2 1 2.0 0
651.0 742 202 2 1 2.0 0
652.0 743 203 2 1 2.0 0
653.0 744 204 2 1 2.0 0
654.0 745 206 4 1 4.0 0
655.0 746 207 2 1 2.0 0
656.0 747 208 2 1 2.0 0
657.0 748 210 4 1 4.0 0
658.0 749 211 2 1 2.0 0
659.0 750 212 2 1 2.0 0
660.0 751 214 4 1 4.0 0
661.0 752 227 4 1 4.0 133
662.0 753 229 4 1 4.0 0
663.0 754 230 2 1 2.0 0
664.0 755 231 2 1 2.0 0
665.0 756 233 4 1 4.0 0
666.0 757 235 4 1 4.0 0
667.0 758 236 2 1 2.0 0
668.0 759 237 2 1 2.0 0
669.0 760 238 2 1 2.0 0
670.0 761 145 2 1 2.0 0
671.0 762 146 2 1 2.0 0
672.0 763 148 4 1 4.0 0
673.0 764 149 2 1 2.0 0
674.0 765 150 2 1 2.0 0
675.0 766 152 4 1 4.0 0
676.0 767 154 4 1 4.0 0
677.0 768 156 4 1 4.0 0
678.0 769 158 4 1 4.0 0
679.0 770 160 4 1 4.0 0
680.0 771 163 6 1 6.0 0
681.0 772 164 2 1 2.0 0
682.0 773 166 4 1 4.0 0
683.0 774 168 4 1 4.0 0
684.0 775 170 4 1 4.0 0
685.0 776 171 2 1 2.0 0
686.0 777 172 2 1 2.0 0
# node : From 38 to 777
687.0 778 175 4 1 4.0 0
688.0 779 175 0 0 NaN 0
689.0 780 177 4 1 4.0 0
690.0 781 178 2 1 2.0 0
691.0 782 179 2 1 2.0 0
692.0 783 180 2 1 2.0 0
693.0 784 181 2 1 2.0 0
694.0 785 182 2 1 2.0 0
695.0 786 184 4 1 4.0 0
696.0 787 185 2 1 2.0 0
697.0 788 186 2 1 2.0 0
698.0 789 188 4 1 4.0 0
699.0 790 190 4 1 4.0 0
700.0 791 191 2 1 2.0 0
701.0 792 193 4 1 4.0 0
702.0 793 194 2 1 2.0 0
703.0 794 197 6 1 6.0 0
704.0 795 199 4 1 4.0 0
705.0 796 201 4 1 4.0 0
706.0 797 202 2 1 2.0 0
707.0 798 203 2 1 2.0 0
708.0 799 204 2 1 2.0 0
709.0 800 205 2 1 2.0 0
710.0 801 206 2 1 2.0 0
711.0 802 207 2 1 2.0 0
712.0 803 208 2 1 2.0 0
713.0 804 209 2 1 2.0 0
714.0 805 210 2 1 2.0 0
715.0 806 211 2 1 2.0 0
716.0 807 212 2 1 2.0 0
717.0 808 213 2 1 2.0 0
718.0 809 214 2 1 2.0 0
719.0 810 215 2 1 2.0 0
720.0 811 218 6 1 6.0 0
721.0 812 224 2 1 2.0 137
722.0 813 225 2 1 2.0 0
723.0 814 226 2 1 2.0 0
724.0 815 228 4 1 4.0 0
725.0 816 229 2 1 2.0 0
726.0 817 231 4 1 4.0 0
727.0 818 234 6 1 6.0 0
728.0 819 235 2 1 2.0 0
729.0 820 237 4 1 4.0 0
730.0 821 147 2 1 2.0 0
731.0 822 148 2 1 2.0 0
732.0 823 149 2 1 2.0 0
733.0 824 151 4 1 4.0 0
734.0 825 153 4 1 4.0 0
735.0 826 154 2 1 2.0 0
736.0 827 155 2 1 2.0 0
737.0 828 156 2 1 2.0 0
738.0 829 157 2 1 2.0 0
739.0 830 161 8 1 8.0 0
740.0 831 162 2 1 2.0 0
741.0 832 163 2 1 2.0 0
742.0 833 165 4 1 4.0 0
743.0 834 167 4 1 4.0 0
744.0 835 168 2 1 2.0 0
745.0 836 169 2 1 2.0 0
746.0 837 170 2 1 2.0 0
747.0 838 172 4 1 4.0 0
748.0 839 174 4 1 4.0 0
749.0 840 175 2 1 2.0 0
750.0 841 176 2 1 2.0 0
751.0 842 177 2 1 2.0 0
752.0 843 178 2 1 2.0 0
753.0 844 179 2 1 2.0 0
754.0 845 181 4 1 4.0 0
755.0 846 182 2 1 2.0 0
756.0 847 183 2 1 2.0 0
757.0 848 184 2 1 2.0 0
758.0 849 185 2 1 2.0 0
759.0 850 187 4 1 4.0 0
760.0 851 188 2 1 2.0 0
761.0 852 189 2 1 2.0 0
762.0 853 191 4 1 4.0 0
763.0 854 193 4 1 4.0 0
764.0 855 194 2 1 2.0 0
765.0 856 195 2 1 2.0 0
766.0 857 196 2 1 2.0 0
767.0 858 197 2 1 2.0 0
768.0 859 198 2 1 2.0 0
769.0 860 199 2 1 2.0 0
770.0 861 200 2 1 2.0 0
771.0 862 201 2 1 2.0 0
772.0 863 202 2 1 2.0 0
773.0 864 203 2 1 2.0 0
774.0 865 205 4 1 4.0 0
775.0 866 207 4 1 4.0 0
776.0 867 209 4 1 4.0 0
777.0 868 210 2 1 2.0 0
778.0 869 212 4 1 4.0 0
779.0 870 213 2 1 2.0 0
780.0 871 214 2 1 2.0 0
781.0 872 225 4 1 4.0 135
782.0 873 226 2 1 2.0 0
783.0 874 227 2 1 2.0 0
784.0 875 228 2 1 2.0 0
785.0 876 232 8 1 8.0 0
786.0 877 233 2 1 2.0 0
787.0 878 234 2 1 2.0 0
788.0 879 237 6 1 6.0 0
789.0 880 238 2 1 2.0 0
790.0 881 148 2 1 2.0 0
791.0 882 149 2 1 2.0 0
792.0 883 151 4 1 4.0 0
793.0 884 155 8 1 8.0 0
794.0 885 157 4 1 4.0 0
795.0 886 158 2 1 2.0 0
796.0 887 159 2 1 2.0 0
797.0 888 160 2 1 2.0 0
798.0 889 162 4 1 4.0 0
799.0 890 164 4 1 4.0 0
800.0 891 165 2 1 2.0 0
801.0 892 166 2 1 2.0 0
802.0 893 167 2 1 2.0 0
803.0 894 168 2 1 2.0 0
804.0 895 169 2 1 2.0 0
805.0 896 170 2 1 2.0 0
806.0 897 171 2 1 2.0 0
807.0 898 172 2 1 2.0 0
808.0 899 173 2 1 2.0 0
809.0 900 174 2 1 2.0 0
810.0 901 175 2 1 2.0 0
811.0 902 176 2 1 2.0 0
812.0 903 179 6 1 6.0 0
813.0 904 180 2 1 2.0 0
814.0 905 181 2 1 2.0 0
815.0 906 184 6 1 6.0 0
816.0 907 186 4 1 4.0 0
817.0 908 187 2 1 2.0 0
818.0 909 188 2 1 2.0 0
819.0 910 189 2 1 2.0 0
820.0 911 191 4 1 4.0 0
821.0 912 194 6 1 6.0 0
822.0 913 195 2 1 2.0 0
823.0 914 196 2 1 2.0 0
824.0 915 197 2 1 2.0 0
825.0 916 198 2 1 2.0 0
826.0 917 202 8 1 8.0 0
827.0 918 203 2 1 2.0 0
828.0 919 204 2 1 2.0 0
829.0 920 205 2 1 2.0 0
830.0 921 206 2 1 2.0 0
831.0 922 207 2 1 2.0 0
832.0 923 210 6 1 6.0 0
833.0 924 211 2 1 2.0 0
834.0 925 212 2 1 2.0 0
835.0 926 215 6 1 6.0 0
836.0 927 216 2 1 2.0 0
837.0 928 218 4 1 4.0 0
838.0 929 219 2 1 2.0 0
839.0 930 222 6 1 6.0 0
840.0 931 223 2 1 2.0 0
841.0 932 239 2 1 2.0 151
842.0 933 240 2 1 2.0 0
843.0 934 241 2 1 2.0 0
844.0 935 242 2 1 2.0 0
845.0 936 243 2 1 2.0 0
846.0 937 244 2 1 2.0 0
847.0 938 245 2 1 2.0 0
848.0 939 246 2 1 2.0 0
849.0 940 247 2 1 2.0 0
850.0 941 158 2 1 2.0 0
851.0 942 161 6 1 6.0 0
852.0 943 162 2 1 2.0 0
853.0 944 163 2 1 2.0 0
854.0 945 165 4 1 4.0 0
855.0 946 166 2 1 2.0 0
856.0 947 167 2 1 2.0 0
857.0 948 168 2 1 2.0 0
858.0 949 171 6 1 6.0 0
859.0 950 172 2 1 2.0 0
860.0 951 176 8 1 8.0 0
861.0 952 177 2 1 2.0 0
862.0 953 178 2 1 2.0 0
863.0 954 181 6 1 6.0 0
864.0 955 183 4 1 4.0 0
865.0 956 184 2 1 2.0 0
866.0 957 185 2 1 2.0 0
867.0 958 187 4 1 4.0 0
868.0 959 188 2 1 2.0 0
869.0 960 189 2 1 2.0 0
870.0 961 190 2 1 2.0 0
871.0 962 192 4 1 4.0 0
872.0 963 193 2 1 2.0 0
873.0 964 194 2 1 2.0 0
874.0 965 196 4 1 4.0 0
875.0 966 197 2 1 2.0 0
876.0 967 199 4 1 4.0 0
877.0 968 200 2 1 2.0 0
878.0 969 201 2 1 2.0 0
879.0 970 203 4 1 4.0 0
880.0 971 204 2 1 2.0 0
881.0 972 206 4 1 4.0 0
882.0 973 207 2 1 2.0 0
883.0 974 208 2 1 2.0 0
884.0 975 210 4 1 4.0 0
885.0 976 211 2 1 2.0 0
886.0 977 213 4 1 4.0 0
887.0 978 214 2 1 2.0 0
888.0 979 216 4 1 4.0 0
889.0 980 217 2 1 2.0 0
890.0 981 218 2 1 2.0 0
891.0 982 221 6 1 6.0 0
892.0 983 222 2 1 2.0 0
893.0 984 223 2 1 2.0 0
894.0 985 227 8 1 8.0 0
895.0 986 230 6 1 6.0 0
896.0 987 233 6 1 6.0 0
897.0 988 234 2 1 2.0 0
898.0 989 235 2 1 2.0 0
899.0 990 238 6 1 6.0 0
900.0 991 240 4 1 4.0 0
901.0 992 261 2 1 2.0 170
902.0 993 262 2 1 2.0 0
903.0 994 263 2 1 2.0 0
904.0 995 264 2 1 2.0 0
905.0 996 265 2 1 2.0 0
906.0 997 268 6 1 6.0 0
907.0 998 269 2 1 2.0 0
908.0 999 270 2 1 2.0 0
909.0 1000 271 2 1 2.0 0
910.0 1001 181 4 1 4.0 0
911.0 1002 182 2 1 2.0 0
912.0 1003 184 4 1 4.0 0
913.0 1004 185 2 1 2.0 0
914.0 1005 186 2 1 2.0 0
915.0 1006 189 6 1 6.0 0
916.0 1007 190 2 1 2.0 0
917.0 1008 191 2 1 2.0 0
918.0 1009 194 6 1 6.0 0
919.0 1010 195 2 1 2.0 0
920.0 1011 196 2 1 2.0 0
921.0 1012 197 2 1 2.0 0
922.0 1013 198 2 1 2.0 0
923.0 1014 200 4 1 4.0 0
924.0 1015 201 2 1 2.0 0
925.0 1016 204 6 1 6.0 0
926.0 1017 206 4 1 4.0 0
927.0 1018 207 2 1 2.0 0
928.0 1019 208 2 1 2.0 0
929.0 1020 209 2 1 2.0 0
930.0 1021 210 2 1 2.0 0
931.0 1022 211 2 1 2.0 0
932.0 1023 212 2 1 2.0 0
933.0 1024 214 4 1 4.0 0
934.0 1025 215 2 1 2.0 0
935.0 1026 217 4 1 4.0 0
936.0 1027 218 2 1 2.0 0
937.0 1028 219 2 1 2.0 0
938.0 1029 221 4 1 4.0 0
939.0 1030 223 4 1 4.0 0
940.0 1031 225 4 1 4.0 0
941.0 1032 226 2 1 2.0 0
942.0 1033 227 2 1 2.0 0
943.0 1034 228 2 1 2.0 0
944.0 1035 230 4 1 4.0 0
945.0 1036 231 2 1 2.0 0
946.0 1037 232 2 1 2.0 0
947.0 1038 234 4 1 4.0 0
948.0 1039 236 4 1 4.0 0
949.0 1040 237 2 1 2.0 0
950.0 1041 240 6 1 6.0 0
951.0 1042 241 2 1 2.0 0
952.0 1043 242 2 1 2.0 0
953.0 1044 243 2 1 2.0 0
954.0 1045 246 6 1 6.0 0
955.0 1046 247 2 1 2.0 0
956.0 1047 248 2 1 2.0 0
957.0 1048 249 2 1 2.0 0
958.0 1049 251 4 1 4.0 0
959.0 1050 252 2 1 2.0 0
960.0 1051 255 6 1 6.0 0
961.0 1052 264 4 1 4.0 154
962.0 1053 265 2 1 2.0 0
963.0 1054 268 6 1 6.0 0
964.0 1055 270 4 1 4.0 0
965.0 1056 271 2 1 2.0 0
966.0 1057 272 2 1 2.0 0
967.0 1058 273 2 1 2.0 0
968.0 1059 275 4 1 4.0 0
969.0 1060 276 2 1 2.0 0
970.0 1061 166 4 1 4.0 0
971.0 1062 167 2 1 2.0 0
972.0 1063 168 2 1 2.0 0
973.0 1064 169 2 1 2.0 0
974.0 1065 170 2 1 2.0 0
975.0 1066 172 4 1 4.0 0
976.0 1067 175 6 1 6.0 0
977.0 1068 176 2 1 2.0 0
978.0 1069 178 4 1 4.0 0
979.0 1070 181 6 1 6.0 0
980.0 1071 182 2 1 2.0 0
981.0 1072 183 2 1 2.0 0
982.0 1073 184 2 1 2.0 0
983.0 1074 186 4 1 4.0 0
984.0 1075 187 2 1 2.0 0
985.0 1076 190 6 1 6.0 0
986.0 1077 191 2 1 2.0 0
987.0 1078 192 2 1 2.0 0
988.0 1079 193 2 1 2.0 0
989.0 1080 194 2 1 2.0 0
990.0 1081 197 6 1 6.0 0
991.0 1082 198 2 1 2.0 0
992.0 1083 201 6 1 6.0 0
993.0 1084 203 4 1 4.0 0
994.0 1085 204 2 1 2.0 0
995.0 1086 205 2 1 2.0 0
996.0 1087 207 4 1 4.0 0
997.0 1088 210 6 1 6.0 0
998.0 1089 211 2 1 2.0 0
999.0 1090 213 4 1 4.0 0
3737.0 988 2.771255
3014.0 988 2.0394738
2091.0 988 1.1052631
