java -cp `find -L lib/ -name "*.jar" | tr [:space:] :`:"":classes peersim.Simulator test.cfg



0 100 0 0 0
1000 100 1 1 0
2000 100 1 1 0
3000 100 1 1 0
4000 100 1 1 0
5000 100 1 1 0
6000 100 1 1 0
7000 100 1 1 0
8000 100 1 1 0
9000 100 1 1 0
10000 101 1 1 0
11000 102 2 1 1
12000 103 3 1 1
13000 104 4 1 1
14000 105 5 1 1

#14232: (11)  [66] After Update
15000 106 6 2 2

#15242: (11)  [66] After Update
16000 107 7 3 3

#16222: (11)  [66] After Update
# setRoot : From 10 to 107
17000 108 8 4 4

#17232: (11)  [66] After Update
18000 109 9 5 5
# numRoot : From 11 to 109
19000 110 10 5 5
20000 111 11 5 5
21000 112 12 5 5
22000 113 13 5 5
23000 114 14 5 5
24000 115 15 5 5
25000 116 16 5 5
26000 117 17 5 5
27000 118 18 5 5
28000 119 19 5 5
29000 120 20 5 5
30000 121 21 5 5
31000 122 22 5 5
32000 123 23 5 5
33000 124 24 5 5

#33222: (109)  [109]  after reduction 4
34000 125 25 4 4
35000 126 26 4 4
36000 127 27 4 4
37000 128 28 4 4
38000 129 29 4 4
39000 130 30 4 4
40000 131 31 4 4
41000 132 32 4 4
42000 133 33 4 4
43000 134 34 4 4
44000 135 35 4 4
45000 136 36 4 4
46000 137 37 4 4
47000 138 38 4 4
48000 139 39 4 4
49000 140 40 4 4

#49232: (109)  [109]  after reduction 3
50000 141 41 3 3
51000 142 42 3 3
52000 143 43 3 3
53000 144 44 3 3
54000 145 45 3 3
55000 146 46 3 3
56000 147 47 3 3
57000 148 48 3 3

#57252: (109)  [109] After Update
58000 149 49 3 4
59000 150 50 3 4

#59202: (109)  [109] After Update
60000 151 51 4 5
61000 152 52 4 5
62000 153 53 4 5
63000 154 54 4 5
64000 155 55 4 5
65000 156 56 4 5
66000 157 57 4 5
# numRoot : From 109 to 157
67000 158 58 4 5
68000 159 59 4 5

#68282: (157)  [157]  after reduction 4
69000 160 60 3 4
70000 161 61 3 4

#70292: (157)  [157] After Update
71000 162 62 4 5

#71232: (157)  [157] After Update
72000 163 63 5 6
73000 164 64 5 6
74000 165 65 5 6
75000 166 66 5 6
76000 167 67 5 6

#76091: (45)  [30] Wait for time out at req

#76091: (45)  [30] ReduceSetMessage Sent

#76162: (157)  [157]  after reduction 5
77000 168 67 5 5
78000 169 68 5 5
79000 170 69 5 5
80000 171 70 5 5
81000 172 71 5 5

#81091: (171)  [171] ConnectDMessage Received

#81091: (171)  [171] Re ConnectMessage send to 164
82000 173 72 5 5
83000 174 73 5 5
84000 175 74 5 5
85000 176 75 5 5
86000 177 76 5 5
87000 178 77 5 5
88000 179 78 5 5
89000 180 79 5 5
90000 181 80 5 5

#90111: (180)  [180] ConnectDMessage Received

#90111: (180)  [180] Re ConnectMessage send to 153
91000 182 81 5 5
92000 183 82 5 5

#92202: (157)  [157]  after reduction 4

#92211: (182)  [182] ConnectDMessage Received

#92211: (182)  [182] Re ConnectMessage send to 179
93000 184 83 4 4
94000 185 84 4 4
95000 186 85 4 4

#95252: (157)  [157]  after reduction 3

#95332: (157)  [157] After Update
96000 187 86 4 4

#96222: (157)  [157] After Update
97000 188 87 5 5

#97172: (157)  [157] After Update
98000 189 88 6 6

#98211: (188)  [188] ConnectDMessage Received

#98211: (188)  [188] Re ConnectMessage send to 179

#98222: (157)  [157]  after reduction 5

#98332: (157)  [157] After Update
99000 190 89 6 6
100000 191 90 6 6
101000 192 91 6 6

#101171: (191)  [191] ConnectDMessage Received

#101171: (191)  [191] Re ConnectMessage send to 184
102000 193 92 6 6

#102232: (157)  [157] After Update
103000 194 94 7 7
104000 195 95 7 7
105000 196 96 7 7
106000 197 97 7 7

#106111: (196)  [196] ConnectDMessage Received

#106111: (196)  [196] Re ConnectMessage send to 166
107000 198 98 7 7

#107202: (157)  [157] After Update
108000 199 99 7 8

#108191: (198)  [198] ConnectDMessage Received

#108191: (198)  [198] Re ConnectMessage send to 191

#108222: (157)  [157]  after reduction 7

#108302: (157)  [157] After Update
109000 200 100 7 8
110000 201 101 7 8

#110262: (157)  [157] After Update
111000 202 102 8 9
112000 203 103 8 9

#112152: (157)  [157]  after reduction 8
113000 204 104 7 8
114000 205 105 7 8

#114162: (157)  [157]  after reduction 7
115000 206 106 6 7
116000 207 107 6 7
117000 208 108 6 7

#117111: (207)  [207] ConnectDMessage Received

#117111: (207)  [207] Re ConnectMessage send to 202
118000 209 109 6 7
119000 210 110 6 7

#119202: (157)  [157]  after reduction 6

#119282: (157)  [157] After Update
120000 211 111 6 7

#120202: (157)  [157]  after reduction 6

#120211: (210)  [210] ConnectDMessage Received

#120211: (210)  [210] Re ConnectMessage send to 202

#120332: (157)  [157] After Update
121000 212 112 6 7
122000 213 113 6 7

#122232: (157)  [157] After Update
123000 214 114 7 8
124000 215 115 7 8
125000 216 116 7 8
126000 217 117 7 8
127000 218 118 7 8

#127222: (157)  [157]  after reduction 7

#127231: (217)  [217] ConnectDMessage Received

#127231: (217)  [217] Re ConnectMessage send to 202
128000 219 119 6 7
129000 220 120 6 7
130000 221 121 6 7
# numRoot : From 157 to 221
131000 222 122 6 7
132000 223 123 6 7

#132252: (221)  [221]  after reduction 6
133000 224 124 5 6
134000 225 125 5 6
135000 226 126 5 6

#135262: (221)  [221] After Update
136000 227 127 6 7
137000 228 128 6 7
138000 229 129 6 7

#138262: (221)  [221]  after reduction 6
139000 230 130 5 6

#139292: (221)  [221] After Update
140000 231 131 6 7

#140202: (221)  [221] After Update
141000 232 132 7 8

#141232: (221)  [221] After Update
142000 233 133 8 9
143000 234 134 8 9
144000 235 135 8 9
145000 236 136 8 9

#145202: (221)  [221]  after reduction 8
146000 237 137 7 8
147000 238 138 7 8

#147111: (117)  [117] Wait for time out at req

#147111: (117)  [117] ReduceSetMessage Sent

#147162: (221)  [221]  after reduction 7
148000 239 138 7 7

#148081: (82)  [31] Wait for time out at req

#148081: (82)  [31] ReduceSetMessage Sent

#148152: (221)  [221]  after reduction 6
149000 240 138 7 6
150000 241 139 7 6
151000 242 140 7 6
152000 243 140 7 6
153000 244 141 7 6
154000 245 141 7 6
155000 246 141 7 6

#155222: (221)  [221]  after reduction 5
156000 247 142 6 5
157000 248 143 6 5

#157091: (188)  [188] Wait for time out at req

#157091: (188)  [188] ReduceSetMessage Sent

#157162: (221)  [221]  after reduction 4
158000 249 143 6 4

#158011: (238)  [238] TOS for 157222

#158221: (21)  [39] Wait for time out at req

#158221: (21)  [39] ReduceSetMessage Sent

#158272: (221)  [221]  after reduction 3

#158282: (221)  [221]  after reduction 2
159000 250 144 5 2

#159011: (239)  [239] TOS for 157222

#159262: (221)  [221] After Update
160000 251 145 6 3

#160011: (240)  [240] TOS for 157222
161000 252 146 6 3
162000 253 147 6 3
# setRoot : From 92 to 253
163000 254 148 6 3
164000 255 149 6 3

#164011: (244)  [244] TOS for 157222
165000 256 151 6 3

#165011: (245)  [245] TOS for 157222
166000 257 152 6 3

#166011: (246)  [246] TOS for 157222
167000 258 153 6 3
168000 259 154 6 3

#168232: (221)  [221] After Update
# setRoot : From 115 to 259
169000 260 155 7 4
170000 261 156 7 4
171000 262 157 7 4
172000 263 158 7 4
173000 264 159 7 4
174000 265 160 7 4

#174202: (221)  [221] After Update
175000 266 161 8 5
176000 267 162 8 5
177000 268 163 8 5
178000 269 164 8 5
179000 270 165 8 5
180000 271 166 8 5
181000 272 167 8 5
182000 273 168 8 5
183000 274 169 8 5
184000 275 170 8 5
185000 276 171 8 5
186000 277 172 8 5

#186151: (276)  [276] ConnectDMessage Received

#186151: (276)  [276] Re ConnectMessage send to 273
187000 278 173 8 5

#187262: (221)  [221] After Update
188000 279 174 9 6

#188282: (221)  [221] After Update
189000 280 175 10 7
190000 281 176 10 7
191000 282 178 10 7

#191011: (271)  [271] TOS for 188282
192000 283 180 10 7
193000 284 181 10 7

#193011: (273)  [273] TOS for 189262

#193312: (221)  [221]  after reduction 6
194000 285 182 9 6
195000 286 183 9 6
196000 287 184 9 6

#196252: (221)  [221]  after reduction 5
# setRoot : From 249 to 287
197000 288 185 8 5
198000 289 186 8 5
199000 290 187 8 5

#199011: (279)  [279] TOS for 198232

#199262: (221)  [221]  after reduction 4
200000 291 188 7 4
201000 292 189 7 4
202000 293 190 7 4

#202151: (292)  [292] ConnectDMessage Received

#202151: (292)  [292] Re ConnectMessage send to 286
203000 294 191 7 4

#203222: (221)  [221] After Update
204000 295 192 8 5
205000 296 193 8 5
206000 297 194 8 5
207000 298 195 8 5
208000 299 196 8 5
209000 300 197 8 5
210000 301 198 8 5
211000 302 199 8 5
212000 303 200 8 5
213000 304 201 8 5
214000 305 202 8 5

#214171: (304)  [304] ConnectDMessage Received

#214171: (304)  [304] Re ConnectMessage send to 299
215000 306 203 8 5
216000 307 204 8 5
217000 308 205 8 5
218000 309 206 8 5
219000 310 207 8 5
220000 311 208 8 5

#220342: (221)  [221]  after reduction 4

#220392: (221)  [221] After Update
221000 312 209 8 5
222000 313 210 8 5
223000 314 211 8 5

#223262: (221)  [221] After Update
224000 315 212 9 6
225000 316 213 9 6

#225171: (315)  [315] ConnectDMessage Received

#225171: (315)  [315] Re ConnectMessage send to 306
226000 317 214 9 6
227000 318 215 9 6
228000 319 216 9 6

#228011: (308)  [308] TOS for 226252
229000 320 217 9 6
230000 321 218 9 6
231000 322 219 9 6
232000 323 220 9 6
233000 324 221 9 6
234000 325 222 9 6

#234262: (221)  [221]  after reduction 5
235000 326 223 8 5
236000 327 224 8 5
237000 328 225 8 5
238000 329 226 8 5
239000 330 227 8 5

#239232: (221)  [221]  after reduction 4
240000 331 228 7 4

#240292: (221)  [221]  after reduction 3

#240311: (330)  [330] ConnectDMessage Received

#240311: (330)  [330] Re ConnectMessage send to 328

#240462: (221)  [221] After Update
241000 332 229 7 4

#241292: (221)  [221] After Update
242000 333 230 8 5

#242242: (221)  [221]  after reduction 4

#242271: (332)  [332] ConnectDMessage Received

#242271: (332)  [332] Re ConnectMessage send to 328

#242412: (221)  [221] After Update
243000 334 231 8 5
244000 335 232 8 5
245000 336 233 8 5
246000 337 234 8 5
247000 338 235 8 5
248000 339 236 8 5
249000 340 237 8 5

#249111: (257)  [257] Wait for time out at req

#249111: (257)  [257] ReduceSetMessage Sent

#249192: (221)  [221]  after reduction 4
250000 341 237 8 4
251000 342 238 8 4
252000 343 239 8 4

#252232: (221)  [221]  after reduction 3

#252251: (342)  [342] ConnectDMessage Received

#252251: (342)  [342] Re ConnectMessage send to 340
253000 344 240 7 3
254000 345 241 7 3
255000 346 242 7 3

#255202: (221)  [221] After Update
256000 347 243 8 4
257000 348 244 8 4
258000 349 245 8 4

#258292: (221)  [221] After Update
259000 350 246 9 5

#259011: (339)  [339] TOS for 253262
260000 351 248 9 5
261000 352 249 9 5
262000 353 250 9 5

#262312: (221)  [221]  after reduction 4
263000 354 251 8 4

#263272: (221)  [221]  after reduction 3
264000 355 252 7 3
265000 356 253 7 3
266000 357 254 7 3

#266232: (221)  [221] After Update
267000 358 255 8 4
268000 359 256 8 4
269000 360 257 8 4

#269202: (221)  [221] After Update
270000 361 258 9 5
271000 362 259 9 5
272000 363 260 9 5
273000 364 261 9 5
274000 365 262 9 5
275000 366 263 9 5
276000 367 264 9 5
277000 368 265 9 5
278000 369 266 9 5
279000 370 267 9 5
280000 371 268 9 5

#280242: (221)  [221]  after reduction 4
281000 372 269 8 4
282000 373 270 8 4
283000 374 271 8 4
284000 375 272 8 4
285000 376 273 8 4
286000 377 274 8 4
287000 378 275 8 4
288000 379 276 8 4
289000 380 277 8 4
290000 381 278 8 4

#290071: (272)  [272] Wait for time out at req

#290071: (272)  [272] ReduceSetMessage Sent

#290132: (221)  [221]  after reduction 3
291000 382 278 8 3
292000 383 279 8 3
293000 384 280 8 3
294000 385 281 8 3
# numRoot : From 221 to 385
295000 386 282 8 3
296000 387 283 8 3
297000 388 284 8 3
# setRoot : From 141 to 388
298000 389 285 8 3
299000 390 285 8 3
300000 391 286 8 3

#300011: (380)  [380] TOS for 299202
# setRoot : From 388 to 391
301000 392 288 8 3

#301011: (381)  [381] TOS for 299202
302000 393 289 9 3

#302011: (382)  [382] TOS for 299202
303000 394 290 9 3

#303011: (383)  [383] TOS for 299202

#303021: (104)  [104] TOS for 299202
304000 395 291 9 3

#304011: (384)  [384] TOS for 299202
305000 396 292 9 3
306000 397 293 9 3

#306011: (386)  [386] TOS for 299202
307000 398 294 9 3

#307011: (387)  [387] TOS for 299202

#307191: (397)  [397] ConnectDMessage Received

#307191: (397)  [397] Re ConnectMessage send to 25

#307211: (397)  [397] ConnectDMessage Received

#307211: (397)  [397] Re ConnectMessage send to 395

#307362: (221)  [221] After Update
308000 399 295 10 3

#308011: (388)  [388] TOS for 299202
309000 400 297 10 3

#309011: (389)  [389] TOS for 299202

#309262: (221)  [221] After Update
310000 401 298 11 3

#310262: (221)  [221] After Update
311000 402 299 11 3
312000 403 301 11 3
# setRoot : From 227 to 403
313000 404 302 11 3
314000 405 303 11 3
315000 406 304 11 3
316000 407 305 11 3
317000 408 306 11 3
318000 409 307 11 3
319000 410 308 11 3

#319292: (221)  [221] After Update
320000 411 309 12 3
321000 412 310 12 3

#321011: (401)  [401] TOS for 320132

#321021: (241)  [241] TOS for 320132

#321031: (114)  [114] TOS for 320132

#321041: (52)  [59] TOS for 320132

#321342: (221)  [221] After Update
322000 413 311 13 8
323000 414 312 13 8
324000 415 313 13 8
325000 416 314 13 8
326000 417 315 13 8
327000 418 316 13 8
328000 419 317 13 8

#328211: (418)  [418] ConnectDMessage Received

#328211: (418)  [418] Re ConnectMessage send to 408
329000 420 318 13 8

#329252: (221)  [221]  after reduction 7
330000 421 319 12 8

#330242: (221)  [221]  after reduction 6

#330271: (420)  [420] ConnectDMessage Received

#330271: (420)  [420] Re ConnectMessage send to 408
331000 422 320 11 6
332000 423 321 11 8
333000 424 322 11 8
334000 425 323 11 8

#334272: (221)  [221]  after reduction 5

#334322: (221)  [221] After Update
335000 426 324 11 6
336000 427 325 11 6

#336071: (0)  [93] Wait for time out at req

#336071: (0)  [93] ReduceSetMessage Sent

#336142: (221)  [221]  after reduction 4
337000 428 325 11 8

#337232: (221)  [221] After Update
338000 429 326 12 6
339000 430 327 12 4
340000 431 328 12 6
341000 432 329 12 4

#341142: (221)  [221]  after reduction 6
342000 433 330 11 6
343000 434 331 11 8
344000 435 332 11 6
345000 436 333 11 8
346000 437 334 11 4
347000 438 335 11 8
348000 439 336 11 8

#348091: (317)  [317] Wait for time out at req

#348091: (317)  [317] ReduceSetMessage Sent

#348142: (221)  [221]  after reduction 6
349000 440 336 11 6
