java -cp `find -L lib/ -name "*.jar" | tr [:space:] :`:"":classes peersim.Simulator test.cfg



0 100 0 0 0 NaN
1000 100 1 1 0 Infinity
2000 100 1 1 0 Infinity
3000 100 1 1 0 Infinity
4000 100 1 1 0 Infinity
5000 100 1 1 0 Infinity
6000 100 1 1 0 Infinity
7000 100 1 1 0 Infinity
8000 100 1 1 0 Infinity
9000 100 1 1 0 Infinity
10000 101 1 1 0 6.0
11000 102 2 1 1 13.5
12000 103 3 1 1 16.666666666666668
13000 104 4 1 1 17.75
14000 105 5 1 1 18.0

#14232: (11)  [66] After Update
15000 106 6 2 2 22.333333333333332

#15242: (11)  [66] After Update
16000 107 7 3 3 25.857142857142858

#16222: (11)  [66] After Update
# setRoot : From 10 to 107
17000 108 8 4 4 28.5

#17232: (11)  [66] After Update
18000 109 9 5 5 30.77777777777778
# numRoot : From 11 to 109
220554182942670109621697512637866214556 - original 
222739681186917837869491045315942107777 - new 
226566254310817368817527337777231867238 - old 
19000 110 10 5 5 29.8
20000 111 11 5 5 28.727272727272727
21000 112 12 5 5 29.0
22000 113 13 5 5 28.307692307692307
23000 114 14 5 5 27.428571428571427
24000 115 15 5 5 27.133333333333333
25000 116 16 5 5 27.0625
26000 117 17 5 5 26.705882352941178
27000 118 18 5 5 26.38888888888889
28000 119 19 5 5 26.263157894736842
29000 120 20 5 5 25.8
30000 121 21 5 5 25.666666666666668
31000 122 22 5 5 25.40909090909091
32000 123 23 5 5 25.304347826086957
33000 124 24 5 5 24.833333333333332

#33222: (109)  [109]  after reduction 4
34000 125 25 4 4 27.08
35000 126 26 4 4 26.807692307692307
36000 127 27 4 4 26.555555555555557
37000 128 28 4 4 26.428571428571427
38000 129 29 4 4 26.20689655172414
39000 130 30 4 4 26.0
40000 131 31 4 4 25.677419354838708
41000 132 32 4 4 25.625
42000 133 33 4 4 25.636363636363637
43000 134 34 4 4 25.294117647058822
44000 135 35 4 4 24.97142857142857
45000 136 36 4 4 24.833333333333332
46000 137 37 4 4 24.83783783783784
47000 138 38 4 4 24.710526315789473
48000 139 39 4 4 24.58974358974359
49000 140 40 4 4 24.55

#49232: (109)  [109]  after reduction 3
50000 141 41 3 3 26.365853658536587
51000 142 42 3 3 26.285714285714285
52000 143 43 3 3 26.209302325581394
53000 144 44 3 3 26.113636363636363
54000 145 45 3 3 25.977777777777778
55000 146 46 3 3 25.91304347826087
56000 147 47 3 3 25.72340425531915
57000 148 48 3 3 25.541666666666668

#57252: (109)  [109] After Update
58000 149 49 3 4 27.142857142857142
59000 150 50 3 4 27.06

#59202: (109)  [109] After Update
60000 151 51 4 5 28.49019607843137
61000 152 52 4 5 28.326923076923077
62000 153 53 4 5 28.169811320754718
63000 154 54 4 5 27.90740740740741
64000 155 55 4 5 27.854545454545455
65000 156 56 4 5 27.767857142857142
66000 157 57 4 5 27.614035087719298
# numRoot : From 109 to 157
220554182942670109621697512637866214556 - original 
222515479814054732149966020971258001897 - new 
222739681186917837869491045315942107777 - old 
67000 158 58 4 5 27.43103448275862
68000 159 59 4 5 27.305084745762713

#68282: (157)  [157]  after reduction 4
69000 160 60 3 4 29.05
70000 161 61 3 4 28.81967213114754

#70292: (157)  [157] After Update
71000 162 62 4 5 30.387096774193548

#71232: (157)  [157] After Update
72000 163 63 5 6 31.77777777777778
73000 164 64 5 6 31.546875
74000 165 65 5 6 31.446153846153845
75000 166 66 5 6 31.272727272727273
76000 167 67 5 6 31.134328358208954

#76091: (45)  [30] Wait for time out at req

#76091: (45)  [30] ReduceSetMessage Sent

#76162: (157)  [157]  after reduction 5
77000 168 67 5 5 32.338235294117645
78000 169 68 5 5 32.11594202898551
79000 170 69 5 5 31.97142857142857
80000 171 70 5 5 31.845070422535212
81000 172 71 5 5 31.77777777777778

#81091: (171)  [171] ConnectDMessage Received

#81091: (171)  [171] Re ConnectMessage send to 164
82000 173 72 5 5 31.575342465753426
83000 174 73 5 5 31.54054054054054
84000 175 74 5 5 31.466666666666665
85000 176 75 5 5 31.31578947368421
86000 177 76 5 5 31.12987012987013

#86051: (166)  [166] TOI for 5

#86061: (111)  [111] TOI for 5

#86071: (120)  [120] TOI for 5

#86081: (70)  [29] TOI for 5
87000 178 78 5 5 31.41025641025641
88000 179 79 5 5 31.189873417721518
89000 180 80 5 5 31.0875

#89172: (157)  [157]  after reduction 4

#89191: (179)  [179] ConnectDMessage Received

#89191: (179)  [179] Re ConnectMessage send to 171
90000 181 81 4 4 32.49382716049383
91000 182 82 4 4 32.34146341463415
92000 183 83 4 4 32.2289156626506
93000 184 84 4 4 32.11904761904762
94000 185 85 4 4 31.941176470588236
95000 186 86 4 4 31.767441860465116
96000 187 87 4 4 31.632183908045977
97000 188 88 4 4 31.5
98000 189 89 4 4 31.43820224719101
99000 190 90 4 4 31.244444444444444
100000 191 91 4 4 31.153846153846153
101000 192 92 4 4 31.032608695652176
102000 193 93 4 4 30.978494623655912
103000 194 94 4 4 30.893617021276597
104000 195 95 4 4 30.8
105000 196 96 4 4 30.6875
106000 197 97 4 4 30.63917525773196
107000 198 98 4 4 30.53061224489796
108000 199 99 4 4 30.454545454545453
109000 200 100 4 4 30.32
110000 201 101 4 4 30.277227722772277
111000 202 102 4 4 30.176470588235293

#111171: (201)  [201] ConnectDMessage Received

#111171: (201)  [201] Re ConnectMessage send to 25

#111191: (201)  [201] ConnectDMessage Received

#111191: (201)  [201] Re ConnectMessage send to 198
112000 203 103 4 4 30.174757281553397
113000 204 104 4 4 30.125
114000 205 105 4 4 30.0
115000 206 106 4 4 29.933962264150942
116000 207 107 4 4 29.897196261682243
117000 208 108 4 4 29.805555555555557
118000 209 109 4 4 29.788990825688074
119000 210 110 4 4 29.754545454545454
120000 211 111 4 4 29.666666666666668
121000 212 112 4 4 29.669642857142858
122000 213 113 4 4 29.557522123893804
123000 214 114 4 4 29.54385964912281
124000 215 115 4 4 29.434782608695652
125000 216 116 4 4 29.413793103448278
126000 217 117 4 4 29.333333333333332
127000 218 118 4 4 29.322033898305083
128000 219 119 4 4 29.277310924369747
129000 220 120 4 4 29.241666666666667

#129342: (157)  [157]  after reduction 3
130000 221 121 3 3 35.06611570247934
131000 222 122 3 3 34.99180327868852
132000 223 123 3 3 34.91869918699187
133000 224 124 3 3 34.774193548387096
134000 225 125 3 3 34.608
135000 226 126 3 3 34.53968253968254
136000 227 127 3 3 34.40157480314961
137000 228 128 3 3 34.3125

#137292: (157)  [157] After Update
138000 229 129 4 4 35.3875968992248
139000 230 130 4 4 35.246153846153845

#139292: (157)  [157] After Update
140000 231 131 5 5 36.30534351145038
141000 232 132 5 5 36.20454545454545
142000 233 133 5 5 36.12781954887218
143000 234 134 5 5 36.02985074626866
144000 235 135 5 5 35.93333333333333
145000 236 136 5 5 35.81617647058823
146000 237 137 5 5 35.715328467153284
147000 238 138 5 5 35.64492753623188
148000 239 139 5 5 35.51798561151079
149000 240 140 5 5 35.45
150000 241 141 5 5 35.326241134751776
151000 242 142 5 5 35.21830985915493
152000 243 143 5 5 35.09090909090909
153000 244 144 5 5 34.986111111111114
154000 245 145 5 5 34.9448275862069

#154191: (244)  [244] ConnectDMessage Received

#154191: (244)  [244] Re ConnectMessage send to 221
155000 246 146 5 5 34.917808219178085
156000 247 147 5 5 34.83673469387755
157000 248 148 5 5 34.71621621621622
158000 249 149 5 5 34.63758389261745
159000 250 150 5 5 34.6
160000 251 151 5 5 34.48344370860927
161000 252 152 5 5 34.421052631578945
162000 253 153 5 5 34.33986928104575

#162222: (157)  [157]  after reduction 4

#162271: (252)  [252] ConnectDMessage Received

#162271: (252)  [252] Re ConnectMessage send to 245

#162422: (157)  [157] After Update
163000 254 154 5 5 36.01298701298701

#163182: (157)  [157]  after reduction 4

#163352: (157)  [157] After Update
164000 255 155 5 5 37.619354838709675
165000 256 156 5 5 37.51923076923077
166000 257 157 5 5 37.40764331210191
167000 258 158 5 5 37.335443037974684
168000 259 159 5 5 37.22641509433962
169000 260 160 5 5 37.16875
170000 261 161 5 5 37.1055900621118
171000 262 162 5 5 37.0
172000 263 163 5 5 36.91411042944785
173000 264 164 5 5 36.81707317073171
174000 265 165 5 5 36.78787878787879

#174232: (157)  [157]  after reduction 4

#174271: (264)  [264] ConnectDMessage Received

#174271: (264)  [264] Re ConnectMessage send to 258

#174412: (157)  [157] After Update
175000 266 166 5 5 38.3433734939759
176000 267 167 5 5 38.25149700598802
177000 268 168 5 5 38.19642857142857

#177432: (157)  [157] After Update
178000 269 169 6 6 39.02958579881657
179000 270 170 6 6 38.93529411764706
180000 271 171 6 6 38.824561403508774

#180242: (157)  [157]  after reduction 5
181000 272 172 5 5 39.616279069767444
182000 273 173 5 5 39.52601156069364
183000 274 174 5 5 39.44252873563219
184000 275 175 5 5 39.38285714285714
185000 276 176 5 5 39.26136363636363
186000 277 177 5 5 39.13559322033898
187000 278 178 5 5 39.061797752808985
188000 279 179 5 5 39.02793296089386
189000 280 180 5 5 38.96666666666667

#189192: (157)  [157]  after reduction 4

#189382: (157)  [157] After Update
190000 281 181 5 5 40.4585635359116
191000 282 182 5 5 40.395604395604394
192000 283 183 5 5 40.31693989071038
193000 284 184 5 5 40.233695652173914
194000 285 185 5 5 40.108108108108105
195000 286 186 5 5 40.03225806451613
196000 287 187 5 5 39.9572192513369

#196232: (157)  [157]  after reduction 4
197000 288 188 4 4 40.65425531914894
198000 289 189 4 4 40.592592592592595
199000 290 190 4 4 40.51578947368421

#199091: (90)  [85] Wait for time out at req

#199091: (90)  [85] ReduceSetMessage Sent

#199162: (157)  [157]  after reduction 3
200000 291 190 4 3 41.03664921465968
201000 292 191 4 3 40.973958333333336

#201161: (289)  [289] ConnectDMessage Received

#201161: (289)  [289] Re ConnectMessage send to 286

#201292: (157)  [157] After Update
202000 293 193 5 4 41.55958549222798
203000 294 194 5 4 41.5
204000 295 195 5 4 41.42051282051282
205000 296 196 5 4 41.34183673469388
206000 297 196 5 4 41.17258883248731
207000 298 197 5 4 41.12626262626262
208000 299 198 5 4 41.050251256281406

#208292: (157)  [157]  after reduction 3
209000 300 199 4 3 41.655

#209031: (289)  [289] TOI for 11

#209041: (150)  [150] TOI for 11

#209051: (106)  [106] TOI for 11

#209061: (206)  [206] TOI for 11

#209071: (272)  [272] TOI for 11

#209081: (94)  [84] TOI for 11
210000 301 200 4 3 41.75124378109453
211000 302 201 4 3 41.68811881188119
212000 303 202 4 3 41.63054187192118
213000 304 203 4 3 41.5735294117647

#213191: (303)  [303] ConnectDMessage Received

#213191: (303)  [303] Re ConnectMessage send to 296

#213342: (157)  [157] After Update
214000 305 204 5 4 42.15121951219512
215000 306 205 5 4 42.05339805825243

#215031: (295)  [295] TOI for 11

#215041: (154)  [154] TOI for 11

#215051: (142)  [142] TOI for 11

#215322: (157)  [157] After Update
216000 307 207 6 5 42.772946859903385
217000 308 208 6 5 42.66826923076923
218000 309 209 6 5 42.55980861244019
219000 310 210 6 5 42.44761904761905
220000 311 211 6 5 42.355450236966824

#220222: (157)  [157]  after reduction 4

#220271: (310)  [310] ConnectDMessage Received

#220271: (310)  [310] Re ConnectMessage send to 300
221000 312 212 5 4 43.0188679245283
222000 313 213 5 4 42.91079812206573
223000 314 214 5 4 42.845794392523366
224000 315 215 5 4 42.75813953488372
225000 316 216 5 4 42.65277777777778
226000 317 217 5 4 42.57142857142857
227000 318 218 5 4 42.481651376146786
228000 319 219 5 4 42.36529680365297
229000 320 220 5 4 42.25
230000 321 221 5 4 42.199095022624434
231000 322 222 5 4 42.08108108108108
232000 323 223 5 4 41.98206278026906
233000 324 224 5 4 41.89732142857143
234000 325 225 5 4 41.82666666666667
235000 326 226 5 4 41.77433628318584
236000 327 227 5 4 41.72246696035242
237000 328 228 5 4 41.64035087719298
238000 329 229 5 4 41.572052401746724
239000 330 230 5 4 41.5
240000 331 231 5 4 41.43290043290043
241000 332 232 5 4 41.327586206896555
242000 333 233 5 4 41.223175965665234
243000 334 234 5 4 41.14529914529915
244000 335 235 5 4 41.09361702127659

#244251: (334)  [334] ConnectDMessage Received

#244251: (334)  [334] Re ConnectMessage send to 329
245000 336 236 5 4 41.08474576271186
246000 337 237 5 4 41.0084388185654
247000 338 238 5 4 40.9327731092437
# setRoot : From 64 to 338
248000 339 239 5 4 40.82845188284519

#248352: (157)  [157] After Update
249000 340 240 6 5 40.84583333333333
250000 341 241 6 5 40.780082987551864

#250322: (157)  [157] After Update
251000 342 242 7 6 40.78512396694215
252000 343 243 7 6 40.732510288065846

#252392: (157)  [157] After Update
253000 344 244 8 7 41.06967213114754
254000 345 245 8 7 40.99591836734694
255000 346 246 8 7 40.9390243902439
256000 347 247 8 7 40.874493927125506
257000 348 248 8 7 40.814516129032256
258000 349 249 8 7 40.76305220883534
259000 350 250 8 7 40.704
260000 351 251 8 7 40.62151394422311

#260232: (157)  [157]  after reduction 6
# numRoot : From 157 to 351
220554182942670109621697512637866214556 - original 
220874489302494949777107718172964578790 - new 
222515479814054732149966020971258001897 - old 
261000 352 252 7 6 41.21031746031746
262000 353 253 7 6 41.12252964426877
263000 354 254 7 6 41.07086614173228

#263172: (351)  [351]  after reduction 5
264000 355 255 6 5 41.62352941176471
265000 356 256 6 5 41.5625
266000 357 257 6 5 41.50194552529183
267000 358 258 6 5 41.468992248062015

#267151: (357)  [357] ConnectDMessage Received

#267151: (357)  [357] Re ConnectMessage send to 25

#267171: (357)  [357] ConnectDMessage Received

#267171: (357)  [357] Re ConnectMessage send to 352

#267302: (351)  [351] After Update
268000 359 259 7 6 42.011583011583014
269000 360 260 7 6 41.965384615384615

#269222: (351)  [351]  after reduction 5

#269402: (351)  [351] After Update
270000 361 261 7 6 43.160919540229884
271000 362 262 7 6 43.083969465648856
272000 363 263 7 6 43.03041825095057
273000 364 264 7 6 42.94318181818182
274000 365 265 7 6 42.867924528301884

#274322: (351)  [351]  after reduction 5
275000 366 266 6 5 43.50751879699248
276000 367 267 6 5 43.441947565543074
277000 368 268 6 5 43.38805970149254
278000 369 269 6 5 43.31598513011152
279000 370 270 6 5 43.25185185185185
280000 371 271 6 5 43.17712177121771
281000 372 272 6 5 43.125
282000 373 273 6 5 43.040293040293044
283000 374 274 6 5 42.97810218978102
284000 375 275 6 5 42.905454545454546
285000 376 276 6 5 42.833333333333336
286000 377 277 6 5 42.761732851985556
287000 378 278 6 5 42.701438848920866
288000 379 279 6 5 42.630824372759854
289000 380 280 6 5 42.56071428571428
290000 381 281 6 5 42.49110320284697

#290202: (351)  [351]  after reduction 4
291000 382 282 5 4 43.03191489361702
292000 383 283 5 4 42.98233215547703
293000 384 284 5 4 42.940140845070424
294000 385 285 5 4 42.87719298245614
295000 386 286 5 4 42.81818181818182
296000 387 287 5 4 42.728222996515676
297000 388 288 5 4 42.68055555555556

#297071: (128)  [128] Wait for time out at req

#297071: (128)  [128] ReduceSetMessage Sent

#297122: (351)  [351]  after reduction 3
# setRoot : From 21 to 388
298000 389 288 5 3 43.01384083044983
299000 390 289 5 3 42.96551724137931
300000 391 290 5 3 42.876288659793815
301000 392 291 5 3 42.79794520547945
302000 393 292 5 3 42.74744027303754
303000 394 293 5 3 42.69047619047619
304000 395 293 5 3 42.5864406779661
305000 396 294 5 3 42.520270270270274
306000 397 295 5 3 42.44444444444444
307000 398 296 5 3 42.40939597315436

#307031: (387)  [387] TOI for 22

#307041: (243)  [243] TOI for 22

#307051: (374)  [374] TOI for 22

#307061: (263)  [263] TOI for 22

#307312: (351)  [351]  after reduction 2

#307482: (351)  [351] After Update
308000 399 298 5 3 43.458193979933114
# numRoot : From 351 to 399
220554182942670109621697512637866214556 - original 
220618886413312289787115526874492529039 - new 
220874489302494949777107718172964578790 - old 
309000 400 299 5 3 43.38666666666666
310000 401 300 5 3 43.3156146179402
311000 402 301 5 3 43.27814569536424
312000 403 302 5 3 43.20462046204621
313000 404 303 5 3 43.1578947368421

#313051: (393)  [393] TOI for 22

#313061: (55)  [16] TOI for 22

#313071: (305)  [305] TOI for 22

#313081: (40)  [51] TOI for 22

#313091: (66)  [57] TOI for 22
314000 405 305 5 3 43.24590163934426
315000 406 306 5 3 43.21895424836601
316000 407 307 5 3 43.1628664495114
317000 408 308 5 3 43.116883116883116
318000 409 309 5 3 43.09708737864078

#318262: (399)  [399] After Update
319000 410 310 6 4 43.50967741935484

#319111: (388)  [388] Wait for time out at req

#319111: (388)  [388] ReduceSetMessage Sent

#319182: (399)  [399]  after reduction 3
320000 411 310 6 3 43.868167202572344
321000 412 311 6 3 43.842948717948715
322000 413 312 6 3 43.766773162939295
323000 414 313 6 3 43.72929936305732

#323171: (413)  [413] ConnectDMessage Received

#323171: (413)  [413] Re ConnectMessage send to 393
324000 415 314 6 3 43.682539682539684
325000 416 315 6 3 43.62658227848101
326000 417 316 6 3 43.55205047318612
327000 418 317 6 3 43.522012578616355
328000 419 318 6 3 43.476489028213166
329000 420 319 6 3 43.4375

#329051: (409)  [409] TOI for 20

#329061: (213)  [213] TOI for 20

#329071: (281)  [281] TOI for 20

#329081: (139)  [139] TOI for 20

#329091: (189)  [189] TOI for 20

#329101: (402)  [402] TOI for 20

#329282: (399)  [399] After Update
330000 421 321 7 4 44.0
331000 422 322 7 4 43.94409937888199
332000 423 323 7 4 43.88854489164087
333000 424 324 7 4 43.82098765432099
334000 425 325 7 4 43.76615384615385
335000 426 326 7 4 43.70245398773006

#335131: (425)  [425] ConnectDMessage Received

#335131: (425)  [425] Re ConnectMessage send to 414
336000 427 327 7 4 43.63608562691132
337000 428 328 7 4 43.573170731707314
338000 429 329 7 4 43.54103343465046
339000 430 330 7 4 43.53030303030303
340000 431 331 7 4 43.50151057401813
341000 432 332 7 4 43.454819277108435

#341222: (399)  [399]  after reduction 3

#341271: (431)  [431] ConnectDMessage Received

#341271: (431)  [431] Re ConnectMessage send to 414
342000 433 333 6 3 43.912912912912915
343000 434 334 6 3 43.85928143712575
344000 435 335 6 3 43.82388059701493
345000 436 336 6 3 43.788690476190474
346000 437 337 6 3 43.76261127596439

#346231: (436)  [436] ConnectDMessage Received

#346231: (436)  [436] Re ConnectMessage send to 425
347000 438 338 6 3 43.74260355029586

#347162: (399)  [399] After Update
348000 439 339 7 4 44.13274336283186
349000 440 340 7 4 44.10588235294118
350000 441 341 7 4 44.06158357771261
351000 442 342 7 4 44.01754385964912
352000 443 343 7 4 43.947521865889215
353000 444 344 7 4 43.93604651162791
354000 445 345 7 4 43.88405797101449
355000 446 346 7 4 43.80635838150289

#355322: (399)  [399] After Update
356000 447 347 8 5 44.20461095100865
357000 448 348 8 5 44.13505747126437
358000 449 349 8 5 44.060171919770774
359000 450 350 8 5 44.0
360000 451 351 8 5 43.914529914529915
361000 452 352 8 5 43.85511363636363

#361271: (451)  [451] ConnectDMessage Received

#361271: (451)  [451] Re ConnectMessage send to 444

#361312: (399)  [399]  after reduction 4
362000 453 353 7 4 44.28045325779037

#362232: (399)  [399] After Update
363000 454 354 8 5 44.66101694915254
364000 455 355 8 5 44.583098591549295
365000 456 356 8 5 44.52247191011236
366000 457 357 8 5 44.4733893557423

#366191: (456)  [456] ConnectDMessage Received

#366191: (456)  [456] Re ConnectMessage send to 443
367000 458 358 8 5 44.435754189944134
368000 459 359 8 5 44.381615598885794
369000 460 360 8 5 44.330555555555556
370000 461 361 8 5 44.29916897506925
371000 462 362 8 5 44.232044198895025

#371171: (461)  [461] ConnectDMessage Received

#371171: (461)  [461] Re ConnectMessage send to 454

#371312: (399)  [399] After Update
372000 463 363 9 6 44.225895316804404
373000 464 364 9 6 44.16208791208791
374000 465 365 9 6 44.12602739726027
375000 466 366 9 6 44.04371584699454
376000 467 367 9 6 43.961852861035425
377000 468 368 9 6 43.91304347826087
378000 469 369 9 6 43.86449864498645
379000 470 370 9 6 43.81621621621622
380000 471 371 9 6 43.75471698113208
381000 472 372 9 6 43.72043010752688
382000 473 373 9 6 43.689008042895445

#382202: (399)  [399]  after reduction 5

#382211: (472)  [472] ConnectDMessage Received

#382211: (472)  [472] Re ConnectMessage send to 457
383000 474 374 8 5 43.68449197860963
384000 475 375 8 5 43.64533333333333
# setRoot : From 245 to 475
385000 476 376 8 5 43.58244680851064
386000 477 377 8 5 43.51724137931034

#386151: (476)  [476] ConnectDMessage Received

#386151: (476)  [476] Re ConnectMessage send to 468

#386272: (399)  [399] After Update
387000 478 378 9 6 43.5026455026455

#387111: (207)  [207] Wait for time out at req

#387111: (207)  [207] ReduceSetMessage Sent

#387162: (399)  [399]  after reduction 5
388000 479 378 9 5 43.443271767810025
389000 480 379 9 5 43.40526315789474
390000 481 380 9 5 43.346456692913385
391000 482 381 9 5 43.29319371727749
392000 483 381 9 5 43.20626631853786
393000 484 382 9 5 43.158854166666664
394000 485 383 9 5 43.15844155844156

#394222: (399)  [399]  after reduction 4
395000 486 384 8 4 43.329015544041454
396000 487 385 8 4 43.2687338501292

#396362: (399)  [399]  after reduction 3
397000 488 386 7 3 43.5

#397071: (477)  [477] TOI for 29

#397081: (18)  [19] TOI for 29

#397091: (274)  [274] TOI for 29

#397101: (422)  [422] TOI for 29
398000 489 388 7 3 43.56812339331619

#398171: (488)  [488] ConnectDMessage Received

#398171: (488)  [488] Re ConnectMessage send to 25

#398191: (488)  [488] ConnectDMessage Received

#398191: (488)  [488] Re ConnectMessage send to 486
399000 490 389 7 3 43.53333333333333
400000 491 390 7 3 43.485933503836314
401000 492 391 7 3 43.44387755102041

#401051: (481)  [481] TOI for 29

#401061: (3)  [34] TOI for 29

#401071: (468)  [468] TOI for 29

#401222: (399)  [399] After Update

#401332: (399)  [399] After Update
402000 493 393 9 5 44.06615776081425
403000 494 394 9 5 44.02791878172589
404000 495 395 9 5 43.9746835443038
405000 496 396 9 5 43.93434343434343
406000 497 397 9 5 43.87405541561713
407000 498 398 9 5 43.82663316582914
408000 499 399 9 5 43.80451127819549

#408231: (498)  [498] ConnectDMessage Received

#408231: (498)  [498] Re ConnectMessage send to 486
409000 500 400 9 5 43.7775
410000 501 401 9 5 43.7356608478803
411000 502 402 9 5 43.69402985074627
412000 503 403 9 5 43.6575682382134
413000 504 404 9 5 43.62376237623762
414000 505 405 9 5 43.58765432098765
415000 506 406 9 5 43.54187192118226
416000 507 407 9 5 43.4987714987715
417000 508 408 9 5 43.46813725490196
418000 509 409 9 5 43.42542787286064
419000 510 410 9 5 43.40731707317073
420000 511 411 9 5 43.35523114355231
421000 512 412 9 5 43.320388349514566
# setRoot : From 178 to 512
422000 513 413 9 5 43.27360774818402
423000 514 414 9 5 43.21739130434783

#423312: (399)  [399]  after reduction 4
424000 515 415 8 4 43.59759036144578
425000 516 416 8 4 43.56730769230769

#425071: (248)  [248] Wait for time out at req

#425071: (248)  [248] ReduceSetMessage Sent

#425132: (399)  [399]  after reduction 3
426000 517 416 8 3 43.8705035971223
427000 518 417 8 3 43.82057416267943
428000 519 418 8 3 43.78758949880668
429000 520 419 8 3 43.75476190476191
430000 521 420 8 3 43.705463182897866
431000 522 421 8 3 43.66350710900474
432000 523 422 8 3 43.62647754137116
433000 524 423 8 3 43.596698113207545
434000 525 424 8 3 43.55764705882353
435000 526 425 8 3 43.50704225352113

#435031: (515)  [515] TOI for 27

#435041: (178)  [178] TOI for 27

#435051: (465)  [465] TOI for 27

#435061: (11)  [66] TOI for 27
436000 527 427 8 3 43.550351288056206
437000 528 428 8 3 43.51635514018692
438000 529 429 8 3 43.48251748251748
439000 530 430 8 3 43.43488372093023
440000 531 431 8 3 43.42691415313225
441000 532 432 8 3 43.40277777777778

#441171: (531)  [531] ConnectDMessage Received

#441171: (531)  [531] Re ConnectMessage send to 524

#441312: (399)  [399] After Update
442000 533 433 9 4 43.68360277136259
443000 534 434 9 4 43.6221198156682
444000 535 435 9 4 43.57011494252873
445000 536 436 9 4 43.51605504587156

#445171: (535)  [535] ConnectDMessage Received

#445171: (535)  [535] Re ConnectMessage send to 25

#445191: (535)  [535] ConnectDMessage Received

#445191: (535)  [535] Re ConnectMessage send to 515
446000 537 437 9 4 43.48741418764302
447000 538 438 9 4 43.44748858447488
448000 539 439 9 4 43.394077448747154
449000 540 440 9 4 43.35909090909091
450000 541 441 9 4 43.301587301587304
451000 542 442 9 4 43.26923076923077
452000 543 443 9 4 43.23250564334086
453000 544 444 9 4 43.207207207207205
454000 545 445 9 4 43.15955056179775
455000 546 446 9 4 43.100896860986545
456000 547 447 9 4 43.04026845637584
457000 548 448 9 4 43.00669642857143
458000 549 449 9 4 42.97550111358574
459000 550 450 9 4 42.91777777777778
460000 551 451 9 4 42.87361419068736
461000 552 452 9 4 42.82964601769911
462000 553 453 9 4 42.783664459161145
463000 554 454 9 4 42.74669603524229
464000 555 455 9 4 42.6967032967033
465000 556 456 9 4 42.65350877192982
466000 557 457 9 4 42.63019693654267
467000 558 458 9 4 42.580786026200876
468000 559 459 9 4 42.531590413943356
469000 560 460 9 4 42.495652173913044
470000 561 461 9 4 42.45986984815618
471000 562 462 9 4 42.42424242424242
472000 563 463 9 4 42.38012958963283
473000 564 464 9 4 42.372844827586206
474000 565 465 9 4 42.33763440860215
475000 566 466 9 4 42.31115879828326
476000 567 467 9 4 42.29550321199144
477000 568 468 9 4 42.254273504273506

#477171: (567)  [567] ConnectDMessage Received

#477171: (567)  [567] Re ConnectMessage send to 530
478000 569 469 9 4 42.22174840085288
479000 570 470 9 4 42.182978723404254
480000 571 471 9 4 42.146496815286625
481000 572 472 9 4 42.11864406779661
482000 573 473 9 4 42.095137420718814

#482211: (572)  [572] ConnectDMessage Received

#482211: (572)  [572] Re ConnectMessage send to 568

#482342: (399)  [399] After Update
483000 574 474 10 5 42.4662447257384
484000 575 475 10 5 42.41894736842105
485000 576 476 10 5 42.38865546218487
486000 577 477 10 5 42.35220125786164
487000 578 478 10 5 42.31799163179916
488000 579 479 10 5 42.26931106471816
489000 580 480 10 5 42.24375
490000 581 481 10 5 42.222453222453225
491000 582 482 10 5 42.18879668049792

#491282: (399)  [399]  after reduction 4

#491311: (581)  [581] ConnectDMessage Received

#491311: (581)  [581] Re ConnectMessage send to 571
492000 583 483 9 4 42.61076604554865
493000 584 484 9 4 42.57231404958678

#493191: (583)  [583] ConnectDMessage Received

#493191: (583)  [583] Re ConnectMessage send to 571
494000 585 485 9 4 42.54845360824742

#494191: (584)  [584] ConnectDMessage Received

#494191: (584)  [584] Re ConnectMessage send to 25

#494211: (584)  [584] ConnectDMessage Received

#494211: (584)  [584] Re ConnectMessage send to 574
495000 586 486 9 4 42.52880658436214
496000 587 487 9 4 42.50102669404517
497000 588 488 9 4 42.454918032786885
498000 589 489 9 4 42.40081799591002

#498312: (399)  [399] After Update
499000 590 490 10 5 42.8
500000 591 491 10 5 42.775967413441954
501000 592 492 10 5 42.735772357723576
502000 593 493 10 5 42.718052738336716
503000 594 494 10 5 42.702429149797574
504000 595 495 10 5 42.67272727272727

#504191: (594)  [594] ConnectDMessage Received

#504191: (594)  [594] Re ConnectMessage send to 25

#504211: (594)  [594] ConnectDMessage Received

#504211: (594)  [594] Re ConnectMessage send to 583
505000 596 496 10 5 42.653225806451616

#505172: (399)  [399]  after reduction 4

#505251: (595)  [595] ConnectDMessage Received

#505251: (595)  [595] Re ConnectMessage send to 25

#505271: (595)  [595] ConnectDMessage Received

#505271: (595)  [595] Re ConnectMessage send to 583
506000 597 497 9 4 43.03822937625755
507000 598 498 9 4 43.01606425702811
508000 599 499 9 4 42.963927855711425
509000 600 500 9 4 42.932
510000 601 501 9 4 42.874251497005986
511000 602 502 9 4 42.83466135458168
512000 603 503 9 4 42.82504970178926

#512232: (399)  [399]  after reduction 3

#512362: (399)  [399] After Update
513000 604 504 9 4 43.57936507936508
514000 605 505 9 4 43.54455445544554
515000 606 506 9 4 43.50790513833992
516000 607 507 9 4 43.47337278106509

#516101: (103)  [103] Wait for time out at req

#516101: (103)  [103] ReduceSetMessage Sent

#516122: (399)  [399]  after reduction 3
517000 608 507 9 3 43.75
518000 609 508 9 3 43.721021611001966
519000 610 509 9 3 43.6921568627451
520000 611 510 9 3 43.63796477495108
521000 612 511 9 3 43.591796875
522000 613 512 9 3 43.55750487329435
523000 614 513 9 3 43.525291828793776
524000 615 514 9 3 43.50097087378641
525000 616 515 9 3 43.45542635658915
526000 617 516 9 3 43.42166344294004

#526051: (606)  [606] TOI for 32

#526061: (178)  [178] TOI for 32

#526071: (465)  [465] TOI for 32

#526081: (542)  [542] TOI for 32

#526091: (22)  [64] TOI for 32

#526211: (606)  [606] ConnectDMessage Received

#526211: (606)  [606] Re ConnectMessage send to 608
527000 618 518 9 3 43.486486486486484

#527211: (617)  [617] ConnectDMessage Received

#527211: (617)  [617] Re ConnectMessage send to 611
528000 619 519 9 3 43.46435452793834
529000 620 520 9 3 43.44615384615385
530000 621 521 9 3 43.395393474088294
# setRoot : From 279 to 621
531000 622 522 9 3 43.36015325670498
532000 623 523 9 3 43.32504780114723
533000 624 524 9 3 43.286259541984734

#533151: (623)  [623] ConnectDMessage Received

#533151: (623)  [623] Re ConnectMessage send to 611
534000 625 525 9 3 43.25142857142857
535000 626 526 9 3 43.23384030418251
536000 627 527 9 3 43.2011385199241
537000 628 528 9 3 43.17045454545455
538000 629 529 9 3 43.14366729678639
539000 630 530 9 3 43.10566037735849
540000 631 531 9 3 43.09227871939736
541000 632 532 9 3 43.05451127819549
542000 633 533 9 3 43.02439024390244
543000 634 534 9 3 42.99250936329588
544000 635 535 9 3 42.9607476635514
545000 636 536 9 3 42.94216417910448
546000 637 537 9 3 42.910614525139664
547000 638 538 9 3 42.87360594795539

#547362: (399)  [399] After Update
548000 639 539 10 4 43.12615955473098
549000 640 540 10 4 43.101851851851855

#549292: (399)  [399] After Update
550000 641 541 11 5 43.33641404805915
551000 642 542 11 5 43.2970479704797
552000 643 543 11 5 43.27255985267035
553000 644 544 11 5 43.24632352941177
554000 645 545 11 5 43.22752293577982
555000 646 546 11 5 43.17948717948718
556000 647 547 11 5 43.159049360146255
557000 648 548 11 5 43.122262773722625
558000 649 549 11 5 43.08743169398907
559000 650 550 11 5 43.07272727272727
560000 651 551 11 5 43.05263157894737
561000 652 552 11 5 43.028985507246375

#561191: (651)  [651] ConnectDMessage Received

#561191: (651)  [651] Re ConnectMessage send to 631
562000 653 553 11 5 43.00361663652803
563000 654 554 11 5 42.96028880866426

#563151: (653)  [653] ConnectDMessage Received

#563151: (653)  [653] Re ConnectMessage send to 651
564000 655 555 11 5 42.927927927927925
565000 656 556 11 5 42.90827338129496
566000 657 557 11 5 42.87791741472172
567000 658 558 11 5 42.82616487455197
568000 659 559 11 5 42.7906976744186
569000 660 560 11 5 42.76607142857143
570000 661 561 11 5 42.745098039215684
571000 662 562 11 5 42.720640569395016

#571232: (399)  [399] After Update
572000 663 563 12 6 42.99822380106572
573000 664 564 12 6 42.973404255319146
574000 665 565 12 6 42.93628318584071
575000 666 566 12 6 42.89575971731449
# setRoot : From 27 to 666
576000 667 567 12 6 42.86596119929453

#576302: (399)  [399]  after reduction 5
577000 668 568 11 5 43.11619718309859
578000 669 569 11 5 43.08084358523726

#578101: (549)  [549] Wait for time out at req

#578101: (549)  [549] ReduceSetMessage Sent

#578162: (399)  [399]  after reduction 4
579000 670 569 11 4 43.27017543859649
580000 671 570 11 4 43.24868651488617
581000 672 571 11 4 43.21328671328671
582000 673 572 11 4 43.18499127399651
583000 674 572 11 4 43.12717770034843

#583202: (399)  [399]  after reduction 3
584000 675 573 10 3 43.35304347826087
585000 676 574 10 3 43.317708333333336

#585171: (675)  [675] ConnectDMessage Received

#585171: (675)  [675] Re ConnectMessage send to 666
586000 677 575 10 3 43.29116117850953
587000 678 576 10 3 43.266435986159166
588000 679 577 10 3 43.229706390328154

#588031: (668)  [668] TOI for 39

#588041: (606)  [606] TOI for 39

#588051: (168)  [168] TOI for 39

#588061: (300)  [300] TOI for 39

#588071: (139)  [139] TOI for 39

#588081: (457)  [457] TOI for 39

#588091: (546)  [546] TOI for 39
589000 680 579 10 3 43.2948275862069

#589151: (679)  [679] ConnectDMessage Received

#589151: (679)  [679] Re ConnectMessage send to 25

#589171: (679)  [679] ConnectDMessage Received

#589171: (679)  [679] Re ConnectMessage send to 676

#589302: (399)  [399] After Update
590000 681 580 11 4 43.51290877796902
591000 682 581 11 4 43.47766323024055
592000 683 582 11 4 43.44768439108062

#592031: (672)  [672] TOI for 39

#592041: (579)  [579] TOI for 39

#592051: (5)  [27] TOI for 39

#592061: (644)  [644] TOI for 39

#592071: (549)  [549] Wait for time out at req

#592071: (549)  [549] ReduceSetMessage Sent

#592071: (255)  [255] TOI for 39

#592132: (399)  [399]  after reduction 3

#592232: (399)  [399] After Update
593000 684 583 12 4 43.794520547945204
594000 685 584 12 4 43.78119658119658
595000 686 585 12 4 43.755972696245735
596000 687 586 12 4 43.73083475298126
597000 688 587 12 4 43.69047619047619
598000 689 588 12 4 43.65025466893039
599000 690 589 12 4 43.623728813559325

#599202: (399)  [399]  after reduction 3
600000 691 590 11 3 43.72758037225042

#600151: (690)  [690] ConnectDMessage Received

#600151: (690)  [690] Re ConnectMessage send to 25

#600171: (690)  [690] ConnectDMessage Received

#600171: (690)  [690] Re ConnectMessage send to 676

#600191: (690)  [690] ConnectDMessage Received

#600191: (690)  [690] Re ConnectMessage send to 685
601000 692 591 11 3 43.7027027027027

#601342: (399)  [399] After Update
602000 693 592 12 4 43.81281618887015

#602031: (682)  [682] TOI for 39

#602041: (159)  [159] TOI for 39

#602051: (189)  [189] TOI for 39

#602061: (546)  [546] TOI for 39

#602322: (399)  [399] After Update
603000 694 594 13 5 44.08585858585859
604000 695 595 13 5 44.05378151260504
# setRoot : From 338 to 695
605000 696 596 13 5 44.02852348993289
606000 697 597 13 5 43.993299832495815
607000 698 598 13 5 43.953177257525084
608000 699 599 13 5 43.913188647746246
609000 700 600 13 5 43.89666666666667

#609322: (399)  [399]  after reduction 4
610000 701 601 12 4 44.074875207986686
611000 702 602 12 4 44.03986710963455
612000 703 603 12 4 44.01160862354892
613000 704 604 12 4 43.980132450331126

#613262: (399)  [399]  after reduction 3
# setRoot : From 7 to 704
614000 705 605 11 3 44.14876033057851
615000 706 606 11 3 44.117161716171616
616000 707 607 11 3 44.102141680395384

#616362: (399)  [399] After Update
617000 708 608 12 4 44.27302631578947
618000 709 609 12 4 44.23809523809524

#618272: (399)  [399]  after reduction 3

#618291: (708)  [708] ConnectDMessage Received

#618291: (708)  [708] Re ConnectMessage send to 699

#618442: (399)  [399] After Update
619000 710 610 12 4 44.57704918032787
620000 711 611 12 4 44.54009819967267
621000 712 612 12 4 44.509803921568626

#621291: (711)  [711] ConnectDMessage Received

#621291: (711)  [711] Re ConnectMessage send to 703

#621322: (399)  [399]  after reduction 3
622000 713 613 11 3 44.67047308319739

#622101: (537)  [537] Wait for time out at req

#622101: (537)  [537] ReduceSetMessage Sent

#622152: (399)  [399]  after reduction 2
623000 714 613 11 2 44.755700325732896
624000 715 614 11 2 44.728455284552844
625000 716 615 11 2 44.69642857142857
626000 717 616 11 2 44.6742301458671
627000 718 617 11 2 44.64563106796116

#627271: (717)  [717] ConnectDMessage Received

#627271: (717)  [717] Re ConnectMessage send to 714
628000 719 618 11 2 44.63489499192246

#628272: (399)  [399] After Update
629000 720 619 12 3 44.80483870967742
630000 721 620 12 3 44.769726247987116
631000 722 621 12 3 44.744372990353696

#631282: (399)  [399] After Update
632000 723 622 13 4 44.91492776886035

#632031: (712)  [712] TOI for 43

#632041: (461)  [461] TOI for 43

#632051: (499)  [499] TOI for 43

#632061: (452)  [452] TOI for 43

#632071: (365)  [365] TOI for 43

#632081: (298)  [298] TOI for 43

#632091: (250)  [250] TOI for 43
633000 724 623 13 4 44.94230769230769

#633191: (723)  [723] ConnectDMessage Received

#633191: (723)  [723] Re ConnectMessage send to 25

#633211: (723)  [723] ConnectDMessage Received

#633211: (723)  [723] Re ConnectMessage send to 717
634000 725 624 13 4 44.9232
635000 726 625 13 4 44.89776357827476

#635282: (399)  [399]  after reduction 3

#635452: (399)  [399] After Update
636000 727 626 13 4 45.27272727272727
637000 728 627 13 4 45.232484076433124
638000 729 628 13 4 45.20031796502385
639000 730 629 13 4 45.17936507936508

#639151: (729)  [729] ConnectDMessage Received

#639151: (729)  [729] Re ConnectMessage send to 723
640000 731 630 13 4 45.145800316957214

#640292: (399)  [399] After Update
641000 732 631 14 5 45.337025316455694

#641302: (399)  [399] After Update
642000 733 632 15 6 45.53396524486572

#642031: (722)  [722] TOI for 43

#642041: (300)  [300] TOI for 43

#642051: (341)  [341] TOI for 43
643000 734 634 15 6 45.55520504731861
644000 735 635 15 6 45.52913385826772
645000 736 636 15 6 45.50471698113208
646000 737 637 15 6 45.4552590266876
647000 738 638 15 6 45.4294670846395
648000 739 639 15 6 45.39906103286385
649000 740 640 15 6 45.3828125
650000 741 641 15 6 45.3588143525741
651000 742 642 15 6 45.31931464174455
652000 743 643 15 6 45.306376360808706

#652232: (399)  [399]  after reduction 5
653000 744 644 14 5 45.53260869565217
654000 745 645 14 5 45.50232558139535
655000 746 646 14 5 45.46749226006192
656000 747 647 14 5 45.42812982998454
# setRoot : From 178 to 747
657000 748 648 14 5 45.410493827160494
658000 749 649 14 5 45.386748844375965
659000 750 650 14 5 45.347692307692306
660000 751 651 14 5 45.31336405529954
661000 752 652 14 5 45.283742331288344
662000 753 653 14 5 45.26033690658499
663000 754 654 14 5 45.2262996941896
664000 755 655 14 5 45.196946564885494
665000 756 656 14 5 45.172256097560975
666000 757 657 14 5 45.15068493150685
667000 758 658 14 5 45.11246200607903
668000 759 659 14 5 45.08194233687405
669000 760 660 14 5 45.056060606060605

#669171: (759)  [759] ConnectDMessage Received

#669171: (759)  [759] Re ConnectMessage send to 25

#669191: (759)  [759] ConnectDMessage Received

#669191: (759)  [759] Re ConnectMessage send to 729
# setRoot : From 156 to 760
670000 761 661 14 5 45.03328290468986
671000 762 662 14 5 45.01057401812689

#671302: (399)  [399] After Update
672000 763 663 15 6 45.009049773755656

#672392: (399)  [399]  after reduction 5

#672462: (399)  [399] After Update
673000 764 664 15 6 45.0527108433735

#673302: (399)  [399] After Update
674000 765 665 15 7 45.04962406015038

#674322: (399)  [399] After Update
675000 766 666 16 8 45.046546546546544
676000 767 667 16 8 45.01799100449775

#676322: (399)  [399]  after reduction 7
677000 768 668 15 7 45.02245508982036
678000 769 669 15 7 44.99850523168909
679000 770 670 15 7 44.98059701492537

#679272: (399)  [399]  after reduction 6
680000 771 671 14 6 44.986587183308494
681000 772 672 14 6 44.958333333333336

#681242: (399)  [399] After Update
682000 773 673 15 7 44.943536404160476
683000 774 674 15 7 44.916913946587535
684000 775 675 15 7 44.90962962962963

#684302: (399)  [399]  after reduction 6

#684432: (399)  [399] After Update
685000 776 676 15 7 45.392011834319526
686000 777 677 15 7 45.3589364844904

#686252: (399)  [399]  after reduction 6
687000 778 678 14 6 45.607669616519175
688000 779 679 14 6 45.58762886597938

#688272: (399)  [399]  after reduction 5

#688362: (399)  [399] After Update
689000 780 680 14 6 46.10441176470588
690000 781 681 14 6 46.09104258443465
691000 782 682 14 6 46.070381231671554
692000 783 683 14 6 46.03660322108345
693000 784 684 14 6 46.01169590643275
694000 785 685 14 6 45.973722627737224
695000 786 686 14 6 45.94460641399417

#695402: (399)  [399]  after reduction 5
696000 787 687 13 5 46.203784570596795

#696322: (399)  [399]  after reduction 4
697000 788 688 12 4 46.463662790697676
698000 789 689 12 4 46.44121915820029
699000 790 690 12 4 46.41304347826087

#699252: (399)  [399]  after reduction 3

#699312: (399)  [399] After Update
700000 791 691 12 4 46.894356005788715
701000 792 692 12 4 46.86271676300578
702000 793 693 12 4 46.84126984126984
703000 794 694 12 4 46.80259365994236
704000 795 695 12 4 46.76834532374101
705000 796 696 12 4 46.75
706000 797 697 12 4 46.714490674318505
707000 798 698 12 4 46.693409742120345
708000 799 699 12 4 46.65665236051502
709000 800 700 12 4 46.635714285714286
710000 801 701 12 4 46.61055634807418
711000 802 702 12 4 46.572649572649574
712000 803 703 12 4 46.546230440967285
713000 804 704 12 4 46.51704545454545
714000 805 705 12 4 46.49645390070922
715000 806 706 12 4 46.46600566572238
716000 807 707 12 4 46.42857142857143

#716171: (806)  [806] ConnectDMessage Received

#716171: (806)  [806] Re ConnectMessage send to 805
717000 808 708 12 4 46.402542372881356
718000 809 709 12 4 46.37799717912553
719000 810 710 12 4 46.33661971830986
720000 811 711 12 4 46.32208157524613
721000 812 712 12 4 46.29634831460674
722000 813 713 12 4 46.27349228611501
723000 814 714 12 4 46.24929971988796
724000 815 715 12 4 46.23916083916084
725000 816 716 12 4 46.20949720670391
# setRoot : From 416 to 816
726000 817 717 12 4 46.18549511854951

#726211: (816)  [816] ConnectDMessage Received

#726211: (816)  [816] Re ConnectMessage send to 805
727000 818 718 12 4 46.16713091922006
728000 819 719 12 4 46.14047287899861
729000 820 720 12 4 46.12083333333333
730000 821 721 12 4 46.09708737864078
731000 822 722 12 4 46.10387811634349
732000 823 723 12 4 46.08160442600277
733000 824 724 12 4 46.06629834254144
734000 825 725 12 4 46.04827586206896
735000 826 726 12 4 46.03030303030303

#735171: (825)  [825] ConnectDMessage Received

#735171: (825)  [825] Re ConnectMessage send to 25

#735191: (825)  [825] ConnectDMessage Received

#735191: (825)  [825] Re ConnectMessage send to 816
736000 827 727 12 4 46.00825309491059

#736252: (399)  [399]  after reduction 3

#736271: (826)  [826] ConnectDMessage Received

#736271: (826)  [826] Re ConnectMessage send to 816
737000 828 728 11 3 46.27197802197802

#737131: (827)  [827] ConnectDMessage Received

#737131: (827)  [827] Re ConnectMessage send to 822

#737262: (399)  [399] After Update
738000 829 729 12 4 46.522633744855966
739000 830 730 12 4 46.49452054794521
740000 831 731 12 4 46.47332421340629
741000 832 732 12 4 46.45765027322405
742000 833 733 12 4 46.42155525238745
743000 834 734 12 4 46.38964577656676
744000 835 735 12 4 46.36190476190476
745000 836 736 12 4 46.32201086956522
746000 837 737 12 4 46.28900949796472

#746171: (836)  [836] ConnectDMessage Received

#746171: (836)  [836] Re ConnectMessage send to 25

#746191: (836)  [836] ConnectDMessage Received

#746191: (836)  [836] Re ConnectMessage send to 822
747000 838 738 12 4 46.265582655826556
748000 839 739 12 4 46.23545331529093
749000 840 740 12 4 46.212162162162166

#749272: (399)  [399]  after reduction 3
750000 841 741 11 3 46.450742240215924
751000 842 742 11 3 46.42318059299191
752000 843 743 11 3 46.398384925975776
753000 844 744 11 3 46.36290322580645
754000 845 745 11 3 46.34093959731543

#754191: (844)  [844] ConnectDMessage Received

#754191: (844)  [844] Re ConnectMessage send to 841
755000 846 746 11 3 46.31769436997319
756000 847 747 11 3 46.30120481927711
757000 848 748 11 3 46.274064171122994
758000 849 749 11 3 46.23898531375167
759000 850 750 11 3 46.212
760000 851 751 11 3 46.18508655126498
761000 852 752 11 3 46.16622340425532
762000 853 753 11 3 46.135458167330675
763000 854 754 11 3 46.10079575596817
764000 855 755 11 3 46.086092715231786
765000 856 756 11 3 46.05952380952381
766000 857 757 11 3 46.050198150594454
767000 858 758 11 3 46.022427440633244

#767171: (857)  [857] ConnectDMessage Received

#767171: (857)  [857] Re ConnectMessage send to 855
768000 859 759 11 3 45.997364953886695
769000 860 760 11 3 45.97105263157895
770000 861 761 11 3 45.9526938239159
771000 862 762 11 3 45.92650918635171
772000 863 763 11 3 45.89908256880734
773000 864 764 11 3 45.8717277486911
774000 865 765 11 3 45.848366013071896
775000 866 766 11 3 45.822454308093995
776000 867 767 11 3 45.797913950456326
777000 868 768 11 3 45.76953125
778000 869 769 11 3 45.750325097529256
779000 870 770 11 3 45.73246753246753
780000 871 771 11 3 45.70557717250324
781000 872 772 11 3 45.69430051813472
782000 873 773 11 3 45.667529107373866
783000 874 774 11 3 45.64728682170543
784000 875 775 11 3 45.623225806451615
785000 876 776 11 3 45.60180412371134
786000 877 777 11 3 45.57657657657658
787000 878 778 11 3 45.55012853470437
788000 879 779 11 3 45.53145057766367
789000 880 780 11 3 45.51794871794872
790000 881 781 11 3 45.499359795134446
791000 882 782 11 3 45.47826086956522
792000 883 783 11 3 45.45721583652618
793000 884 784 11 3 45.43622448979592
794000 885 785 11 3 45.41528662420382
795000 886 786 11 3 45.39440203562341
796000 887 787 11 3 45.37738246505718
797000 888 788 11 3 45.348984771573605
798000 889 789 11 3 45.32319391634981
799000 890 790 11 3 45.30632911392405
800000 891 791 11 3 45.289506953223764
801000 892 792 11 3 45.26893939393939
802000 893 793 11 3 45.24085750315258
803000 894 794 11 3 45.22670025188917
# setRoot : From 621 to 894
804000 895 795 11 3 45.22012578616352

#804191: (894)  [894] ConnectDMessage Received

#804191: (894)  [894] Re ConnectMessage send to 886
805000 896 796 11 3 45.199748743718594
806000 897 797 11 3 45.19196988707654
807000 898 798 11 3 45.17919799498747
808000 899 799 11 3 45.15143929912391
809000 900 800 11 3 45.13125
810000 901 801 11 3 45.10112359550562
811000 902 802 11 3 45.093516209476306

#811482: (399)  [399] After Update
812000 903 803 11 4 45.570361145703615
813000 904 804 11 4 45.548507462686565
814000 905 805 11 4 45.53416149068323
815000 906 806 11 4 45.5136476426799
816000 907 807 11 4 45.48574969021065
817000 908 808 11 4 45.46658415841584
818000 909 809 11 4 45.446229913473424
819000 910 810 11 4 45.41111111111111
820000 911 811 11 4 45.379778051787916
821000 912 812 11 4 45.35221674876847
822000 913 813 11 4 45.33579335793358
823000 914 814 11 4 45.31203931203931
824000 915 815 11 4 45.2920245398773
825000 916 816 11 4 45.27205882352941
826000 917 817 11 4 45.25336597307221
827000 918 818 11 4 45.2359413202934
828000 919 819 11 4 45.21611721611722

#828151: (918)  [918] ConnectDMessage Received

#828151: (918)  [918] Re ConnectMessage send to 914
829000 920 820 11 4 45.19146341463415
830000 921 821 11 4 45.17661388550548

#830311: (920)  [920] ConnectDMessage Received

#830311: (920)  [920] Re ConnectMessage send to 919

#830312: (399)  [399]  after reduction 3

#830472: (399)  [399] After Update
831000 922 822 11 4 46.18491484184915

#831252: (399)  [399] After Update
832000 923 823 12 5 46.663426488456864
833000 924 824 12 5 46.633495145631066

#833262: (399)  [399]  after reduction 4

#833412: (399)  [399] After Update
834000 925 825 12 5 47.63878787878788
835000 926 826 12 5 47.61501210653753
836000 927 827 12 5 47.58524788391777
837000 928 828 12 5 47.57487922705314
838000 929 829 12 5 47.53799758745477
839000 930 830 12 5 47.51566265060241
840000 931 831 12 5 47.49217809867629
841000 932 832 12 5 47.47115384615385

#841312: (399)  [399] After Update
842000 933 833 13 6 47.9639855942377
843000 934 834 13 6 47.94124700239808
844000 935 835 13 6 47.90419161676647
845000 936 836 13 6 47.88277511961722
846000 937 837 13 6 47.8494623655914
847000 938 838 13 6 47.81980906921241
848000 939 839 13 6 47.80095351609059

#848202: (399)  [399]  after reduction 5
849000 940 840 12 5 48.29761904761905
850000 941 841 12 5 48.26753864447087
851000 942 842 12 5 48.24109263657957
852000 943 843 12 5 48.21589561091341
853000 944 844 12 5 48.18957345971564
854000 945 845 12 5 48.16213017751479
855000 946 846 12 5 48.135933806146575
856000 947 847 12 5 48.11097992916175
857000 948 848 12 5 48.0813679245283

#857302: (399)  [399]  after reduction 4

#857331: (947)  [947] ConnectDMessage Received

#857331: (947)  [947] Re ConnectMessage send to 929
858000 949 849 11 4 48.332155477031804
859000 950 850 11 4 48.30235294117647
860000 951 851 11 4 48.26556991774383

#860191: (950)  [950] ConnectDMessage Received

#860191: (950)  [950] Re ConnectMessage send to 938
861000 952 852 11 4 48.244131455399064
862000 953 853 11 4 48.21453692848769
863000 954 854 11 4 48.18149882903981
864000 955 855 11 4 48.14385964912281

#864192: (399)  [399]  after reduction 3
865000 956 856 10 3 48.38084112149533
# setRoot : From 345 to 956
866000 957 857 10 3 48.358226371061846

#866342: (399)  [399] After Update
867000 958 858 11 4 48.5967365967366

#867312: (399)  [399] After Update
868000 959 859 12 5 48.82887077997672
869000 960 860 12 5 48.80232558139535
870000 961 861 12 5 48.77584204413473

#870191: (960)  [960] ConnectDMessage Received

#870191: (960)  [960] Re ConnectMessage send to 947
871000 962 862 12 5 48.754060324825986
872000 963 863 12 5 48.73580533024334
873000 964 864 12 5 48.71875

#873291: (963)  [963] ConnectDMessage Received

#873291: (963)  [963] Re ConnectMessage send to 960

#873292: (399)  [399]  after reduction 4
874000 965 865 11 4 48.96416184971098
875000 966 866 11 4 48.9445727482679
876000 967 867 11 4 48.918108419838525
877000 968 868 11 4 48.89976958525346
878000 969 869 11 4 48.88377445339471
879000 970 870 11 4 48.85977011494253
880000 971 871 11 4 48.83926521239954
881000 972 872 11 4 48.81307339449541
882000 973 873 11 4 48.79381443298969
883000 974 874 11 4 48.767734553775746
884000 975 875 11 4 48.74628571428571
885000 976 876 11 4 48.72716894977169

#885342: (399)  [399]  after reduction 3
886000 977 877 10 3 48.98289623717218
887000 978 878 10 3 48.953302961275625
888000 979 879 10 3 48.930602957906714
889000 980 880 10 3 48.91136363636364

#889212: (399)  [399] After Update
890000 981 881 11 4 49.137343927355275
891000 982 882 11 4 49.111111111111114
892000 983 883 11 4 49.08493771234428
893000 984 884 11 4 49.05882352941177
894000 985 885 11 4 49.03276836158192
895000 986 886 11 4 49.00225733634311
896000 987 887 11 4 48.97181510710259
897000 988 888 11 4 48.945945945945944
898000 989 889 11 4 48.91676040494938
899000 990 890 11 4 48.89438202247191
900000 991 891 11 4 48.87542087542087
901000 992 892 11 4 48.846412556053814
902000 993 893 11 4 48.827547592385216
903000 994 894 11 4 48.80536912751678
904000 995 895 11 4 48.77988826815643
905000 996 896 11 4 48.754464285714285
906000 997 897 11 4 48.719063545150505
907000 998 898 11 4 48.69599109131403
908000 999 899 11 4 48.66852057842047
909000 1000 900 11 4 48.64555555555555

#909312: (399)  [399] After Update
910000 1001 901 12 5 48.74250832408435
911000 1002 902 12 5 48.71729490022173

#911252: (399)  [399]  after reduction 4

#911332: (399)  [399] After Update
912000 1003 903 12 5 48.920265780730894
913000 1004 904 12 5 48.89823008849557
914000 1005 905 12 5 48.86961325966851
915000 1006 906 12 5 48.83995584988963
916000 1007 907 12 5 48.81146637265711
917000 1008 908 12 5 48.7852422907489
918000 1009 909 12 5 48.76017601760176
919000 1010 910 12 5 48.738461538461536

#919111: (902)  [902] Wait for time out at req

#919111: (902)  [902] ReduceSetMessage Sent

#919212: (399)  [399]  after reduction 4
920000 1011 910 12 4 48.79034028540066
921000 1012 911 12 4 48.762061403508774

#921372: (399)  [399]  after reduction 3
922000 1013 912 11 3 48.88718510405258
923000 1014 913 11 3 48.87199124726477
924000 1015 914 11 3 48.85792349726776

#924342: (399)  [399]  after reduction 2

#924452: (399)  [399] After Update
925000 1016 915 11 3 49.1146288209607
926000 1017 916 11 3 49.099236641221374
927000 1018 917 11 3 49.07298474945534
928000 1019 918 11 3 49.04678998911861
929000 1020 919 11 3 49.02065217391304

#929071: (1009)  [1009] TOI for 66

#929081: (314)  [314] TOI for 66

#929091: (13)  [80] TOI for 66

#929101: (860)  [860] TOI for 66

#929382: (399)  [399] After Update
930000 1021 921 12 4 49.17263843648208

#930382: (399)  [399] After Update
931000 1022 922 13 5 49.286334056399134
932000 1023 923 13 5 49.26110509209101

#932131: (702)  [702] Wait for time out at req

#932131: (702)  [702] ReduceSetMessage Sent

#932232: (399)  [399]  after reduction 4
933000 1024 923 13 4 49.23701298701299
934000 1025 924 13 4 49.21945945945946
935000 1026 925 13 4 49.19870410367171
936000 1027 926 13 4 49.1747572815534
937000 1028 927 13 4 49.14331896551724

#937191: (1027)  [1027] ConnectDMessage Received

#937191: (1027)  [1027] Re ConnectMessage send to 25

#937211: (1027)  [1027] ConnectDMessage Received

#937211: (1027)  [1027] Re ConnectMessage send to 1017
938000 1029 928 13 4 49.1248654467169

#938292: (399)  [399]  after reduction 3
939000 1030 929 12 3 49.123655913978496

#939111: (148)  [148] Wait for time out at req

#939111: (148)  [148] ReduceSetMessage Sent

#939132: (399)  [399]  after reduction 2
940000 1031 929 12 2 49.091299677765846
941000 1032 930 12 2 49.06974248927039
942000 1033 930 12 2 49.02572347266881

#942071: (1022)  [1022] TOI for 70

#942081: (541)  [541] TOI for 70

#942091: (598)  [598] TOI for 70

#942101: (342)  [342] TOI for 70

#942111: (574)  [574] TOI for 70

#942121: (917)  [917] TOI for 70

#942292: (399)  [399] After Update
943000 1034 932 13 3 49.08993576017131
944000 1035 933 13 3 49.06737967914439

#944282: (399)  [399]  after reduction 2

#944432: (399)  [399] After Update
945000 1036 934 13 3 49.087606837606835

#945362: (399)  [399]  after reduction 2

#945432: (399)  [399] After Update
946000 1037 935 13 3 49.113127001067234

#946282: (399)  [399] After Update
947000 1038 936 14 4 49.10127931769723

#947322: (399)  [399]  after reduction 3
948000 1039 937 13 3 49.10010649627263

#948271: (1038)  [1038] ConnectDMessage Received

#948271: (1038)  [1038] Re ConnectMessage send to 1033
949000 1040 938 13 3 49.08936170212766

#949051: (1029)  [1029] TOI for 71

#949061: (365)  [365] TOI for 71

#949071: (974)  [974] TOI for 71

#949081: (363)  [363] TOI for 71

#949091: (22)  [64] TOI for 71

#949101: (309)  [309] TOI for 71

#949131: (286)  [286] Wait for time out at req

#949131: (286)  [286] ReduceSetMessage Sent

#949192: (399)  [399]  after reduction 2

#949242: (399)  [399] After Update
950000 1041 939 14 3 49.13921360255048
951000 1042 939 14 3 49.09978768577495

#951031: (1031)  [1031] TOI for 71

#951041: (595)  [595] TOI for 71

#951051: (297)  [297] TOI for 71
952000 1043 940 14 3 49.09968186638388
953000 1044 940 14 3 49.0646186440678

#953192: (399)  [399]  after reduction 2

#953231: (1043)  [1043] ConnectDMessage Received

#953231: (1043)  [1043] Re ConnectMessage send to 25

#953251: (1043)  [1043] ConnectDMessage Received

#953251: (1043)  [1043] Re ConnectMessage send to 1037
954000 1045 941 13 2 49.06349206349206

#954121: (773)  [773] Wait for time out at req

#954121: (773)  [773] ReduceSetMessage Sent

#954192: (399)  [399]  after reduction 1
955000 1046 941 13 1 49.03699788583509
956000 1047 941 13 1 48.99577613516367
957000 1048 941 13 1 48.957805907173

#957312: (399)  [399] After Update
958000 1049 942 14 2 48.951527924130666

#958131: (899)  [899] Wait for time out at req

#958131: (899)  [899] ReduceSetMessage Sent

#958202: (399)  [399]  after reduction 1
959000 1050 942 14 1 48.92526315789474

#959071: (1039)  [1039] TOI for 67

#959081: (69)  [21] TOI for 67

#959091: (468)  [468] TOI for 67

#959101: (654)  [654] TOI for 67

#959111: (262)  [262] TOI for 67

#959121: (748)  [748] TOI for 67

#959171: (1039)  [1039] ConnectDMessage Received

#959171: (1039)  [1039] Re ConnectMessage send to 1038
960000 1051 943 14 1 48.94006309148265

#960071: (1040)  [1040] TOI for 71

#960081: (605)  [605] TOI for 71

#960091: (478)  [478] TOI for 71

#960141: (148)  [148] Wait for time out at req

#960141: (148)  [148] ReduceSetMessage Sent

#960162: (399)  [399]  after reduction 1
961000 1052 944 14 1 48.936974789915965

#961051: (1041)  [1041] TOI for 67

#961061: (771)  [771] TOI for 67

#961071: (838)  [838] TOI for 67

#961081: (749)  [749] TOI for 67

#961091: (786)  [786] TOI for 67

#961101: (195)  [195] TOI for 67

#961111: (438)  [438] TOI for 67

#961402: (399)  [399] After Update
962000 1053 946 15 2 49.1395592864638

#962071: (1042)  [1042] TOI for 67

#962081: (175)  [175] TOI for 67

#962091: (984)  [984] TOI for 67

#962101: (58)  [38] TOI for 67

#962111: (826)  [826] TOI for 67

#962191: (1042)  [1042] ConnectDMessage Received

#962191: (1042)  [1042] Re ConnectMessage send to 1039

#962252: (399)  [399] After Update

#962342: (399)  [399] After Update
963000 1054 948 17 4 49.465408805031444
964000 1055 949 17 4 49.43979057591623

#964071: (1044)  [1044] TOI for 72

#964081: (485)  [485] TOI for 72

#964091: (875)  [875] TOI for 72

#964101: (644)  [644] TOI for 72

#964111: (386)  [386] TOI for 72

#964302: (399)  [399] After Update
965000 1056 952 18 5 49.62761506276151

#965051: (1045)  [1045] TOI for 67

#965061: (228)  [228] TOI for 67

#965272: (399)  [399] After Update
966000 1057 954 19 6 49.78056426332289

#966071: (1046)  [1046] TOI for 67

#966081: (481)  [481] TOI for 67

#966091: (941)  [941] TOI for 67

#966382: (399)  [399] After Update
967000 1058 956 20 7 49.97390396659708
968000 1059 957 20 7 49.94994786235662

#968071: (1048)  [1048] TOI for 73

#968081: (533)  [533] TOI for 73

#968091: (130)  [130] TOI for 73

#968101: (1029)  [1029] TOI for 73

#968111: (564)  [564] TOI for 73

#968121: (152)  [152] TOI for 73

#968211: (1048)  [1048] ConnectDMessage Received

#968211: (1048)  [1048] Re ConnectMessage send to 1041

#968372: (399)  [399] After Update
969000 1060 959 21 8 50.119791666666664

#969031: (1049)  [1049] TOI for 73

#969041: (704)  [704] TOI for 73

#969171: (1049)  [1049] ConnectDMessage Received

#969171: (1049)  [1049] Re ConnectMessage send to 25

#969191: (1049)  [1049] ConnectDMessage Received

#969191: (1049)  [1049] Re ConnectMessage send to 1044
970000 1061 961 21 8 50.13111342351717

#970091: (1050)  [1050] TOI for 71

#970101: (171)  [171] TOI for 71

#970111: (711)  [711] TOI for 71

#970121: (425)  [425] TOI for 71

#970131: (309)  [309] TOI for 71
971000 1062 962 21 8 50.144490644490645
972000 1063 963 21 8 50.11941848390447
973000 1064 964 21 8 50.09958506224066
974000 1065 965 21 8 50.07772020725388
975000 1066 966 21 8 50.054865424430645
976000 1067 967 21 8 50.039296794208894

#976371: (1066)  [1066] ConnectDMessage Received

#976371: (1066)  [1066] Re ConnectMessage send to 1041

#976372: (399)  [399]  after reduction 7
977000 1068 968 20 7 50.231404958677686
978000 1069 969 20 7 50.208462332301345
979000 1070 970 20 7 50.182474226804125
980000 1071 971 20 7 50.16271884654995

#980292: (399)  [399]  after reduction 6

#980311: (1070)  [1070] ConnectDMessage Received

#980311: (1070)  [1070] Re ConnectMessage send to 1061
981000 1072 972 19 6 50.34465020576132
982000 1073 973 19 6 50.31551901336074

#982342: (399)  [399]  after reduction 5
983000 1074 974 18 5 50.503080082135526

#983272: (399)  [399]  after reduction 4

#983351: (1073)  [1073] ConnectDMessage Received

#983351: (1073)  [1073] Re ConnectMessage send to 1044
984000 1075 975 17 4 50.697435897435895

#984322: (399)  [399] After Update
985000 1076 976 18 5 50.87602459016394
986000 1077 977 18 5 50.8474923234391
987000 1078 978 18 5 50.82515337423313
988000 1079 979 18 5 50.79570990806946
989000 1080 980 18 5 50.77448979591837

#989312: (399)  [399]  after reduction 4
990000 1081 981 17 4 50.96330275229358

#990342: (399)  [399] After Update
991000 1082 982 18 5 51.15682281059063
992000 1083 983 18 5 51.127161749745675

#992202: (399)  [399]  after reduction 4
993000 1084 984 17 4 51.3140243902439
994000 1085 985 17 4 51.28527918781726

#994191: (1084)  [1084] ConnectDMessage Received

#994191: (1084)  [1084] Re ConnectMessage send to 25

#994211: (1084)  [1084] ConnectDMessage Received

#994211: (1084)  [1084] Re ConnectMessage send to 1082
995000 1086 986 17 4 51.267748478701826
996000 1087 987 17 4 51.24214792299899
997000 1088 988 17 4 51.21457489878542
998000 1089 989 17 4 51.18907987866532
999000 1090 990 17 4 51.16464646464647
