java -cp `find -L lib/ -name "*.jar" | tr [:space:] :`:"":classes peersim.Simulator test.cfg



0 100 0 0 0 NaN
1000 100 1 1 0 Infinity
2000 100 1 1 0 Infinity
3000 100 1 1 0 Infinity
4000 100 1 1 0 Infinity
5000 100 1 1 0 Infinity
6000 100 1 1 0 Infinity
7000 100 1 1 0 Infinity
8000 100 1 1 0 Infinity
9000 100 1 1 0 Infinity
10000 101 1 1 0 4.0
11000 201 87 21 26 45.08910891089109
12000 301 186 47 59 70.18407960199005
13000 401 283 79 112 117.87707641196013
14000 501 386 115 170 156.53865336658353
15000 601 482 149 235 197.04191616766468
16000 701 583 172 285 223.00665557404326
17000 801 682 199 323 241.45934379457918
18000 901 780 233 367 285.0
19000 1001 880 258 423 315.41953385127636
20000 1101 979 288 473 352.76123876123876
21000 1201 1081 310 523 384.49591280653954
22000 1301 1182 342 565 414.4304746044962
23000 1401 1281 363 590 429.261337432744
24000 1501 1379 372 597 434.12919343326195
25000 1601 1480 380 611 448.4177215189873
26000 1701 1583 393 619 452.4946908182386
27000 1801 1680 404 629 455.75720164609055
28000 1901 1775 414 645 470.800111049417
29000 2001 1880 423 655 485.13677012098896
30000 2101 1982 431 658 495.4302848575712
31000 2201 2080 441 666 500.9481199428843
32000 2301 2179 446 679 516.5779191276692
33000 2401 2283 457 694 537.9452411994785
34000 2501 2377 465 709 549.5855893377759
35000 2601 2478 465 705 564.7093162734906
36000 2701 2578 471 708 573.6416762783545
37000 2801 2679 477 710 581.428730099963
38000 2901 2778 481 708 604.5930024991075
39000 3001 2881 482 701 609.089624267494
40000 3100 2980 479 698 616.177
41000 3100 3001 484 702 630.8186666666667
42000 3100 3001 484 702 630.867
43000 3100 3001 484 702 630.922
44000 3100 3001 484 702 630.968
45000 3100 3001 484 702 631.0126666666666
46000 3100 3001 484 702 631.057
47000 3100 3001 484 702 631.0996666666666
48000 3100 3001 484 702 631.1463333333334
49000 3100 3001 484 702 631.1863333333333
50000 3100 3001 484 702 631.2276666666667
51000 3100 3001 484 702 631.239
52000 3100 3001 484 702 631.239
53000 3100 3001 484 702 631.239
54000 3100 3001 484 702 631.239
