100 20
101 11
102 16
103 14
104 10
105 12
106 14
107 12
108 14
109 16
110 12
111 14
112 10
113 8
114 10
115 14
116 16
117 10
118 16
119 14
120 12
121 14
122 14
123 12
124 14
125 14
126 16
127 12
128 18
129 16
130 18
131 18
132 14
133 12
134 14
135 14
136 12
137 16
138 18
139 12
140 10
141 12
142 14
143 12
144 14
145 14
146 14
147 14
148 12
149 16
150 10
151 14
152 12
153 18
154 12
155 10
156 12
157 12
158 12
159 10
160 14
161 10
162 14
163 10
164 10
165 14
166 10
167 14
168 14
169 10
170 6
171 16
172 12
173 16
174 16
175 10
176 12
177 14
178 12
179 18
180 16
181 14
182 10
183 16
184 14
185 14
186 16
187 8
188 18
189 16
190 18
191 16
192 12
193 12
194 12
195 12
196 12
197 18
198 14
199 12
200 14
201 14
202 14
203 10
204 14
205 14
206 8
207 18
208 14
209 14
210 10
211 14
212 18
213 14
214 14
215 14
216 16
217 14
218 18
219 14
220 14
221 16
222 12
223 18
224 18
225 6
226 12
227 12
228 8
229 16
230 12
231 14
232 16
233 18
234 14
235 12
236 16
237 10
238 16
239 10
240 14
241 14
242 16
243 14
244 10
245 18
246 14
247 14
248 16
249 14
250 10
251 16
252 12
253 14
254 8
255 10
256 16
257 16
258 12
259 16
260 14
261 14
262 14
263 10
264 8
265 18
266 10
267 14
268 16
269 12
270 14
271 18
272 14
273 12
274 14
275 14
276 10
277 14
278 14
279 18
280 16
281 20
282 10
283 16
284 12
285 14
286 14
287 14
288 10
289 8
290 14
291 12
292 14
293 14
294 14
295 16
296 14
297 12
298 20
299 16
300 18
301 12
302 14
303 16
304 14
305 14
306 12
307 14
308 14
309 14
310 12
311 14
312 16
313 18
314 16
315 18
316 16
317 12
318 20
319 14
320 10
321 14
322 16
323 16
324 16
325 14
326 14
327 16
328 10
329 10
330 14
331 10
332 14
333 8
334 14
335 14
336 12
337 14
338 18
339 12
340 8
341 14
342 12
343 16
344 14
345 12
346 12
347 18
348 12
349 16
350 16
351 14
352 18
353 10
354 14
355 18
356 16
357 14
358 16
359 20
360 18
361 16
362 14
363 16
364 16
365 12
366 8
367 14
368 18
369 16
370 12
371 16
372 12
373 18
374 14
375 16
376 14
377 12
378 14
379 12
380 14
381 20
382 14
383 18
384 16
385 14
386 14
387 12
388 14
389 18
390 12
391 14
392 14
393 16
394 12
395 14
396 24
397 18
398 16
399 16
400 16
401 14
402 8
403 12
404 18
405 10
406 18
407 16
408 16
409 16
410 16
411 18
412 14
413 6
414 16
415 16
416 20
417 14
418 12
419 12
420 12
421 14
422 16
423 16
424 18
425 14
426 12
427 8
428 20
429 18
430 20
431 10
432 14
433 18
434 10
435 18
436 12
437 14
438 14
439 18
440 18
441 18
442 16
443 10
444 16
445 12
446 14
447 16
448 20
449 16
450 12
451 14
452 18
453 18
454 12
455 16
456 8
457 12
458 14
459 14
460 12
461 16
462 10
463 14
464 16
465 18
466 10
467 8
468 16
469 10
470 18
471 16
472 16
473 12
474 16
475 14
476 12
477 14
478 10
479 12
480 12
481 12
482 12
483 14
484 16
485 18
486 16
487 22
488 12
489 14
490 10
491 14
492 16
493 14
494 14
495 16
496 16
497 16
498 20
499 12
500 14
501 18
502 18
503 14
504 10
505 12
506 18
507 14
508 14
509 20
510 12
511 12
512 18
513 14
514 12
515 16
516 16
517 14
518 16
519 16
520 18
521 18
522 14
523 16
524 14
525 14
526 16
527 10
528 12
529 20
530 16
531 14
532 12
533 16
534 12
535 12
536 10
537 10
538 16
539 18
540 14
541 12
542 20
543 14
544 16
545 16
546 18
547 18
548 20
549 18
550 12
551 18
552 14
553 18
554 18
555 16
556 14
557 16
558 14
559 16
560 10
561 16
562 16
563 12
564 20
565 16
566 16
567 18
568 10
569 22
570 14
571 12
572 14
573 10
574 18
575 16
576 16
577 16
578 14
579 18
580 16
581 12
582 16
583 16
584 20
585 12
586 12
587 12
588 10
589 22
590 20
591 14
592 18
593 12
594 12
595 14
596 18
597 16
598 14
599 20
600 8
601 18
602 18
603 6
604 14
605 12
606 20
607 18
608 14
609 12
610 12
611 18
612 22
613 10
614 14
615 14
616 10
617 24
618 14
619 18
620 14
621 10
622 22
623 20
624 20
625 12
626 20
627 14
628 14
629 12
630 16
631 18
632 14
633 14
634 14
635 10
636 10
637 14
638 10
639 14
640 16
641 14
642 14
643 14
644 18
645 16
646 20
647 18
648 18
649 16
650 14
651 14
652 18
653 14
654 20
655 10
656 18
657 10
658 14
659 14
660 14
661 22
662 14
663 20
664 12
665 14
666 14
667 18
668 16
669 10
670 20
671 16
672 14
673 14
674 20
675 12
676 18
677 18
678 20
679 18
680 14
681 16
682 14
683 18
684 10
685 20
686 16
687 12
688 14
689 12
690 14
691 18
692 12
693 14
694 14
695 16
696 14
697 12
698 14
699 16
700 14
701 14
702 20
703 18
704 16
705 16
706 18
707 6
708 12
709 16
710 16
711 16
712 16
713 12
714 14
715 18
716 16
717 20
718 20
719 12
720 12
721 12
722 12
723 16
724 18
725 10
726 10
727 16
728 24
729 12
730 18
731 18
732 16
733 16
734 16
735 16
736 16
737 16
738 16
739 14
740 10
741 20
742 18
743 14
744 14
745 16
746 18
747 16
748 14
749 18
750 20
751 14
752 16
753 10
754 14
755 18
756 10
757 16
758 18
759 18
760 14
761 12
762 18
763 12
764 14
765 18
766 18
767 14
768 16
769 14
770 16
771 18
772 16
773 14
774 18
775 16
776 18
777 18
778 20
779 14
780 12
781 18
782 18
783 14
784 26
785 16
786 20
787 26
788 20
789 18
790 16
791 14
792 18
793 20
794 24
795 14
796 24
797 22
798 10
799 16
800 12
801 18
802 16
803 18
804 20
805 14
806 22
807 16
808 16
809 12
810 20
811 22
812 22
813 18
814 14
815 14
816 10
817 16
818 12
819 20
820 14
821 18
822 22
823 16
824 20
825 16
826 16
827 16
828 20
829 20
830 16
831 18
832 18
833 14
834 22
835 12
836 12
837 12
838 16
839 16
840 16
841 18
842 14
843 16
844 16
845 20
846 16
847 12
848 14
849 24
850 16
851 14
852 16
853 18
854 18
855 20
856 14
857 18
858 14
859 16
860 14
861 10
862 12
863 20
864 24
865 18
866 22
867 22
868 10
869 22
870 16
871 18
872 16
873 20
874 18
875 18
876 12
877 16
878 14
879 18
880 16
881 14
882 14
883 10
884 20
885 16
886 18
887 18
888 16
889 14
890 18
891 18
892 18
893 18
894 16
895 16
896 14
897 14
898 14
899 16
900 18
901 18
902 20
903 16
904 18
905 16
906 22
907 12
908 22
909 14
910 18
911 20
912 20
913 14
914 16
915 16
916 14
917 16
918 18
919 14
920 14
921 16
922 14
923 18
924 16
925 16
926 14
927 20
928 16
929 10
930 18
931 16
932 12
933 18
934 14
935 14
936 16
937 18
938 20
939 12
940 18
941 16
942 22
943 20
944 16
945 18
946 12
947 14
948 20
949 16
950 10
951 18
952 14
953 16
954 14
955 20
956 18
957 16
958 14
959 22
960 14
961 12
962 16
963 10
964 18
965 14
966 18
967 18
968 18
969 22
970 20
971 18
972 22
973 24
974 12
975 18
976 20
977 12
978 20
979 20
980 18
981 16
982 16
983 12
984 8
985 20
986 14
987 16
988 16
989 16
990 18
991 22
992 18
993 10
994 12
995 16
996 18
997 12
998 16
999 10
1000 20
1001 14
1002 20
1003 18
1004 8
1005 20
1006 14
1007 12
1008 16
1009 16
1010 14
1011 16
1012 16
1013 18
1014 14
1015 18
1016 12
1017 16
1018 16
1019 14
1020 16
1021 16
1022 18
1023 16
1024 12
1025 14
1026 20
1027 22
1028 14
1029 14
1030 14
1031 20
1032 16
1033 18
1034 14
1035 16
1036 16
1037 14
1038 18
1039 16
1040 12
1041 14
1042 10
1043 16
1044 18
1045 12
1046 18
1047 18
1048 14
1049 10
1050 20
1051 12
1052 14
1053 16
1054 16
1055 18
1056 18
1057 20
1058 12
1059 14
1060 14
1061 18
1062 18
1063 20
1064 10
1065 12
1066 16
1067 18
1068 16
1069 16
1070 16
1071 14
1072 20
1073 12
1074 14
1075 18
1076 16
1077 16
1078 18
1079 18
1080 18
1081 18
1082 14
1083 16
1084 14
1085 20
1086 16
1087 10
1088 22
1089 16
1090 16
1091 14
1092 16
1093 14
1094 18
1095 14
1096 16
1097 16
1098 12
1099 16
100 10
101 16
102 14
103 14
104 16
105 14
106 16
107 14
108 12
109 14
110 14
111 16
112 12
113 12
114 16
115 14
116 10
117 14
118 14
119 12
120 14
121 10
122 14
123 6
124 18
125 12
126 14
127 16
128 16
129 18
130 14
131 14
132 14
133 10
134 8
135 10
136 14
137 12
138 12
139 16
140 14
141 14
142 12
143 10
144 10
145 14
146 14
147 12
148 16
149 10
150 18
151 14
152 6
153 18
154 16
155 16
156 14
157 16
158 18
159 10
160 14
161 18
162 14
163 16
164 14
165 12
166 14
167 18
168 16
169 16
170 12
171 14
172 12
173 12
174 16
175 14
176 8
177 10
178 14
179 14
180 14
181 16
182 14
183 12
184 12
185 16
186 14
187 16
188 16
189 10
190 12
191 14
192 12
193 12
194 14
195 10
196 8
197 8
198 14
199 12
200 16
201 14
202 12
203 14
204 8
205 8
206 12
207 8
208 12
209 12
210 16
211 12
212 16
213 14
214 14
215 16
216 14
217 12
218 18
219 14
220 12
221 10
222 14
223 10
224 10
225 12
226 14
227 14
228 16
229 14
230 12
231 14
232 16
233 8
234 16
235 16
236 10
237 18
238 16
239 14
240 14
241 16
242 14
243 16
244 10
245 12
246 14
247 16
248 16
249 12
250 18
251 16
252 16
253 14
254 14
255 18
256 20
257 18
258 14
259 12
260 18
261 12
262 16
263 6
264 14
265 12
266 12
267 14
268 14
269 6
270 12
271 16
272 16
273 16
274 14
275 14
276 16
277 16
278 12
279 16
280 16
281 14
282 14
283 16
284 12
285 16
286 16
287 18
288 10
289 22
290 16
291 14
292 16
293 14
294 8
295 10
296 18
297 10
298 14
299 12
300 12
301 12
302 12
303 20
304 18
305 16
306 6
307 8
308 10
309 16
310 12
311 12
312 18
313 14
314 14
315 16
316 16
317 10
318 12
319 14
320 20
321 12
322 12
323 10
324 12
325 16
326 16
327 6
328 12
329 8
330 10
331 14
332 14
333 16
334 12
335 14
336 14
337 14
338 20
339 14
340 16
341 10
342 14
343 16
344 12
345 14
346 10
347 12
348 14
349 12
350 18
351 14
352 12
353 16
354 12
355 12
356 14
357 16
358 16
359 22
360 14
361 10
362 20
363 12
364 16
365 18
366 14
367 10
368 10
369 12
370 20
371 14
372 14
373 18
374 16
375 16
376 18
377 16
378 12
379 16
380 16
381 14
382 10
383 12
384 16
385 16
386 14
387 12
388 16
389 16
390 14
391 16
392 14
393 14
394 16
395 18
396 14
397 18
398 16
399 16
400 18
401 18
402 14
403 12
404 10
405 12
406 16
407 14
408 10
409 18
410 16
411 14
412 12
413 12
414 18
415 14
416 14
417 18
418 12
419 12
420 16
421 12
422 20
423 10
424 14
425 14
426 16
427 8
428 14
429 14
430 12
431 12
432 20
433 16
434 14
435 12
436 16
437 16
438 12
439 16
440 12
441 12
442 12
443 14
444 14
445 18
446 16
447 10
448 12
449 12
450 12
451 12
452 18
453 18
454 10
455 14
456 14
457 16
458 16
459 10
460 14
461 14
462 16
463 14
464 16
465 14
466 18
467 14
468 10
469 10
470 12
471 16
472 12
473 14
474 12
475 16
476 12
477 12
478 16
479 12
480 16
481 14
482 16
483 12
484 16
485 16
486 18
487 10
488 12
489 10
490 20
491 12
492 14
493 18
494 12
495 14
496 14
497 12
499 8
498 20
500 14
501 18
502 12
503 12
504 12
505 18
506 14
507 18
508 16
509 16
510 18
511 16
512 12
513 14
514 14
515 16
516 18
517 16
518 16
519 10
520 14
521 10
522 18
523 18
524 14
525 16
526 12
527 16
528 14
529 14
530 28
531 16
532 10
533 12
534 12
535 18
536 14
537 16
538 10
539 14
540 18
541 20
542 16
543 18
544 16
545 10
546 8
547 18
548 16
549 14
550 10
551 12
552 14
553 16
554 14
555 12
556 18
557 10
558 14
559 16
560 16
561 18
562 18
563 14
564 12
565 16
566 14
567 14
568 12
569 10
570 12
571 8
572 10
573 12
574 14
575 20
576 18
577 18
578 16
579 12
580 14
581 8
582 16
583 12
584 16
585 12
586 10
587 14
588 12
589 18
590 10
591 16
592 18
593 12
594 16
595 12
596 22
597 18
598 16
599 12
600 16
601 10
602 16
603 14
604 14
605 14
606 16
607 16
608 16
609 16
610 22
611 12
612 12
613 18
614 12
615 20
616 16
617 16
618 14
619 12
620 18
621 18
622 10
623 20
624 12
625 16
626 14
627 14
628 18
629 10
630 10
631 8
632 14
633 18
634 18
635 12
636 12
637 12
638 18
639 16
640 12
641 20
642 16
643 12
644 14
645 18
646 16
647 18
648 14
649 14
650 18
651 18
652 14
653 10
654 16
655 12
656 20
657 16
658 14
659 18
660 14
661 16
662 18
663 14
664 14
665 16
666 14
667 14
668 10
669 14
670 10
671 12
672 18
673 18
674 18
675 16
676 12
677 16
678 10
679 14
680 22
681 14
682 16
683 20
684 12
685 14
686 16
687 14
688 12
689 14
690 12
691 14
692 22
693 16
694 14
695 14
696 14
697 18
698 18
699 20
700 14
701 12
702 6
703 14
704 16
705 12
706 20
707 12
708 14
709 16
710 10
711 16
712 14
713 14
714 16
715 16
716 18
717 14
718 12
719 14
720 18
721 10
722 16
723 14
724 14
725 14
726 16
727 10
728 14
729 14
730 20
731 14
732 10
733 14
734 10
735 18
736 18
737 18
738 18
739 16
740 18
741 20
742 12
743 16
744 16
745 14
746 10
747 20
748 16
749 12
750 16
751 18
752 16
753 16
754 8
755 16
756 12
757 16
758 12
759 20
760 10
761 16
762 16
763 16
764 18
765 12
766 18
767 10
768 20
769 14
770 20
771 10
772 14
773 20
774 14
775 8
776 14
777 14
778 16
779 18
780 14
781 20
782 20
783 20
784 26
785 14
786 18
787 26
788 16
789 14
790 18
791 12
792 14
793 20
794 16
795 16
796 16
797 24
798 18
799 12
800 16
801 12
802 28
803 14
804 12
805 14
806 12
807 12
808 18
809 16
810 12
811 12
812 12
813 16
814 14
815 10
816 14
817 12
818 14
819 14
820 16
821 8
822 18
823 18
824 18
825 18
826 14
827 14
828 16
829 20
830 16
831 12
832 8
833 24
834 18
835 14
836 12
837 18
838 18
839 12
840 16
841 22
842 14
843 16
844 14
845 12
846 16
847 12
848 14
849 12
850 26
851 18
852 18
853 12
854 16
855 12
856 14
857 20
858 12
859 14
860 18
861 12
862 14
863 16
864 14
865 18
866 16
867 14
868 14
869 14
870 18
871 14
872 16
873 12
874 16
875 18
876 16
877 14
878 20
879 16
880 8
881 14
882 12
883 22
884 12
885 16
886 12
887 14
888 18
889 16
890 14
891 8
892 12
893 18
894 10
895 12
896 18
897 16
898 16
899 20
900 16
901 16
902 14
903 14
904 16
905 10
906 12
907 18
908 12
909 20
910 14
911 14
912 20
913 16
914 18
915 16
916 12
917 20
918 12
919 10
920 16
921 22
922 14
923 16
924 20
925 10
926 12
927 14
928 20
929 18
930 14
931 14
932 14
933 14
934 16
935 16
936 12
937 16
938 16
939 16
940 12
941 22
942 14
943 22
944 14
945 12
946 14
947 16
948 12
949 22
950 12
951 14
952 16
953 18
954 16
955 12
956 14
957 18
958 20
959 14
960 14
961 12
962 16
963 20
964 14
965 20
966 14
967 22
968 14
969 18
970 16
971 12
972 14
973 18
974 14
975 16
976 14
977 12
978 12
979 14
980 12
981 18
982 16
983 12
984 18
985 12
986 18
987 18
988 14
989 14
990 20
991 16
992 10
993 12
994 14
995 18
996 12
997 12
998 16
999 16
1000 16
1001 14
1002 20
1003 16
1004 20
1005 12
1006 18
1007 14
1008 14
1009 16
1010 18
1011 12
1012 12
1013 24
1014 18
1015 12
1016 18
1017 18
1018 16
1019 14
1020 16
1021 14
1022 18
1023 14
1024 14
1025 20
1026 14
1027 16
1028 22
1029 18
1030 14
1031 14
1032 10
1033 14
1034 16
1035 20
1036 16
1037 20
1038 16
1039 14
1040 14
1041 14
1042 16
1043 18
1044 14
1045 14
1046 12
1047 18
1048 14
1049 16
1050 20
1051 14
1052 16
1053 14
1054 20
1055 14
1056 14
1057 20
1058 20
1059 16
1060 12
1061 16
1062 16
1063 14
1064 10
1065 18
1066 20
1067 16
1068 18
1069 18
1070 14
1071 20
1072 16
1073 12
1074 14
1075 16
1076 14
1077 20
1078 18
1079 16
1080 14
1081 12
1082 14
1083 14
1084 20
1085 14
1086 32
1087 14
1088 12
1089 14
1090 12
1091 14
1092 18
1093 18
1094 18
1095 14
1096 16
1097 20
1098 20
1099 14
100 16
101 18
102 18
103 14
104 14
105 14
106 12
107 14
108 14
109 12
110 14
111 12
112 14
113 10
114 12
115 14
116 14
117 14
118 14
119 20
120 10
121 8
122 10
123 14
124 18
125 16
126 10
127 14
128 16
129 14
130 12
131 12
132 14
133 12
134 14
135 6
136 16
137 14
139 8
138 20
140 16
141 16
142 16
143 16
144 12
145 16
146 16
147 12
148 12
149 10
150 16
151 16
152 10
153 16
154 18
155 12
156 14
157 6
158 10
159 8
160 14
161 14
162 18
163 16
164 12
165 14
166 14
167 12
168 12
169 12
170 14
171 14
172 10
173 12
174 14
175 14
176 14
177 16
178 12
179 10
180 8
181 8
182 12
183 12
184 14
185 14
186 12
187 14
188 18
189 14
190 14
191 6
192 14
193 18
194 12
195 14
196 12
197 12
198 16
199 10
200 8
201 16
202 16
203 16
204 14
205 14
206 10
207 12
208 16
209 12
210 12
211 16
212 16
213 12
214 16
215 14
216 14
217 16
218 10
219 12
220 12
221 14
222 16
223 16
224 12
225 18
226 16
227 18
228 10
229 20
230 14
231 14
232 14
233 12
234 12
235 20
236 14
237 14
238 12
239 14
240 14
241 16
242 16
243 10
244 14
245 16
246 16
247 14
248 12
249 14
250 16
251 10
252 14
253 16
254 12
255 8
256 16
257 16
258 14
259 14
260 14
261 12
262 12
263 12
264 12
265 12
266 16
267 14
268 18
269 16
270 14
271 16
272 16
273 10
274 16
275 20
276 12
277 12
278 10
279 16
280 14
281 12
282 16
283 16
284 18
285 18
286 18
287 12
288 14
289 20
290 6
291 14
292 14
293 18
294 14
295 12
296 12
297 14
298 16
299 16
300 14
301 16
302 12
303 14
304 12
305 16
306 10
307 16
308 12
309 14
310 20
311 12
312 14
313 20
314 12
315 12
316 14
317 16
318 10
319 12
320 12
321 14
322 14
323 12
324 16
325 18
326 16
327 16
328 20
329 20
330 10
331 12
332 14
333 12
334 16
335 22
336 12
337 24
338 14
339 16
340 14
341 18
342 16
343 12
344 12
345 12
346 16
347 20
348 12
349 10
350 14
351 18
352 12
353 18
354 18
355 14
356 14
357 14
358 16
359 14
360 14
361 18
362 18
363 14
364 16
365 16
366 12
367 16
368 14
369 14
370 12
371 18
372 10
373 12
374 12
375 18
376 18
377 16
378 18
379 20
380 12
381 14
382 14
383 14
384 16
385 10
386 18
387 16
388 18
389 14
390 14
391 10
392 14
393 10
394 16
395 16
396 18
397 10
398 20
399 14
400 18
401 14
402 14
403 18
404 18
405 12
406 20
407 14
408 18
409 14
410 14
411 12
412 14
413 14
414 18
415 10
416 16
417 18
418 22
419 12
420 16
421 10
422 12
423 12
424 14
425 20
426 14
427 12
428 14
429 16
430 14
431 18
432 18
433 16
434 14
435 14
436 18
437 14
438 8
439 16
440 18
441 14
442 14
443 14
444 12
445 18
446 14
447 16
448 12
449 18
450 14
451 14
452 14
453 16
454 16
455 16
456 12
457 10
458 16
459 14
460 12
461 14
462 18
463 18
464 14
465 16
466 14
467 16
468 14
469 12
470 14
471 12
472 14
473 14
474 18
475 12
476 12
477 16
478 14
479 16
480 18
481 14
482 14
483 12
484 14
485 14
486 12
487 16
488 18
489 14
490 16
491 12
492 16
493 14
494 16
495 14
496 14
497 14
498 18
499 16
500 12
501 14
502 10
503 14
504 18
505 12
506 12
507 14
508 16
509 16
510 20
511 14
512 14
513 12
514 10
515 20
516 20
517 10
518 8
519 14
520 16
521 18
522 12
523 12
524 16
525 18
526 14
527 12
528 16
529 14
530 12
531 10
532 14
533 10
534 10
535 16
536 10
537 10
538 16
539 16
540 12
541 14
542 12
543 14
544 18
545 8
546 10
547 12
548 16
549 18
550 18
551 18
552 18
553 16
554 16
555 16
556 18
557 10
558 16
559 10
560 12
561 18
562 20
563 16
564 14
565 20
566 12
567 16
568 16
569 12
570 12
571 18
572 16
573 12
574 8
575 12
576 16
577 12
578 12
579 14
580 12
581 18
582 14
583 12
584 18
585 16
586 12
587 18
588 12
589 16
590 30
591 16
592 22
593 18
594 12
595 22
596 16
597 16
598 18
599 16
600 20
601 20
602 10
603 26
604 16
605 12
606 18
607 20
608 20
609 18
610 22
611 18
612 14
613 18
614 14
615 14
616 28
617 20
618 10
619 16
620 14
621 24
622 20
623 18
624 18
625 22
626 16
627 10
628 16
629 16
630 20
631 16
632 16
633 12
634 18
635 18
636 18
637 18
638 18
639 28
640 24
641 14
642 14
643 12
644 10
645 14
646 12
647 8
648 12
649 10
650 18
651 14
652 14
653 12
654 8
655 14
656 14
657 20
658 14
659 14
660 10
661 18
662 14
663 12
664 16
665 14
666 16
667 16
668 18
669 18
670 18
671 14
672 14
673 12
674 18
675 10
676 16
677 18
678 14
679 16
680 10
681 20
682 18
683 20
684 16
685 14
686 20
687 14
688 16
689 18
690 20
691 20
692 8
693 18
694 16
695 20
696 16
697 16
698 18
699 20
700 20
701 16
702 26
703 18
704 10
705 14
706 12
707 18
708 12
709 10
710 14
711 14
712 16
713 16
714 18
715 14
716 14
717 12
718 14
719 16
720 16
721 12
722 18
723 14
724 10
725 12
726 12
727 18
728 18
729 8
730 20
731 12
732 14
733 20
734 16
735 14
736 16
737 14
738 18
739 16
740 12
741 20
742 14
743 10
744 18
745 16
746 18
747 14
748 14
749 14
750 16
751 14
752 14
753 10
754 18
755 14
756 16
757 20
758 14
759 18
760 10
761 18
762 10
763 24
764 10
765 16
766 14
767 14
768 20
769 16
770 14
771 14
772 12
773 16
774 18
775 14
776 16
777 16
778 12
779 16
780 20
781 12
782 18
783 14
784 8
785 18
786 18
787 12
788 12
789 8
790 16
791 16
792 10
793 18
794 14
795 18
796 10
797 14
798 16
799 18
800 12
801 16
802 16
803 18
804 14
805 14
806 14
807 8
808 16
809 16
810 16
811 22
812 16
813 14
814 12
815 16
816 18
817 18
818 14
819 18
820 22
821 16
822 12
823 18
824 14
825 14
826 18
827 8
828 14
829 14
830 16
831 14
832 18
833 12
834 10
835 14
836 20
837 12
838 18
839 12
840 18
841 20
842 16
843 12
844 14
845 16
846 16
847 18
848 18
849 14
850 14
851 14
852 22
853 12
854 18
855 14
856 12
857 14
858 16
859 14
860 12
861 16
862 10
863 16
864 12
865 10
866 16
867 18
868 20
869 14
870 16
871 18
872 20
873 14
874 10
875 8
876 16
877 18
878 12
879 16
880 14
881 16
882 12
883 16
884 16
885 14
886 16
887 18
888 20
889 16
890 12
891 18
892 14
893 16
894 14
895 14
896 16
897 12
898 16
899 14
900 12
901 16
902 12
903 16
904 16
905 14
906 16
907 18
908 18
909 16
910 6
911 10
912 14
913 16
914 16
915 16
916 16
917 10
918 18
919 14
920 24
921 20
922 12
923 16
924 20
925 16
926 18
927 18
928 18
929 14
930 8
931 14
932 10
933 16
934 16
935 20
936 18
937 12
938 8
939 12
940 14
941 18
942 18
943 20
944 12
945 20
946 14
947 12
948 12
949 10
950 20
951 16
952 16
953 14
954 20
955 14
956 16
957 14
958 16
959 12
960 18
961 14
962 20
963 14
964 14
965 22
966 12
967 10
968 18
969 16
970 14
971 14
972 12
973 18
974 14
975 20
976 20
977 20
978 16
979 16
980 16
981 16
982 22
983 8
984 18
985 20
986 20
987 18
988 18
989 12
990 16
991 18
992 18
993 18
994 14
995 20
996 14
997 10
998 10
999 18
1000 16
1001 18
1002 18
1003 8
1004 20
1005 14
1006 16
1007 20
1008 16
1009 14
1010 14
1011 18
1012 14
1013 18
1014 18
1015 12
1016 20
1017 16
1018 18
1019 22
1020 14
1021 16
1022 18
1023 16
1024 16
1025 12
1026 20
1027 18
1028 12
1029 14
1030 18
1031 16
1032 18
1033 12
1034 18
1035 18
1036 16
1037 16
1038 14
1039 12
1040 16
1041 14
1042 18
1043 14
1044 14
1045 20
1046 16
1047 20
1048 14
1049 18
1050 18
1051 20
1052 18
1053 14
1054 18
1055 12
1056 12
1057 16
1058 18
1059 16
1060 14
1061 14
1062 16
1063 16
1064 16
1065 36
1066 22
1067 16
1068 18
1069 20
1070 20
1071 26
1072 22
1073 16
1074 30
1075 24
1076 14
1077 22
1078 14
1079 20
1080 20
1081 14
1082 24
1083 18
1084 16
1085 16
1086 16
1087 14
1088 16
1089 12
1090 16
1091 28
1092 18
1093 10
1094 16
1095 16
1096 20
1097 16
1098 18
1099 18
100 16
101 18
102 14
103 12
104 14
105 14
106 12
107 14
108 14
109 12
110 14
111 16
112 14
113 12
114 14
115 14
116 14
117 18
118 12
119 16
120 12
121 22
122 10
123 14
124 10
125 14
126 10
127 14
128 14
129 12
130 12
131 12
132 18
133 12
134 16
135 16
136 14
137 8
138 10
139 14
140 14
141 14
142 20
143 14
144 12
145 12
146 12
147 8
148 8
149 14
150 12
151 10
152 14
153 16
154 16
155 20
156 14
157 10
158 16
159 16
160 10
161 14
162 20
163 8
164 8
165 12
166 12
167 12
168 10
169 12
170 14
171 14
172 14
173 14
174 10
175 14
176 16
177 14
178 16
179 10
180 14
181 14
182 12
183 16
184 16
185 14
186 16
187 14
188 14
189 12
190 14
191 14
192 18
193 12
194 16
195 14
196 12
197 12
198 10
199 10
200 14
201 14
202 8
203 16
204 14
205 14
206 14
207 16
208 14
209 12
210 16
211 16
212 14
213 14
214 16
215 16
216 12
217 18
218 14
219 16
220 16
221 12
222 14
223 16
224 14
225 18
226 14
227 12
228 16
229 14
230 18
231 10
232 20
233 18
234 20
235 14
236 16
237 12
238 12
239 6
240 16
241 14
242 16
243 16
244 14
245 16
246 20
247 12
248 14
249 16
250 16
251 14
252 18
253 12
254 14
255 12
256 10
257 14
258 14
259 14
260 12
261 16
262 16
263 10
264 16
265 12
266 14
267 18
268 14
269 14
270 16
271 16
272 16
273 14
274 14
275 12
276 10
277 14
278 12
279 20
280 10
281 16
282 14
283 16
284 12
285 16
286 12
287 14
288 14
289 14
290 12
291 14
292 12
293 14
294 14
295 14
296 18
297 12
298 16
299 10
300 14
301 12
302 18
303 16
304 14
305 8
306 10
307 16
308 18
309 14
310 14
311 16
312 6
313 14
314 20
315 14
316 16
317 12
318 16
319 14
320 10
321 12
322 18
323 10
324 16
325 10
326 12
327 18
328 12
329 12
330 16
331 12
332 14
333 14
334 16
335 14
336 14
337 10
338 8
339 10
340 12
341 12
342 10
343 14
344 14
345 12
346 14
347 12
348 16
349 14
350 14
351 16
352 14
353 16
354 18
355 18
356 14
357 10
358 12
359 16
360 12
361 16
362 14
363 18
364 12
365 14
366 12
367 12
368 14
369 14
370 24
371 18
372 18
373 12
374 14
375 14
376 16
377 14
378 14
379 16
380 18
381 10
382 16
383 16
384 12
385 14
386 14
387 14
388 16
389 12
390 12
391 18
392 14
393 14
394 16
395 20
396 14
397 12
398 16
399 12
400 14
401 12
402 12
403 16
404 12
405 28
406 12
407 12
408 16
409 16
410 18
411 12
412 14
413 14
414 14
415 20
416 16
417 18
418 18
419 20
420 18
421 14
422 16
423 16
424 14
425 14
426 16
427 14
428 14
429 10
430 14
431 16
432 14
433 12
434 14
435 16
436 14
437 10
438 10
439 18
440 16
441 14
442 16
443 12
444 16
445 14
446 16
447 16
448 16
449 12
450 16
451 18
452 14
453 18
454 12
455 16
456 8
457 16
459 8
458 20
460 14
461 16
462 14
463 14
464 12
465 18
466 16
467 14
468 14
469 16
470 16
471 20
472 14
473 16
474 16
475 14
476 16
477 12
478 16
479 10
480 16
481 16
482 12
483 18
484 14
485 16
486 16
487 14
488 18
489 14
490 16
491 12
492 14
493 14
494 16
495 18
496 16
497 16
498 12
499 18
500 8
501 12
502 10
503 14
504 8
505 18
506 14
507 14
508 20
509 14
510 18
511 12
512 12
513 18
514 16
515 10
516 16
517 20
518 16
519 12
520 12
521 16
522 8
523 10
524 18
525 20
526 16
527 14
528 14
529 16
530 12
531 14
532 12
533 12
534 12
535 16
536 12
537 12
538 16
539 14
540 18
541 20
542 10
543 14
544 14
545 18
546 14
547 16
548 14
549 20
550 14
551 14
552 20
553 14
554 18
555 12
556 8
557 16
558 16
559 16
560 10
561 16
562 14
563 26
564 20
565 20
566 14
567 18
568 14
569 20
570 16
571 16
572 8
573 22
574 14
575 16
576 12
577 16
578 14
579 10
580 14
581 14
582 14
583 14
584 18
585 16
586 10
587 16
588 16
589 18
590 14
591 16
592 18
593 18
594 12
595 14
596 10
597 14
598 12
599 18
600 16
601 14
602 16
603 18
604 16
605 22
606 12
607 14
608 16
609 12
610 12
611 18
612 20
613 12
614 16
615 14
616 16
617 16
618 14
619 8
620 22
621 16
622 16
623 16
624 14
625 12
626 14
627 16
628 12
629 12
630 12
631 8
632 16
633 16
634 12
635 24
636 18
637 22
638 22
639 18
640 22
641 22
642 12
643 16
644 12
645 14
646 14
647 14
648 14
649 12
650 16
651 16
652 14
653 20
654 16
655 16
656 14
657 20
658 14
659 22
660 16
661 18
662 14
663 14
664 16
665 12
666 12
667 12
668 20
669 18
670 12
671 12
672 16
673 20
674 18
675 16
676 10
677 16
678 16
679 12
680 16
681 16
682 12
683 16
684 14
685 12
686 18
687 16
688 18
689 16
690 18
691 18
692 18
693 14
694 14
695 12
696 14
697 16
698 10
699 16
700 10
701 12
702 14
703 14
704 14
705 14
706 14
707 14
708 18
709 14
710 16
711 14
712 16
713 18
714 14
715 18
716 14
717 14
718 16
719 16
720 16
721 18
722 12
723 12
724 16
725 6
726 18
727 14
728 18
729 14
730 14
731 16
732 14
733 18
734 14
735 16
736 18
737 18
738 14
739 16
740 18
741 18
742 16
743 16
744 18
745 22
746 14
747 18
748 16
749 16
750 12
751 16
752 14
753 18
754 16
755 20
756 18
757 20
758 14
759 12
760 14
761 14
762 14
763 16
764 18
765 18
766 16
767 12
768 18
769 10
770 14
771 18
772 20
773 16
774 14
775 14
776 10
777 12
778 20
779 12
780 10
781 16
782 16
783 14
784 14
785 12
786 10
787 14
788 20
789 14
790 18
791 16
792 18
793 14
794 14
795 16
796 20
797 14
798 12
799 16
800 14
801 10
802 12
803 20
804 16
805 18
806 14
807 18
808 10
809 20
810 16
811 16
812 14
813 12
814 18
815 16
816 16
817 12
818 16
819 14
820 16
821 18
822 14
823 16
824 14
825 20
826 12
827 14
828 20
829 20
830 12
831 12
832 12
833 22
834 14
835 14
836 30
837 14
838 14
839 16
840 22
841 14
842 18
843 18
844 14
845 16
846 12
847 14
848 16
849 14
850 20
851 16
852 16
853 14
854 18
855 18
856 20
857 18
858 16
859 14
860 16
861 20
862 10
863 18
864 10
865 16
866 14
867 16
868 20
869 20
870 20
871 14
872 20
873 16
874 10
875 16
876 14
877 14
878 14
879 18
880 16
881 20
882 22
883 14
884 14
885 16
886 20
887 20
888 18
889 12
890 14
891 20
892 16
893 18
894 16
895 14
896 14
897 26
898 10
899 14
900 12
901 16
902 14
903 14
904 14
905 14
906 18
907 12
908 18
909 18
910 16
911 16
912 14
913 22
914 18
915 16
916 18
917 16
918 20
919 18
920 16
921 14
922 18
923 12
924 12
925 12
926 14
927 16
928 20
929 20
930 14
931 16
932 14
933 18
934 8
935 14
936 18
937 16
938 18
939 18
940 14
941 18
942 14
943 16
944 12
945 18
946 16
947 18
948 20
949 16
950 14
951 14
952 10
953 14
954 16
955 18
956 16
957 14
958 16
959 14
960 22
961 18
962 14
963 14
964 14
965 16
966 16
967 14
968 12
969 20
970 16
971 20
972 14
973 14
974 12
975 18
976 18
977 12
978 12
979 20
980 16
981 12
982 12
983 16
984 20
985 16
986 18
987 16
988 18
989 18
990 20
991 20
992 12
993 20
994 18
995 18
996 18
997 18
998 16
999 22
1000 18
1001 16
1002 16
1003 14
1004 14
1005 18
1006 16
1007 10
1008 18
1009 10
1010 16
1011 12
1012 20
1013 16
1014 20
1015 16
1016 22
1017 20
1018 16
1019 16
1020 14
1021 16
1022 18
1023 16
1024 14
1025 16
1026 10
1027 16
1028 14
1029 16
1030 16
1031 18
1032 18
1033 16
1034 16
1035 18
1036 18
1037 16
1038 14
1039 12
1040 14
1041 16
1042 18
1043 16
1044 12
1045 20
1046 12
1047 20
1048 14
1049 12
1050 22
1051 18
1052 16
1053 16
1054 16
1055 10
1056 18
1057 16
1058 16
1059 14
1060 16
1061 16
1062 14
1063 16
1064 18
1065 18
1066 12
1067 18
1068 18
1069 16
1070 16
1071 16
1072 16
1073 12
1074 14
1075 16
1076 14
1077 20
1078 18
1079 14
1080 18
1081 18
1082 14
1083 20
1084 18
1085 16
1086 18
1087 16
1088 18
1089 14
1090 16
1091 22
1092 20
1093 18
1094 12
1095 14
1096 14
1097 16
1098 18
1099 16
100 18
101 8
102 10
103 12
104 12
105 8
106 14
107 12
108 14
109 8
110 14
111 18
112 16
113 12
114 14
115 14
116 18
117 12
118 16
119 18
120 18
121 10
122 12
123 12
124 12
125 14
126 14
127 12
128 16
129 12
130 16
131 16
132 16
133 8
134 12
135 18
136 14
137 16
138 12
139 6
140 12
141 14
142 12
143 14
144 12
145 12
146 16
147 12
148 12
149 14
150 14
151 10
152 14
153 14
154 16
155 16
156 10
157 14
158 14
159 12
160 8
161 14
162 12
163 16
164 18
165 14
166 10
167 12
168 16
169 16
170 16
171 18
172 12
173 20
174 10
175 16
176 16
177 24
178 14
179 14
180 18
181 18
182 14
183 14
184 12
185 12
186 14
187 14
188 14
189 14
190 14
191 10
192 12
193 16
194 14
195 8
196 12
197 12
198 14
199 16
200 12
201 18
202 14
203 12
204 16
205 14
206 8
207 12
208 14
209 14
210 8
211 14
212 14
213 14
214 16
215 10
216 6
217 12
218 16
219 14
220 16
221 6
222 14
223 10
224 14
225 10
226 14
227 10
228 8
229 12
230 16
231 14
232 12
233 16
234 18
235 14
236 14
237 14
238 16
239 16
240 10
241 12
242 12
243 16
244 14
245 14
246 10
247 10
248 14
249 16
250 10
251 12
252 14
253 8
254 14
255 16
256 14
257 16
258 14
259 14
260 18
261 14
262 18
263 12
264 10
265 20
266 16
267 22
268 14
269 18
270 12
271 18
272 10
273 14
274 14
275 12
276 12
277 12
278 12
279 12
280 16
281 16
282 16
283 12
284 6
285 16
286 16
287 12
288 14
289 16
290 10
291 12
292 18
293 10
294 8
295 16
296 14
297 18
298 12
299 12
300 12
301 12
302 12
303 14
304 16
305 18
306 10
307 18
308 16
309 14
310 20
311 16
312 12
313 16
314 12
315 12
316 16
317 14
318 18
319 16
320 16
321 20
322 14
323 10
324 18
325 12
326 14
327 10
328 16
329 16
330 12
331 14
332 10
333 16
334 16
335 18
336 14
337 14
338 14
339 14
340 14
341 14
342 12
343 14
344 14
345 12
346 18
347 18
348 14
349 10
350 8
351 14
352 10
353 18
354 18
355 14
356 10
357 16
358 12
359 16
360 12
361 12
362 6
363 14
364 16
365 16
366 16
367 14
368 12
369 22
370 12
371 16
372 16
373 10
374 14
375 16
376 14
377 20
378 14
379 10
380 16
381 10
382 12
383 10
384 12
385 20
386 20
387 14
388 16
389 16
390 18
391 18
392 16
393 18
394 16
395 14
396 20
397 16
398 14
399 14
400 16
401 10
402 12
403 16
404 12
405 16
406 14
407 14
408 12
409 12
410 16
411 16
412 16
413 8
414 14
415 14
416 14
417 20
418 18
419 16
420 18
421 14
422 14
423 14
424 10
425 12
426 12
427 14
428 16
429 12
430 14
431 14
432 12
433 16
434 12
435 12
436 14
437 20
438 12
439 16
440 8
441 14
442 12
443 12
444 16
445 14
446 16
447 16
448 14
449 14
450 16
451 16
452 14
453 20
454 12
455 16
456 10
457 12
458 18
459 16
460 12
461 12
462 16
463 16
464 14
465 16
466 16
467 16
468 12
469 14
470 10
471 14
472 18
473 14
474 18
475 12
476 14
477 16
478 12
479 12
480 18
481 16
482 12
483 16
484 12
485 18
486 16
487 12
488 10
489 14
490 16
491 12
492 14
493 12
494 16
495 12
496 14
497 18
498 14
499 14
500 14
501 16
502 14
503 14
504 14
505 12
506 14
507 14
508 16
509 14
510 20
511 12
512 18
513 16
514 16
515 16
516 16
517 16
518 14
519 14
520 16
521 14
522 16
523 16
524 12
525 14
526 22
527 10
528 14
529 16
530 14
531 18
532 22
533 28
534 12
535 16
536 16
537 12
538 18
539 14
540 16
541 14
542 16
543 18
544 16
545 12
546 12
547 16
548 10
549 18
550 18
551 16
552 16
553 14
554 16
555 14
556 14
557 14
558 16
559 12
560 16
561 14
562 14
563 18
564 10
565 20
566 16
567 12
568 22
569 14
570 12
571 14
572 18
573 14
574 12
575 12
576 18
577 20
578 20
579 18
580 12
581 10
582 12
583 18
584 10
585 18
586 16
587 16
588 16
589 16
590 14
591 14
592 12
593 16
594 18
595 8
596 16
597 10
598 12
599 12
600 16
601 16
602 18
603 14
604 12
605 8
606 12
607 16
608 14
609 22
610 16
611 18
612 16
613 20
614 14
615 16
616 16
617 14
618 18
619 10
620 18
621 12
622 14
623 10
624 34
625 18
626 12
627 16
628 18
629 16
630 16
631 14
632 14
633 18
634 16
635 12
636 18
637 14
638 14
639 20
640 18
641 16
642 16
643 18
644 14
645 26
646 16
647 8
648 16
649 18
650 18
651 10
652 8
653 12
654 14
655 16
656 12
657 12
658 10
659 14
660 14
661 18
662 10
663 12
664 16
665 16
666 14
667 18
668 20
669 18
670 14
671 18
672 20
673 20
674 16
675 14
676 14
677 22
678 14
679 12
680 18
681 12
682 14
683 16
684 22
685 14
686 18
687 8
688 14
689 8
690 14
691 14
692 16
693 16
694 16
695 14
696 16
697 12
698 10
699 18
700 12
701 8
702 12
703 14
704 12
705 18
706 10
707 16
708 16
709 10
710 12
711 18
712 16
713 20
714 20
715 10
716 12
717 14
718 16
719 22
720 12
721 18
722 10
723 16
724 16
725 12
726 14
727 18
728 16
729 18
730 14
731 16
732 14
733 16
734 14
735 16
736 12
737 14
738 14
739 12
740 14
741 14
742 14
743 12
744 20
745 16
746 14
747 20
748 14
749 14
750 16
751 18
752 10
753 14
754 18
755 16
756 14
757 12
758 18
759 18
760 12
761 16
762 18
763 14
764 20
765 18
766 20
767 8
768 12
769 18
770 14
771 18
772 18
773 16
774 14
775 12
776 18
777 14
778 10
779 18
780 12
781 14
782 20
783 14
784 14
785 12
786 14
787 16
788 14
789 10
790 12
791 16
792 18
793 12
794 16
795 16
796 18
797 18
798 16
799 20
800 16
801 14
802 14
803 16
804 18
805 16
806 18
807 14
808 16
809 14
810 22
811 16
812 18
813 34
814 18
815 16
816 20
817 14
818 18
819 18
820 14
821 18
822 16
823 12
824 12
825 16
826 14
827 14
828 12
829 12
830 12
831 16
832 18
833 16
834 16
835 16
836 14
837 14
838 12
839 16
840 14
841 16
842 14
843 20
844 16
845 16
846 14
847 14
848 22
849 12
850 20
851 12
852 14
853 10
854 18
855 14
856 14
857 22
858 14
859 10
860 30
861 12
862 14
863 16
864 16
865 10
866 16
867 18
868 14
869 16
870 18
871 14
872 20
873 18
874 18
875 16
876 20
877 16
878 16
879 10
880 12
881 14
882 14
883 14
884 14
885 8
886 18
887 16
888 14
889 16
890 12
891 20
892 12
893 14
894 22
895 14
896 16
897 16
898 18
899 14
900 14
901 18
902 14
903 16
904 16
905 20
906 14
907 16
908 18
909 18
910 14
911 18
912 18
913 16
914 12
915 16
916 18
917 16
918 20
919 16
920 16
921 10
922 14
923 16
924 10
925 18
926 18
927 20
928 14
929 14
930 14
931 14
932 16
933 14
934 14
935 18
936 18
937 20
938 14
939 16
940 14
941 16
942 10
943 14
944 14
945 14
946 18
947 14
948 14
949 16
950 22
951 14
952 20
953 14
954 16
955 12
956 18
957 14
958 18
959 14
960 20
961 14
962 14
963 16
964 20
965 18
966 14
967 12
968 14
969 12
970 18
971 18
972 10
973 16
974 14
975 14
976 16
977 18
978 8
979 20
980 18
981 14
982 20
983 20
984 18
985 18
986 16
987 14
988 16
989 16
990 12
991 12
992 14
993 16
994 18
995 10
996 10
997 10
998 20
999 18
1000 16
1001 12
1002 16
1003 16
1004 16
1005 14
1006 14
1007 16
1008 18
1009 18
1010 12
1011 8
1012 14
1013 14
1014 14
1015 18
1016 18
1017 18
1018 16
1019 14
1020 14
1021 12
1022 18
1023 14
1024 10
1025 14
1026 16
1027 18
1028 14
1029 18
1030 18
1031 14
1032 18
1033 14
1034 20
1035 22
1036 14
1037 16
1038 16
1039 18
1040 20
1041 14
1042 18
1043 14
1044 14
1045 14
1046 16
1047 10
1048 16
1049 18
1050 14
1051 18
1052 22
1053 26
1054 16
1055 10
1056 14
1057 14
1058 14
1059 20
1060 14
1061 16
1062 12
1063 14
1064 18
1065 12
1066 14
1067 12
1068 20
1069 16
1070 12
1071 12
1072 18
1073 22
1074 16
1075 16
1076 14
1077 16
1078 16
1079 16
1080 16
1081 12
1082 12
1083 20
1084 14
1085 18
1086 10
1087 14
1088 14
1089 20
1090 12
1091 18
1092 16
1093 16
1094 14
1095 16
1096 16
1097 16
1098 16
1099 14
100 20
101 16
102 12
103 16
104 12
105 14
106 14
107 12
108 18
109 14
110 14
111 16
112 12
113 14
114 14
115 14
116 12
117 10
118 14
119 12
120 16
121 6
122 16
123 12
124 12
125 14
126 10
127 14
128 16
129 14
130 14
131 14
132 6
133 12
134 10
135 10
136 12
137 16
138 14
139 14
140 10
141 18
142 16
143 12
144 12
145 14
146 12
147 12
148 18
149 16
150 18
151 16
152 14
153 10
154 10
155 12
156 12
157 10
158 10
159 12
160 14
161 8
162 14
163 14
164 14
165 16
166 16
167 14
168 16
169 12
170 16
171 10
172 14
173 14
174 6
175 14
176 14
177 12
178 16
179 14
180 14
181 16
182 12
183 14
184 14
185 10
186 8
187 14
188 14
189 10
190 14
191 12
192 16
193 14
194 10
195 18
196 18
197 14
198 10
199 14
200 12
201 14
202 16
203 14
204 16
205 10
206 10
207 14
208 14
209 14
210 14
211 16
212 14
213 12
214 10
215 10
216 8
217 8
218 18
219 12
220 12
221 14
222 14
223 12
224 16
225 18
226 14
227 20
228 14
229 8
230 14
231 10
232 12
233 10
234 10
235 10
236 10
237 16
238 16
239 8
240 14
241 10
242 16
243 12
244 14
245 14
246 8
247 16
248 20
249 12
250 16
251 14
252 10
253 10
254 14
255 6
256 16
257 12
258 12
259 14
260 16
261 12
262 14
263 10
264 18
265 14
266 16
267 18
268 18
269 16
270 12
271 14
272 14
273 10
274 18
275 8
276 12
277 14
278 16
279 10
280 18
281 16
282 16
283 14
284 14
285 14
286 18
287 16
288 14
289 14
290 16
291 12
292 16
293 12
294 16
295 8
296 10
297 12
298 14
299 14
300 12
301 12
302 18
303 10
304 16
305 14
306 12
307 16
308 10
309 14
310 16
311 10
312 14
313 14
314 16
315 6
316 14
317 16
318 14
319 14
320 16
321 16
322 10
323 12
324 8
325 16
326 18
327 14
328 10
329 12
330 14
331 14
332 10
333 14
334 14
335 18
336 16
337 12
338 16
339 14
340 16
341 16
342 14
343 12
344 12
345 12
346 16
347 16
348 10
349 18
350 12
351 16
352 10
353 12
354 18
355 16
356 12
357 18
358 16
359 12
360 10
361 16
362 16
363 16
364 14
365 14
366 16
367 16
368 14
369 8
370 18
371 18
372 14
373 16
374 20
375 18
376 10
377 16
378 14
379 14
380 16
381 12
382 8
383 10
384 18
385 12
386 16
387 14
388 18
389 16
390 10
391 18
392 12
393 14
394 12
395 14
396 16
397 10
398 14
399 16
400 18
401 12
402 18
403 14
404 12
405 14
406 14
407 12
408 12
409 16
410 16
411 14
412 12
413 10
414 12
415 12
416 14
417 12
418 12
419 14
420 16
421 16
422 12
423 10
424 18
425 10
426 24
427 18
428 10
429 16
430 20
431 12
432 12
433 18
434 12
435 14
436 16
437 16
438 16
439 16
440 14
441 16
442 16
443 16
444 10
445 20
446 16
447 18
448 14
449 14
450 12
451 14
452 14
453 14
454 16
455 18
456 16
457 16
458 20
459 18
460 18
461 12
462 14
463 16
464 16
465 14
466 18
467 18
468 16
469 16
470 12
471 14
472 16
473 16
474 16
475 14
476 16
477 14
478 18
479 10
480 12
481 14
482 12
483 16
484 14
485 10
486 16
487 16
488 20
489 10
490 10
491 16
492 14
493 14
494 18
495 14
496 14
497 12
498 10
499 12
500 12
501 10
502 12
503 10
504 14
505 12
506 12
507 10
508 16
509 16
510 18
511 14
512 16
513 14
514 20
515 12
516 16
517 18
518 16
519 18
520 16
521 16
522 16
523 16
524 16
525 12
526 10
527 20
528 16
529 14
530 16
531 16
532 16
533 16
534 16
535 12
536 14
537 18
538 16
539 16
540 16
541 18
542 14
543 10
544 12
545 14
546 12
547 14
548 14
549 14
550 12
551 18
552 16
553 16
554 14
555 16
556 18
557 16
558 14
559 12
560 16
561 16
562 18
563 18
564 10
565 12
566 10
567 16
568 20
569 10
570 16
571 12
572 14
573 16
574 14
575 12
576 20
577 12
578 10
579 18
580 18
581 10
582 16
583 10
584 12
585 18
586 16
587 22
588 10
589 12
590 16
591 20
592 20
593 18
594 14
595 16
596 14
597 10
598 10
599 18
600 12
601 18
602 16
603 14
604 18
605 12
606 16
607 12
608 10
609 18
610 16
611 14
612 16
613 20
614 12
615 18
616 16
617 16
618 14
619 16
620 16
621 20
622 18
623 14
624 16
625 12
626 16
627 14
628 18
629 14
630 12
631 14
632 14
633 18
634 10
635 14
636 14
637 10
638 16
639 16
640 18
641 16
642 14
643 14
644 16
645 18
646 14
647 18
648 12
649 14
650 10
651 14
652 10
653 20
654 18
655 20
656 18
657 18
658 16
659 12
660 14
661 16
662 16
663 18
664 20
665 12
666 12
667 16
668 16
669 14
670 16
671 18
672 16
673 14
674 18
675 16
676 14
677 18
678 6
679 12
680 12
681 20
682 10
683 20
684 12
685 8
686 16
687 18
688 18
689 14
690 14
691 14
692 12
693 10
694 18
695 14
696 18
697 14
698 20
699 14
700 14
701 14
702 18
703 14
704 14
705 16
706 16
707 10
708 16
709 18
710 14
711 16
712 18
713 18
714 8
715 14
716 20
717 16
718 18
719 16
720 20
721 14
722 14
723 22
724 16
725 12
726 16
727 14
728 16
729 16
730 14
731 14
732 10
733 20
734 14
735 16
736 18
737 18
738 14
739 12
740 18
741 14
742 20
743 16
744 18
745 16
746 16
747 14
748 12
749 16
750 16
751 24
752 12
753 12
754 12
755 14
756 14
757 14
758 14
759 14
760 16
761 12
762 18
763 16
764 18
765 16
766 16
767 20
768 12
769 16
770 16
771 12
772 18
773 18
774 12
775 16
776 18
777 14
778 10
779 14
780 22
781 12
782 10
783 10
784 16
785 14
786 22
787 14
788 16
789 12
790 18
791 18
792 18
793 12
794 18
795 12
796 20
797 14
798 14
799 14
800 14
801 16
802 18
803 16
804 14
805 12
806 14
807 20
808 16
809 10
810 18
811 14
812 18
813 14
814 14
815 12
816 12
817 12
818 16
819 10
820 16
821 14
822 16
823 10
824 18
825 16
826 20
827 14
828 16
829 20
830 14
831 22
832 18
833 16
834 14
835 16
836 16
837 22
838 14
839 16
840 16
841 18
842 14
843 16
844 20
845 14
846 12
847 18
848 16
849 16
850 14
851 10
852 20
853 10
854 14
855 16
856 16
857 16
858 18
859 12
860 14
861 16
862 12
863 14
864 16
865 14
866 12
867 18
868 10
869 10
870 16
871 18
872 16
873 14
874 14
875 18
876 16
877 20
878 20
879 20
880 16
881 18
882 18
883 16
884 22
885 14
886 16
887 14
888 12
889 12
890 16
891 18
892 16
893 14
894 16
895 18
896 18
897 16
898 18
899 18
900 14
901 16
902 16
903 20
904 18
905 16
906 16
907 12
908 12
909 16
910 18
911 18
912 20
913 16
914 18
915 16
916 20
917 16
918 10
919 16
920 18
921 12
922 20
923 18
924 20
925 16
926 14
927 16
928 14
929 16
930 12
931 18
932 20
933 12
934 12
935 18
936 18
937 12
938 16
939 12
940 18
941 18
942 20
943 16
944 20
945 16
946 20
947 20
948 20
949 16
950 18
951 16
952 16
953 14
954 18
955 18
956 20
957 18
958 18
959 20
960 10
961 12
962 22
963 16
964 16
965 14
966 14
967 12
968 14
969 14
970 14
971 18
972 14
973 14
974 20
975 16
976 12
977 18
978 20
979 20
980 12
981 22
982 16
983 16
984 16
985 16
986 14
987 16
988 16
989 16
990 16
991 12
992 12
993 16
994 16
995 16
996 18
997 18
998 20
999 12
1000 12
1001 20
1002 14
1003 14
1004 14
1005 14
1006 18
1007 18
1008 14
1009 16
1010 16
1011 18
1012 14
1013 14
1014 20
1015 16
1016 18
1017 22
1018 16
1019 18
1020 16
1021 14
1022 14
1023 14
1024 16
1025 16
1026 18
1027 8
1028 14
1029 12
1030 14
1031 18
1032 18
1033 16
1034 14
1035 12
1036 16
1037 18
1038 12
1039 14
1040 16
1041 10
1042 22
1043 14
1044 16
1045 14
1046 18
1047 16
1048 14
1049 12
1050 16
1051 18
1052 10
1053 16
1054 18
1055 14
1056 18
1057 18
1058 14
1059 18
1060 18
1061 16
1062 10
1063 20
1064 12
1065 12
1066 12
1067 18
1068 20
1069 20
1070 18
1071 16
1072 18
1073 14
1074 16
1075 16
1076 12
1077 20
1078 14
1079 18
1080 14
1081 16
1082 16
1083 14
1084 14
1085 16
1086 12
1087 14
1088 20
1089 12
1090 16
1091 18
1092 16
1093 18
1094 12
1095 12
1096 20
1097 12
1098 14
1099 10
