100 24
101 16
102 10
103 12
104 10
105 14
106 10
107 20
108 12
109 20
110 10
111 12
112 12
113 20
114 16
115 10
116 8
117 12
118 14
119 12
120 12
121 14
122 14
123 12
124 16
125 14
126 18
127 14
128 14
129 16
130 14
131 18
132 8
133 12
134 10
135 8
136 16
137 16
138 12
139 12
140 10
141 16
142 10
143 14
144 12
145 16
146 12
147 12
148 12
149 12
150 14
151 14
152 12
153 16
154 16
155 12
156 12
157 6
158 12
159 12
160 16
161 12
162 16
163 16
164 16
165 14
166 16
167 18
168 20
169 18
170 14
171 14
172 12
173 14
174 14
175 14
176 14
177 18
178 10
179 16
180 12
181 14
182 12
183 16
184 12
185 24
186 14
187 18
188 16
189 14
190 14
191 14
192 8
193 14
194 14
195 10
196 8
197 16
198 14
199 16
200 26
201 8
202 14
203 18
204 18
205 10
206 14
207 14
208 18
209 14
210 12
211 14
212 10
213 18
214 12
215 16
216 14
217 18
218 14
219 14
220 14
221 14
222 16
223 14
224 10
225 12
226 14
227 16
228 10
229 14
230 18
231 12
232 14
233 14
234 18
235 18
236 10
237 8
238 10
239 14
240 14
241 16
242 18
243 14
244 10
245 16
246 16
247 16
248 12
249 14
250 16
251 16
252 20
253 14
254 32
255 14
256 12
257 16
258 18
259 10
260 28
261 10
262 14
263 10
264 18
265 14
266 12
267 18
268 12
269 12
270 20
271 12
272 10
273 14
274 14
275 14
276 16
277 12
278 14
279 14
280 30
281 12
282 16
283 14
284 8
285 16
286 14
287 16
288 12
289 10
290 16
291 14
292 14
293 8
294 16
295 12
296 12
297 14
298 10
299 12
300 14
301 14
302 16
303 14
304 18
305 14
306 14
307 16
308 12
309 12
310 10
311 24
312 14
313 14
314 14
315 16
316 12
317 16
318 16
319 18
320 12
321 16
322 14
323 18
324 16
325 14
326 28
327 16
328 14
329 14
330 20
331 12
332 16
333 20
334 18
335 16
336 16
337 12
338 12
339 14
340 16
341 18
342 18
343 12
344 18
345 14
346 16
347 16
348 18
349 14
350 16
351 16
352 12
353 14
354 14
355 10
356 14
357 14
358 12
359 14
360 12
361 10
362 12
363 18
364 22
365 20
366 16
367 10
368 10
369 8
370 16
371 16
372 14
373 12
374 18
375 14
376 12
377 12
378 20
379 12
380 16
381 18
382 14
383 14
384 16
385 10
386 14
387 20
388 14
389 24
390 14
391 14
392 16
393 16
394 20
395 16
396 18
397 16
398 16
399 12
400 20
401 12
402 16
403 10
404 18
405 14
406 16
407 22
408 14
409 14
410 18
411 12
412 14
413 16
414 18
415 14
416 10
417 16
418 10
419 14
420 14
421 16
422 18
423 14
424 20
425 18
426 14
427 14
428 16
429 16
430 14
431 38
432 14
433 16
434 16
435 12
436 20
437 16
438 12
439 18
440 18
441 18
442 14
443 14
444 16
445 14
446 18
447 14
448 14
449 10
450 28
451 10
452 16
453 18
454 14
455 10
456 32
457 12
458 10
459 12
460 16
461 14
462 24
463 10
464 18
465 20
466 16
467 18
468 16
469 16
470 24
471 12
472 12
473 14
474 18
475 8
476 18
477 18
478 12
479 18
480 12
481 18
482 12
483 18
484 20
485 14
486 10
487 18
488 14
489 22
490 20
491 16
492 16
493 18
494 18
495 12
496 14
497 16
498 14
499 36
500 16
501 22
502 16
503 12
504 22
505 28
506 14
507 16
508 14
509 20
510 34
511 16
512 28
513 18
514 16
515 22
516 18
517 32
518 16
519 14
520 22
521 14
522 20
523 18
524 12
525 16
526 18
527 16
528 14
529 14
530 16
531 16
532 14
533 18
534 18
535 14
536 14
537 16
538 12
539 28
540 24
541 20
542 20
543 14
544 14
545 14
546 18
547 18
548 16
549 14
550 10
551 22
552 16
553 12
554 18
555 10
556 16
557 12
558 16
559 16
560 12
561 14
562 14
563 18
564 16
565 14
566 16
567 14
568 16
569 16
570 10
571 24
572 18
573 34
574 16
575 8
576 14
577 14
578 18
579 12
580 20
581 16
582 16
583 14
584 22
585 16
586 22
587 18
588 22
589 12
590 14
591 20
592 18
593 14
594 12
595 12
596 14
597 10
598 10
599 18
600 12
601 18
602 16
603 12
604 20
605 14
606 14
607 16
608 18
609 14
610 14
611 12
612 16
613 28
614 18
615 20
616 14
617 14
618 10
619 18
620 18
621 20
622 14
623 12
624 14
625 26
626 10
627 14
628 12
629 14
630 16
631 12
632 22
633 16
634 16
635 10
636 14
637 18
638 28
639 14
640 20
641 18
642 26
643 20
644 16
645 18
646 18
647 32
648 18
649 30
650 28
651 20
652 16
653 22
654 12
655 16
656 16
657 10
658 14
659 20
660 16
661 18
662 8
663 22
664 20
665 24
666 22
667 24
668 18
669 22
670 22
671 22
672 20
673 16
674 16
675 18
676 14
677 16
678 20
679 10
680 24
681 30
682 28
683 18
684 18
685 14
686 14
687 10
688 14
689 12
690 20
691 12
692 20
693 14
694 16
695 16
696 16
697 18
698 18
699 16
700 16
701 14
702 14
703 14
704 16
705 30
706 14
707 20
708 18
709 16
710 16
711 16
712 16
713 20
714 12
715 18
716 18
717 26
718 20
719 14
720 18
721 14
722 14
723 16
724 16
725 8
726 18
727 16
728 22
729 20
730 10
731 12
732 22
733 10
734 18
735 12
736 16
737 16
738 14
739 20
740 8
741 16
742 16
743 10
744 32
745 16
746 14
747 16
748 14
749 16
750 16
751 20
752 20
753 10
754 14
755 18
756 14
757 14
758 8
759 18
760 14
761 16
762 14
763 14
764 10
765 8
766 16
767 18
768 24
769 18
770 16
771 14
772 24
773 18
774 10
775 12
776 16
777 22
778 14
779 16
780 8
781 10
782 14
783 18
784 22
785 18
786 18
787 20
788 18
789 16
790 14
791 26
792 32
793 28
794 20
795 10
796 18
797 10
798 18
799 14
800 14
801 20
802 14
803 16
804 14
805 12
806 12
807 14
808 14
809 18
810 12
811 14
812 36
813 16
814 20
815 14
816 22
817 12
818 18
819 16
820 50
821 34
822 16
823 22
824 24
825 18
826 24
827 18
828 18
829 14
830 16
831 20
832 18
833 14
834 20
835 18
836 14
837 16
838 16
839 14
840 18
841 16
842 14
843 10
844 22
845 20
846 20
847 14
848 10
849 16
850 10
851 12
852 26
853 20
854 10
855 16
856 10
857 16
858 18
859 16
860 14
861 14
862 12
863 14
864 20
865 30
866 36
867 20
868 16
869 12
870 16
871 12
872 18
873 20
874 22
875 16
876 18
877 12
878 16
879 18
880 12
881 12
882 14
883 16
884 18
885 20
886 14
887 14
888 16
889 12
890 14
891 18
892 14
893 16
894 22
895 18
896 22
897 14
898 18
899 18
900 16
901 18
902 20
903 14
904 26
905 18
906 16
907 16
908 16
909 22
910 12
911 20
912 18
913 16
914 22
915 14
916 14
917 16
918 12
919 10
920 14
921 18
922 14
923 18
924 14
925 20
926 16
927 12
928 10
929 12
930 12
931 14
932 18
933 12
934 38
935 14
936 16
937 14
938 18
939 20
940 16
941 22
942 14
943 16
944 22
945 14
946 12
947 20
948 12
949 18
950 12
951 20
952 20
953 12
954 18
955 20
956 14
957 24
958 18
959 14
960 18
961 12
962 12
963 16
964 18
965 26
966 24
967 14
968 14
969 18
970 14
971 16
972 18
973 20
974 24
975 26
976 18
977 22
978 14
979 26
980 12
981 42
982 20
983 18
984 18
985 22
986 12
987 14
988 20
989 16
990 24
991 18
992 12
993 8
994 16
995 16
996 26
997 18
998 44
999 18
1000 18
1001 20
1002 12
1003 16
1004 18
1005 22
1006 10
1007 20
1008 20
1009 10
1010 26
1011 22
1012 30
1013 16
1014 16
1015 14
1016 14
1017 14
1018 28
1019 14
1020 16
1021 12
1022 12
1023 12
1024 18
1025 20
1026 22
1027 32
1028 18
1029 22
1030 14
1031 16
1032 20
1033 14
1034 20
1035 14
1036 20
1037 14
1038 12
1039 12
1040 24
1041 12
1042 14
1043 18
1044 16
1045 20
1046 20
1047 16
1048 14
1049 10
1050 36
1051 14
1052 18
1053 24
1054 14
1055 10
1056 14
1057 12
1058 14
1059 24
1060 18
1061 28
1062 18
1063 14
1064 16
1065 14
1066 14
1067 28
1068 14
1069 18
1070 14
1071 14
1072 16
1073 16
1074 16
1075 18
1076 12
1077 26
1078 14
1079 28
1080 40
1081 48
1082 28
1083 12
1084 16
1085 20
1086 16
1087 20
1088 28
1089 20
1090 14
1091 20
1092 14
1093 14
1094 16
1095 24
1096 20
1097 20
1098 20
1099 18
1100 28
1101 12
1102 14
1103 20
1104 16
1105 10
1106 14
1107 26
1108 12
1109 16
1110 16
1111 16
1112 14
1113 26
1114 14
1115 14
1116 18
1117 22
1118 18
1119 22
1120 30
1121 16
1122 14
1123 20
1124 26
1125 18
1126 14
1127 20
1128 14
1129 18
1130 20
1131 26
1132 20
1133 24
1134 28
1135 20
1136 16
1137 16
1138 14
1139 30
1140 28
1141 16
1142 22
1143 14
1144 16
1145 22
1146 12
1147 16
1148 12
1149 18
1150 18
1151 28
1152 22
1153 12
1154 14
1155 16
1156 18
1157 20
1158 14
1159 24
1160 14
1161 18
1162 22
1163 14
1164 20
1165 14
1166 18
1167 18
1168 22
1169 28
1170 18
1171 18
1172 16
1173 18
1174 14
1175 20
1176 14
1177 12
1178 18
1179 20
1180 16
1181 14
1182 14
1183 14
1184 30
1185 14
1186 16
1187 14
1188 24
1189 26
1190 48
1191 36
1192 16
1193 22
1194 16
1195 20
1196 18
1197 16
1198 16
1199 22
1200 18
1201 16
1202 18
1203 16
1204 14
1205 12
1206 20
1207 16
1208 14
1209 18
1210 22
1211 18
1212 18
1213 20
1214 20
1215 22
1216 18
1217 12
1218 20
1219 18
1220 16
1221 14
1222 14
1223 18
1224 20
1225 18
1226 16
1227 18
1228 12
1229 18
1230 20
1231 24
1232 22
1233 20
1234 12
1235 20
1236 16
1237 22
1238 14
1239 16
1240 20
1241 22
1242 14
1243 16
1244 20
1245 14
1246 14
1247 20
1248 20
1249 18
1250 16
1251 16
1252 18
1253 10
1254 18
1255 20
1256 14
1257 20
1258 22
1259 18
1260 28
1261 14
1262 18
1263 16
1264 28
1265 26
1266 16
1267 36
1268 14
1269 26
1270 18
1271 20
1272 22
1273 14
1274 22
1275 14
1276 12
1277 18
1278 20
1279 22
1280 22
1281 18
1282 14
1283 20
1284 20
1285 16
1286 18
1287 18
1288 16
1289 16
1290 16
1291 20
1292 18
1293 16
1294 16
1295 20
1296 14
1297 18
1298 26
1299 12
1300 14
1301 20
1302 16
1303 18
1304 14
1305 16
1306 20
1307 18
1308 14
1309 18
1310 30
1311 18
1312 16
1313 16
1314 18
1315 12
1316 14
1317 12
1318 16
1319 22
1320 26
1321 32
1322 14
1323 16
1324 22
1325 18
1326 20
1327 20
1328 18
1329 20
1330 16
1331 20
1332 16
1333 12
1334 18
1335 20
1336 16
1337 18
1338 10
1339 18
1340 20
1341 36
1342 16
1343 18
1344 24
1345 34
1346 20
1347 16
1348 18
1349 18
1350 16
1351 16
1352 28
1353 16
1354 16
1355 36
1356 12
1357 18
1358 28
1359 14
1360 12
1361 16
1362 16
1363 16
1364 16
1365 22
1366 16
1367 20
1368 16
1369 18
1370 20
1371 14
1372 20
1373 16
1374 28
1375 16
1376 20
1377 18
1378 18
1379 24
1380 16
1381 14
1382 16
1383 16
1384 14
1385 16
1386 18
1387 16
1388 16
1389 22
1390 18
1391 16
1392 10
1393 22
1394 12
1395 10
1396 18
1397 18
1398 18
1399 14
1400 16
1401 12
1402 22
1403 20
1404 20
1405 18
1406 42
1407 22
1408 18
1409 20
1410 16
1411 22
1412 18
1413 10
1414 22
1415 18
1416 16
1417 14
1418 16
1419 14
1420 20
1421 22
1422 20
1423 18
1424 30
1425 18
1426 16
1427 14
1428 14
1429 20
1430 22
1431 14
1432 34
1433 16
1434 20
1435 20
1436 16
1437 20
1438 24
1439 18
1440 16
1441 26
1442 14
1443 16
1444 36
1445 14
1446 20
1447 24
1448 14
1449 16
1450 12
1451 14
1452 18
1453 14
1454 16
1455 24
1456 16
1457 14
1458 18
1459 20
1460 22
1461 20
1462 18
1463 18
1464 16
1465 12
1466 12
1467 20
1468 16
1469 42
1470 30
1471 12
1472 22
1473 12
1474 18
1475 16
1476 22
1477 16
1478 16
1479 18
1480 20
1481 16
1482 24
1483 22
1484 16
1485 26
1486 16
1487 16
1488 22
1489 22
1490 18
1491 16
1492 14
1493 20
1494 18
1495 20
1496 14
1497 12
1498 22
1499 16
1500 16
1501 16
1502 26
1503 10
1504 16
1505 16
1506 16
1507 18
1508 40
1509 14
1510 14
1511 18
1512 22
1513 22
1514 14
1515 14
1516 20
1517 20
1518 14
1519 20
1520 20
1521 16
1522 10
1523 18
1524 26
1525 14
1526 10
1527 18
1528 18
1529 14
1530 20
1531 16
1532 10
1533 24
1534 18
1535 16
1536 20
1537 18
1538 18
1539 16
1540 26
1541 14
1542 18
1543 26
1544 24
1545 24
1546 24
1547 14
1548 16
1549 26
1550 20
1551 22
1552 22
1553 18
1554 24
1555 18
1556 22
1557 18
1558 16
1559 18
1560 18
1561 20
1562 12
1563 10
1564 16
1565 16
1566 18
1567 28
1568 14
1569 18
1570 14
1571 14
1572 18
1573 46
1574 50
1575 16
1576 14
1577 18
1578 28
1579 20
1580 18
1581 22
1582 18
1583 18
1584 14
1585 18
1586 16
1587 36
1588 12
1589 22
1590 18
1591 18
1592 16
1593 12
1594 24
1595 36
1596 18
1597 14
1598 16
1599 16
1600 18
1601 18
1602 20
1603 20
1604 16
1605 20
1606 14
1607 16
1608 28
1609 22
1610 16
1611 34
1612 20
1613 22
1614 14
1615 16
1616 20
1617 24
1618 16
1619 22
1620 26
1621 22
1622 8
1623 18
1624 26
1625 16
1626 20
1627 18
1628 20
1629 34
1630 18
1631 20
1632 14
1633 16
1634 38
1635 14
1636 14
1637 22
1638 20
1639 24
1640 18
1641 20
1642 60
1643 22
1644 22
1645 18
1646 18
1647 18
1648 14
1649 16
1650 14
1651 12
1652 18
1653 20
1654 16
1655 20
1656 14
1657 22
1658 22
1659 24
1660 12
1661 22
1662 26
1663 20
1664 18
1665 22
1666 14
1667 20
1668 24
1669 18
1670 20
1671 22
1672 16
1673 20
1674 22
1675 26
1676 24
1677 18
1678 10
1679 24
1680 20
1681 18
1682 20
1683 20
1684 18
1685 24
1686 20
1687 20
1688 20
1689 32
1690 16
1691 18
1692 28
1693 18
1694 24
1695 18
1696 26
1697 20
1698 26
1699 24
1700 18
1701 30
1702 20
1703 20
1704 26
1705 26
1706 18
1707 24
1708 22
1709 16
1710 20
1711 16
1712 20
1713 28
1714 16
1715 16
1716 18
1717 20
1718 16
1719 24
1720 22
1721 18
1722 22
1723 22
1724 18
1725 24
1726 22
1727 18
1728 18
1729 18
1730 18
1731 16
1732 24
1733 16
1734 16
1735 16
1736 22
1737 26
1738 30
1739 16
1740 20
1741 22
1742 24
1743 14
1744 14
1745 18
1746 24
1747 16
1748 44
1749 18
1750 20
1751 12
1752 24
1753 26
1754 14
1755 18
1756 24
1757 14
1758 12
1759 14
1760 16
1761 22
1762 18
1763 12
1764 22
1765 14
1766 22
1767 12
1768 20
1769 22
1770 24
1771 14
1772 20
1773 22
1774 20
1775 22
1776 18
1777 32
1778 22
1779 14
1780 20
1781 18
1782 16
1783 14
1784 16
1785 18
1786 24
1787 18
1788 30
1789 18
1790 20
1791 18
1792 18
1793 24
1794 20
1795 14
1796 36
1797 18
1798 18
1799 18
1800 8
1801 22
1802 16
1803 16
1804 18
1805 16
1806 34
1807 14
1808 16
1809 16
1810 20
1811 12
1812 18
1813 18
1814 18
1815 20
1816 16
1817 18
1818 20
1819 10
1820 16
1821 20
1822 36
1823 14
1824 20
1825 12
1826 18
1827 12
1828 14
1829 18
1830 18
1831 18
1832 14
1833 24
1834 20
1835 14
1836 18
1837 16
1838 24
1839 30
1840 22
1841 22
1842 22
1843 32
1844 26
1845 24
1846 22
1847 18
1848 20
1849 22
1850 22
1851 24
1852 12
1853 30
1854 18
1855 20
1856 20
1857 22
1858 18
1859 18
1860 36
1861 26
1862 26
1863 20
1864 20
1865 20
1866 16
1867 14
1868 26
1869 18
1870 18
1871 46
1872 14
1873 22
1874 16
1875 20
1876 24
1877 18
1878 14
1879 22
1880 18
1881 20
1882 20
1883 32
1884 30
1885 18
1886 28
1887 22
1888 18
1889 14
1890 22
1891 22
1892 16
1893 16
1894 16
1895 22
1896 20
1897 24
1898 16
1899 18
1900 24
1901 14
1902 16
1903 20
1904 14
1905 18
1906 16
1907 16
1908 22
1909 20
1910 12
1911 28
1912 36
1913 24
1914 24
1915 42
1916 18
1917 20
1918 14
1919 20
1920 28
1921 20
1922 20
1923 14
1924 16
1925 20
1926 8
1927 16
1928 18
1929 14
1930 14
1931 28
1932 18
1933 22
1934 20
1935 16
1936 16
1937 20
1938 24
1939 18
1940 18
1941 14
1942 20
1943 22
1944 24
1945 20
1946 12
1947 14
1948 20
1949 12
1950 16
1951 20
1952 22
1953 36
1954 24
1955 30
1956 22
1957 20
1958 22
1959 22
1960 28
1961 22
1962 16
1963 22
1964 14
1965 22
1966 24
1967 40
1968 18
1969 12
1970 22
1971 16
1972 22
1973 10
1974 12
1975 18
1976 16
1977 20
1978 14
1979 22
1980 26
1981 14
1982 16
1983 16
1984 16
1985 10
1986 18
1987 18
1988 14
1989 30
1990 16
1991 16
1992 32
1993 18
1994 16
1995 24
1996 14
1997 34
1998 38
1999 16
2000 22
2001 16
2002 16
2003 26
2004 26
2005 24
2006 18
2007 20
2008 18
2009 14
2010 16
2011 24
2012 22
2013 18
2014 14
2015 20
2016 20
2017 22
2018 30
2019 18
2020 18
2021 20
2022 18
2023 16
2024 22
2025 20
2026 24
2027 26
2028 22
2029 16
2030 12
2031 28
2032 12
2033 18
2034 14
2035 18
2036 14
2037 26
2038 24
2039 22
2040 16
2041 16
2042 18
2043 12
2044 20
2045 18
2046 24
2047 20
2048 14
2049 28
2050 32
2051 30
2052 24
2053 20
2054 32
2055 18
2056 20
2057 14
2058 16
2059 14
2060 18
2061 20
2062 24
2063 18
2064 18
2065 10
2066 16
2067 18
2068 20
2069 8
2070 22
2071 18
2072 24
2073 20
2074 16
2075 22
2076 14
2077 24
2078 18
2079 22
2080 12
2081 22
2082 22
2083 20
2084 14
2085 22
2086 20
2087 22
2088 18
2089 24
2090 20
2091 20
2092 20
2093 44
2094 12
2095 20
2096 18
2097 16
2098 34
2099 12
2100 14
2101 22
2102 16
2103 22
2104 18
2105 18
2106 20
2107 18
2108 18
2109 26
2110 12
2111 16
2112 22
2113 18
2114 22
2115 20
2116 20
2117 10
2118 26
2119 10
2120 20
2121 16
2122 14
2123 16
2124 20
2125 24
2126 16
2127 30
2128 20
2129 28
2130 16
2131 20
2132 14
2133 20
2134 20
2135 14
2136 18
2137 14
2138 28
2139 18
2140 16
2141 26
2142 16
2143 18
2144 20
2145 18
2146 18
2147 16
2148 16
2149 14
2150 20
2151 22
2152 28
2153 18
2154 18
2155 16
2156 16
2157 18
2158 18
2159 12
2160 20
2161 22
2162 22
2163 16
2164 18
2165 14
2166 22
2167 18
2168 16
2169 20
2170 16
2171 18
2172 18
2173 18
2174 12
2175 18
2176 22
2177 22
2178 16
2179 18
2180 26
2181 12
2182 14
2183 20
2184 18
2185 18
2186 26
2187 14
2188 12
2189 36
2190 14
2191 18
2192 30
2193 20
2194 26
2195 24
2196 24
2197 20
2198 18
2199 20
2200 20
2201 22
2202 20
2203 20
2204 14
2205 20
2206 16
2207 24
2208 24
2209 22
2210 24
2211 16
2212 22
2213 14
2214 20
2215 18
2216 18
2217 14
2218 12
2219 22
2220 26
2221 26
2222 24
2223 20
2224 20
2225 24
2226 20
2227 42
2228 26
2229 10
2230 16
2231 16
2232 26
2233 38
2234 26
2235 14
2236 18
2237 18
2238 18
2239 28
2240 22
2241 18
2242 18
2243 20
2244 22
2245 22
2246 16
2247 18
2248 16
2249 26
2250 20
2251 18
2252 22
2253 24
2254 26
2255 22
2256 20
2257 18
2258 18
2259 16
2260 18
2261 20
2262 16
2263 20
2264 24
2265 14
2266 26
2267 24
2268 24
2269 30
2270 20
2271 24
2272 14
2273 32
2274 20
2275 18
2276 18
2277 30
2278 24
2279 18
2280 18
2281 22
2282 14
2283 24
2284 16
2285 22
2286 20
2287 30
2288 14
2289 20
2290 16
2291 18
2292 18
2293 18
2294 18
2295 16
2296 18
2297 14
2298 20
2299 20
2300 14
2301 14
2302 14
2303 38
2304 20
2305 28
2306 38
2307 16
2308 16
2309 18
2310 12
2311 20
2312 22
2313 14
2314 12
2315 16
2316 16
2317 14
2318 22
2319 22
2320 20
2321 20
2322 20
2323 14
2324 18
2325 20
2326 18
2327 20
2328 16
2329 22
2330 20
2331 16
2332 14
2333 18
2334 16
2335 18
2336 16
2337 28
2338 20
2339 12
2340 16
2341 38
2342 26
2343 18
2344 18
2345 18
2346 30
2347 18
2348 20
2349 20
2350 14
2351 18
2352 26
2353 56
2354 16
2355 18
2356 20
2357 22
2358 20
2359 16
2360 36
2361 18
2362 28
2363 14
2364 26
2365 14
2366 22
2367 22
2368 20
2369 14
2370 22
2371 16
2372 20
2373 30
2374 18
2375 22
2376 26
2377 20
2378 24
2379 26
2380 24
2381 20
2382 18
2383 14
2384 22
2385 36
2386 12
2387 20
2388 34
2389 38
2390 22
2391 20
2392 16
2393 18
2394 28
2395 30
2396 42
2397 16
2398 22
2399 20
2400 36
2401 22
2402 16
2403 16
2404 20
2405 22
2406 14
2407 18
2408 32
2409 14
2410 38
2411 18
2412 24
2413 28
2414 20
2415 22
2416 24
2417 26
2418 22
2419 20
2420 22
2421 32
2422 24
2423 18
2424 26
2425 16
2426 16
2427 24
2428 24
2429 20
2430 20
2431 22
2432 22
2433 18
2434 16
2435 16
2436 14
2437 22
2438 24
2439 16
2440 18
2441 22
2442 18
2443 28
2444 18
2445 20
2446 20
2447 16
2448 28
2449 40
2450 22
2451 24
2452 38
2453 20
2454 20
2455 16
2456 22
2457 30
2458 18
2459 18
2460 36
2461 20
2462 18
2463 16
2464 20
2465 14
2466 16
2467 22
2468 20
2469 20
2470 40
2471 20
2472 24
2473 14
2474 22
2475 16
2476 20
2477 20
2478 24
2479 20
2480 14
2481 16
2482 16
2483 18
2484 16
2485 28
2486 20
2487 20
2488 16
2489 20
2490 16
2491 20
2492 40
2493 16
2494 18
2495 20
2496 22
2497 18
2498 18
2499 20
2500 14
2501 24
2502 18
2503 24
2504 18
2505 24
2506 20
2507 26
2508 20
2509 14
2510 16
2511 18
2512 18
2513 14
2514 16
2515 12
2516 16
2517 16
2518 20
2519 18
2520 18
2521 18
2522 20
2523 24
2524 26
2525 20
2526 24
2527 32
2528 26
2529 16
2530 22
2531 22
2532 20
2533 18
2534 18
2535 14
2536 20
2537 20
2538 12
2539 22
2540 20
2541 22
2542 18
2543 18
2544 28
2545 16
2546 22
2547 28
2548 26
2549 24
2550 20
2551 18
2552 16
2553 16
2554 14
2555 38
2556 16
2557 18
2558 16
2559 20
2560 20
2561 20
2562 20
2563 14
2564 20
2565 20
2566 16
2567 26
2568 32
2569 24
2570 24
2571 14
2572 32
2573 26
2574 26
2575 24
2576 22
2577 22
2578 18
2579 18
2580 26
2581 20
2582 12
2583 20
2584 30
2585 26
2586 22
2587 20
2588 18
2589 20
2590 18
2591 28
2592 18
2593 22
2594 22
2595 22
2596 26
2597 16
2598 16
2599 18
2600 20
2601 12
2602 18
2603 24
2604 14
2605 28
2606 24
2607 18
2608 18
2609 20
2610 14
2611 20
2612 18
2613 18
2614 28
2615 18
2616 16
2617 20
2618 26
2619 20
2620 36
2621 26
2622 28
2623 34
2624 24
2625 16
2626 34
2627 36
2628 20
2629 18
2630 18
2631 22
2632 12
2633 16
2634 16
2635 22
2636 24
2637 22
2638 28
2639 22
2640 20
2641 18
2642 24
2643 18
2644 20
2645 14
2646 18
2647 26
2648 22
2649 18
2650 18
2651 22
2652 24
2653 20
2654 16
2655 18
2656 16
2657 20
2658 12
2659 24
2660 16
2661 24
2662 26
2663 16
2664 16
2665 18
2666 24
2667 18
2668 18
2669 20
2670 26
2671 20
2672 16
2673 16
2674 26
2675 24
2676 24
2677 28
2678 20
2679 24
2680 14
2681 26
2682 26
2683 14
2684 36
2685 32
2686 22
2687 16
2688 18
2689 16
2690 28
2691 18
2692 26
2693 20
2694 24
2695 14
2696 26
2697 12
2698 24
2699 22
2700 20
2701 22
2702 18
2703 26
2704 16
2705 18
2706 16
2707 26
2708 20
2709 26
2710 14
2711 20
2712 42
2713 26
2714 20
2715 14
2716 14
2717 24
2718 38
2719 20
2720 24
2721 18
2722 40
2723 18
2724 24
2725 38
2726 18
2727 18
2728 16
2729 16
2730 20
2731 22
2732 20
2733 20
2734 26
2735 24
2736 28
2737 14
2738 18
2739 18
2740 22
2741 22
2742 18
2743 36
2744 18
2745 16
2746 16
2747 20
2748 12
2749 22
2750 28
2751 26
2752 16
2753 20
2754 20
2755 26
2756 26
2757 30
2758 22
2759 26
2760 30
2761 26
2762 26
2763 28
2764 22
2765 22
2766 22
2767 20
2768 20
2769 24
2770 20
2771 22
2772 18
2773 22
2774 16
2775 20
2776 34
2777 20
2778 22
2779 40
2780 22
2781 24
2782 20
2783 18
2784 20
2785 10
2786 20
2787 18
2788 16
2789 14
2790 18
2791 24
2792 14
2793 22
2794 22
2795 18
2796 18
2797 36
2798 22
2799 16
2800 18
2801 18
2802 20
2803 24
2804 26
2805 18
2806 20
2807 16
2808 18
2809 16
2810 20
2811 20
2812 18
2813 12
2814 20
2815 18
2816 14
2817 14
2818 14
2819 20
2820 24
2821 20
2822 14
2823 22
2824 22
2825 18
2826 16
2827 24
2828 32
2829 28
2830 28
2831 14
2832 20
2833 26
2834 22
2835 32
2836 20
2837 20
2838 14
2839 28
2840 22
2841 22
2842 26
2843 24
2844 22
2845 42
2846 20
2847 24
2848 22
2849 26
2850 22
2851 20
2852 20
2853 12
2854 24
2855 12
2856 20
2857 16
2858 20
2859 30
2860 18
2861 18
2862 20
2863 22
2864 18
2865 24
2866 22
2867 22
2868 16
2869 26
2870 20
2871 24
2872 26
2873 22
2874 16
2875 22
2876 26
2877 24
2878 20
2879 18
2880 24
2881 18
2882 16
2883 22
2884 18
2885 24
2886 16
2887 22
2888 16
2889 18
2890 20
2891 30
2892 28
2893 22
2894 18
2895 22
2896 22
2897 22
2898 20
2899 14
2900 28
2901 20
2902 12
2903 18
2904 14
2905 28
2906 18
2907 34
2908 22
2909 18
2910 14
2911 16
2912 18
2913 24
2914 24
2915 26
2916 18
2917 20
2918 20
2919 20
2920 18
2921 18
2922 20
2923 20
2924 20
2925 20
2926 22
2927 22
2928 32
2929 18
2930 18
2931 18
2932 18
2933 36
2934 22
2935 20
2936 16
2937 20
2938 22
2939 14
2940 20
2941 16
2942 16
2943 26
2944 24
2945 14
2946 22
2947 16
2948 18
2949 20
2950 22
2951 18
2952 18
2953 24
2954 16
2955 12
2956 22
2957 22
2958 16
2959 18
2960 18
2961 18
2962 18
2963 18
2964 24
2965 48
2966 26
2967 22
2968 18
2969 20
2970 12
2971 30
2972 28
2973 32
2974 22
2975 22
2976 18
2977 44
2978 24
2979 22
2980 20
2981 26
2982 14
2983 26
2984 18
2985 20
2986 20
2987 30
2988 18
2989 18
2990 14
2991 22
2992 12
2993 18
2994 18
2995 26
2996 22
2997 20
2998 36
2999 22
3000 38
3001 18
3002 30
3003 36
3004 20
3005 20
3006 18
3007 20
3008 50
3009 26
3010 24
3011 18
3012 16
3013 14
3014 16
3015 24
3016 18
3017 16
3018 24
3019 24
3020 16
3021 18
3022 22
3023 40
3024 24
3025 18
3026 18
3027 16
3028 20
3029 18
3030 18
3031 24
3032 22
3033 20
3034 20
3035 22
3036 18
3037 16
3038 20
3039 16
3040 22
3041 22
3042 24
3043 20
3044 20
3045 30
3046 20
3047 20
3048 24
3049 10
3050 22
3051 22
3052 18
3053 20
3054 18
3055 24
3056 20
3057 20
3058 18
3059 32
3060 40
3061 16
3062 24
3063 22
3064 22
3065 24
3066 14
3067 16
3068 24
3069 14
3070 26
3071 20
3072 18
3073 20
3074 18
3075 16
3076 10
3077 16
3078 24
3079 24
3080 18
3081 24
3082 22
3083 22
3084 24
3085 10
3086 20
3087 14
3088 20
3089 18
3090 10
3091 24
3092 22
3093 22
3094 20
3095 16
3096 10
3097 30
3098 18
3099 28
3100 20
3101 22
3102 16
3103 20
3104 20
3105 26
3106 30
3107 26
3108 20
3109 22
3110 30
3111 18
3112 20
3113 22
3114 20
3115 14
3116 22
3117 22
3118 16
3119 28
3120 28
3121 30
3122 18
3123 26
3124 30
3125 14
3126 28
3127 26
3128 18
3129 20
3130 38
3131 28
3132 12
3133 16
3134 18
3135 30
3136 24
3137 16
3138 30
3139 18
3140 26
3141 18
3142 24
3143 22
3144 24
3145 18
3146 34
3147 20
3148 20
3149 20
3150 18
3151 20
3152 20
3153 22
3154 24
3155 20
3156 18
3157 16
3158 20
3159 22
3160 18
3161 26
3162 18
3163 42
3164 18
3165 42
3166 22
3167 22
3168 28
3169 14
3170 26
3171 16
3172 16
3173 20
3174 14
3175 26
3176 20
3177 22
3178 14
3179 16
3180 18
3181 14
3182 20
3183 20
3184 14
3185 26
3186 24
3187 14
3188 20
3189 22
3190 16
3191 24
3192 28
3193 26
3194 24
3195 20
3196 14
3197 22
3198 28
3199 28
3200 32
3201 30
3202 20
3203 20
3204 30
3205 20
3206 24
3207 38
3208 18
3209 18
3210 26
3211 20
3212 14
3213 22
3214 28
3215 16
3216 24
3217 18
3218 20
3219 22
3220 16
3221 20
3222 18
3223 32
3224 20
3225 20
3226 20
3227 22
3228 22
3229 24
3230 24
3231 24
3232 10
3233 32
3234 24
3235 18
3236 16
3237 18
3238 22
3239 22
3240 22
3241 16
3242 40
3243 20
3244 20
3245 22
3246 24
3247 30
3248 20
3249 20
3250 22
3251 24
3252 22
3253 18
3254 14
3255 20
3256 12
3257 20
3258 28
3259 22
3260 20
3261 16
3262 22
3263 18
3264 18
3265 22
3266 14
3267 20
3268 32
3269 28
3270 18
3271 16
3272 20
3273 26
3274 26
3275 26
3276 22
3277 14
3278 18
3279 24
3280 24
3281 20
3282 28
3283 20
3284 22
3285 16
3286 16
3287 20
3288 18
3289 24
3290 26
3291 22
3292 20
3293 16
3294 16
3295 20
3296 22
3297 24
3298 26
3299 22
3300 14
3301 30
3302 24
3303 14
3304 18
3305 22
3306 36
3307 26
3308 34
3309 24
3310 20
3311 18
3312 22
3313 16
3314 16
3315 22
3316 26
3317 24
3318 22
3319 24
3320 22
3321 28
3322 20
3323 22
3324 16
3325 16
3326 20
3327 26
3328 18
3329 16
3330 26
3331 18
3332 26
3333 28
3334 22
3335 22
3336 18
3337 22
3338 14
3339 26
3340 24
3341 20
3342 28
3343 20
3344 22
3345 18
3346 34
3347 16
3348 26
3349 26
3350 24
3351 20
3352 16
3353 20
3354 24
3355 18
3356 14
3357 26
3358 18
3359 32
3360 24
3361 22
3362 24
3363 26
3364 22
3365 32
3366 22
3367 18
3368 30
3369 28
3370 20
3371 20
3372 40
3373 16
3374 18
3375 16
3376 22
3377 22
3378 22
3379 20
3380 12
3381 26
3382 38
3383 12
3384 20
3385 22
3386 16
3387 30
3388 22
3389 22
3390 22
3391 20
3392 20
3393 18
3394 14
3395 16
3396 22
3397 14
3398 30
3399 18
3400 20
3401 26
3402 24
3403 22
3404 20
3405 16
3406 32
3407 26
3408 20
3409 12
3410 18
3411 16
3412 24
3413 16
3414 20
3415 16
3416 28
3417 22
3418 20
3419 20
3420 18
3421 20
3422 22
3423 12
3424 16
3425 24
3426 16
3427 16
3428 32
3429 18
3430 28
3431 18
3432 16
3433 24
3434 18
3435 40
3436 16
3437 18
3438 16
3439 20
3440 16
3441 14
3442 24
3443 46
3444 20
3445 22
3446 20
3447 22
3448 22
3449 20
3450 26
3451 18
3452 12
3453 18
3454 28
3455 20
3456 16
3457 24
3458 20
3459 20
3460 16
3461 12
3462 20
3463 16
3464 18
3465 22
3466 24
3467 20
3468 30
3469 20
3470 18
3471 18
3472 18
3473 18
3474 28
3475 26
3476 22
3477 28
3478 22
3479 14
3480 18
3481 14
3482 22
3483 20
3484 20
3485 16
3486 20
3487 22
3488 20
3489 22
3490 18
3491 26
3492 20
3493 18
3494 18
3495 18
3496 20
3497 16
3498 28
3499 14
3500 22
3501 22
3502 20
3503 28
3504 26
3505 26
3506 22
3507 24
3508 32
3509 26
3510 20
3511 34
3512 32
3513 24
3514 32
3515 14
3516 22
3517 14
3518 20
3519 20
3520 24
3521 20
3522 32
3523 22
3524 18
3525 18
3526 20
3527 14
3528 20
3529 18
3530 14
3531 18
3532 24
3533 18
3534 20
3535 18
3536 24
3537 22
3538 22
3539 24
3540 20
3541 46
3542 20
3543 14
3544 22
3545 18
3546 28
3547 18
3548 20
3549 24
3550 20
3551 18
3552 18
3553 20
3554 18
3555 12
3556 16
3557 22
3558 20
3559 30
3560 20
3561 22
3562 18
3563 16
3564 18
3565 20
3566 20
3567 18
3568 18
3569 22
3570 18
3571 20
3572 22
3573 18
3574 14
3575 18
3576 14
3577 22
3578 18
3579 30
3580 18
3581 16
3582 26
3583 14
3584 30
3585 22
3586 18
3587 20
3588 26
3589 22
3590 24
3591 26
3592 24
3593 22
3594 22
3595 26
3596 22
3597 22
3598 28
3599 24
3600 22
3601 22
3602 22
3603 26
3604 14
3605 22
3606 24
3607 18
3608 24
3609 20
3610 26
3611 16
3612 18
3613 14
3614 20
3615 22
3616 20
3617 30
3618 14
3619 16
3620 20
3621 12
3622 20
3623 28
3624 20
3625 18
3626 24
3627 12
3628 26
3629 20
3630 26
3631 24
3632 18
3633 20
3634 18
3635 18
3636 26
3637 18
3638 22
3639 18
3640 22
3641 30
3642 26
3643 32
3644 24
3645 32
3646 18
3647 16
3648 22
3649 14
3650 28
3651 14
3652 24
3653 26
3654 22
3655 18
3656 26
3657 22
3658 22
3659 22
3660 20
3661 30
3662 14
3663 22
3664 20
3665 24
3666 20
3667 20
3668 22
3669 24
3670 16
3671 30
3672 18
3673 20
3674 20
3675 22
3676 22
3677 24
3678 20
3679 24
3680 24
3681 28
3682 16
3683 32
3684 22
3685 20
3686 16
3687 20
3688 20
3689 18
3690 18
3691 22
3692 16
3693 18
3694 20
3695 16
3696 22
3697 12
3698 22
3699 22
3700 22
3701 20
3702 16
3703 20
3704 26
3705 26
3706 18
3707 14
3708 22
3709 12
3710 18
3711 24
3712 22
3713 24
3714 20
3715 28
3716 26
3717 24
3718 22
3719 28
3720 26
3721 20
3722 26
3723 18
3724 20
3725 24
3726 18
3727 18
3728 22
3729 26
3730 22
3731 26
3732 22
3733 24
3734 14
3735 38
3736 12
3737 16
3738 22
3739 18
3740 20
3741 18
3742 24
3743 28
3744 22
3745 20
3746 24
3747 20
3748 34
3749 16
3750 20
3751 20
3752 22
3753 28
3754 16
3755 16
3756 10
3757 18
3758 32
3759 22
3760 16
3761 22
3762 16
3763 18
3764 32
3765 14
3766 16
3767 20
3768 24
3769 20
3770 24
3771 20
3772 24
3773 24
3774 22
3775 26
3776 34
3777 28
3778 40
3779 26
3780 14
3781 16
3782 22
3783 24
3784 16
3785 22
3786 26
3787 24
3788 20
3789 14
3790 22
3791 18
3792 18
3793 24
3794 30
3795 22
3796 24
3797 20
3798 14
3799 22
3800 18
3801 18
3802 24
3803 24
3804 14
3805 10
3806 16
3807 36
3808 22
3809 18
3810 24
3811 24
3812 22
3813 28
3814 24
3815 20
3816 16
3817 26
3818 22
3819 22
3820 22
3821 20
3822 20
3823 20
3824 16
3825 22
3826 20
3827 18
3828 16
3829 24
3830 18
3831 22
3832 22
3833 12
3834 20
3835 18
3836 18
3837 20
3838 16
3839 20
3840 26
3841 34
3842 16
3843 22
3844 26
3845 20
3846 20
3847 18
3848 26
3849 18
3850 34
3851 30
3852 30
3853 22
3854 24
3855 30
3856 28
3857 26
3858 22
3859 28
3860 20
3861 20
3862 24
3863 18
3864 28
3865 18
3866 16
3867 16
3868 22
3869 20
3870 24
3871 30
3872 22
3873 30
3874 22
3875 28
3876 24
3877 22
3878 22
3879 12
3880 22
3881 18
3882 26
3883 22
3884 24
3885 20
3886 24
3887 22
3888 20
3889 16
3890 18
3891 32
3892 12
3893 28
3894 24
3895 30
3896 24
3897 20
3898 18
3899 16
3900 20
3901 18
3902 18
3903 18
3904 20
3905 22
3906 18
3907 26
3908 22
3909 24
3910 22
3911 14
3912 16
3913 22
3914 30
3915 16
3916 20
3917 20
3918 24
3919 44
3920 26
3921 14
3922 26
3923 16
3924 20
3925 12
3926 18
3927 22
3928 22
3929 18
3930 20
3931 24
3932 38
3933 20
3934 18
3935 14
3936 22
3937 22
3938 24
3939 18
3940 28
3941 34
3942 22
3943 14
3944 24
3945 24
3946 20
3947 20
3948 20
3949 18
3950 24
3951 24
3952 20
3953 22
3954 20
3955 18
3956 20
3957 20
3958 14
3959 24
3960 18
3961 18
3962 24
3963 18
3964 14
3965 20
3966 20
3967 36
3968 28
3969 12
3970 20
3971 20
3972 20
3973 24
3974 20
3975 24
3976 28
3977 16
3978 36
3979 16
3980 24
3981 22
3982 28
3983 14
3984 22
3985 22
3986 20
3987 14
3988 18
3989 18
3990 30
3991 26
3992 18
3993 24
3994 36
3995 16
3996 36
3997 18
3998 24
3999 22
4000 18
4001 28
4002 24
4003 36
4004 26
4005 26
4006 28
4007 14
4008 24
4009 20
4010 24
4011 20
4012 24
4013 20
4014 20
4015 18
4016 12
4017 20
4018 18
4019 16
4020 26
4021 16
4022 22
4023 20
4024 22
4025 24
4026 18
4027 18
4028 54
4029 22
4030 28
4031 36
4032 20
4033 24
4034 18
4035 18
4036 12
4037 20
4038 18
4039 20
4040 22
4041 22
4042 24
4043 22
4044 24
4045 14
4046 22
4047 20
4048 18
4049 26
4050 26
4051 32
4052 26
4053 24
4054 20
4055 34
4056 16
4057 20
4058 12
4059 16
4060 36
4061 26
4062 22
4063 18
4064 18
4065 46
4066 26
4067 14
4068 34
4069 30
4070 20
4071 24
4072 26
4073 16
4074 20
4075 20
4076 26
4077 20
4078 14
4079 18
4080 30
4081 26
4082 28
4083 18
4084 18
4085 28
4086 24
4087 24
4088 18
4089 22
4090 20
4091 26
4092 16
4093 18
4094 18
4095 16
4096 28
4097 16
4098 18
4099 30
4100 16
4101 16
4102 22
4103 32
4104 24
4105 16
4106 18
4107 20
4108 38
4109 18
4110 24
4111 18
4112 18
4113 16
4114 24
4115 24
4116 28
4117 30
4118 32
4119 34
4120 22
4121 24
4122 14
4123 26
4124 26
4125 30
4126 34
4127 18
4128 20
4129 12
4130 22
4131 16
4132 22
4133 22
4134 20
4135 20
4136 20
4137 42
4138 40
4139 16
4140 28
4141 22
4142 28
4143 24
4144 28
4145 18
4146 16
4147 24
4148 16
4149 20
4150 26
4151 26
4152 22
4153 42
4154 24
4155 20
4156 26
4157 18
4158 22
4159 22
4160 20
4161 18
4162 44
4163 22
4164 30
4165 22
4166 48
4167 24
4168 18
4169 16
4170 18
4171 20
4172 22
4173 22
4174 30
4175 24
4176 60
4177 22
4178 20
4179 18
4180 18
4181 26
4182 14
4183 24
4184 16
4185 26
4186 18
4187 26
4188 36
4189 16
4190 26
4191 36
4192 20
4193 24
4194 22
4195 28
4196 24
4197 20
4198 20
4199 24
4200 24
4201 38
4202 22
4203 40
4204 22
4205 22
4206 12
4207 18
4208 20
4209 16
4210 18
4211 20
4212 20
4213 22
4214 26
4215 16
4216 24
4217 18
4218 16
4219 36
4220 24
4221 22
4222 26
4223 22
4224 18
4225 20
4226 20
4227 30
4228 28
4229 12
4230 22
4231 26
4232 28
4233 50
4234 16
4235 26
4236 20
4237 22
4238 24
4239 22
4240 26
4241 20
4242 20
4243 22
4244 28
4245 24
4246 24
4247 12
4248 24
4249 24
4250 20
4251 18
4252 18
4253 22
4254 14
4255 26
4256 28
4257 22
4258 26
4259 18
4260 18
4261 18
4262 22
4263 20
4264 20
4265 18
4266 22
4267 26
4268 38
4269 22
4270 22
4271 24
4272 28
4273 16
4274 22
4275 28
4276 28
4277 18
4278 32
4279 16
4280 18
4281 38
4282 24
4283 20
4284 28
4285 20
4286 20
4287 26
4288 20
4289 22
4290 26
4291 20
4292 38
4293 22
4294 28
4295 20
4296 28
4297 20
4298 16
4299 28
4300 22
4301 20
4302 26
4303 16
4304 26
4305 18
4306 16
4307 22
4308 36
4309 20
4310 26
4311 22
4312 12
4313 16
4314 26
4315 30
4316 22
4317 26
4318 20
4319 22
4320 28
4321 16
4322 24
4323 12
4324 16
4325 14
4326 22
4327 16
4328 26
4329 20
4330 22
4331 36
4332 24
4333 22
4334 20
4335 12
4336 28
4337 16
4338 12
4339 24
4340 18
4341 18
4342 24
4343 36
4344 16
4345 40
4346 34
4347 18
4348 20
4349 18
4350 30
4351 26
4352 20
4353 14
4354 12
4355 34
4356 22
4357 24
4358 22
4359 20
4360 12
4361 28
4362 22
4363 16
4364 24
4365 16
4366 20
4367 20
4368 24
4369 22
4370 22
4371 26
4372 20
4373 18
4374 14
4375 20
4376 20
4377 20
4378 26
4379 22
4380 20
4381 18
4382 20
4383 26
4384 22
4385 22
4386 28
4387 26
4388 20
4389 24
4390 20
4391 22
4392 24
4393 38
4394 24
4395 24
4396 26
4397 26
4398 24
4399 20
4400 18
4401 24
4402 16
4403 20
4404 46
4405 16
4406 34
4407 18
4408 24
4409 22
4410 24
4411 22
4412 18
4413 34
4414 20
4415 18
4416 36
4417 16
4418 16
4419 20
4420 20
4421 20
4422 16
4423 20
4424 24
4425 24
4426 18
4427 22
4428 20
4429 26
4430 20
4431 20
4432 16
4433 18
4434 28
4435 24
4436 16
4437 22
4438 22
4439 18
4440 20
4441 16
4442 22
4443 20
4444 16
4445 26
4446 24
4447 36
4448 24
4449 20
4450 22
4451 18
4452 28
4453 22
4454 16
4455 28
4456 24
4457 18
4458 24
4459 18
4460 18
4461 24
4462 26
4463 18
4464 28
4465 30
4466 18
4467 28
4468 22
4469 28
4470 32
4471 14
4472 40
4473 18
4474 24
4475 24
4476 20
4477 24
4478 16
4479 30
4480 26
4481 20
4482 22
4483 26
4484 26
4485 30
4486 16
4487 18
4488 26
4489 22
4490 22
4491 18
4492 26
4493 14
4494 30
4495 22
4496 14
4497 18
4498 18
4499 34
4500 24
4501 16
4502 22
4503 24
4504 22
4505 16
4506 20
4507 26
4508 18
4509 22
4510 24
4511 22
4512 20
4513 26
4514 18
4515 40
4516 34
4517 52
4518 20
4519 36
4520 36
4521 18
4522 22
4523 24
4524 22
4525 22
4526 20
4527 20
4528 20
4529 24
4530 22
4531 46
4532 22
4533 24
4534 26
4535 38
4536 18
4537 30
4538 22
4539 24
4540 24
4541 18
4542 26
4543 38
4544 28
4545 22
4546 24
4547 32
4548 24
4549 16
4550 26
4551 26
4552 26
4553 20
4554 16
4555 24
4556 20
4557 24
4558 22
4559 20
4560 18
4561 22
4562 40
4563 20
4564 16
4565 18
4566 20
4567 20
4568 12
4569 20
4570 28
4571 16
4572 16
4573 20
4574 34
4575 20
4576 30
4577 24
4578 26
4579 16
4580 20
4581 28
4582 26
4583 18
4584 22
4585 30
4586 16
4587 20
4588 26
4589 18
4590 14
4591 16
4592 16
4593 20
4594 26
4595 18
4596 26
4597 22
4598 24
4599 26
4600 14
4601 24
4602 16
4603 22
4604 16
4605 28
4606 20
4607 22
4608 20
4609 22
4610 24
4611 18
4612 26
4613 32
4614 22
4615 24
4616 26
4617 22
4618 22
4619 20
4620 20
4621 20
4622 18
4623 24
4624 30
4625 20
4626 20
4627 28
4628 26
4629 16
4630 14
4631 26
4632 22
4633 24
4634 24
4635 24
4636 24
4637 20
4638 24
4639 22
4640 22
4641 18
4642 26
4643 24
4644 24
4645 22
4646 28
4647 20
4648 30
4649 28
4650 26
4651 22
4652 20
4653 22
4654 16
4655 22
4656 16
4657 16
4658 20
4659 22
4660 22
4661 22
4662 12
4663 28
4664 24
4665 24
4666 16
4667 20
4668 28
4669 16
4670 12
4671 34
4672 30
4673 22
4674 34
4675 18
4676 46
4677 30
4678 24
4679 18
4680 20
4681 24
4682 26
4683 22
4684 22
4685 30
4686 20
4687 22
4688 20
4689 32
4690 22
4691 22
4692 14
4693 22
4694 26
4695 20
4696 26
4697 26
4698 20
4699 20
4700 20
4701 22
4702 26
4703 30
4704 22
4705 26
4706 18
4707 18
4708 20
4709 26
4710 28
4711 24
4712 30
4713 12
4714 22
4715 18
4716 24
4717 24
4718 20
4719 30
4720 16
4721 26
4722 20
4723 22
4724 26
4725 28
4726 18
4727 18
4728 22
4729 12
4730 26
4731 18
4732 24
4733 28
4734 28
4735 28
4736 28
4737 26
4738 26
4739 16
4740 24
4741 22
4742 22
4743 28
4744 26
4745 32
4746 20
4747 18
4748 20
4749 16
4750 24
4751 34
4752 24
4753 24
4754 16
4755 24
4756 20
4757 26
4758 22
4759 16
4760 32
4761 16
4762 30
4763 22
4764 18
4765 42
4766 28
4767 18
4768 20
4769 12
4770 24
4771 18
4772 18
4773 22
4774 18
4775 16
4776 22
4777 24
4778 18
4779 22
4780 26
4781 26
4782 30
4783 18
4784 24
4785 20
4786 18
4787 24
4788 12
4789 22
4790 18
4791 22
4792 32
4793 22
4794 22
4795 24
4796 22
4797 24
4798 24
4799 24
4800 20
4801 20
4802 24
4803 28
4804 20
4805 30
4806 24
4807 22
4808 30
4809 28
4810 20
4811 22
4812 18
4813 16
4814 24
4815 22
4816 22
4817 22
4818 26
4819 24
4820 24
4821 18
4822 14
4823 16
4824 12
4825 36
4826 24
4827 26
4828 18
4829 32
4830 28
4831 16
4832 22
4833 28
4834 24
4835 42
4836 46
4837 32
4838 28
4839 24
4840 20
4841 18
4842 18
4843 22
4844 20
4845 24
4846 16
4847 26
4848 20
4849 18
4850 20
4851 26
4852 20
4853 18
4854 28
4855 30
4856 22
4857 22
4858 36
4859 26
4860 26
4861 12
4862 18
4863 26
4864 20
4865 28
4866 26
4867 24
4868 28
4869 28
4870 10
4871 48
4872 16
4873 38
4874 18
4875 16
4876 28
4877 20
4878 26
4879 18
4880 24
4881 20
4882 32
4883 28
4884 20
4885 22
4886 44
4887 20
4888 24
4889 32
4890 52
4891 18
4892 28
4893 28
4894 28
4895 16
4896 24
4897 16
4898 24
4899 18
4900 14
4901 34
4902 18
4903 20
4904 20
4905 18
4906 18
4907 24
4908 26
4909 18
4910 30
4911 24
4912 20
4913 22
4914 22
4915 14
4916 26
4917 16
4918 24
4919 30
4920 24
4921 26
4922 26
4923 22
4924 20
4925 20
4926 34
4927 18
4928 20
4929 20
4930 22
4931 12
4932 18
4933 22
4934 18
4935 18
4936 32
4937 12
4938 20
4939 22
4940 26
4941 26
4942 18
4943 24
4944 24
4945 32
4946 20
4947 32
4948 26
4949 22
4950 26
4951 30
4952 22
4953 36
4954 12
4955 16
4956 38
4957 16
4958 16
4959 26
4960 28
4961 26
4962 14
4963 22
4964 20
4965 20
4966 24
4967 24
4968 18
4969 20
4970 18
4971 22
4972 24
4973 18
4974 22
4975 30
4976 26
4977 16
4978 18
4979 20
4980 24
4981 14
4982 16
4983 24
4984 28
4985 18
4986 24
4987 20
4988 26
4989 24
4990 22
4991 44
4992 22
4993 16
4994 22
4995 20
4996 14
4997 24
4998 14
4999 28
5000 28
5001 16
5002 22
5003 20
5004 18
5005 22
5006 20
5007 14
5008 18
5009 24
5010 22
5011 20
5012 18
5013 20
5014 24
5015 22
5016 22
5017 26
5018 20
5019 24
5020 18
5021 26
5022 30
5023 24
5024 30
5025 18
5026 18
5027 14
5028 18
5029 22
5030 20
5031 22
5032 22
5033 24
5034 22
5035 24
5036 24
5037 24
5038 34
5039 22
5040 16
5041 18
5042 22
5043 28
5044 20
5045 20
5046 16
5047 16
5048 16
5049 20
5050 14
5051 14
5052 20
5053 18
5054 20
5055 20
5056 16
5057 20
5058 18
5059 14
5060 18
5061 14
5062 36
5063 16
5064 12
5065 30
5066 22
5067 24
5068 26
5069 20
5070 22
5071 22
5072 20
5073 18
5074 30
5075 24
5076 18
5077 22
5078 18
5079 22
5080 20
5081 18
5082 14
5083 26
5084 20
5085 18
5086 16
5087 20
5088 16
5089 32
5090 20
5091 20
5092 30
5093 22
5094 20
5095 28
5096 16
5097 38
5098 24
5099 18
5100 20
5101 26
5102 22
5103 28
5104 20
5105 22
5106 32
5107 18
5108 20
5109 24
5110 18
5111 28
5112 26
5113 24
5114 14
5115 24
5116 50
5117 20
5118 14
5119 20
5120 26
5121 24
5122 16
5123 16
5124 30
5125 22
5126 28
5127 20
5128 26
5129 26
5130 46
5131 18
5132 48
5133 22
5134 16
5135 26
5136 22
5137 24
5138 24
5139 26
5140 40
5141 20
5142 20
5143 26
5144 32
5145 18
5146 28
5147 34
5148 24
5149 38
5150 28
5151 26
5152 22
5153 26
5154 36
5155 20
5156 20
5157 26
5158 18
5159 24
5160 24
5161 26
5162 16
5163 30
5164 26
5165 20
5166 16
5167 20
5168 24
5169 20
5170 22
5171 20
5172 20
5173 20
5174 24
5175 16
5176 20
5177 20
5178 20
5179 28
5180 22
5181 26
5182 18
5183 18
5184 18
5185 22
5186 22
5187 14
5188 18
5189 28
5190 32
5191 28
5192 32
5193 26
5194 30
5195 30
5196 26
5197 28
5198 26
5199 22
5200 46
5201 16
5202 22
5203 16
5204 18
5205 24
5206 18
5207 22
5208 28
5209 22
5210 26
5211 20
5212 24
5213 26
5214 20
5215 18
5216 18
5217 24
5218 16
5219 20
5220 24
5221 24
5222 14
5223 18
5224 40
5225 26
5226 18
5227 12
5228 22
5229 18
5230 32
5231 26
5232 26
5233 28
5234 30
5235 26
5236 22
5237 28
5238 22
5239 24
5240 28
5241 22
5242 12
5243 16
5244 22
5245 18
5246 22
5247 20
5248 18
5249 26
5250 24
5251 18
5252 16
5253 24
5254 22
5255 26
5256 18
5257 26
5258 22
5259 10
5260 20
5261 18
5262 24
5263 14
5264 28
5265 26
5266 20
5267 30
5268 26
5269 12
5270 24
5271 24
5272 24
5273 30
5274 14
5275 42
5276 32
5277 18
5278 22
5279 20
5280 16
5281 16
5282 48
5283 20
5284 22
5285 16
5286 28
5287 28
5288 26
5289 22
5290 30
5291 22
5292 22
5293 30
5294 18
5295 20
5296 22
5297 28
5298 20
5299 20
5300 24
5301 20
5302 18
5303 22
5304 20
5305 22
5306 24
5307 24
5308 20
5309 22
5310 20
5311 16
5312 16
5313 18
5314 20
5315 20
5316 22
5317 24
5318 20
5319 18
5320 30
5321 12
5322 22
5323 28
5324 18
5325 28
5326 18
5327 22
5328 20
5329 14
5330 22
5331 20
5332 28
5333 20
5334 28
5335 28
5336 28
5337 28
5338 26
5339 18
5340 26
5341 26
5342 44
5343 20
5344 20
5345 18
5346 24
5347 22
5348 26
5349 18
5350 20
5351 22
5352 22
5353 16
5354 22
5355 24
5356 32
5357 20
5358 24
5359 44
5360 20
5361 26
5362 16
5363 26
5364 18
5365 20
5366 18
5367 28
5368 28
5369 24
5370 24
5371 22
5372 22
5373 46
5374 24
5375 24
5376 20
5377 28
5378 24
5379 16
5380 20
5381 16
5382 18
5383 22
5384 18
5385 18
5386 26
5387 22
5388 18
5389 18
5390 20
5391 36
5392 18
5393 16
5394 24
5395 16
5396 36
5397 30
5398 30
5399 20
5400 20
5401 20
5402 16
5403 36
5404 26
5405 24
5406 18
5407 18
5408 16
5409 14
5410 22
5411 24
5412 32
5413 30
5414 22
5415 16
5416 26
5417 22
5418 20
5419 42
5420 18
5421 16
5422 18
5423 22
5424 26
5425 22
5426 18
5427 18
5428 24
5429 16
5430 18
5431 24
5432 26
5433 18
5434 24
5435 26
5436 26
5437 20
5438 16
5439 20
5440 20
5441 22
5442 22
5443 20
5444 22
5445 16
5446 16
5447 18
5448 20
5449 22
5450 22
5451 26
5452 10
5453 14
5454 18
5455 28
5456 18
5457 20
5458 30
5459 22
5460 34
5461 28
5462 20
5463 20
5464 18
5465 18
5466 24
5467 38
5468 32
5469 30
5470 26
5471 24
5472 26
5473 22
5474 20
5475 26
5476 26
5477 24
5478 12
5479 42
5480 20
5481 22
5482 36
5483 16
5484 30
5485 20
5486 24
5487 18
5488 12
5489 18
5490 22
5491 20
5492 16
5493 28
5494 22
5495 28
5496 26
5497 32
5498 28
5499 18
5500 26
5501 22
5502 24
5503 22
5504 16
5505 24
5506 14
5507 26
5508 14
5509 16
5510 22
5511 28
5512 24
5513 18
5514 22
5515 18
5516 18
5517 16
5518 24
5519 20
5520 20
5521 22
5522 30
5523 22
5524 38
5525 16
5526 22
5527 16
5528 24
5529 16
5530 60
5531 24
5532 18
5533 20
5534 22
5535 16
5536 18
5537 18
5538 28
5539 18
5540 26
5541 26
5542 24
5543 22
5544 20
5545 28
5546 20
5547 24
5548 18
5549 22
5550 28
5551 16
5552 26
5553 28
5554 22
5555 22
5556 24
5557 18
5558 22
5559 22
5560 16
5561 22
5562 22
5563 18
5564 22
5565 22
5566 26
5567 10
5568 22
5569 28
5570 22
5571 40
5572 28
5573 18
5574 24
5575 18
5576 30
5577 28
5578 26
5579 26
5580 24
5581 28
5582 22
5583 18
5584 16
5585 24
5586 46
5587 14
5588 18
5589 18
5590 14
5591 18
5592 16
5593 24
5594 14
5595 18
5596 14
5597 18
5598 20
5599 26
5600 22
5601 20
5602 18
5603 22
5604 22
5605 24
5606 26
5607 20
5608 22
5609 18
5610 24
5611 22
5612 20
5613 36
5614 16
5615 20
5616 18
5617 24
5618 30
5619 22
5620 28
5621 18
5622 18
5623 18
5624 22
5625 24
5626 28
5627 16
5628 16
5629 26
5630 22
5631 20
5632 18
5633 18
5634 24
5635 16
5636 26
5637 24
5638 28
5639 20
5640 12
5641 18
5642 20
5643 18
5644 28
5645 10
5646 44
5647 20
5648 24
5649 26
5650 26
5651 22
5652 24
5653 26
5654 26
5655 16
5656 18
5657 22
5658 22
5659 26
5660 12
5661 36
5662 16
5663 16
5664 22
5665 20
5666 18
5667 20
5668 24
5669 26
5670 22
5671 30
5672 18
5673 22
5674 18
5675 20
5676 26
5677 24
5678 16
5679 18
5680 20
5681 20
5682 26
5683 18
5684 22
5685 24
5686 22
5687 22
5688 24
5689 26
5690 24
5691 26
5692 30
5693 26
5694 28
5695 20
5696 26
5697 30
5698 24
5699 26
5700 16
5701 24
5702 26
5703 28
5704 24
5705 24
5706 20
5707 22
5708 20
5709 28
5710 28
5711 42
5712 16
5713 16
5714 12
5715 16
5716 18
5717 24
5718 20
5719 22
5720 22
5721 20
5722 20
5723 18
5724 26
5725 30
5726 16
5727 20
5728 22
5729 22
5730 20
5731 44
5732 18
5733 22
5734 18
5735 28
5736 22
5737 26
5738 20
5739 18
5740 20
5741 20
5742 22
5743 16
5744 28
5745 16
5746 22
5747 22
5748 26
5749 18
5750 20
5751 20
5752 22
5753 24
5754 20
5755 22
5756 12
5757 30
5758 34
5759 18
5760 24
5761 18
5762 26
5763 24
5764 22
5765 28
5766 24
5767 20
5768 22
5769 24
5770 24
5771 14
5772 22
5773 22
5774 18
5775 22
5776 26
5777 18
5778 24
5779 22
5780 20
5781 18
5782 14
5783 28
5784 10
5785 24
5786 20
5787 30
5788 18
5789 14
5790 30
5791 18
5792 24
5793 42
5794 30
5795 20
5796 26
5797 22
5798 20
5799 24
5800 26
5801 24
5802 24
5803 22
5804 26
5805 26
5806 28
5807 14
5808 26
5809 22
5810 22
5811 22
5812 16
5813 24
5814 22
5815 18
5816 20
5817 28
5818 18
5819 30
5820 16
5821 16
5822 20
5823 26
5824 26
5825 20
5826 20
5827 16
5828 14
5829 20
5830 14
5831 42
5832 24
5833 28
5834 46
5835 24
5836 28
5837 24
5838 20
5839 20
5840 24
5841 34
5842 12
5843 20
5844 24
5845 22
5846 34
5847 32
5848 24
5849 18
5850 20
5851 16
5852 16
5853 26
5854 16
5855 28
5856 20
5857 20
5858 18
5859 16
5860 24
5861 18
5862 26
5863 20
5864 26
5865 24
5866 14
5867 20
5868 14
5869 22
5870 20
5871 22
5872 24
5873 20
5874 28
5875 22
5876 18
5877 18
5878 14
5879 20
5880 24
5881 16
5882 22
5883 24
5884 40
5885 18
5886 22
5887 24
5888 20
5889 20
5890 24
5891 20
5892 30
5893 38
5894 26
5895 26
5896 12
5897 20
5898 16
5899 14
5900 22
5901 30
5902 20
5903 18
5904 16
5905 44
5906 28
5907 22
5908 22
5909 26
5910 26
5911 22
5912 16
5913 20
5914 16
5915 22
5916 20
5917 18
5918 20
5919 20
5920 20
5921 38
5922 16
5923 18
5924 16
5925 18
5926 18
5927 20
5928 18
5929 20
5930 18
5931 20
5932 18
5933 22
5934 16
5935 40
5936 18
5937 16
5938 20
5939 22
5940 16
5941 18
5942 24
5943 22
5944 24
5945 16
5946 26
5947 18
5948 36
5949 20
5950 22
5951 38
5952 38
5953 30
5954 40
5955 18
5956 38
5957 38
5958 22
5959 24
5960 18
5961 18
5962 22
5963 24
5964 34
5965 22
5966 14
5967 34
5968 18
5969 22
5970 22
5971 30
5972 18
5973 16
5974 16
5975 22
5976 40
5977 20
5978 38
5979 28
5980 22
5981 42
5982 44
5983 24
5984 20
5985 20
5986 34
5987 32
5988 32
5989 32
5990 22
5991 32
5992 24
5993 22
5994 18
5995 30
5996 20
5997 28
5998 20
5999 28
6000 22
6001 18
6002 16
6003 30
6004 16
6005 26
6006 18
6007 16
6008 20
6009 28
6010 12
6011 20
6012 28
6013 22
6014 14
6015 18
6016 22
6017 14
6018 24
6019 14
6020 22
6021 26
6022 24
6023 14
6024 24
6025 36
6026 20
6027 38
6028 30
6029 24
6030 20
6031 18
6032 26
6033 18
6034 28
6035 20
6036 26
6037 20
6038 20
6039 22
6040 20
6041 20
6042 16
6043 28
6044 26
6045 22
6046 28
6047 22
6048 20
6049 24
6050 14
6051 26
6052 24
6053 20
6054 38
6055 18
6056 20
6057 20
6058 24
6059 24
6060 44
6061 22
6062 32
6063 18
6064 20
6065 18
6066 22
6067 24
6068 22
6069 24
6070 30
6071 20
6072 16
6073 18
6074 20
6075 24
6076 16
6077 20
6078 18
6079 20
6080 22
6081 18
6082 30
6083 20
6084 34
6085 16
6086 20
6087 18
6088 16
6089 20
6090 20
6091 14
6092 20
6093 18
6094 26
6095 30
6096 22
6097 26
6098 22
6099 20
6100 28
6101 24
6102 22
6103 26
6104 24
6105 46
6106 30
6107 22
6108 20
6109 26
6110 36
6111 34
6112 22
6113 20
6114 16
6115 20
6116 20
6117 24
6118 18
6119 24
6120 18
6121 20
6122 38
6123 28
6124 20
6125 20
6126 26
6127 18
6128 32
6129 30
6130 26
6131 38
6132 26
6133 24
6134 24
6135 28
6136 30
6137 28
6138 20
6139 28
6140 26
6141 28
6142 16
6143 24
6144 22
6145 18
6146 34
6147 28
6148 20
6149 26
6150 20
6151 18
6152 18
6153 22
6154 16
6155 20
6156 24
6157 24
6158 24
6159 18
6160 26
6161 26
6162 26
6163 22
6164 20
6165 26
6166 26
6167 24
6168 28
6169 24
6170 30
6171 30
6172 18
6173 26
6174 24
6175 24
6176 20
6177 34
6178 24
6179 32
6180 30
6181 28
6182 22
6183 22
6184 20
6185 28
6186 22
6187 22
6188 24
6189 22
6190 20
6191 22
6192 20
6193 26
6194 20
6195 20
6196 18
6197 28
6198 20
6199 32
6200 28
6201 20
6202 20
6203 22
6204 22
6205 22
6206 26
6207 24
6208 24
6209 20
6210 24
6211 22
6212 24
6213 14
6214 24
6215 16
6216 24
6217 16
6218 16
6219 20
6220 16
6221 20
6222 22
6223 28
6224 18
6225 48
6226 20
6227 20
6228 22
6229 30
6230 34
6231 18
6232 18
6233 18
6234 24
6235 24
6236 16
6237 18
6238 22
6239 18
6240 26
6241 22
6242 40
6243 22
6244 18
6245 24
6246 26
6247 20
6248 26
6249 28
6250 30
6251 26
6252 26
6253 36
6254 26
6255 22
6256 24
6257 18
6258 20
6259 20
6260 22
6261 26
6262 20
6263 22
6264 20
6265 20
6266 16
6267 28
6268 22
6269 14
6270 14
6271 22
6272 20
6273 20
6274 18
6275 28
6276 18
6277 18
6278 20
6279 24
6280 18
6281 26
6282 20
6283 22
6284 26
6285 22
6286 18
6287 16
6288 20
6289 34
6290 26
6291 30
6292 26
6293 28
6294 26
6295 24
6296 18
6297 26
6298 20
6299 22
6300 26
6301 18
6302 18
6303 28
6304 28
6305 20
6306 28
6307 30
6308 30
6309 18
6310 28
6311 26
6312 30
6313 16
6314 22
6315 26
6316 26
6317 12
6318 28
6319 22
6320 24
6321 16
6322 26
6323 24
6324 18
6325 22
6326 12
6327 38
6328 24
6329 20
6330 22
6331 22
6332 24
6333 16
6334 20
6335 20
6336 22
6337 22
6338 18
6339 14
6340 14
6341 18
6342 22
6343 26
6344 26
6345 16
6346 18
6347 22
6348 20
6349 24
6350 22
6351 18
6352 18
6353 24
6354 22
6355 18
6356 24
6357 22
6358 24
6359 30
6360 42
6361 18
6362 20
6363 22
6364 24
6365 22
6366 20
6367 20
6368 16
6369 20
6370 26
6371 20
6372 22
6373 24
6374 18
6375 20
6376 26
6377 22
6378 14
6379 26
6380 16
6381 18
6382 16
6383 26
6384 24
6385 24
6386 24
6387 16
6388 20
6389 22
6390 18
6391 18
6392 20
6393 26
6394 32
6395 26
6396 18
6397 20
6398 22
6399 20
6400 18
6401 24
6402 20
6403 28
6404 16
6405 22
6406 16
6407 18
6408 28
6409 20
6410 20
6411 18
6412 16
6413 24
6414 26
6415 24
6416 24
6417 18
6418 24
6419 22
6420 24
6421 16
6422 18
6423 24
6424 20
6425 32
6426 24
6427 20
6428 24
6429 32
6430 28
6431 28
6432 28
6433 26
6434 24
6435 44
6436 14
6437 28
6438 24
6439 18
6440 30
6441 28
6442 22
6443 20
6444 28
6445 14
6446 28
6447 26
6448 20
6449 20
6450 22
6451 22
6452 20
6453 20
6454 28
6455 34
6456 18
6457 28
6458 24
6459 20
6460 24
6461 30
6462 18
6463 18
6464 20
6465 24
6466 24
6467 20
6468 18
6469 18
6470 24
6471 22
6472 28
6473 24
6474 16
6475 20
6476 26
6477 22
6478 26
6479 28
6480 20
6481 16
6482 22
6483 28
6484 14
6485 24
6486 24
6487 18
6488 20
6489 34
6490 20
6491 22
6492 30
6493 30
6494 34
6495 26
6496 28
6497 22
6498 28
6499 28
6500 20
6501 22
6502 16
6503 50
6504 14
6505 26
6506 18
6507 22
6508 16
6509 18
6510 44
6511 68
6512 22
6513 26
6514 22
6515 16
6516 20
6517 20
6518 14
6519 18
6520 20
6521 22
6522 20
6523 22
6524 26
6525 24
6526 22
6527 24
6528 26
6529 24
6530 26
6531 38
6532 18
6533 24
6534 30
6535 22
6536 26
6537 22
6538 22
6539 16
6540 24
6541 18
6542 20
6543 24
6544 16
6545 18
6546 26
6547 34
6548 22
6549 20
6550 20
6551 20
6552 32
6553 26
6554 26
6555 26
6556 26
6557 26
6558 16
6559 24
6560 18
6561 26
6562 36
6563 28
6564 26
6565 28
6566 24
6567 30
6568 28
6569 22
6570 28
6571 12
6572 22
6573 22
6574 22
6575 26
6576 24
6577 26
6578 16
6579 18
6580 22
6581 26
6582 28
6583 20
6584 28
6585 26
6586 20
6587 18
6588 16
6589 34
6590 38
6591 14
6592 32
6593 22
6594 26
6595 24
6596 20
6597 18
6598 16
6599 24
6600 34
6601 20
6602 14
6603 22
6604 20
6605 24
6606 20
6607 24
6608 26
6609 26
6610 24
6611 24
6612 20
6613 52
6614 22
6615 28
6616 22
6617 28
6618 24
6619 30
6620 26
6621 22
6622 24
6623 22
6624 28
6625 18
6626 24
6627 26
6628 34
6629 22
6630 18
6631 20
6632 24
6633 20
6634 28
6635 18
6636 18
6637 22
6638 24
6639 16
6640 20
6641 18
6642 20
6643 22
6644 12
6645 14
6646 22
6647 22
6648 28
6649 24
6650 22
6651 20
6652 26
6653 22
6654 22
6655 22
6656 28
6657 20
6658 28
6659 44
6660 22
6661 36
6662 24
6663 18
6664 24
6665 22
6666 18
6667 22
6668 18
6669 22
6670 24
6671 24
6672 26
6673 24
6674 24
6675 26
6676 22
6677 24
6678 22
6679 20
6680 16
6681 26
6682 22
6683 34
6684 22
6685 16
6686 26
6687 24
6688 18
6689 18
6690 22
6691 26
6692 24
6693 20
6694 28
6695 26
6696 24
6697 18
6698 24
6699 28
6700 30
6701 28
6702 12
6703 26
6704 26
6705 26
6706 26
6707 26
6708 22
6709 24
6710 18
6711 12
6712 12
6713 32
6714 22
6715 62
6716 22
6717 24
6718 22
6719 26
6720 20
6721 48
6722 22
6723 18
6724 16
6725 22
6726 22
6727 18
6728 20
6729 18
6730 20
6731 22
6732 22
6733 30
6734 24
6735 24
6736 28
6737 24
6738 30
6739 24
6740 24
6741 26
6742 22
6743 36
6744 22
6745 24
6746 26
6747 22
6748 18
6749 34
6750 26
6751 24
6752 18
6753 16
6754 28
6755 30
6756 28
6757 22
6758 36
6759 46
6760 20
6761 22
6762 20
6763 30
6764 30
6765 20
6766 18
6767 22
6768 20
6769 16
6770 20
6771 28
6772 20
6773 18
6774 20
6775 20
6776 24
6777 16
6778 20
6779 22
6780 20
6781 40
6782 24
6783 38
6784 22
6785 16
6786 14
6787 22
6788 30
6789 28
6790 26
6791 24
6792 16
6793 24
6794 26
6795 18
6796 24
6797 20
6798 38
6799 60
6800 24
6801 30
6802 22
6803 20
6804 44
6805 34
6806 54
6807 40
6808 26
6809 32
6810 28
6811 16
6812 22
6813 24
6814 26
6815 18
6816 12
6817 24
6818 20
6819 28
6820 36
6821 28
6822 28
6823 28
6824 26
6825 30
6826 12
6827 18
6828 18
6829 20
6830 26
6831 20
6832 22
6833 32
6834 26
6835 18
6836 30
6837 24
6838 28
6839 24
6840 24
6841 24
6842 26
6843 10
6844 16
6845 18
6846 24
6847 22
6848 26
6849 20
6850 18
6851 22
6852 18
6853 22
6854 16
6855 20
6856 36
6857 18
6858 18
6859 14
6860 26
6861 20
6862 24
6863 28
6864 20
6865 20
6866 26
6867 16
6868 24
6869 24
6870 20
6871 24
6872 20
6873 18
6874 32
6875 24
6876 32
6877 28
6878 16
6879 22
6880 34
6881 26
6882 22
6883 24
6884 24
6885 22
6886 54
6887 20
6888 26
6889 22
6890 22
6891 32
6892 18
6893 20
6894 24
6895 16
6896 38
6897 24
6898 22
6899 30
6900 24
6901 20
6902 22
6903 16
6904 22
6905 20
6906 20
6907 18
6908 30
6909 22
6910 24
6911 24
6912 28
6913 16
6914 18
6915 20
6916 24
6917 20
6918 24
6919 22
6920 20
6921 18
6922 22
6923 22
6924 22
6925 14
6926 16
6927 22
6928 18
6929 18
6930 22
6931 22
6932 22
6933 22
6934 24
6935 24
6936 24
6937 22
6938 28
6939 30
6940 30
6941 24
6942 16
6943 26
6944 16
6945 16
6946 30
6947 22
6948 22
6949 24
6950 24
6951 26
6952 28
6953 24
6954 24
6955 26
6956 46
6957 22
6958 24
6959 22
6960 38
6961 22
6962 22
6963 24
6964 34
6965 26
6966 28
6967 30
6968 20
6969 18
6970 22
6971 22
6972 14
6973 22
6974 22
6975 26
6976 28
6977 20
6978 18
6979 24
6980 24
6981 24
6982 18
6983 20
6984 18
6985 20
6986 18
6987 24
6988 22
6989 20
6990 22
6991 26
6992 20
6993 14
6994 26
6995 22
6996 22
6997 20
6998 38
6999 30
7000 22
7001 24
7002 22
7003 30
7004 18
7005 20
7006 28
7007 22
7008 18
7009 24
7010 36
7011 28
7012 18
7013 22
7014 20
7015 24
7016 20
7017 26
7018 20
7019 18
7020 20
7021 22
7022 24
7023 24
7024 24
7025 20
7026 26
7027 26
7028 12
7029 24
7030 22
7031 22
7032 46
7033 22
7034 20
7035 36
7036 20
7037 26
7038 24
7039 30
7040 18
7041 24
7042 24
7043 20
7044 28
7045 30
7046 16
7047 22
7048 24
7049 22
7050 22
7051 24
7052 24
7053 32
7054 24
7055 22
7056 30
7057 20
7058 16
7059 18
7060 14
7061 16
7062 14
7063 24
7064 20
7065 18
7066 24
7067 48
7068 26
7069 22
7070 16
7071 24
7072 22
7073 16
7074 24
7075 32
7076 28
7077 20
7078 26
7079 26
7080 36
7081 28
7082 36
7083 32
7084 28
7085 30
7086 26
7087 10
7088 24
7089 30
7090 22
7091 20
7092 22
7093 28
7094 16
7095 22
7096 22
7097 26
7098 22
7099 26
7100 26
7101 20
7102 28
7103 30
7104 26
7105 30
7106 34
7107 20
7108 20
7109 60
7110 26
7111 28
7112 20
7113 20
7114 22
7115 22
7116 18
7117 44
7118 16
7119 20
7120 22
7121 22
7122 22
7123 20
7124 20
7125 24
7126 20
7127 26
7128 16
7129 20
7130 24
7131 22
7132 20
7133 32
7134 22
7135 24
7136 22
7137 24
7138 24
7139 28
7140 18
7141 26
7142 26
7143 22
7144 20
7145 24
7146 20
7147 22
7148 34
7149 24
7150 30
7151 30
7152 30
7153 18
7154 30
7155 28
7156 28
7157 22
7158 24
7159 28
7160 24
7161 42
7162 24
7163 26
7164 16
7165 28
7166 22
7167 20
7168 24
7169 24
7170 28
7171 24
7172 24
7173 18
7174 24
7175 16
7176 22
7177 26
7178 28
7179 22
7180 20
7181 20
7182 18
7183 16
7184 22
7185 14
7186 28
7187 12
7188 18
7189 22
7190 16
7191 18
7192 30
7193 24
7194 20
7195 20
7196 18
7197 24
7198 30
7199 20
7200 18
7201 24
7202 20
7203 18
7204 28
7205 32
7206 26
7207 18
7208 24
7209 20
7210 20
7211 18
7212 12
7213 20
7214 30
7215 22
7216 18
7217 24
7218 12
7219 16
7220 20
7221 16
7222 28
7223 18
7224 22
7225 18
7226 20
7227 14
7228 18
7229 24
7230 30
7231 36
7232 16
7233 26
7234 14
7235 28
7236 22
7237 24
7238 20
7239 28
7240 24
7241 20
7242 28
7243 26
7244 28
7245 26
7246 20
7247 22
7248 14
7249 22
7250 24
7251 30
7252 12
7253 18
7254 24
7255 18
7256 26
7257 26
7258 20
7259 20
7260 18
7261 16
7262 34
7263 30
7264 26
7265 28
7266 16
7267 16
7268 26
7269 28
7270 28
7271 20
7272 26
7273 36
7274 22
7275 22
7276 42
7277 26
7278 34
7279 22
7280 38
7281 22
7282 12
7283 12
7284 18
7285 28
7286 16
7287 20
7288 28
7289 18
7290 26
7291 26
7292 22
7293 22
7294 20
7295 18
7296 18
7297 16
7298 20
7299 12
7300 28
7301 20
7302 26
7303 14
7304 30
7305 24
7306 22
7307 50
7308 26
7309 22
7310 26
7311 22
7312 24
7313 24
7314 24
7315 20
7316 18
7317 20
7318 22
7319 22
7320 14
7321 16
7322 50
7323 24
7324 26
7325 24
7326 24
7327 18
7328 22
7329 22
7330 18
7331 14
7332 20
7333 16
7334 18
7335 30
7336 26
7337 22
7338 22
7339 28
7340 22
7341 22
7342 46
7343 16
7344 26
7345 30
7346 26
7347 18
7348 20
7349 32
7350 20
7351 26
7352 6
7353 20
7354 26
7355 22
7356 22
7357 24
7358 22
7359 30
7360 24
7361 20
7362 14
7363 26
7364 20
7365 22
7366 28
7367 20
7368 20
7369 20
7370 16
7371 14
7372 22
7373 34
7374 26
7375 30
7376 20
7377 30
7378 28
7379 20
7380 30
7381 22
7382 30
7383 34
7384 22
7385 22
7386 26
7387 30
7388 26
7389 28
7390 30
7391 36
7392 30
7393 18
7394 18
7395 28
7396 26
7397 34
7398 26
7399 18
7400 20
7401 24
7402 32
7403 22
7404 24
7405 24
7406 22
7407 30
7408 18
7409 16
7410 18
7411 28
7412 14
7413 20
7414 24
7415 18
7416 18
7417 30
7418 12
7419 26
7420 18
7421 34
7422 18
7423 26
7424 16
7425 42
7426 20
7427 18
7428 22
7429 26
7430 18
7431 18
7432 32
7433 16
7434 26
7435 24
7436 16
7437 16
7438 24
7439 20
7440 20
7441 12
7442 24
7443 18
7444 26
7445 22
7446 16
7447 20
7448 14
7449 22
7450 18
7451 18
7452 24
7453 26
7454 22
7455 18
7456 24
7457 20
7458 26
7459 20
7460 24
7461 34
7462 16
7463 30
7464 24
7465 22
7466 24
7467 16
7468 18
7469 14
7470 18
7471 26
7472 22
7473 20
7474 42
7475 36
7476 22
7477 28
7478 18
7479 26
7480 18
7481 20
7482 26
7483 24
7484 22
7485 18
7486 22
7487 18
7488 24
7489 20
7490 20
7491 20
7492 30
7493 20
7494 26
7495 14
7496 24
7497 18
7498 26
7499 18
7500 24
7501 14
7502 20
7503 18
7504 16
7505 22
7506 24
7507 32
7508 24
7509 20
7510 30
7511 24
7512 26
7513 24
7514 28
7515 24
7516 22
7517 24
7518 26
7519 26
7520 30
7521 12
7522 24
7523 32
7524 26
7525 24
7526 32
7527 22
7528 20
7529 24
7530 24
7531 20
7532 12
7533 22
7534 24
7535 22
7536 26
7537 16
7538 24
7539 28
7540 26
7541 26
7542 22
7543 26
7544 28
7545 20
7546 28
7547 20
7548 18
7549 14
7550 10
7551 28
7552 18
7553 14
7554 22
7555 20
7556 24
7557 26
7558 28
7559 22
7560 24
7561 30
7562 26
7563 16
7564 18
7565 32
7566 20
7567 14
7568 30
7569 20
7570 24
7571 22
7572 22
7573 22
7574 40
7575 32
7576 14
7577 36
7578 12
7579 26
7580 42
7581 18
7582 28
7583 22
7584 22
7585 24
7586 22
7587 26
7588 26
7589 20
7590 20
7591 18
7592 26
7593 22
7594 18
7595 18
7596 18
7597 20
7598 24
7599 16
7600 20
7601 24
7602 28
7603 22
7604 26
7605 24
7606 26
7607 18
7608 22
7609 28
7610 20
7611 28
7612 24
7613 20
7614 14
7615 22
7616 26
7617 22
7618 28
7619 42
7620 30
7621 16
7622 24
7623 28
7624 24
7625 26
7626 22
7627 28
7628 22
7629 22
7630 32
7631 16
7632 26
7633 26
7634 18
7635 16
7636 26
7637 22
7638 28
7639 16
7640 30
7641 22
7642 38
7643 14
7644 28
7645 20
7646 18
7647 24
7648 20
7649 24
7650 28
7651 18
7652 20
7653 40
7654 40
7655 22
7656 26
7657 22
7658 26
7659 14
7660 24
7661 18
7662 22
7663 18
7664 30
7665 22
7666 16
7667 36
7668 22
7669 20
7670 20
7671 24
7672 24
7673 20
7674 24
7675 32
7676 38
7677 18
7678 38
7679 20
7680 26
7681 18
7682 26
7683 18
7684 28
7685 28
7686 26
7687 20
7688 18
7689 34
7690 30
7691 22
7692 26
7693 24
7694 24
7695 26
7696 24
7697 24
7698 32
7699 24
7700 24
7701 24
7702 32
7703 16
7704 28
7705 20
7706 20
7707 22
7708 24
7709 34
7710 24
7711 26
7712 18
7713 16
7714 26
7715 30
7716 26
7717 28
7718 22
7719 24
7720 14
7721 26
7722 28
7723 20
7724 32
7725 14
7726 28
7727 34
7728 20
7729 26
7730 40
7731 18
7732 18
7733 26
7734 18
7735 20
7736 22
7737 26
7738 24
7739 22
7740 12
7741 24
7742 18
7743 28
7744 26
7745 20
7746 18
7747 28
7748 26
7749 22
7750 14
7751 22
7752 24
7753 20
7754 24
7755 20
7756 16
7757 24
7758 22
7759 24
7760 24
7761 26
7762 18
7763 24
7764 32
7765 26
7766 20
7767 20
7768 18
7769 20
7770 18
7771 28
7772 18
7773 26
7774 26
7775 22
7776 22
7777 26
7778 26
7779 14
7780 38
7781 24
7782 24
7783 14
7784 22
7785 22
7786 30
7787 26
7788 30
7789 20
7790 24
7791 18
7792 14
7793 30
7794 28
7795 20
7796 20
7797 22
7798 24
7799 44
7800 26
7801 20
7802 24
7803 22
7804 20
7805 20
7806 30
7807 22
7808 20
7809 14
7810 20
7811 22
7812 36
7813 20
7814 30
7815 18
7816 26
7817 30
7818 22
7819 24
7820 22
7821 24
7822 30
7823 20
7824 26
7825 32
7826 22
7827 40
7828 26
7829 20
7830 18
7831 20
7832 22
7833 12
7834 30
7835 18
7836 22
7837 24
7838 30
7839 28
7840 30
7841 18
7842 22
7843 28
7844 20
7845 28
7846 20
7847 50
7848 26
7849 24
7850 18
7851 22
7852 16
7853 34
7854 20
7855 30
7856 24
7857 22
7858 32
7859 26
7860 28
7861 24
7862 22
7863 22
7864 26
7865 12
7866 28
7867 28
7868 22
7869 34
7870 38
7871 20
7872 20
7873 26
7874 18
7875 22
7876 14
7877 26
7878 26
7879 22
7880 32
7881 28
7882 28
7883 22
7884 26
7885 24
7886 30
7887 40
7888 20
7889 22
7890 20
7891 28
7892 20
7893 20
7894 18
7895 18
7896 32
7897 22
7898 18
7899 22
7900 32
7901 24
7902 28
7903 26
7904 20
7905 24
7906 14
7907 22
7908 30
7909 22
7910 18
7911 18
7912 26
7913 20
7914 16
7915 20
7916 22
7917 28
7918 24
7919 26
7920 22
7921 26
7922 28
7923 18
7924 36
7925 22
7926 28
7927 26
7928 20
7929 26
7930 20
7931 20
7932 30
7933 20
7934 20
7935 26
7936 26
7937 22
7938 30
7939 20
7940 32
7941 22
7942 24
7943 14
7944 28
7945 18
7946 14
7947 28
7948 28
7949 28
7950 24
7951 22
7952 20
7953 16
7954 24
7955 24
7956 20
7957 22
7958 22
7959 32
7960 20
7961 28
7962 24
7963 28
7964 26
7965 18
7966 20
7967 18
7968 22
7969 26
7970 18
7971 26
7972 16
7973 26
7974 18
7975 22
7976 14
7977 24
7978 22
7979 42
7980 22
7981 16
7982 30
7983 30
7984 26
7985 36
7986 32
7987 24
7988 18
7989 16
7990 36
7991 24
7992 16
7993 20
7994 28
7995 24
7996 18
7997 58
7998 22
7999 20
8000 18
8001 16
8002 18
8003 24
8004 28
8005 28
8006 28
8007 18
8008 16
8009 28
8010 28
8011 30
8012 18
8013 30
8014 20
8015 16
8016 66
8017 24
8018 22
8019 22
8020 26
8021 16
8022 24
8023 16
8024 30
8025 24
8026 20
8027 28
8028 50
8029 22
8030 34
8031 28
8032 18
8033 14
8034 20
8035 56
8036 16
8037 28
8038 18
8039 28
8040 26
8041 26
8042 22
8043 18
8044 24
8045 24
8046 30
8047 24
8048 24
8049 42
8050 22
8051 18
8052 24
8053 40
8054 42
8055 20
8056 20
8057 26
8058 14
8059 30
8060 46
8061 18
8062 22
8063 30
8064 48
8065 20
8066 30
8067 30
8068 22
8069 22
8070 22
8071 26
8072 26
8073 28
8074 18
8075 20
8076 44
8077 24
8078 24
8079 36
8080 22
8081 24
8082 24
8083 16
8084 26
8085 20
8086 28
8087 26
8088 24
8089 26
8090 30
8091 30
8092 24
8093 26
8094 24
8095 32
8096 22
8097 22
8098 16
8099 40
8100 22
8101 18
8102 28
8103 28
8104 18
8105 22
8106 22
8107 22
8108 24
8109 20
8110 18
8111 24
8112 28
8113 44
8114 28
8115 26
8116 22
8117 28
8118 22
8119 24
8120 22
8121 22
8122 16
8123 24
8124 16
8125 20
8126 22
8127 22
8128 20
8129 22
8130 20
8131 16
8132 26
8133 18
8134 54
8135 26
8136 20
8137 22
8138 20
8139 32
8140 26
8141 32
8142 30
8143 30
8144 18
8145 26
8146 20
8147 22
8148 22
8149 26
8150 42
8151 20
8152 22
8153 32
8154 14
8155 24
8156 20
8157 20
8158 22
8159 28
8160 22
8161 22
8162 24
8163 20
8164 22
8165 22
8166 24
8167 18
8168 20
8169 26
8170 18
8171 20
8172 20
8173 22
8174 24
8175 20
8176 30
8177 22
8178 16
8179 22
8180 26
8181 26
8182 22
8183 22
8184 20
8185 30
8186 16
8187 18
8188 18
8189 28
8190 20
8191 20
8192 32
8193 28
8194 18
8195 28
8196 24
8197 16
8198 28
8199 34
8200 26
8201 22
8202 32
8203 24
8204 32
8205 14
8206 20
8207 20
8208 40
8209 28
8210 40
8211 18
8212 16
8213 36
8214 24
8215 32
8216 24
8217 30
8218 40
8219 34
8220 24
8221 30
8222 26
8223 20
8224 30
8225 18
8226 24
8227 20
8228 24
8229 26
8230 30
8231 24
8232 18
8233 28
8234 28
8235 28
8236 18
8237 22
8238 26
8239 18
8240 30
8241 18
8242 24
8243 24
8244 30
8245 28
8246 24
8247 18
8248 30
8249 22
8250 22
8251 26
8252 22
8253 38
8254 20
8255 20
8256 16
8257 18
8258 28
8259 38
8260 20
8261 20
8262 34
8263 16
8264 28
8265 16
8266 22
8267 18
8268 36
8269 20
8270 28
8271 18
8272 16
8273 18
8274 32
8275 18
8276 18
8277 22
8278 22
8279 22
8280 22
8281 22
8282 22
8283 26
8284 42
8285 32
8286 20
8287 22
8288 24
8289 34
8290 22
8291 20
8292 22
8293 22
8294 16
8295 22
8296 20
8297 22
8298 28
8299 26
8300 22
8301 26
8302 14
8303 18
8304 24
8305 22
8306 20
8307 8
8308 20
8309 14
8310 40
8311 28
8312 44
8313 24
8314 20
8315 18
8316 18
8317 24
8318 18
8319 24
8320 24
8321 20
8322 20
8323 26
8324 12
8325 16
8326 24
8327 28
8328 22
8329 30
8330 28
8331 28
8332 28
8333 22
8334 26
8335 28
8336 28
8337 32
8338 26
8339 30
8340 16
8341 18
8342 32
8343 24
8344 34
8345 20
8346 22
8347 20
8348 16
8349 20
8350 30
8351 20
8352 28
8353 14
8354 32
8355 22
8356 24
8357 36
8358 26
8359 24
8360 18
8361 14
8362 18
8363 26
8364 42
8365 18
8366 22
8367 28
8368 20
8369 20
8370 20
8371 28
8372 18
8373 22
8374 30
8375 24
8376 24
8377 28
8378 20
8379 24
8380 18
8381 18
8382 22
8383 22
8384 22
8385 24
8386 26
8387 16
8388 30
8389 16
8390 36
8391 18
8392 36
8393 22
8394 28
8395 20
8396 28
8397 14
8398 22
8399 18
8400 22
8401 20
8402 18
8403 22
8404 24
8405 24
8406 16
8407 20
8408 24
8409 24
8410 30
8411 30
8412 20
8413 28
8414 24
8415 28
8416 18
8417 24
8418 26
8419 26
8420 24
8421 16
8422 32
8423 20
8424 12
8425 36
8426 18
8427 24
8428 30
8429 24
8430 22
8431 20
8432 20
8433 24
8434 30
8435 24
8436 36
8437 24
8438 24
8439 24
8440 26
8441 24
8442 16
8443 22
8444 22
8445 18
8446 22
8447 20
8448 22
8449 20
8450 12
8451 36
8452 30
8453 28
8454 18
8455 26
8456 22
8457 18
8458 16
8459 22
8460 20
8461 22
8462 24
8463 26
8464 14
8465 34
8466 24
8467 20
8468 18
8469 40
8470 18
8471 30
8472 24
8473 32
8474 24
8475 24
8476 18
8477 34
8478 18
8479 36
8480 22
8481 18
8482 20
8483 16
8484 20
8485 24
8486 26
8487 22
8488 26
8489 30
8490 22
8491 20
8492 16
8493 22
8494 32
8495 28
8496 54
8497 32
8498 24
8499 18
8500 32
8501 28
8502 28
8503 16
8504 16
8505 20
8506 24
8507 20
8508 20
8509 22
8510 16
8511 18
8512 28
8513 26
8514 26
8515 28
8516 22
8517 24
8518 24
8519 24
8520 20
8521 18
8522 20
8523 24
8524 22
8525 18
8526 24
8527 24
8528 22
8529 24
8530 42
8531 24
8532 42
8533 28
8534 26
8535 18
8536 34
8537 24
8538 20
8539 26
8540 38
8541 20
8542 32
8543 24
8544 32
8545 24
8546 26
8547 28
8548 24
8549 28
8550 34
8551 22
8552 24
8553 28
8554 26
8555 18
8556 22
8557 18
8558 22
8559 26
8560 26
8561 16
8562 22
8563 38
8564 22
8565 24
8566 24
8567 24
8568 12
8569 18
8570 20
8571 28
8572 26
8573 20
8574 18
8575 26
8576 30
8577 24
8578 16
8579 32
8580 22
8581 24
8582 20
8583 16
8584 20
8585 22
8586 30
8587 44
8588 36
8589 16
8590 32
8591 14
8592 18
8593 20
8594 26
8595 14
8596 44
8597 18
8598 18
8599 26
8600 24
8601 16
8602 30
8603 18
8604 18
8605 18
8606 26
8607 24
8608 28
8609 24
8610 24
8611 28
8612 24
8613 26
8614 28
8615 24
8616 20
8617 30
8618 18
8619 26
8620 20
8621 24
8622 22
8623 30
8624 16
8625 22
8626 22
8627 22
8628 20
8629 28
8630 26
8631 20
8632 28
8633 30
8634 34
8635 30
8636 22
8637 20
8638 18
8639 28
8640 28
8641 28
8642 30
8643 28
8644 28
8645 22
8646 24
8647 18
8648 18
8649 20
8650 28
8651 20
8652 28
8653 20
8654 22
8655 26
8656 22
8657 42
8658 16
8659 34
8660 30
8661 36
8662 22
8663 16
8664 28
8665 26
8666 12
8667 26
8668 16
8669 22
8670 26
8671 22
8672 24
8673 22
8674 16
8675 20
8676 16
8677 30
8678 16
8679 20
8680 22
8681 32
8682 16
8683 18
8684 28
8685 12
8686 18
8687 28
8688 18
8689 28
8690 38
8691 22
8692 28
8693 24
8694 22
8695 30
8696 24
8697 26
8698 26
8699 32
8700 20
8701 20
8702 14
8703 20
8704 20
8705 20
8706 20
8707 16
8708 20
8709 22
8710 22
8711 24
8712 18
8713 28
8714 22
8715 26
8716 28
8717 32
8718 24
8719 22
8720 28
8721 22
8722 36
8723 32
8724 14
8725 24
8726 26
8727 22
8728 22
8729 24
8730 18
8731 16
8732 20
8733 24
8734 24
8735 16
8736 26
8737 26
8738 24
8739 26
8740 22
8741 22
8742 32
8743 16
8744 26
8745 22
8746 24
8747 22
8748 22
8749 24
8750 22
8751 18
8752 18
8753 20
8754 30
8755 24
8756 30
8757 12
8758 30
8759 32
8760 28
8761 24
8762 30
8763 18
8764 26
8765 24
8766 20
8767 24
8768 26
8769 26
8770 28
8771 26
8772 36
8773 20
8774 26
8775 12
8776 22
8777 26
8778 28
8779 20
8780 26
8781 22
8782 28
8783 24
8784 24
8785 22
8786 28
8787 20
8788 26
8789 24
8790 22
8791 24
8792 28
8793 20
8794 26
8795 20
8796 40
8797 20
8798 20
8799 18
8800 20
8801 26
8802 20
8803 22
8804 20
8805 26
8806 26
8807 18
8808 20
8809 24
8810 22
8811 22
8812 24
8813 26
8814 16
8815 12
8816 26
8817 16
8818 26
8819 20
8820 18
8821 24
8822 18
8823 22
8824 34
8825 34
8826 18
8827 26
8828 28
8829 20
8830 18
8831 30
8832 20
8833 22
8834 28
8835 26
8836 26
8837 12
8838 20
8839 30
8840 22
8841 18
8842 46
8843 24
8844 34
8845 30
8846 16
8847 22
8848 38
8849 22
8850 30
8851 16
8852 16
8853 42
8854 44
8855 36
8856 52
8857 26
8858 26
8859 24
8860 24
8861 22
8862 24
8863 20
8864 20
8865 24
8866 18
8867 20
8868 26
8869 20
8870 32
8871 18
8872 18
8873 30
8874 20
8875 24
8876 20
8877 26
8878 22
8879 24
8880 22
8881 18
8882 20
8883 24
8884 22
8885 26
8886 22
8887 24
8888 16
8889 26
8890 20
8891 28
8892 22
8893 34
8894 28
8895 30
8896 28
8897 18
8898 20
8899 26
8900 20
8901 22
8902 22
8903 24
8904 22
8905 32
8906 18
8907 18
8908 20
8909 28
8910 24
8911 30
8912 20
8913 32
8914 18
8915 22
8916 28
8917 24
8918 24
8919 24
8920 18
8921 26
8922 24
8923 42
8924 34
8925 22
8926 24
8927 22
8928 22
8929 26
8930 24
8931 22
8932 16
8933 22
8934 28
8935 36
8936 22
8937 22
8938 20
8939 32
8940 16
8941 26
8942 24
8943 24
8944 30
8945 58
8946 22
8947 26
8948 18
8949 44
8950 24
8951 22
8952 26
8953 18
8954 28
8955 20
8956 22
8957 18
8958 28
8959 18
8960 18
8961 28
8962 18
8963 26
8964 24
8965 28
8966 18
8967 24
8968 16
8969 24
8970 26
8971 44
8972 22
8973 26
8974 20
8975 24
8976 16
8977 30
8978 20
8979 26
8980 26
8981 18
8982 14
8983 32
8984 28
8985 20
8986 28
8987 22
8988 26
8989 46
8990 20
8991 18
8992 26
8993 18
8994 28
8995 18
8996 36
8997 28
8998 24
8999 26
9000 24
9001 26
9002 20
9003 24
9004 40
9005 14
9006 28
9007 22
9008 26
9009 20
9010 20
9011 18
9012 20
9013 28
9014 24
9015 22
9016 24
9017 22
9018 18
9019 22
9020 20
9021 24
9022 28
9023 20
9024 18
9025 20
9026 20
9027 28
9028 22
9029 30
9030 36
9031 26
9032 36
9033 18
9034 50
9035 32
9036 28
9037 30
9038 26
9039 32
9040 32
9041 22
9042 32
9043 20
9044 24
9045 26
9046 24
9047 22
9048 24
9049 18
9050 30
9051 22
9052 26
9053 20
9054 26
9055 24
9056 28
9057 24
9058 42
9059 22
9060 22
9061 28
9062 24
9063 20
9064 20
9065 16
9066 24
9067 14
9068 16
9069 20
9070 18
9071 24
9072 24
9073 22
9074 16
9075 20
9076 52
9077 20
9078 14
9079 28
9080 28
9081 20
9082 14
9083 28
9084 26
9085 22
9086 26
9087 30
9088 22
9089 30
9090 22
9091 24
9092 26
9093 26
9094 20
9095 24
9096 30
9097 24
9098 24
9099 28
9100 34
9101 28
9102 24
9103 26
9104 16
9105 28
9106 22
9107 22
9108 26
9109 18
9110 28
9111 20
9112 30
9113 28
9114 26
9115 28
9116 32
9117 34
9118 26
9119 26
9120 28
9121 18
9122 28
9123 22
9124 22
9125 24
9126 20
9127 24
9128 22
9129 48
9130 20
9131 28
9132 22
9133 20
9134 18
9135 24
9136 24
9137 22
9138 22
9139 22
9140 24
9141 32
9142 26
9143 24
9144 30
9145 22
9146 20
9147 18
9148 22
9149 20
9150 20
9151 26
9152 22
9153 26
9154 34
9155 20
9156 22
9157 36
9158 18
9159 22
9160 32
9161 44
9162 28
9163 30
9164 30
9165 22
9166 30
9167 28
9168 30
9169 24
9170 28
9171 22
9172 30
9173 34
9174 20
9175 20
9176 18
9177 22
9178 24
9179 26
9180 22
9181 16
9182 22
9183 14
9184 24
9185 24
9186 30
9187 24
9188 28
9189 22
9190 28
9191 30
9192 28
9193 28
9194 32
9195 36
9196 16
9197 20
9198 20
9199 24
9200 24
9201 34
9202 22
9203 22
9204 26
9205 24
9206 24
9207 30
9208 22
9209 28
9210 22
9211 38
9212 18
9213 26
9214 24
9215 22
9216 20
9217 26
9218 28
9219 38
9220 20
9221 22
9222 22
9223 24
9224 26
9225 22
9226 22
9227 22
9228 22
9229 20
9230 20
9231 14
9232 18
9233 24
9234 16
9235 24
9236 28
9237 14
9238 20
9239 16
9240 20
9241 26
9242 28
9243 24
9244 24
9245 24
9246 18
9247 26
9248 32
9249 18
9250 24
9251 22
9252 22
9253 22
9254 26
9255 22
9256 20
9257 18
9258 32
9259 24
9260 24
9261 16
9262 20
9263 22
9264 38
9265 20
9266 24
9267 24
9268 20
9269 22
9270 20
9271 26
9272 24
9273 24
9274 32
9275 22
9276 26
9277 28
9278 36
9279 30
9280 36
9281 26
9282 12
9283 22
9284 20
9285 22
9286 22
9287 22
9288 28
9289 28
9290 18
9291 20
9292 22
9293 20
9294 20
9295 28
9296 24
9297 16
9298 36
9299 22
9300 40
9301 22
9302 30
9303 22
9304 16
9305 22
9306 30
9307 20
9308 20
9309 20
9310 22
9311 20
9312 24
9313 34
9314 26
9315 26
9316 22
9317 30
9318 24
9319 24
9320 18
9321 18
9322 20
9323 30
9324 20
9325 30
9326 26
9327 18
9328 28
9329 26
9330 20
9331 18
9332 28
9333 28
9334 22
9335 26
9336 24
9337 18
9338 32
9339 20
9340 16
9341 16
9342 32
9343 34
9344 30
9345 16
9346 24
9347 20
9348 20
9349 34
9350 26
9351 24
9352 16
9353 26
9354 22
9355 36
9356 22
9357 24
9358 26
9359 24
9360 26
9361 22
9362 32
9363 20
9364 24
9365 26
9366 28
9367 30
9368 20
9369 20
9370 18
9371 24
9372 24
9373 26
9374 24
9375 22
9376 20
9377 22
9378 20
9379 40
9380 20
9381 18
9382 20
9383 32
9384 24
9385 26
9386 22
9387 16
9388 24
9389 20
9390 24
9391 26
9392 24
9393 32
9394 22
9395 22
9396 38
9397 22
9398 22
9399 18
9400 22
9401 18
9402 32
9403 24
9404 20
9405 36
9406 32
9407 24
9408 30
9409 26
9410 26
9411 22
9412 26
9413 22
9414 26
9415 26
9416 22
9417 16
9418 30
9419 20
9420 20
9421 26
9422 28
9423 26
9424 22
9425 28
9426 24
9427 16
9428 28
9429 18
9430 28
9431 32
9432 36
9433 50
9434 24
9435 24
9436 20
9437 24
9438 18
9439 20
9440 22
9441 16
9442 34
9443 36
9444 20
9445 22
9446 14
9447 22
9448 26
9449 28
9450 26
9451 32
9452 20
9453 16
9454 26
9455 22
9456 16
9457 14
9458 16
9459 22
9460 32
9461 16
9462 16
9463 26
9464 26
9465 20
9466 22
9467 20
9468 20
9469 22
9470 26
9471 26
9472 16
9473 14
9474 40
9475 20
9476 22
9477 26
9478 30
9479 24
9480 32
9481 20
9482 18
9483 26
9484 16
9485 26
9486 14
9487 20
9488 20
9489 24
9490 24
9491 38
9492 14
9493 26
9494 28
9495 18
9496 20
9497 16
9498 30
9499 22
9500 24
9501 22
9502 24
9503 24
9504 14
9505 12
9506 30
9507 22
9508 22
9509 22
9510 18
9511 22
9512 20
9513 24
9514 22
9515 18
9516 18
9517 26
9518 18
9519 26
9520 20
9521 18
9522 24
9523 14
9524 16
9525 20
9526 30
9527 36
9528 22
9529 16
9530 42
9531 22
9532 26
9533 18
9534 18
9535 24
9536 18
9537 28
9538 32
9539 28
9540 28
9541 56
9542 24
9543 26
9544 24
9545 18
9546 22
9547 26
9548 26
9549 22
9550 24
9551 22
9552 18
9553 46
9554 48
9555 26
9556 22
9557 26
9558 30
9559 22
9560 16
9561 26
9562 30
9563 24
9564 18
9565 20
9566 28
9567 22
9568 28
9569 24
9570 22
9571 44
9572 28
9573 22
9574 20
9575 22
9576 26
9577 22
9578 20
9579 42
9580 22
9581 26
9582 34
9583 20
9584 24
9585 32
9586 22
9587 24
9588 16
9589 22
9590 28
9591 24
9592 36
9593 18
9594 26
9595 24
9596 14
9597 26
9598 32
9599 24
9600 26
9601 34
9602 26
9603 20
9604 24
9605 20
9606 28
9607 36
9608 26
9609 22
9610 22
9611 12
9612 24
9613 24
9614 20
9615 24
9616 20
9617 20
9618 26
9619 18
9620 36
9621 22
9622 32
9623 40
9624 44
9625 22
9626 18
9627 24
9628 34
9629 24
9630 26
9631 24
9632 22
9633 28
9634 26
9635 28
9636 28
9637 24
9638 16
9639 20
9640 24
9641 28
9642 16
9643 22
9644 58
9645 24
9646 24
9647 16
9648 18
9649 30
9650 20
9651 18
9652 18
9653 30
9654 20
9655 20
9656 16
9657 28
9658 24
9659 22
9660 26
9661 26
9662 18
9663 20
9664 30
9665 18
9666 18
9667 24
9668 26
9669 20
9670 26
9671 20
9672 22
9673 28
9674 42
9675 32
9676 32
9677 30
9678 24
9679 32
9680 30
9681 30
9682 30
9683 16
9684 26
9685 30
9686 30
9687 18
9688 24
9689 26
9690 22
9691 22
9692 24
9693 28
9694 20
9695 24
9696 28
9697 30
9698 32
9699 26
9700 24
9701 22
9702 22
9703 26
9704 30
9705 26
9706 26
9707 16
9708 38
9709 12
9710 28
9711 22
9712 26
9713 18
9714 26
9715 40
9716 26
9717 20
9718 26
9719 22
9720 22
9721 22
9722 28
9723 22
9724 26
9725 18
9726 36
9727 28
9728 22
9729 26
9730 18
9731 18
9732 22
9733 30
9734 22
9735 20
9736 14
9737 20
9738 22
9739 18
9740 26
9741 20
9742 22
9743 24
9744 30
9745 18
9746 26
9747 22
9748 46
9749 26
9750 16
9751 26
9752 16
9753 26
9754 18
9755 18
9756 30
9757 24
9758 22
9759 26
9760 30
9761 26
9762 22
9763 16
9764 34
9765 26
9766 30
9767 28
9768 20
9769 20
9770 14
9771 20
9772 22
9773 22
9774 30
9775 22
9776 30
9777 20
9778 20
9779 22
9780 28
9781 28
9782 34
9783 30
9784 24
9785 24
9786 24
9787 18
9788 28
9789 24
9790 20
9791 22
9792 16
9793 26
9794 24
9795 30
9796 30
9797 22
9798 30
9799 24
9800 32
9801 26
9802 28
9803 26
9804 20
9805 34
9806 34
9807 20
9808 18
9809 16
9810 42
9811 22
9812 24
9813 24
9814 18
9815 26
9816 20
9817 16
9818 20
9819 26
9820 26
9821 14
9822 20
9823 24
9824 24
9825 16
9826 26
9827 18
9828 34
9829 28
9830 22
9831 22
9832 24
9833 30
9834 28
9835 22
9836 20
9837 26
9838 28
9839 28
9840 18
9841 34
9842 22
9843 24
9844 42
9845 26
9846 20
9847 18
9848 26
9849 22
9850 16
9851 12
9852 24
9853 16
9854 22
9855 20
9856 24
9857 32
9858 22
9859 40
9860 32
9861 16
9862 26
9863 22
9864 18
9865 18
9866 24
9867 18
9868 32
9869 20
9870 24
9871 20
9872 24
9873 26
9874 22
9875 28
9876 22
9877 38
9878 28
9879 30
9880 24
9881 24
9882 24
9883 34
9884 32
9885 22
9886 22
9887 16
9888 22
9889 26
9890 24
9891 36
9892 26
9893 18
9894 14
9895 20
9896 22
9897 22
9898 24
9899 22
9900 14
9901 26
9902 22
9903 28
9904 24
9905 22
9906 24
9907 18
9908 20
9909 28
9910 26
9911 18
9912 22
9913 24
9914 34
9915 26
9916 24
9917 28
9918 24
9919 22
9920 28
9921 26
9922 22
9923 44
9924 22
9925 24
9926 28
9927 24
9928 30
9929 30
9930 18
9931 22
9932 16
9933 20
9934 34
9935 22
9936 28
9937 18
9938 16
9939 24
9940 28
9941 18
9942 22
9943 26
9944 18
9945 34
9946 20
9947 28
9948 34
9949 30
9950 30
9951 22
9952 44
9953 28
9954 28
9955 22
9956 22
9957 24
9958 30
9959 18
9960 28
9961 24
9962 24
9963 24
9964 36
9965 24
9966 32
9967 24
9968 26
9969 22
9970 24
9971 26
9972 30
9973 24
9974 28
9975 16
9976 16
9977 14
9978 32
9979 18
9980 24
9981 18
9982 28
9983 44
9984 24
9985 28
9986 30
9987 24
9988 26
9989 34
9990 20
9991 20
9992 22
9993 16
9994 26
9995 28
9996 26
9997 26
9998 18
9999 22
10000 30
10001 30
10002 20
10003 24
10004 28
10005 28
10006 20
10007 22
10008 18
10009 16
10010 22
10011 24
10012 44
10013 22
10014 26
10015 20
10016 22
10017 20
10018 26
10019 24
10020 18
10021 22
10022 26
10023 26
10024 30
10025 24
10026 16
10027 28
10028 34
10029 24
10030 20
10031 20
10032 32
10033 24
10034 26
10035 40
10036 24
10037 16
10038 18
10039 22
10040 20
10041 16
10042 22
10043 20
10044 18
10045 24
10046 16
10047 26
10048 26
10049 28
10050 20
10051 22
10052 20
10053 30
10054 20
10055 26
10056 20
10057 22
10058 22
10059 30
10060 22
10061 18
10062 20
10063 28
10064 34
10065 22
10066 24
10067 26
10068 28
10069 26
10070 32
10071 28
10072 20
10073 22
10074 28
10075 24
10076 22
10077 26
10078 22
10079 26
10080 16
10081 20
10082 18
10083 20
10084 16
10085 26
10086 24
10087 16
10088 22
10089 22
10090 22
10091 26
10092 28
10093 24
10094 20
10095 30
10096 36
10097 26
10098 24
10099 28
