100 16
101 12
102 12
103 8
104 14
105 12
106 14
107 12
108 20
109 14
110 14
111 14
112 10
113 10
114 8
115 18
116 14
117 10
118 8
119 14
120 14
121 14
122 14
123 16
124 10
125 12
126 14
127 14
128 10
129 14
130 14
131 16
132 14
133 16
134 12
135 14
136 16
137 14
138 18
139 16
140 14
141 12
142 6
143 10
144 14
145 16
146 14
147 12
148 14
149 12
150 16
151 14
152 14
153 12
154 14
155 12
156 14
157 14
158 10
159 14
160 10
161 10
162 16
163 10
164 16
165 16
166 14
167 12
168 14
169 16
170 12
171 16
172 8
173 10
174 14
175 16
176 16
177 14
178 16
179 18
180 12
181 18
182 18
183 10
184 16
185 14
186 10
187 18
188 10
189 16
190 8
191 10
192 12
193 14
194 18
195 12
196 12
197 16
198 14
199 10
200 14
201 10
202 14
203 12
204 12
205 14
206 16
207 14
208 16
209 14
210 20
211 16
212 20
213 16
214 26
215 10
216 18
217 6
218 18
219 12
220 14
221 18
222 16
223 12
224 12
225 10
226 12
227 12
228 10
229 12
230 18
231 14
232 16
233 18
234 12
235 16
236 16
237 14
238 12
239 18
240 14
241 10
242 18
243 12
244 18
245 14
246 12
247 20
248 14
249 24
250 18
251 14
252 12
253 16
254 14
255 20
256 18
257 22
258 14
259 16
260 16
261 22
262 14
263 16
264 18
265 20
266 16
267 14
268 14
269 16
270 10
271 22
272 12
273 18
274 18
275 16
276 18
277 14
278 16
279 20
280 18
281 14
282 12
283 10
284 24
285 18
286 16
287 12
288 36
289 20
290 14
291 16
292 14
293 16
294 16
295 14
296 20
297 18
298 20
299 12
300 22
301 16
302 14
303 16
304 20
305 22
306 30
307 14
308 16
309 16
310 20
311 14
312 12
313 14
314 6
315 26
316 18
317 12
318 16
319 14
320 16
321 14
322 18
323 18
324 16
325 16
326 14
327 16
328 12
329 20
330 16
331 18
332 18
333 26
334 12
335 16
336 14
337 16
338 14
339 14
340 12
341 16
342 14
343 14
344 10
345 22
346 12
347 12
348 22
349 18
350 14
351 32
352 10
353 26
354 18
355 14
356 28
357 18
358 22
359 22
360 14
361 16
362 16
363 16
364 20
365 10
366 16
367 12
368 14
369 14
370 12
371 16
372 8
373 20
374 18
375 16
376 16
377 18
378 14
379 18
380 18
381 18
382 14
383 10
384 14
385 18
386 20
387 18
388 14
389 14
390 12
391 14
392 16
393 10
394 12
395 16
396 18
397 14
398 26
399 34
400 10
401 18
402 12
403 16
404 14
405 16
406 10
407 28
408 10
409 8
410 20
411 16
412 18
413 18
414 16
415 14
416 14
417 16
418 18
419 16
420 18
421 20
422 16
423 12
424 16
425 18
426 14
427 16
428 10
429 18
430 14
431 12
432 10
433 14
434 20
435 16
436 18
437 26
438 20
439 22
440 30
441 14
442 12
443 18
444 12
445 30
446 18
447 18
448 10
449 18
450 12
451 16
452 16
453 24
454 20
455 16
456 14
457 16
458 24
459 10
460 12
461 12
462 18
463 14
464 10
465 16
466 18
467 10
468 28
469 24
470 14
471 18
472 18
473 24
474 16
475 16
476 16
477 12
478 14
479 16
480 10
481 16
482 18
483 14
484 10
485 16
486 24
487 14
488 16
489 20
490 18
491 8
492 16
493 18
494 20
495 18
496 12
497 18
498 22
499 18
500 18
501 14
502 16
503 14
504 22
505 20
506 18
507 18
508 16
509 18
510 14
511 24
512 18
513 18
514 16
515 18
516 20
517 16
518 22
519 10
520 18
521 18
522 14
523 12
524 18
525 10
526 20
527 16
528 16
529 12
530 10
531 12
532 16
533 12
534 24
535 26
536 12
537 18
538 16
539 12
540 18
541 20
542 10
543 30
544 16
545 16
546 16
547 20
548 16
549 20
550 16
551 10
552 18
553 20
554 12
555 18
556 14
557 16
558 22
559 10
560 30
561 16
562 18
563 18
564 16
565 38
566 18
567 16
568 18
569 30
570 18
571 14
572 24
573 16
574 12
575 16
576 18
577 10
578 14
579 20
580 16
581 12
582 12
583 12
584 18
585 16
586 14
587 14
588 16
589 18
590 16
591 20
592 14
593 16
594 20
595 22
596 10
597 24
598 12
599 18
600 20
601 32
602 14
603 16
604 24
605 26
606 14
607 32
608 16
609 16
610 16
611 14
612 28
613 14
614 12
615 16
616 14
617 16
618 24
619 14
620 18
621 18
622 14
623 16
624 18
625 20
626 16
627 16
628 16
629 16
630 20
631 18
632 20
633 20
634 12
635 18
636 20
637 18
638 14
639 16
640 16
641 20
642 20
643 16
644 16
645 14
646 20
647 16
648 16
649 16
650 16
651 22
652 12
653 22
654 24
655 22
656 20
657 16
658 20
659 18
660 28
661 16
662 20
663 16
664 16
665 24
666 6
667 16
668 16
669 14
670 16
671 20
672 18
673 18
674 18
675 20
676 16
677 18
678 14
679 20
680 20
681 20
682 18
683 14
684 20
685 20
686 12
687 16
688 20
689 14
690 12
691 18
692 14
693 14
694 16
695 14
696 20
697 16
698 18
699 20
700 16
701 14
702 16
703 16
704 18
705 18
706 16
707 22
708 20
709 18
710 20
711 18
712 20
713 14
714 20
715 18
716 16
717 16
718 14
719 24
720 20
721 16
722 16
723 10
724 14
725 16
726 24
727 22
728 16
729 18
730 12
731 16
732 20
733 18
734 14
735 16
736 22
737 14
738 12
739 22
740 18
741 18
742 22
743 24
744 12
745 20
746 20
747 14
748 20
749 24
750 16
751 24
752 16
753 18
754 12
755 16
756 22
757 14
758 26
759 14
760 10
761 16
762 18
763 18
764 26
765 10
766 16
767 10
768 20
769 18
770 20
771 18
772 20
773 18
774 14
775 16
776 18
777 16
778 18
779 18
780 22
781 20
782 20
783 14
784 18
785 14
786 18
787 10
788 18
789 14
790 10
791 18
792 14
793 12
794 14
795 24
796 20
797 32
798 18
799 12
800 24
801 20
802 18
803 16
804 20
805 16
806 14
807 14
808 18
809 22
810 20
811 18
812 20
813 14
814 16
815 20
816 8
817 16
818 16
819 16
820 14
821 18
822 16
823 16
824 12
825 18
826 18
827 16
828 16
829 22
830 18
831 26
832 18
833 16
834 16
835 14
836 22
837 18
838 16
839 22
840 24
841 20
842 24
843 14
844 16
845 18
846 16
847 12
848 12
849 18
850 24
851 8
852 18
853 18
854 18
855 16
856 18
857 14
858 22
859 20
860 18
861 16
862 20
863 20
864 26
865 16
866 18
867 16
868 14
869 16
870 14
871 22
872 18
873 14
874 16
875 20
876 18
877 20
878 16
879 14
880 18
881 18
882 16
883 22
884 16
885 18
886 20
887 16
888 20
889 18
890 20
891 16
892 8
893 14
894 14
895 22
896 20
897 20
898 14
899 22
900 18
901 32
902 18
903 20
904 18
905 16
906 16
907 14
908 16
909 12
910 20
911 20
912 18
913 20
914 14
915 16
916 18
917 14
918 18
919 18
920 12
921 14
922 14
923 20
924 16
925 10
926 16
927 14
928 12
929 20
930 36
931 16
932 22
933 20
934 16
935 26
936 12
937 18
938 16
939 16
940 12
941 18
942 20
943 16
944 22
945 24
946 12
947 22
948 14
949 14
950 18
951 12
952 16
953 20
954 12
955 12
956 18
957 18
958 20
959 14
960 18
961 26
962 16
963 24
964 26
965 18
966 32
967 40
968 16
969 18
970 22
971 20
972 16
973 20
974 14
975 20
976 32
977 18
978 12
979 16
980 22
981 32
982 8
983 20
984 20
985 32
986 16
987 16
988 12
989 10
990 24
991 14
992 16
993 14
994 14
995 16
996 16
997 14
998 18
999 22
1000 20
1001 16
1002 18
1003 26
1004 18
1005 16
1006 12
1007 24
1008 16
1009 18
1010 20
1011 18
1012 22
1013 24
1014 16
1015 18
1016 20
1017 16
1018 18
1019 20
1020 28
1021 20
1022 12
1023 20
1024 14
1025 20
1026 16
1027 18
1028 18
1029 30
1030 18
1031 26
1032 14
1033 20
1034 20
1035 20
1036 18
1037 18
1038 16
1039 16
1040 14
1041 18
1042 16
1043 16
1044 20
1045 26
1046 18
1047 14
1048 14
1049 16
1050 22
1051 16
1052 22
1053 14
1054 18
1055 14
1056 14
1057 38
1058 12
1059 16
1060 20
1061 22
1062 16
1063 20
1064 18
1065 12
1066 18
1067 10
1068 20
1069 18
1070 18
1071 32
1072 22
1073 20
1074 22
1075 16
1076 18
1077 14
1078 16
1079 16
1080 14
1081 38
1082 14
1083 16
1084 12
1085 24
1086 14
1087 14
1088 22
1089 16
1090 22
1091 20
1092 30
1093 16
1094 22
1095 20
1096 22
1097 18
1098 26
1099 16
1100 32
1101 14
1102 30
1103 20
1104 18
1105 18
1106 22
1107 28
1108 22
1109 22
1110 18
1111 22
1112 18
1113 16
1114 14
1115 12
1116 14
1117 14
1118 22
1119 18
1120 10
1121 18
1122 22
1123 20
1124 20
1125 20
1126 14
1127 16
1128 24
1129 18
1130 18
1131 14
1132 18
1133 24
1134 12
1135 10
1136 20
1137 20
1138 20
1139 14
1140 14
1141 12
1142 20
1143 16
1144 16
1145 26
1146 12
1147 18
1148 30
1149 16
1150 12
1151 20
1152 16
1153 16
1154 14
1155 16
1156 16
1157 18
1158 18
1159 22
1160 22
1161 18
1162 20
1163 14
1164 22
1165 18
1166 14
1167 14
1168 18
1169 16
1170 14
1171 18
1172 18
1173 20
1174 12
1175 20
1176 14
1177 16
1178 14
1179 28
1180 22
1181 20
1182 16
1183 20
1184 30
1185 18
1186 12
1187 16
1188 18
1189 18
1190 22
1191 14
1192 30
1193 12
1194 18
1195 16
1196 12
1197 14
1198 22
1199 20
1200 24
1201 12
1202 18
1203 20
1204 20
1205 8
1206 22
1207 32
1208 16
1209 14
1210 30
1211 14
1212 22
1213 24
1214 10
1215 16
1216 28
1217 20
1218 18
1219 20
1220 14
1221 22
1222 14
1223 26
1224 20
1225 24
1226 22
1227 14
1228 20
1229 16
1230 14
1231 16
1232 14
1233 16
1234 22
1235 12
1236 18
1237 16
1238 16
1239 18
1240 18
1241 24
1242 16
1243 22
1244 18
1245 14
1246 14
1247 18
1248 18
1249 30
1250 18
1251 20
1252 30
1253 20
1254 18
1255 20
1256 18
1257 18
1258 20
1259 20
1260 20
1261 16
1262 24
1263 14
1264 14
1265 16
1266 22
1267 16
1268 22
1269 20
1270 28
1271 22
1272 18
1273 26
1274 42
1275 16
1276 6
1277 12
1278 26
1279 12
1280 20
1281 18
1282 16
1283 16
1284 12
1285 18
1286 20
1287 16
1288 12
1289 16
1290 18
1291 18
1292 20
1293 20
1294 22
1295 28
1296 18
1297 14
1298 12
1299 16
1300 26
1301 18
1302 18
1303 18
1304 22
1305 26
1306 24
1307 36
1308 20
1309 16
1310 14
1311 22
1312 14
1313 16
1314 18
1315 22
1316 16
1317 16
1318 20
1319 18
1320 22
1321 20
1322 16
1323 18
1324 16
1325 14
1326 14
1327 20
1328 16
1329 24
1330 16
1331 14
1332 20
1333 12
1334 16
1335 16
1336 16
1337 18
1338 14
1339 18
1340 14
1341 18
1342 22
1343 20
1344 20
1345 18
1346 16
1347 20
1348 20
1349 16
1350 24
1351 12
1352 20
1353 10
1354 20
1355 24
1356 18
1357 22
1358 12
1359 20
1360 14
1361 12
1362 12
1363 14
1364 16
1365 20
1366 16
1367 12
1368 16
1369 12
1370 16
1371 14
1372 14
1373 36
1374 16
1375 16
1376 16
1377 16
1378 20
1379 20
1380 16
1381 20
1382 20
1383 16
1384 18
1385 28
1386 20
1387 28
1388 18
1389 32
1390 20
1391 18
1392 14
1393 16
1394 18
1395 22
1396 18
1397 20
1398 20
1399 20
1400 14
1401 18
1402 22
1403 16
1404 18
1405 22
1406 28
1407 24
1408 22
1409 24
1410 22
1411 20
1412 14
1413 18
1414 18
1415 12
1416 18
1417 18
1418 14
1419 18
1420 14
1421 50
1422 18
1423 26
1424 20
1425 20
1426 12
1427 14
1428 20
1429 18
1430 18
1431 16
1432 18
1433 16
1434 18
1435 18
1436 22
1437 24
1438 20
1439 16
1440 16
1441 18
1442 14
1443 12
1444 20
1445 20
1446 14
1447 20
1448 16
1449 24
1450 16
1451 34
1452 18
1453 22
1454 18
1455 32
1456 20
1457 20
1458 26
1459 26
1460 20
1461 24
1462 18
1463 26
1464 18
1465 20
1466 20
1467 10
1468 10
1469 18
1470 16
1471 14
1472 16
1473 10
1474 20
1475 20
1476 24
1477 24
1478 16
1479 18
1480 18
1481 24
1482 20
1483 28
1484 22
1485 14
1486 22
1487 16
1488 16
1489 20
1490 16
1491 22
1492 14
1493 36
1494 14
1495 46
1496 18
1497 36
1498 16
1499 20
1500 18
1501 14
1502 30
1503 16
1504 34
1505 18
1506 18
1507 18
1508 20
1509 22
1510 12
1511 18
1512 16
1513 22
1514 18
1515 24
1516 22
1517 18
1518 22
1519 36
1520 16
1521 20
1522 18
1523 18
1524 20
1525 18
1526 16
1527 20
1528 18
1529 16
1530 16
1531 20
1532 14
1533 14
1534 16
1535 20
1536 20
1537 16
1538 16
1539 32
1540 18
1541 18
1542 18
1543 22
1544 14
1545 20
1546 24
1547 12
1548 22
1549 14
1550 16
1551 16
1552 20
1553 16
1554 18
1555 16
1556 20
1557 36
1558 18
1559 18
1560 14
1561 12
1562 20
1563 24
1564 12
1565 28
1566 20
1567 16
1568 24
1569 18
1570 16
1571 20
1572 16
1573 22
1574 16
1575 16
1576 18
1577 14
1578 16
1579 16
1580 22
1581 16
1582 30
1583 22
1584 16
1585 18
1586 18
1587 22
1588 26
1589 20
1590 14
1591 20
1592 18
1593 18
1594 16
1595 24
1596 24
1597 20
1598 22
1599 26
1600 22
1601 24
1602 20
1603 24
1604 24
1605 20
1606 14
1607 22
1608 20
1609 22
1610 20
1611 22
1612 20
1613 18
1614 14
1615 24
1616 26
1617 16
1618 26
1619 18
1620 18
1621 20
1622 36
1623 16
1624 14
1625 16
1626 26
1627 20
1628 20
1629 20
1630 20
1631 18
1632 38
1633 18
1634 18
1635 18
1636 22
1637 18
1638 16
1639 14
1640 24
1641 20
1642 14
1643 20
1644 18
1645 20
1646 40
1647 16
1648 22
1649 16
1650 14
1651 16
1652 18
1653 26
1654 18
1655 18
1656 22
1657 16
1658 24
1659 32
1660 16
1661 16
1662 14
1663 16
1664 26
1665 28
1666 14
1667 20
1668 16
1669 18
1670 12
1671 18
1672 18
1673 16
1674 18
1675 16
1676 18
1677 18
1678 14
1679 16
1680 20
1681 14
1682 16
1683 22
1684 16
1685 20
1686 18
1687 26
1688 20
1689 20
1690 16
1691 14
1692 20
1693 18
1694 22
1695 22
1696 28
1697 30
1698 20
1699 16
1700 16
1701 16
1702 14
1703 20
1704 20
1705 12
1706 16
1707 34
1708 14
1709 14
1710 18
1711 20
1712 20
1713 18
1714 58
1715 22
1716 20
1717 18
1718 16
1719 18
1720 18
1721 26
1722 18
1723 32
1724 18
1725 18
1726 16
1727 16
1728 12
1729 32
1730 30
1731 14
1732 10
1733 22
1734 16
1735 22
1736 18
1737 28
1738 16
1739 22
1740 16
1741 12
1742 22
1743 20
1744 18
1745 14
1746 16
1747 22
1748 14
1749 12
1750 26
1751 20
1752 20
1753 22
1754 16
1755 16
1756 28
1757 20
1758 20
1759 22
1760 24
1761 26
1762 22
1763 22
1764 18
1765 14
1766 20
1767 20
1768 20
1769 22
1770 20
1771 16
1772 22
1773 14
1774 12
1775 20
1776 20
1777 22
1778 16
1779 16
1780 20
1781 24
1782 36
1783 16
1784 20
1785 24
1786 22
1787 14
1788 22
1789 14
1790 16
1791 20
1792 18
1793 22
1794 18
1795 32
1796 22
1797 12
1798 20
1799 14
1800 24
1801 16
1802 20
1803 14
1804 16
1805 24
1806 14
1807 28
1808 16
1809 14
1810 16
1811 20
1812 12
1813 12
1814 22
1815 28
1816 16
1817 18
1818 12
1819 16
1820 12
1821 20
1822 20
1823 34
1824 24
1825 18
1826 22
1827 22
1828 18
1829 20
1830 34
1831 18
1832 22
1833 16
1834 24
1835 36
1836 18
1837 24
1838 28
1839 20
1840 20
1841 28
1842 22
1843 14
1844 28
1845 22
1846 20
1847 22
1848 16
1849 14
1850 20
1851 20
1852 12
1853 24
1854 24
1855 22
1856 20
1857 12
1858 18
1859 16
1860 32
1861 16
1862 22
1863 20
1864 18
1865 16
1866 14
1867 18
1868 12
1869 30
1870 22
1871 18
1872 20
1873 30
1874 20
1875 22
1876 22
1877 14
1878 18
1879 12
1880 14
1881 24
1882 16
1883 16
1884 18
1885 20
1886 22
1887 14
1888 20
1889 20
1890 20
1891 20
1892 16
1893 14
1894 16
1895 18
1896 20
1897 22
1898 18
1899 22
1900 24
1901 12
1902 32
1903 24
1904 18
1905 22
1906 20
1907 20
1908 14
1909 28
1910 28
1911 22
1912 18
1913 18
1914 12
1915 18
1916 22
1917 16
1918 16
1919 20
1920 16
1921 16
1922 16
1923 18
1924 18
1925 24
1926 16
1927 20
1928 22
1929 24
1930 20
1931 18
1932 16
1933 24
1934 16
1935 30
1936 16
1937 26
1938 20
1939 18
1940 18
1941 16
1942 16
1943 20
1944 20
1945 28
1946 20
1947 20
1948 18
1949 16
1950 22
1951 12
1952 22
1953 12
1954 14
1955 10
1956 14
1957 46
1958 20
1959 16
1960 22
1961 16
1962 30
1963 14
1964 12
1965 16
1966 12
1967 30
1968 18
1969 18
1970 32
1971 22
1972 24
1973 26
1974 20
1975 24
1976 18
1977 20
1978 16
1979 14
1980 14
1981 18
1982 40
1983 16
1984 16
1985 12
1986 12
1987 22
1988 28
1989 24
1990 30
1991 18
1992 18
1993 22
1994 18
1995 20
1996 26
1997 30
1998 18
1999 16
2000 26
2001 22
2002 18
2003 22
2004 24
2005 18
2006 20
2007 18
2008 14
2009 20
2010 16
2011 20
2012 20
2013 24
2014 18
2015 26
2016 18
2017 16
2018 26
2019 8
2020 18
2021 18
2022 16
2023 18
2024 22
2025 22
2026 16
2027 20
2028 14
2029 10
2030 18
2031 24
2032 18
2033 12
2034 18
2035 20
2036 18
2037 48
2038 28
2039 18
2040 18
2041 24
2042 14
2043 12
2044 16
2045 16
2046 24
2047 24
2048 26
2049 28
2050 20
2051 18
2052 16
2053 24
2054 18
2055 26
2056 22
2057 24
2058 18
2059 16
2060 14
2061 22
2062 18
2063 20
2064 26
2065 16
2066 20
2067 14
2068 58
2069 22
2070 22
2071 18
2072 12
2073 22
2074 14
2075 16
2076 20
2077 24
2078 16
2079 12
2080 20
2081 28
2082 20
2083 22
2084 22
2085 24
2086 18
2087 24
2088 18
2089 24
2090 12
2091 22
2092 16
2093 16
2094 10
2095 14
2096 20
2097 24
2098 22
2099 16
2100 22
2101 26
2102 20
2103 18
2104 16
2105 22
2106 24
2107 18
2108 36
2109 14
2110 22
2111 16
2112 44
2113 38
2114 20
2115 24
2116 18
2117 20
2118 22
2119 24
2120 18
2121 22
2122 18
2123 22
2124 20
2125 30
2126 18
2127 20
2128 32
2129 42
2130 18
2131 16
2132 34
2133 16
2134 28
2135 16
2136 20
2137 22
2138 26
2139 22
2140 18
2141 26
2142 18
2143 20
2144 20
2145 16
2146 18
2147 20
2148 20
2149 14
2150 10
2151 32
2152 28
2153 20
2154 18
2155 16
2156 20
2157 18
2158 20
2159 30
2160 20
2161 20
2162 14
2163 16
2164 20
2165 22
2166 28
2167 34
2168 16
2169 22
2170 16
2171 22
2172 18
2173 22
2174 12
2175 16
2176 14
2177 16
2178 36
2179 24
2180 26
2181 16
2182 16
2183 24
2184 20
2185 20
2186 20
2187 22
2188 24
2189 10
2190 26
2191 20
2192 20
2193 20
2194 40
2195 38
2196 20
2197 22
2198 18
2199 24
2200 18
2201 24
2202 22
2203 22
2204 20
2205 22
2206 16
2207 18
2208 22
2209 18
2210 26
2211 18
2212 20
2213 22
2214 14
2215 14
2216 22
2217 22
2218 26
2219 20
2220 22
2221 18
2222 22
2223 22
2224 36
2225 18
2226 18
2227 18
2228 16
2229 20
2230 24
2231 26
2232 16
2233 16
2234 22
2235 10
2236 22
2237 20
2238 18
2239 16
2240 16
2241 22
2242 14
2243 16
2244 24
2245 16
2246 22
2247 22
2248 16
2249 36
2250 22
2251 16
2252 16
2253 22
2254 20
2255 20
2256 18
2257 20
2258 24
2259 18
2260 14
2261 18
2262 26
2263 12
2264 26
2265 16
2266 24
2267 20
2268 18
2269 20
2270 20
2271 18
2272 18
2273 30
2274 18
2275 18
2276 24
2277 68
2278 24
2279 14
2280 28
2281 22
2282 12
2283 20
2284 20
2285 18
2286 22
2287 16
2288 20
2289 26
2290 24
2291 30
2292 14
2293 20
2294 40
2295 22
2296 20
2297 20
2298 18
2299 22
2300 22
2301 24
2302 26
2303 26
2304 22
2305 12
2306 22
2307 14
2308 22
2309 24
2310 28
2311 20
2312 22
2313 14
2314 20
2315 24
2316 16
2317 20
2318 18
2319 34
2320 20
2321 18
2322 24
2323 22
2324 12
2325 16
2326 32
2327 20
2328 34
2329 36
2330 10
2331 18
2332 24
2333 18
2334 12
2335 16
2336 16
2337 18
2338 16
2339 20
2340 10
2341 18
2342 26
2343 26
2344 14
2345 18
2346 18
2347 16
2348 14
2349 20
2350 22
2351 14
2352 18
2353 34
2354 18
2355 22
2356 14
2357 14
2358 24
2359 20
2360 18
2361 16
2362 20
2363 18
2364 20
2365 16
2366 18
2367 28
2368 20
2369 24
2370 16
2371 28
2372 18
2373 18
2374 20
2375 16
2376 20
2377 18
2378 12
2379 24
2380 14
2381 18
2382 18
2383 12
2384 20
2385 20
2386 24
2387 20
2388 18
2389 26
2390 24
2391 22
2392 50
2393 22
2394 18
2395 18
2396 22
2397 16
2398 16
2399 20
2400 20
2401 24
2402 12
2403 20
2404 26
2405 14
2406 12
2407 20
2408 16
2409 18
2410 38
2411 18
2412 34
2413 18
2414 24
2415 24
2416 22
2417 24
2418 24
2419 20
2420 20
2421 20
2422 16
2423 24
2424 20
2425 46
2426 28
2427 22
2428 32
2429 22
2430 26
2431 34
2432 30
2433 18
2434 22
2435 22
2436 16
2437 20
2438 22
2439 16
2440 16
2441 22
2442 18
2443 22
2444 20
2445 18
2446 32
2447 20
2448 36
2449 22
2450 20
2451 22
2452 22
2453 22
2454 20
2455 16
2456 16
2457 24
2458 14
2459 24
2460 22
2461 18
2462 20
2463 14
2464 20
2465 20
2466 12
2467 20
2468 18
2469 24
2470 18
2471 24
2472 22
2473 16
2474 22
2475 20
2476 18
2477 22
2478 20
2479 14
2480 22
2481 30
2482 28
2483 18
2484 24
2485 18
2486 18
2487 26
2488 16
2489 20
2490 22
2491 18
2492 18
2493 14
2494 18
2495 20
2496 18
2497 16
2498 20
2499 16
2500 22
2501 22
2502 14
2503 20
2504 20
2505 22
2506 18
2507 18
2508 18
2509 14
2510 18
2511 12
2512 16
2513 22
2514 20
2515 12
2516 24
2517 20
2518 28
2519 28
2520 26
2521 32
2522 16
2523 16
2524 20
2525 22
2526 22
2527 12
2528 28
2529 16
2530 20
2531 16
2532 32
2533 20
2534 16
2535 20
2536 22
2537 16
2538 12
2539 18
2540 16
2541 16
2542 28
2543 18
2544 22
2545 18
2546 20
2547 18
2548 22
2549 16
2550 22
2551 20
2552 20
2553 24
2554 12
2555 22
2556 20
2557 24
2558 24
2559 22
2560 20
2561 16
2562 28
2563 26
2564 16
2565 20
2566 22
2567 30
2568 32
2569 18
2570 28
2571 30
2572 16
2573 16
2574 8
2575 22
2576 24
2577 18
2578 24
2579 26
2580 18
2581 18
2582 24
2583 20
2584 20
2585 20
2586 18
2587 18
2588 30
2589 22
2590 22
2591 22
2592 18
2593 16
2594 22
2595 22
2596 20
2597 16
2598 20
2599 16
2600 22
2601 20
2602 22
2603 18
2604 12
2605 24
2606 18
2607 20
2608 30
2609 16
2610 20
2611 16
2612 22
2613 26
2614 18
2615 20
2616 18
2617 10
2618 14
2619 14
2620 20
2621 22
2622 10
2623 26
2624 20
2625 16
2626 28
2627 24
2628 12
2629 20
2630 14
2631 40
2632 14
2633 26
2634 24
2635 22
2636 16
2637 14
2638 16
2639 16
2640 20
2641 24
2642 16
2643 26
2644 18
2645 14
2646 32
2647 20
2648 20
2649 24
2650 16
2651 22
2652 24
2653 30
2654 12
2655 18
2656 16
2657 20
2658 28
2659 18
2660 22
2661 18
2662 34
2663 22
2664 30
2665 28
2666 30
2667 32
2668 20
2669 22
2670 20
2671 36
2672 24
2673 30
2674 18
2675 18
2676 22
2677 22
2678 22
2679 16
2680 18
2681 20
2682 14
2683 20
2684 20
2685 14
2686 20
2687 24
2688 20
2689 18
2690 14
2691 22
2692 24
2693 34
2694 8
2695 28
2696 18
2697 18
2698 30
2699 16
2700 14
2701 38
2702 22
2703 14
2704 18
2705 14
2706 18
2707 18
2708 20
2709 26
2710 22
2711 20
2712 24
2713 16
2714 20
2715 32
2716 18
2717 20
2718 12
2719 16
2720 26
2721 16
2722 14
2723 16
2724 12
2725 18
2726 18
2727 20
2728 20
2729 22
2730 24
2731 20
2732 18
2733 22
2734 14
2735 16
2736 12
2737 16
2738 18
2739 26
2740 22
2741 16
2742 26
2743 24
2744 38
2745 14
2746 10
2747 22
2748 20
2749 24
2750 32
2751 20
2752 24
2753 20
2754 20
2755 18
2756 16
2757 12
2758 18
2759 14
2760 18
2761 20
2762 26
2763 16
2764 22
2765 16
2766 18
2767 24
2768 14
2769 14
2770 18
2771 18
2772 10
2773 20
2774 14
2775 28
2776 20
2777 14
2778 16
2779 14
2780 18
2781 20
2782 18
2783 16
2784 24
2785 12
2786 18
2787 16
2788 16
2789 34
2790 22
2791 22
2792 20
2793 16
2794 20
2795 24
2796 22
2797 22
2798 20
2799 24
2800 26
2801 28
2802 12
2803 22
2804 18
2805 18
2806 22
2807 22
2808 14
2809 22
2810 12
2811 30
2812 34
2813 18
2814 18
2815 24
2816 24
2817 16
2818 26
2819 20
2820 26
2821 22
2822 32
2823 24
2824 50
2825 18
2826 18
2827 28
2828 20
2829 22
2830 42
2831 24
2832 14
2833 20
2834 26
2835 14
2836 24
2837 18
2838 22
2839 18
2840 20
2841 18
2842 22
2843 26
2844 20
2845 18
2846 24
2847 18
2848 32
2849 20
2850 18
2851 24
2852 20
2853 12
2854 20
2855 18
2856 20
2857 24
2858 22
2859 14
2860 30
2861 18
2862 22
2863 22
2864 12
2865 20
2866 22
2867 18
2868 12
2869 24
2870 20
2871 18
2872 26
2873 22
2874 24
2875 16
2876 20
2877 20
2878 26
2879 16
2880 26
2881 32
2882 18
2883 20
2884 30
2885 22
2886 16
2887 14
2888 28
2889 38
2890 22
2891 22
2892 22
2893 38
2894 18
2895 24
2896 34
2897 26
2898 32
2899 14
2900 14
2901 34
2902 20
2903 16
2904 20
2905 40
2906 20
2907 20
2908 16
2909 36
2910 22
2911 16
2912 18
2913 16
2914 38
2915 16
2916 24
2917 18
2918 24
2919 12
2920 18
2921 26
2922 16
2923 26
2924 20
2925 34
2926 18
2927 20
2928 14
2929 20
2930 24
2931 22
2932 18
2933 18
2934 18
2935 22
2936 16
2937 16
2938 24
2939 12
2940 26
2941 16
2942 18
2943 16
2944 16
2945 16
2946 28
2947 20
2948 16
2949 20
2950 16
2951 16
2952 14
2953 20
2954 10
2955 18
2956 26
2957 18
2958 24
2959 26
2960 20
2961 28
2962 20
2963 24
2964 18
2965 24
2966 12
2967 32
2968 24
2969 26
2970 18
2971 22
2972 22
2973 12
2974 22
2975 24
2976 22
2977 22
2978 20
2979 18
2980 22
2981 18
2982 26
2983 22
2984 22
2985 18
2986 24
2987 22
2988 20
2989 18
2990 24
2991 30
2992 20
2993 20
2994 20
2995 34
2996 26
2997 20
2998 28
2999 20
3000 22
3001 24
3002 14
3003 20
3004 20
3005 20
3006 18
3007 18
3008 30
3009 10
3010 22
3011 22
3012 20
3013 26
3014 22
3015 18
3016 20
3017 18
3018 16
3019 18
3020 28
3021 20
3022 18
3023 20
3024 16
3025 28
3026 20
3027 18
3028 20
3029 36
3030 22
3031 24
3032 26
3033 20
3034 20
3035 18
3036 20
3037 22
3038 28
3039 24
3040 22
3041 22
3042 20
3043 20
3044 18
3045 16
3046 16
3047 28
3048 26
3049 30
3050 22
3051 18
3052 20
3053 22
3054 22
3055 24
3056 26
3057 24
3058 24
3059 22
3060 34
3061 20
3062 32
3063 22
3064 20
3065 16
3066 24
3067 18
3068 20
3069 18
3070 20
3071 24
3072 22
3073 16
3074 26
3075 16
3076 22
3077 14
3078 36
3079 26
3080 36
3081 22
3082 16
3083 20
3084 22
3085 18
3086 18
3087 32
3088 18
3089 18
3090 14
3091 16
3092 22
3093 62
3094 16
3095 18
3096 14
3097 20
3098 16
3099 26
3100 20
3101 38
3102 22
3103 20
3104 16
3105 18
3106 22
3107 30
3108 20
3109 20
3110 18
3111 16
3112 20
3113 20
3114 22
3115 18
3116 18
3117 24
3118 20
3119 26
3120 26
3121 24
3122 16
3123 34
3124 18
3125 22
3126 24
3127 20
3128 20
3129 24
3130 20
3131 22
3132 16
3133 22
3134 22
3135 20
3136 24
3137 22
3138 16
3139 22
3140 18
3141 22
3142 20
3143 18
3144 22
3145 34
3146 26
3147 24
3148 14
3149 18
3150 12
3151 26
3152 58
3153 22
3154 22
3155 12
3156 18
3157 24
3158 22
3159 26
3160 14
3161 16
3162 24
3163 26
3164 26
3165 20
3166 18
3167 16
3168 20
3169 22
3170 14
3171 20
3172 24
3173 18
3174 38
3175 30
3176 24
3177 28
3178 20
3179 18
3180 18
3181 16
3182 20
3183 22
3184 32
3185 24
3186 36
3187 16
3188 28
3189 24
3190 22
3191 20
3192 18
3193 18
3194 22
3195 16
3196 16
3197 22
3198 24
3199 30
3200 20
3201 22
3202 24
3203 10
3204 14
3205 32
3206 18
3207 26
3208 20
3209 18
3210 24
3211 14
3212 22
3213 24
3214 22
3215 18
3216 14
3217 24
3218 16
3219 18
3220 16
3221 22
3222 26
3223 14
3224 24
3225 24
3226 22
3227 22
3228 18
3229 24
3230 20
3231 10
3232 20
3233 10
3234 24
3235 14
3236 16
3237 18
3238 20
3239 16
3240 20
3241 16
3242 22
3243 24
3244 20
3245 20
3246 20
3247 24
3248 14
3249 14
3250 18
3251 20
3252 18
3253 22
3254 20
3255 20
3256 22
3257 16
3258 18
3259 18
3260 22
3261 38
3262 18
3263 38
3264 26
3265 16
3266 12
3267 16
3268 22
3269 20
3270 20
3271 14
3272 18
3273 18
3274 20
3275 24
3276 18
3277 20
3278 28
3279 14
3280 20
3281 22
3282 24
3283 20
3284 22
3285 18
3286 20
3287 24
3288 20
3289 14
3290 16
3291 14
3292 24
3293 24
3294 18
3295 18
3296 24
3297 20
3298 22
3299 20
3300 14
3301 20
3302 22
3303 18
3304 12
3305 18
3306 22
3307 20
3308 18
3309 12
3310 24
3311 16
3312 20
3313 28
3314 40
3315 24
3316 16
3317 20
3318 18
3319 26
3320 22
3321 22
3322 20
3323 20
3324 32
3325 18
3326 30
3327 24
3328 20
3329 20
3330 22
3331 16
3332 20
3333 14
3334 20
3335 28
3336 14
3337 24
3338 22
3339 22
3340 14
3341 20
3342 20
3343 22
3344 20
3345 20
3346 22
3347 42
3348 34
3349 32
3350 22
3351 16
3352 22
3353 18
3354 20
3355 32
3356 24
3357 26
3358 20
3359 24
3360 42
3361 22
3362 18
3363 24
3364 14
3365 32
3366 48
3367 20
3368 20
3369 12
3370 18
3371 12
3372 20
3373 28
3374 18
3375 22
3376 24
3377 14
3378 22
3379 14
3380 22
3381 30
3382 20
3383 16
3384 24
3385 20
3386 24
3387 8
3388 24
3389 16
3390 28
3391 20
3392 26
3393 20
3394 24
3395 24
3396 26
3397 22
3398 22
3399 20
3400 20
3401 16
3402 20
3403 24
3404 16
3405 16
3406 16
3407 14
3408 24
3409 16
3410 14
3411 24
3412 22
3413 22
3414 20
3415 26
3416 18
3417 20
3418 26
3419 22
3420 22
3421 30
3422 18
3423 18
3424 24
3425 18
3426 20
3427 12
3428 18
3429 28
3430 24
3431 28
3432 18
3433 32
3434 18
3435 18
3436 18
3437 24
3438 20
3439 14
3440 16
3441 20
3442 24
3443 20
3444 16
3445 20
3446 22
3447 18
3448 18
3449 12
3450 24
3451 18
3452 20
3453 24
3454 24
3455 18
3456 16
3457 14
3458 10
3459 24
3460 20
3461 20
3462 18
3463 20
3464 26
3465 30
3466 24
3467 18
3468 24
3469 22
3470 28
3471 22
3472 22
3473 22
3474 30
3475 16
3476 18
3477 20
3478 12
3479 24
3480 20
3481 24
3482 26
3483 20
3484 18
3485 16
3486 28
3487 28
3488 12
3489 20
3490 16
3491 28
3492 16
3493 24
3494 20
3495 26
3496 22
3497 18
3498 20
3499 18
3500 24
3501 22
3502 26
3503 22
3504 18
3505 24
3506 18
3507 26
3508 20
3509 18
3510 26
3511 22
3512 22
3513 22
3514 28
3515 26
3516 14
3517 20
3518 22
3519 28
3520 30
3521 14
3522 22
3523 16
3524 14
3525 22
3526 24
3527 14
3528 14
3529 24
3530 20
3531 22
3532 24
3533 24
3534 22
3535 20
3536 24
3537 22
3538 22
3539 32
3540 20
3541 22
3542 22
3543 22
3544 24
3545 22
3546 26
3547 18
3548 18
3549 22
3550 14
3551 22
3552 22
3553 20
3554 22
3555 26
3556 20
3557 24
3558 18
3559 14
3560 34
3561 20
3562 24
3563 22
3564 18
3565 18
3566 12
3567 12
3568 22
3569 22
3570 34
3571 32
3572 20
3573 14
3574 26
3575 18
3576 26
3577 20
3578 18
3579 14
3580 18
3581 22
3582 34
3583 20
3584 32
3585 16
3586 16
3587 16
3588 24
3589 16
3590 22
3591 30
3592 30
3593 18
3594 18
3595 22
3596 20
3597 28
3598 22
3599 20
3600 22
3601 16
3602 22
3603 12
3604 20
3605 24
3606 20
3607 20
3608 24
3609 28
3610 20
3611 18
3612 24
3613 16
3614 46
3615 16
3616 22
3617 34
3618 28
3619 20
3620 20
3621 12
3622 24
3623 28
3624 26
3625 38
3626 22
3627 24
3628 24
3629 20
3630 18
3631 16
3632 14
3633 14
3634 20
3635 22
3636 16
3637 42
3638 22
3639 44
3640 14
3641 12
3642 32
3643 24
3644 22
3645 18
3646 10
3647 44
3648 16
3649 30
3650 18
3651 22
3652 22
3653 18
3654 18
3655 20
3656 24
3657 36
3658 20
3659 30
3660 30
3661 26
3662 22
3663 28
3664 18
3665 28
3666 20
3667 22
3668 40
3669 26
3670 22
3671 18
3672 22
3673 26
3674 28
3675 24
3676 16
3677 24
3678 24
3679 20
3680 14
3681 22
3682 18
3683 18
3684 24
3685 26
3686 18
3687 34
3688 22
3689 14
3690 22
3691 16
3692 16
3693 24
3694 36
3695 16
3696 14
3697 28
3698 24
3699 22
3700 18
3701 24
3702 28
3703 14
3704 22
3705 42
3706 14
3707 16
3708 20
3709 18
3710 24
3711 22
3712 18
3713 16
3714 26
3715 26
3716 16
3717 28
3718 12
3719 18
3720 24
3721 22
3722 26
3723 24
3724 14
3725 18
3726 30
3727 22
3728 16
3729 26
3730 20
3731 24
3732 28
3733 22
3734 16
3735 24
3736 20
3737 22
3738 22
3739 12
3740 24
3741 18
3742 20
3743 22
3744 20
3745 18
3746 20
3747 20
3748 20
3749 20
3750 24
3751 16
3752 20
3753 16
3754 18
3755 20
3756 18
3757 16
3758 22
3759 22
3760 26
3761 22
3762 18
3763 14
3764 22
3765 14
3766 18
3767 20
3768 14
3769 22
3770 18
3771 18
3772 20
3773 24
3774 16
3775 18
3776 24
3777 14
3778 16
3779 22
3780 18
3781 22
3782 24
3783 20
3784 18
3785 16
3786 14
3787 18
3788 30
3789 22
3790 16
3791 22
3792 14
3793 20
3794 18
3795 18
3796 18
3797 20
3798 24
3799 26
3800 30
3801 24
3802 16
3803 22
3804 30
3805 32
3806 24
3807 32
3808 36
3809 18
3810 16
3811 24
3812 22
3813 28
3814 28
3815 30
3816 24
3817 22
3818 24
3819 18
3820 24
3821 22
3822 26
3823 20
3824 24
3825 20
3826 16
3827 54
3828 22
3829 26
3830 20
3831 24
3832 32
3833 24
3834 24
3835 26
3836 28
3837 18
3838 20
3839 26
3840 12
3841 16
3842 20
3843 28
3844 22
3845 36
3846 50
3847 26
3848 20
3849 28
3850 12
3851 16
3852 14
3853 20
3854 16
3855 10
3856 20
3857 16
3858 18
3859 24
3860 24
3861 22
3862 32
3863 12
3864 16
3865 20
3866 22
3867 22
3868 12
3869 14
3870 24
3871 22
3872 16
3873 22
3874 22
3875 24
3876 18
3877 20
3878 26
3879 38
3880 20
3881 30
3882 16
3883 16
3884 12
3885 24
3886 22
3887 16
3888 18
3889 18
3890 40
3891 18
3892 40
3893 18
3894 16
3895 22
3896 24
3897 18
3898 12
3899 22
3900 38
3901 22
3902 20
3903 18
3904 20
3905 20
3906 22
3907 20
3908 20
3909 28
3910 18
3911 22
3912 20
3913 18
3914 12
3915 20
3916 20
3917 22
3918 20
3919 14
3920 30
3921 26
3922 22
3923 20
3924 12
3925 14
3926 20
3927 14
3928 28
3929 28
3930 20
3931 24
3932 24
3933 20
3934 38
3935 20
3936 26
3937 16
3938 16
3939 22
3940 20
3941 18
3942 22
3943 10
3944 18
3945 20
3946 24
3947 44
3948 20
3949 20
3950 14
3951 28
3952 20
3953 26
3954 22
3955 30
3956 28
3957 20
3958 16
3959 12
3960 30
3961 18
3962 30
3963 20
3964 32
3965 24
3966 22
3967 26
3968 16
3969 20
3970 24
3971 26
3972 20
3973 16
3974 24
3975 18
3976 22
3977 24
3978 50
3979 20
3980 22
3981 22
3982 20
3983 16
3984 60
3985 24
3986 18
3987 24
3988 24
3989 38
3990 12
3991 20
3992 22
3993 40
3994 22
3995 20
3996 10
3997 20
3998 16
3999 24
4000 12
4001 24
4002 10
4003 26
4004 24
4005 42
4006 18
4007 26
4008 24
4009 28
4010 16
4011 26
4012 20
4013 22
4014 14
4015 16
4016 30
4017 20
4018 40
4019 18
4020 20
4021 26
4022 24
4023 20
4024 16
4025 12
4026 18
4027 44
4028 24
4029 24
4030 22
4031 20
4032 20
4033 20
4034 18
4035 16
4036 26
4037 22
4038 14
4039 20
4040 20
4041 36
4042 26
4043 16
4044 16
4045 22
4046 14
4047 30
4048 18
4049 22
4050 24
4051 22
4052 14
4053 12
4054 22
4055 20
4056 26
4057 20
4058 24
4059 18
4060 20
4061 16
4062 14
4063 30
4064 26
4065 16
4066 16
4067 22
4068 24
4069 20
4070 22
4071 20
4072 24
4073 22
4074 18
4075 40
4076 22
4077 36
4078 34
4079 16
4080 18
4081 22
4082 16
4083 14
4084 22
4085 20
4086 18
4087 28
4088 14
4089 30
4090 30
4091 42
4092 22
4093 22
4094 22
4095 28
4096 28
4097 24
4098 20
4099 16
4100 20
4101 28
4102 30
4103 16
4104 22
4105 24
4106 16
4107 40
4108 18
4109 24
4110 22
4111 20
4112 16
4113 16
4114 28
4115 16
4116 18
4117 24
4118 20
4119 20
4120 24
4121 22
4122 22
4123 22
4124 22
4125 26
4126 22
4127 24
4128 20
4129 24
4130 18
4131 26
4132 16
4133 18
4134 20
4135 22
4136 18
4137 30
4138 12
4139 16
4140 26
4141 22
4142 20
4143 28
4144 14
4145 16
4146 20
4147 14
4148 22
4149 16
4150 16
4151 18
4152 16
4153 24
4154 14
4155 16
4156 22
4157 56
4158 14
4159 22
4160 28
4161 18
4162 22
4163 24
4164 18
4165 24
4166 20
4167 22
4168 30
4169 18
4170 10
4171 22
4172 24
4173 24
4174 24
4175 26
4176 18
4177 20
4178 22
4179 20
4180 22
4181 18
4182 18
4183 20
4184 16
4185 22
4186 14
4187 20
4188 14
4189 20
4190 22
4191 36
4192 18
4193 22
4194 20
4195 16
4196 24
4197 26
4198 24
4199 28
4200 20
4201 22
4202 40
4203 20
4204 16
4205 18
4206 18
4207 22
4208 14
4209 40
4210 30
4211 18
4212 24
4213 22
4214 16
4215 20
4216 20
4217 20
4218 16
4219 32
4220 16
4221 20
4222 30
4223 24
4224 20
4225 24
4226 22
4227 24
4228 24
4229 22
4230 8
4231 16
4232 20
4233 24
4234 18
4235 22
4236 28
4237 32
4238 20
4239 18
4240 20
4241 26
4242 32
4243 18
4244 20
4245 28
4246 24
4247 20
4248 20
4249 22
4250 20
4251 18
4252 20
4253 26
4254 18
4255 26
4256 14
4257 22
4258 16
4259 24
4260 30
4261 24
4262 22
4263 26
4264 16
4265 16
4266 26
4267 24
4268 14
4269 20
4270 16
4271 16
4272 22
4273 22
4274 20
4275 18
4276 20
4277 24
4278 18
4279 18
4280 22
4281 18
4282 22
4283 24
4284 22
4285 24
4286 18
4287 24
4288 16
4289 24
4290 22
4291 14
4292 16
4293 26
4294 26
4295 22
4296 30
4297 24
4298 28
4299 22
4300 32
4301 20
4302 30
4303 30
4304 16
4305 60
4306 18
4307 18
4308 10
4309 22
4310 20
4311 20
4312 24
4313 16
4314 16
4315 16
4316 18
4317 16
4318 22
4319 24
4320 20
4321 18
4322 34
4323 24
4324 24
4325 22
4326 14
4327 16
4328 40
4329 24
4330 22
4331 18
4332 24
4333 42
4334 18
4335 40
4336 20
4337 22
4338 18
4339 14
4340 30
4341 16
4342 18
4343 16
4344 24
4345 42
4346 22
4347 20
4348 18
4349 18
4350 26
4351 18
4352 22
4353 20
4354 16
4355 22
4356 30
4357 28
4358 28
4359 28
4360 26
4361 26
4362 16
4363 22
4364 18
4365 18
4366 28
4367 26
4368 24
4369 16
4370 28
4371 22
4372 30
4373 20
4374 44
4375 20
4376 16
4377 26
4378 28
4379 18
4380 24
4381 16
4382 18
4383 30
4384 26
4385 14
4386 20
4387 18
4388 24
4389 18
4390 26
4391 18
4392 20
4393 18
4394 20
4395 16
4396 22
4397 22
4398 20
4399 20
4400 24
4401 22
4402 18
4403 30
4404 20
4405 20
4406 22
4407 28
4408 22
4409 16
4410 18
4411 22
4412 20
4413 26
4414 24
4415 20
4416 14
4417 28
4418 32
4419 36
4420 20
4421 32
4422 20
4423 22
4424 30
4425 14
4426 16
4427 20
4428 30
4429 30
4430 16
4431 20
4432 36
4433 26
4434 16
4435 24
4436 40
4437 28
4438 24
4439 22
4440 18
4441 20
4442 18
4443 24
4444 18
4445 20
4446 18
4447 22
4448 22
4449 18
4450 28
4451 14
4452 16
4453 30
4454 24
4455 30
4456 26
4457 14
4458 24
4459 20
4460 18
4461 12
4462 20
4463 16
4464 30
4465 30
4466 18
4467 32
4468 30
4469 22
4470 20
4471 28
4472 24
4473 24
4474 18
4475 20
4476 22
4477 30
4478 20
4479 24
4480 24
4481 22
4482 24
4483 16
4484 22
4485 20
4486 20
4487 24
4488 22
4489 26
4490 24
4491 18
4492 24
4493 24
4494 24
4495 22
4496 20
4497 16
4498 34
4499 32
4500 24
4501 16
4502 16
4503 16
4504 18
4505 18
4506 20
4507 16
4508 30
4509 22
4510 38
4511 20
4512 18
4513 26
4514 16
4515 22
4516 18
4517 20
4518 28
4519 30
4520 20
4521 16
4522 26
4523 22
4524 32
4525 22
4526 18
4527 16
4528 22
4529 22
4530 38
4531 40
4532 16
4533 22
4534 22
4535 26
4536 20
4537 26
4538 20
4539 18
4540 24
4541 16
4542 18
4543 18
4544 18
4545 22
4546 26
4547 28
4548 20
4549 20
4550 22
4551 20
4552 24
4553 24
4554 22
4555 14
4556 20
4557 20
4558 24
4559 14
4560 18
4561 16
4562 26
4563 22
4564 16
4565 20
4566 30
4567 24
4568 22
4569 24
4570 18
4571 22
4572 22
4573 22
4574 16
4575 22
4576 22
4577 16
4578 16
4579 28
4580 24
4581 18
4582 14
4583 24
4584 22
4585 18
4586 26
4587 24
4588 26
4589 16
4590 12
4591 24
4592 24
4593 30
4594 30
4595 22
4596 26
4597 24
4598 28
4599 18
4600 24
4601 22
4602 22
4603 24
4604 20
4605 28
4606 28
4607 30
4608 32
4609 22
4610 18
4611 24
4612 24
4613 30
4614 32
4615 18
4616 22
4617 22
4618 16
4619 26
4620 20
4621 18
4622 14
4623 34
4624 26
4625 16
4626 24
4627 22
4628 24
4629 18
4630 22
4631 24
4632 30
4633 34
4634 16
4635 10
4636 30
4637 18
4638 22
4639 24
4640 20
4641 26
4642 20
4643 20
4644 22
4645 22
4646 20
4647 22
4648 22
4649 36
4650 26
4651 16
4652 32
4653 22
4654 30
4655 22
4656 20
4657 28
4658 24
4659 18
4660 18
4661 18
4662 22
4663 22
4664 20
4665 24
4666 18
4667 22
4668 18
4669 20
4670 18
4671 20
4672 18
4673 16
4674 20
4675 18
4676 20
4677 22
4678 16
4679 20
4680 16
4681 20
4682 24
4683 22
4684 20
4685 30
4686 30
4687 24
4688 28
4689 26
4690 20
4691 18
4692 18
4693 20
4694 22
4695 14
4696 22
4697 24
4698 22
4699 30
4700 20
4701 20
4702 16
4703 20
4704 18
4705 16
4706 22
4707 16
4708 14
4709 32
4710 16
4711 22
4712 22
4713 22
4714 18
4715 22
4716 26
4717 18
4718 26
4719 12
4720 26
4721 18
4722 16
4723 28
4724 32
4725 30
4726 12
4727 20
4728 24
4729 12
4730 16
4731 40
4732 16
4733 20
4734 20
4735 22
4736 28
4737 26
4738 16
4739 22
4740 14
4741 16
4742 22
4743 12
4744 22
4745 14
4746 22
4747 18
4748 22
4749 14
4750 28
4751 16
4752 24
4753 22
4754 24
4755 26
4756 14
4757 24
4758 22
4759 24
4760 28
4761 24
4762 20
4763 30
4764 24
4765 20
4766 22
4767 24
4768 16
4769 18
4770 24
4771 22
4772 18
4773 54
4774 24
4775 24
4776 16
4777 26
4778 24
4779 40
4780 22
4781 28
4782 18
4783 16
4784 16
4785 24
4786 42
4787 24
4788 20
4789 16
4790 24
4791 24
4792 22
4793 18
4794 18
4795 18
4796 26
4797 22
4798 18
4799 16
4800 16
4801 18
4802 24
4803 26
4804 20
4805 24
4806 18
4807 14
4808 14
4809 20
4810 24
4811 16
4812 12
4813 18
4814 24
4815 22
4816 24
4817 30
4818 20
4819 28
4820 24
4821 20
4822 16
4823 18
4824 22
4825 22
4826 26
4827 30
4828 14
4829 24
4830 26
4831 40
4832 18
4833 24
4834 34
4835 32
4836 28
4837 24
4838 20
4839 22
4840 24
4841 28
4842 24
4843 22
4844 20
4845 16
4846 22
4847 14
4848 22
4849 26
4850 26
4851 22
4852 26
4853 32
4854 20
4855 28
4856 26
4857 18
4858 22
4859 20
4860 20
4861 12
4862 24
4863 34
4864 32
4865 20
4866 20
4867 14
4868 18
4869 20
4870 24
4871 22
4872 22
4873 20
4874 20
4875 20
4876 32
4877 20
4878 24
4879 16
4880 18
4881 24
4882 26
4883 22
4884 20
4885 24
4886 24
4887 38
4888 22
4889 26
4890 18
4891 28
4892 22
4893 16
4894 18
4895 18
4896 18
4897 20
4898 14
4899 22
4900 18
4901 20
4902 8
4903 22
4904 22
4905 20
4906 22
4907 18
4908 24
4909 22
4910 18
4911 20
4912 24
4913 18
4914 14
4915 22
4916 22
4917 12
4918 20
4919 20
4920 20
4921 30
4922 24
4923 16
4924 24
4925 24
4926 20
4927 20
4928 16
4929 24
4930 16
4931 20
4932 22
4933 20
4934 18
4935 16
4936 18
4937 16
4938 16
4939 28
4940 22
4941 22
4942 16
4943 24
4944 22
4945 20
4946 12
4947 18
4948 20
4949 24
4950 12
4951 26
4952 20
4953 26
4954 28
4955 34
4956 28
4957 12
4958 34
4959 20
4960 22
4961 18
4962 24
4963 32
4964 16
4965 18
4966 28
4967 18
4968 30
4969 30
4970 26
4971 14
4972 40
4973 24
4974 40
4975 26
4976 22
4977 22
4978 24
4979 20
4980 22
4981 24
4982 22
4983 20
4984 18
4985 18
4986 60
4987 24
4988 26
4989 30
4990 26
4991 26
4992 18
4993 22
4994 22
4995 18
4996 24
4997 18
4998 16
4999 18
5000 22
5001 22
5002 26
5003 20
5004 20
5005 18
5006 20
5007 24
5008 16
5009 12
5010 28
5011 24
5012 22
5013 18
5014 18
5015 24
5016 28
5017 18
5018 16
5019 38
5020 28
5021 26
5022 28
5023 28
5024 18
5025 18
5026 20
5027 30
5028 24
5029 14
5030 26
5031 16
5032 22
5033 20
5034 22
5035 20
5036 22
5037 20
5038 14
5039 24
5040 18
5041 44
5042 24
5043 28
5044 26
5045 18
5046 20
5047 20
5048 26
5049 20
5050 26
5051 20
5052 24
5053 16
5054 18
5055 18
5056 22
5057 46
5058 18
5059 26
5060 26
5061 22
5062 16
5063 24
5064 18
5065 20
5066 24
5067 26
5068 26
5069 20
5070 20
5071 20
5072 26
5073 24
5074 24
5075 22
5076 22
5077 16
5078 24
5079 24
5080 24
5081 18
5082 22
5083 24
5084 22
5085 14
5086 26
5087 24
5088 18
5089 24
5090 16
5091 20
5092 24
5093 24
5094 26
5095 18
5096 26
5097 24
5098 28
5099 16
5100 20
5101 20
5102 22
5103 16
5104 20
5105 18
5106 22
5107 28
5108 22
5109 16
5110 14
5111 20
5112 20
5113 20
5114 20
5115 22
5116 20
5117 26
5118 20
5119 18
5120 16
5121 26
5122 16
5123 20
5124 24
5125 14
5126 22
5127 28
5128 36
5129 16
5130 22
5131 20
5132 22
5133 26
5134 22
5135 8
5136 40
5137 20
5138 14
5139 28
5140 24
5141 24
5142 18
5143 18
5144 16
5145 22
5146 30
5147 20
5148 28
5149 22
5150 16
5151 26
5152 24
5153 20
5154 38
5155 20
5156 16
5157 20
5158 16
5159 22
5160 36
5161 28
5162 22
5163 24
5164 18
5165 18
5166 18
5167 24
5168 30
5169 30
5170 22
5171 22
5172 22
5173 26
5174 30
5175 26
5176 26
5177 16
5178 26
5179 26
5180 32
5181 28
5182 24
5183 20
5184 26
5185 34
5186 24
5187 16
5188 24
5189 28
5190 24
5191 22
5192 14
5193 16
5194 36
5195 26
5196 12
5197 28
5198 18
5199 26
5200 26
5201 18
5202 22
5203 30
5204 40
5205 20
5206 22
5207 26
5208 28
5209 28
5210 16
5211 36
5212 38
5213 18
5214 26
5215 22
5216 18
5217 20
5218 42
5219 22
5220 14
5221 24
5222 16
5223 18
5224 16
5225 14
5226 22
5227 18
5228 20
5229 20
5230 24
5231 28
5232 20
5233 26
5234 20
5235 18
5236 26
5237 26
5238 22
5239 18
5240 18
5241 40
5242 22
5243 22
5244 28
5245 20
5246 22
5247 20
5248 24
5249 20
5250 16
5251 22
5252 24
5253 28
5254 18
5255 26
5256 16
5257 28
5258 20
5259 18
5260 18
5261 18
5262 16
5263 30
5264 22
5265 14
5266 20
5267 26
5268 46
5269 18
5270 24
5271 30
5272 16
5273 18
5274 22
5275 12
5276 26
5277 14
5278 30
5279 16
5280 16
5281 22
5282 20
5283 22
5284 18
5285 28
5286 22
5287 20
5288 24
5289 30
5290 16
5291 20
5292 16
5293 20
5294 20
5295 16
5296 22
5297 18
5298 30
5299 26
5300 22
5301 26
5302 22
5303 18
5304 24
5305 18
5306 40
5307 24
5308 16
5309 14
5310 24
5311 36
5312 18
5313 26
5314 24
5315 32
5316 18
5317 28
5318 22
5319 30
5320 26
5321 26
5322 20
5323 22
5324 18
5325 36
5326 16
5327 18
5328 26
5329 24
5330 24
5331 24
5332 20
5333 24
5334 22
5335 18
5336 18
5337 20
5338 18
5339 38
5340 24
5341 30
5342 22
5343 20
5344 20
5345 22
5346 20
5347 24
5348 26
5349 24
5350 20
5351 24
5352 18
5353 40
5354 20
5355 22
5356 20
5357 24
5358 16
5359 16
5360 24
5361 18
5362 18
5363 20
5364 24
5365 16
5366 28
5367 22
5368 18
5369 20
5370 28
5371 30
5372 22
5373 22
5374 20
5375 24
5376 60
5377 20
5378 24
5379 16
5380 20
5381 20
5382 22
5383 24
5384 20
5385 20
5386 36
5387 16
5388 18
5389 22
5390 16
5391 22
5392 26
5393 24
5394 22
5395 18
5396 22
5397 26
5398 12
5399 16
5400 42
5401 22
5402 18
5403 28
5404 26
5405 22
5406 16
5407 18
5408 34
5409 26
5410 18
5411 18
5412 20
5413 18
5414 28
5415 22
5416 30
5417 26
5418 28
5419 18
5420 20
5421 26
5422 16
5423 38
5424 22
5425 24
5426 22
5427 22
5428 22
5429 30
5430 20
5431 24
5432 24
5433 18
5434 18
5435 24
5436 22
5437 22
5438 18
5439 14
5440 18
5441 30
5442 30
5443 26
5444 22
5445 22
5446 16
5447 22
5448 16
5449 22
5450 18
5451 22
5452 22
5453 14
5454 38
5455 16
5456 26
5457 22
5458 32
5459 18
5460 26
5461 20
5462 22
5463 42
5464 26
5465 28
5466 26
5467 20
5468 18
5469 24
5470 24
5471 20
5472 30
5473 14
5474 18
5475 20
5476 18
5477 18
5478 24
5479 24
5480 20
5481 30
5482 26
5483 30
5484 26
5485 24
5486 24
5487 22
5488 26
5489 16
5490 30
5491 26
5492 22
5493 20
5494 12
5495 20
5496 20
5497 20
5498 18
5499 22
5500 18
5501 20
5502 24
5503 20
5504 16
5505 22
5506 22
5507 14
5508 26
5509 20
5510 20
5511 22
5512 22
5513 20
5514 20
5515 26
5516 16
5517 18
5518 20
5519 26
5520 28
5521 26
5522 24
5523 22
5524 26
5525 26
5526 24
5527 20
5528 16
5529 24
5530 30
5531 26
5532 22
5533 26
5534 28
5535 20
5536 20
5537 20
5538 30
5539 28
5540 24
5541 28
5542 28
5543 30
5544 26
5545 24
5546 28
5547 24
5548 22
5549 18
5550 32
5551 28
5552 20
5553 18
5554 18
5555 18
5556 22
5557 22
5558 18
5559 16
5560 22
5561 18
5562 24
5563 22
5564 38
5565 20
5566 20
5567 12
5568 26
5569 16
5570 14
5571 26
5572 24
5573 28
5574 22
5575 20
5576 24
5577 18
5578 18
5579 26
5580 18
5581 22
5582 18
5583 44
5584 18
5585 22
5586 36
5587 18
5588 22
5589 28
5590 26
5591 24
5592 24
5593 16
5594 24
5595 18
5596 12
5597 14
5598 20
5599 28
5600 16
5601 22
5602 18
5603 28
5604 18
5605 36
5606 22
5607 16
5608 22
5609 28
5610 24
5611 16
5612 24
5613 18
5614 28
5615 18
5616 22
5617 16
5618 26
5619 24
5620 24
5621 30
5622 18
5623 18
5624 28
5625 18
5626 20
5627 22
5628 20
5629 14
5630 26
5631 20
5632 30
5633 20
5634 18
5635 20
5636 20
5637 20
5638 24
5639 24
5640 24
5641 20
5642 22
5643 24
5644 20
5645 30
5646 26
5647 20
5648 16
5649 28
5650 20
5651 46
5652 24
5653 20
5654 28
5655 26
5656 18
5657 18
5658 24
5659 14
5660 24
5661 50
5662 24
5663 20
5664 18
5665 24
5666 30
5667 16
5668 34
5669 24
5670 28
5671 14
5672 26
5673 36
5674 26
5675 26
5676 26
5677 30
5678 24
5679 26
5680 38
5681 28
5682 20
5683 34
5684 28
5685 18
5686 14
5687 24
5688 50
5689 24
5690 22
5691 30
5692 34
5693 32
5694 26
5695 22
5696 28
5697 28
5698 18
5699 22
5700 28
5701 24
5702 22
5703 24
5704 20
5705 22
5706 20
5707 22
5708 28
5709 16
5710 22
5711 32
5712 18
5713 20
5714 30
5715 26
5716 20
5717 16
5718 16
5719 44
5720 22
5721 12
5722 36
5723 20
5724 24
5725 28
5726 22
5727 18
5728 20
5729 20
5730 24
5731 18
5732 22
5733 14
5734 24
5735 18
5736 22
5737 28
5738 22
5739 24
5740 24
5741 20
5742 24
5743 24
5744 20
5745 22
5746 22
5747 26
5748 34
5749 20
5750 20
5751 20
5752 22
5753 22
5754 18
5755 18
5756 24
5757 22
5758 24
5759 22
5760 22
5761 22
5762 18
5763 24
5764 24
5765 26
5766 18
5767 12
5768 22
5769 14
5770 24
5771 20
5772 16
5773 14
5774 22
5775 20
5776 22
5777 24
5778 20
5779 22
5780 16
5781 22
5782 18
5783 16
5784 22
5785 32
5786 22
5787 24
5788 18
5789 20
5790 24
5791 24
5792 16
5793 22
5794 28
5795 20
5796 18
5797 26
5798 24
5799 24
5800 24
5801 20
5802 18
5803 30
5804 24
5805 18
5806 22
5807 26
5808 20
5809 18
5810 22
5811 28
5812 32
5813 22
5814 52
5815 26
5816 26
5817 24
5818 24
5819 20
5820 24
5821 32
5822 18
5823 22
5824 38
5825 24
5826 24
5827 16
5828 42
5829 26
5830 20
5831 24
5832 26
5833 22
5834 20
5835 16
5836 30
5837 16
5838 22
5839 24
5840 22
5841 24
5842 28
5843 22
5844 18
5845 22
5846 20
5847 22
5848 22
5849 34
5850 24
5851 24
5852 16
5853 30
5854 24
5855 28
5856 28
5857 16
5858 24
5859 34
5860 24
5861 18
5862 28
5863 14
5864 26
5865 18
5866 18
5867 26
5868 26
5869 20
5870 34
5871 42
5872 20
5873 20
5874 20
5875 32
5876 18
5877 20
5878 24
5879 22
5880 24
5881 28
5882 20
5883 28
5884 18
5885 24
5886 20
5887 20
5888 22
5889 24
5890 24
5891 22
5892 16
5893 34
5894 12
5895 26
5896 30
5897 28
5898 16
5899 38
5900 14
5901 20
5902 18
5903 26
5904 28
5905 14
5906 22
5907 22
5908 20
5909 26
5910 20
5911 18
5912 18
5913 20
5914 20
5915 24
5916 20
5917 28
5918 18
5919 22
5920 24
5921 20
5922 26
5923 36
5924 28
5925 26
5926 32
5927 36
5928 20
5929 22
5930 22
5931 20
5932 32
5933 24
5934 16
5935 22
5936 18
5937 16
5938 22
5939 24
5940 22
5941 26
5942 18
5943 26
5944 26
5945 16
5946 16
5947 36
5948 26
5949 16
5950 24
5951 28
5952 22
5953 26
5954 18
5955 22
5956 26
5957 32
5958 16
5959 16
5960 22
5961 28
5962 22
5963 24
5964 16
5965 22
5966 14
5967 26
5968 22
5969 20
5970 14
5971 22
5972 20
5973 24
5974 18
5975 22
5976 26
5977 14
5978 24
5979 24
5980 18
5981 26
5982 26
5983 22
5984 12
5985 18
5986 20
5987 24
5988 36
5989 66
5990 26
5991 20
5992 18
5993 24
5994 16
5995 14
5996 24
5997 22
5998 16
5999 18
6000 24
6001 18
6002 20
6003 20
6004 24
6005 22
6006 20
6007 18
6008 30
6009 18
6010 22
6011 22
6012 22
6013 24
6014 20
6015 22
6016 24
6017 26
6018 18
6019 18
6020 28
6021 22
6022 22
6023 22
6024 22
6025 20
6026 28
6027 22
6028 22
6029 36
6030 26
6031 16
6032 30
6033 28
6034 42
6035 38
6036 20
6037 20
6038 18
6039 28
6040 16
6041 20
6042 18
6043 36
6044 18
6045 22
6046 16
6047 24
6048 44
6049 22
6050 20
6051 24
6052 24
6053 22
6054 18
6055 26
6056 24
6057 24
6058 10
6059 18
6060 10
6061 26
6062 22
6063 22
6064 16
6065 26
6066 28
6067 26
6068 20
6069 32
6070 22
6071 12
6072 22
6073 22
6074 24
6075 18
6076 24
6077 24
6078 26
6079 30
6080 26
6081 28
6082 22
6083 18
6084 20
6085 28
6086 38
6087 36
6088 26
6089 14
6090 22
6091 20
6092 18
6093 22
6094 24
6095 40
6096 20
6097 26
6098 18
6099 28
6100 38
6101 20
6102 30
6103 18
6104 24
6105 32
6106 26
6107 14
6108 28
6109 24
6110 22
6111 14
6112 28
6113 24
6114 18
6115 20
6116 28
6117 20
6118 20
6119 20
6120 20
6121 18
6122 24
6123 22
6124 12
6125 24
6126 32
6127 30
6128 28
6129 22
6130 22
6131 20
6132 32
6133 22
6134 20
6135 20
6136 22
6137 28
6138 18
6139 16
6140 26
6141 16
6142 24
6143 20
6144 32
6145 28
6146 18
6147 24
6148 22
6149 20
6150 12
6151 22
6152 20
6153 30
6154 26
6155 24
6156 28
6157 22
6158 26
6159 20
6160 28
6161 14
6162 20
6163 24
6164 26
6165 24
6166 24
6167 24
6168 22
6169 18
6170 16
6171 22
6172 28
6173 18
6174 38
6175 12
6176 14
6177 36
6178 34
6179 16
6180 26
6181 22
6182 24
6183 12
6184 22
6185 26
6186 36
6187 16
6188 14
6189 16
6190 24
6191 18
6192 32
6193 28
6194 20
6195 26
6196 30
6197 18
6198 20
6199 16
6200 22
6201 24
6202 18
6203 22
6204 20
6205 24
6206 18
6207 20
6208 12
6209 20
6210 28
6211 24
6212 26
6213 20
6214 24
6215 26
6216 18
6217 24
6218 28
6219 30
6220 22
6221 22
6222 16
6223 24
6224 18
6225 24
6226 20
6227 34
6228 24
6229 22
6230 22
6231 32
6232 28
6233 18
6234 30
6235 24
6236 16
6237 30
6238 26
6239 18
6240 22
6241 24
6242 26
6243 20
6244 24
6245 32
6246 24
6247 24
6248 22
6249 34
6250 20
6251 22
6252 22
6253 24
6254 30
6255 20
6256 20
6257 26
6258 22
6259 30
6260 20
6261 26
6262 36
6263 18
6264 16
6265 20
6266 32
6267 12
6268 20
6269 24
6270 32
6271 22
6272 34
6273 26
6274 18
6275 18
6276 18
6277 18
6278 26
6279 30
6280 22
6281 22
6282 22
6283 12
6284 18
6285 16
6286 28
6287 44
6288 18
6289 18
6290 22
6291 32
6292 18
6293 24
6294 14
6295 22
6296 24
6297 24
6298 42
6299 20
6300 22
6301 22
6302 20
6303 38
6304 26
6305 28
6306 30
6307 26
6308 24
6309 22
6310 16
6311 26
6312 20
6313 20
6314 32
6315 22
6316 16
6317 16
6318 24
6319 14
6320 28
6321 44
6322 24
6323 20
6324 18
6325 18
6326 32
6327 20
6328 20
6329 24
6330 24
6331 22
6332 12
6333 16
6334 18
6335 30
6336 18
6337 22
6338 20
6339 22
6340 20
6341 18
6342 18
6343 20
6344 22
6345 26
6346 26
6347 22
6348 26
6349 18
6350 42
6351 24
6352 24
6353 28
6354 20
6355 16
6356 26
6357 24
6358 20
6359 20
6360 32
6361 30
6362 20
6363 20
6364 18
6365 24
6366 20
6367 20
6368 30
6369 22
6370 22
6371 28
6372 22
6373 34
6374 28
6375 28
6376 20
6377 22
6378 22
6379 28
6380 24
6381 26
6382 32
6383 24
6384 20
6385 18
6386 26
6387 18
6388 20
6389 20
6390 22
6391 22
6392 22
6393 22
6394 22
6395 20
6396 28
6397 24
6398 26
6399 22
6400 34
6401 20
6402 28
6403 18
6404 28
6405 26
6406 18
6407 14
6408 22
6409 20
6410 30
6411 20
6412 26
6413 16
6414 18
6415 22
6416 20
6417 22
6418 22
6419 22
6420 20
6421 20
6422 20
6423 24
6424 24
6425 26
6426 20
6427 20
6428 22
6429 16
6430 20
6431 20
6432 20
6433 44
6434 22
6435 16
6436 20
6437 32
6438 24
6439 16
6440 24
6441 30
6442 26
6443 24
6444 20
6445 24
6446 30
6447 18
6448 26
6449 38
6450 22
6451 24
6452 30
6453 26
6454 24
6455 20
6456 20
6457 26
6458 28
6459 18
6460 24
6461 34
6462 22
6463 20
6464 40
6465 24
6466 30
6467 12
6468 14
6469 16
6470 30
6471 28
6472 30
6473 38
6474 26
6475 12
6476 38
6477 34
6478 28
6479 28
6480 24
6481 36
6482 20
6483 36
6484 26
6485 16
6486 20
6487 22
6488 14
6489 42
6490 26
6491 32
6492 24
6493 24
6494 14
6495 24
6496 16
6497 26
6498 24
6499 34
6500 20
6501 22
6502 22
6503 24
6504 26
6505 16
6506 16
6507 18
6508 16
6509 20
6510 24
6511 22
6512 22
6513 22
6514 18
6515 24
6516 26
6517 26
6518 14
6519 20
6520 24
6521 26
6522 34
6523 16
6524 20
6525 22
6526 26
6527 18
6528 24
6529 40
6530 22
6531 18
6532 24
6533 24
6534 24
6535 26
6536 26
6537 24
6538 22
6539 22
6540 22
6541 12
6542 20
6543 20
6544 22
6545 16
6546 16
6547 24
6548 14
6549 22
6550 18
6551 22
6552 18
6553 18
6554 30
6555 16
6556 16
6557 22
6558 18
6559 24
6560 28
6561 22
6562 38
6563 16
6564 22
6565 26
6566 20
6567 24
6568 36
6569 36
6570 24
6571 20
6572 20
6573 24
6574 28
6575 22
6576 34
6577 28
6578 28
6579 16
6580 36
6581 16
6582 28
6583 24
6584 16
6585 14
6586 28
6587 28
6588 24
6589 22
6590 34
6591 26
6592 26
6593 18
6594 12
6595 20
6596 18
6597 22
6598 22
6599 20
6600 22
6601 22
6602 22
6603 22
6604 20
6605 34
6606 16
6607 28
6608 28
6609 14
6610 24
6611 26
6612 12
6613 26
6614 26
6615 40
6616 22
6617 24
6618 20
6619 30
6620 28
6621 34
6622 26
6623 14
6624 26
6625 20
6626 20
6627 26
6628 28
6629 18
6630 24
6631 28
6632 18
6633 16
6634 24
6635 36
6636 28
6637 18
6638 24
6639 20
6640 22
6641 16
6642 28
6643 18
6644 38
6645 22
6646 22
6647 18
6648 28
6649 26
6650 20
6651 18
6652 26
6653 24
6654 22
6655 36
6656 28
6657 24
6658 20
6659 16
6660 26
6661 14
6662 24
6663 20
6664 20
6665 32
6666 26
6667 22
6668 34
6669 18
6670 22
6671 22
6672 30
6673 18
6674 16
6675 16
6676 22
6677 20
6678 32
6679 30
6680 16
6681 22
6682 20
6683 22
6684 14
6685 20
6686 20
6687 22
6688 28
6689 24
6690 28
6691 20
6692 38
6693 20
6694 24
6695 28
6696 22
6697 18
6698 22
6699 26
6700 16
6701 12
6702 18
6703 28
6704 22
6705 26
6706 16
6707 18
6708 40
6709 22
6710 24
6711 22
6712 24
6713 32
6714 22
6715 14
6716 18
6717 26
6718 24
6719 28
6720 12
6721 24
6722 22
6723 32
6724 24
6725 46
6726 34
6727 18
6728 26
6729 20
6730 26
6731 26
6732 24
6733 20
6734 22
6735 24
6736 20
6737 24
6738 26
6739 22
6740 14
6741 22
6742 22
6743 24
6744 28
6745 30
6746 18
6747 22
6748 28
6749 26
6750 20
6751 24
6752 46
6753 22
6754 24
6755 24
6756 34
6757 16
6758 18
6759 30
6760 24
6761 22
6762 16
6763 26
6764 28
6765 20
6766 30
6767 24
6768 24
6769 16
6770 14
6771 20
6772 10
6773 28
6774 18
6775 30
6776 18
6777 20
6778 20
6779 16
6780 16
6781 30
6782 28
6783 26
6784 18
6785 26
6786 18
6787 18
6788 18
6789 20
6790 20
6791 28
6792 24
6793 24
6794 30
6795 20
6796 20
6797 26
6798 20
6799 20
6800 28
6801 16
6802 30
6803 24
6804 48
6805 16
6806 24
6807 26
6808 18
6809 30
6810 36
6811 16
6812 24
6813 24
6814 14
6815 22
6816 22
6817 34
6818 22
6819 20
6820 18
6821 30
6822 24
6823 20
6824 18
6825 18
6826 26
6827 28
6828 22
6829 30
6830 20
6831 18
6832 20
6833 26
6834 22
6835 26
6836 36
6837 14
6838 24
6839 14
6840 54
6841 18
6842 18
6843 18
6844 18
6845 28
6846 22
6847 24
6848 22
6849 24
6850 26
6851 12
6852 20
6853 26
6854 34
6855 26
6856 20
6857 18
6858 26
6859 24
6860 24
6861 22
6862 26
6863 18
6864 20
6865 16
6866 20
6867 16
6868 16
6869 18
6870 18
6871 24
6872 20
6873 36
6874 22
6875 16
6876 32
6877 16
6878 22
6879 22
6880 20
6881 18
6882 18
6883 18
6884 18
6885 32
6886 28
6887 18
6888 14
6889 22
6890 38
6891 16
6892 24
6893 28
6894 22
6895 22
6896 18
6897 22
6898 26
6899 30
6900 24
6901 20
6902 20
6903 18
6904 36
6905 30
6906 22
6907 24
6908 20
6909 22
6910 24
6911 16
6912 22
6913 42
6914 16
6915 24
6916 16
6917 34
6918 22
6919 20
6920 20
6921 22
6922 26
6923 26
6924 22
6925 18
6926 32
6927 30
6928 26
6929 34
6930 18
6931 22
6932 24
6933 26
6934 26
6935 24
6936 22
6937 32
6938 24
6939 24
6940 24
6941 22
6942 24
6943 26
6944 22
6945 28
6946 16
6947 20
6948 44
6949 36
6950 28
6951 28
6952 22
6953 24
6954 32
6955 24
6956 48
6957 20
6958 14
6959 16
6960 30
6961 24
6962 26
6963 18
6964 20
6965 16
6966 34
6967 16
6968 22
6969 12
6970 38
6971 22
6972 22
6973 16
6974 20
6975 28
6976 26
6977 24
6978 34
6979 24
6980 20
6981 38
6982 26
6983 22
6984 24
6985 20
6986 24
6987 22
6988 28
6989 26
6990 26
6991 20
6992 20
6993 22
6994 18
6995 22
6996 18
6997 22
6998 18
6999 18
7000 24
7001 26
7002 42
7003 22
7004 26
7005 26
7006 18
7007 24
7008 22
7009 20
7010 16
7011 38
7012 28
7013 10
7014 34
7015 14
7016 14
7017 28
7018 34
7019 24
7020 28
7021 20
7022 22
7023 28
7024 22
7025 18
7026 26
7027 12
7028 26
7029 24
7030 46
7031 12
7032 34
7033 22
7034 22
7035 16
7036 22
7037 26
7038 22
7039 26
7040 28
7041 18
7042 24
7043 16
7044 30
7045 20
7046 26
7047 22
7048 32
7049 22
7050 22
7051 28
7052 22
7053 28
7054 14
7055 22
7056 28
7057 20
7058 22
7059 22
7060 20
7061 28
7062 26
7063 26
7064 24
7065 24
7066 22
7067 22
7068 32
7069 24
7070 26
7071 18
7072 18
7073 16
7074 20
7075 30
7076 32
7077 14
7078 24
7079 18
7080 26
7081 22
7082 22
7083 32
7084 32
7085 24
7086 26
7087 20
7088 16
7089 26
7090 28
7091 20
7092 26
7093 20
7094 22
7095 20
7096 28
7097 18
7098 26
7099 24
7100 18
7101 22
7102 18
7103 20
7104 18
7105 22
7106 30
7107 28
7108 30
7109 22
7110 22
7111 20
7112 18
7113 40
7114 36
7115 20
7116 20
7117 24
7118 18
7119 20
7120 16
7121 46
7122 22
7123 26
7124 12
7125 14
7126 20
7127 20
7128 24
7129 24
7130 20
7131 28
7132 20
7133 24
7134 16
7135 30
7136 26
7137 20
7138 40
7139 20
7140 30
7141 18
7142 32
7143 26
7144 38
7145 20
7146 22
7147 16
7148 16
7149 24
7150 34
7151 20
7152 26
7153 26
7154 18
7155 22
7156 22
7157 28
7158 28
7159 18
7160 20
7161 16
7162 28
7163 20
7164 26
7165 20
7166 28
7167 20
7168 18
7169 20
7170 16
7171 20
7172 26
7173 24
7174 20
7175 18
7176 22
7177 20
7178 26
7179 24
7180 26
7181 24
7182 22
7183 26
7184 20
7185 24
7186 18
7187 22
7188 22
7189 26
7190 22
7191 24
7192 36
7193 26
7194 18
7195 16
7196 28
7197 22
7198 22
7199 32
7200 26
7201 16
7202 18
7203 24
7204 20
7205 22
7206 22
7207 28
7208 28
7209 22
7210 18
7211 20
7212 18
7213 40
7214 20
7215 14
7216 30
7217 16
7218 14
7219 20
7220 34
7221 30
7222 26
7223 32
7224 26
7225 26
7226 34
7227 24
7228 34
7229 32
7230 22
7231 24
7232 26
7233 20
7234 18
7235 22
7236 18
7237 12
7238 32
7239 28
7240 28
7241 16
7242 32
7243 22
7244 20
7245 22
7246 22
7247 26
7248 24
7249 24
7250 24
7251 26
7252 16
7253 26
7254 18
7255 22
7256 22
7257 18
7258 40
7259 18
7260 20
7261 28
7262 24
7263 20
7264 22
7265 18
7266 28
7267 20
7268 20
7269 18
7270 24
7271 20
7272 22
7273 20
7274 14
7275 56
7276 20
7277 36
7278 38
7279 24
7280 16
7281 38
7282 14
7283 16
7284 24
7285 20
7286 30
7287 28
7288 18
7289 30
7290 12
7291 68
7292 16
7293 18
7294 20
7295 26
7296 20
7297 28
7298 24
7299 20
7300 80
7301 12
7302 22
7303 22
7304 22
7305 20
7306 20
7307 16
7308 18
7309 22
7310 20
7311 22
7312 18
7313 30
7314 24
7315 20
7316 30
7317 22
7318 24
7319 16
7320 32
7321 20
7322 20
7323 18
7324 10
7325 18
7326 26
7327 16
7328 16
7329 28
7330 18
7331 16
7332 20
7333 24
7334 20
7335 28
7336 20
7337 20
7338 14
7339 18
7340 22
7341 18
7342 18
7343 18
7344 22
7345 18
7346 22
7347 18
7348 18
7349 28
7350 14
7351 22
7352 16
7353 24
7354 20
7355 34
7356 28
7357 24
7358 20
7359 32
7360 28
7361 30
7362 26
7363 26
7364 24
7365 18
7366 24
7367 20
7368 26
7369 24
7370 22
7371 16
7372 24
7373 26
7374 16
7375 18
7376 38
7377 26
7378 20
7379 20
7380 16
7381 22
7382 26
7383 24
7384 28
7385 20
7386 26
7387 20
7388 12
7389 22
7390 30
7391 18
7392 14
7393 28
7394 22
7395 24
7396 18
7397 28
7398 22
7399 24
7400 36
7401 20
7402 24
7403 22
7404 14
7405 36
7406 12
7407 24
7408 46
7409 16
7410 18
7411 26
7412 20
7413 18
7414 20
7415 20
7416 24
7417 30
7418 14
7419 26
7420 22
7421 22
7422 20
7423 30
7424 26
7425 24
7426 26
7427 22
7428 34
7429 20
7430 22
7431 22
7432 20
7433 22
7434 22
7435 16
7436 24
7437 16
7438 20
7439 24
7440 22
7441 24
7442 26
7443 44
7444 30
7445 18
7446 20
7447 20
7448 18
7449 50
7450 20
7451 16
7452 20
7453 30
7454 22
7455 18
7456 22
7457 22
7458 26
7459 24
7460 24
7461 28
7462 34
7463 24
7464 30
7465 22
7466 24
7467 22
7468 24
7469 26
7470 18
7471 26
7472 20
7473 36
7474 28
7475 16
7476 20
7477 26
7478 18
7479 14
7480 20
7481 26
7482 24
7483 16
7484 14
7485 24
7486 30
7487 24
7488 20
7489 26
7490 24
7491 24
7492 26
7493 24
7494 26
7495 30
7496 28
7497 16
7498 24
7499 12
7500 20
7501 26
7502 22
7503 20
7504 32
7505 20
7506 20
7507 20
7508 24
7509 18
7510 14
7511 24
7512 18
7513 34
7514 24
7515 24
7516 24
7517 20
7518 28
7519 22
7520 34
7521 30
7522 16
7523 22
7524 24
7525 24
7526 30
7527 20
7528 28
7529 22
7530 20
7531 26
7532 26
7533 22
7534 28
7535 30
7536 34
7537 20
7538 38
7539 18
7540 24
7541 18
7542 26
7543 24
7544 20
7545 26
7546 20
7547 28
7548 22
7549 18
7550 26
7551 16
7552 28
7553 24
7554 30
7555 12
7556 18
7557 20
7558 24
7559 24
7560 18
7561 20
7562 16
7563 20
7564 20
7565 24
7566 20
7567 26
7568 24
7569 24
7570 22
7571 18
7572 46
7573 24
7574 24
7575 22
7576 20
7577 24
7578 28
7579 22
7580 34
7581 20
7582 16
7583 14
7584 32
7585 16
7586 20
7587 28
7588 22
7589 50
7590 20
7591 30
7592 22
7593 34
7594 32
7595 14
7596 18
7597 22
7598 26
7599 36
7600 20
7601 20
7602 20
7603 26
7604 26
7605 26
7606 32
7607 22
7608 24
7609 16
7610 26
7611 16
7612 18
7613 22
7614 26
7615 24
7616 36
7617 26
7618 20
7619 22
7620 20
7621 24
7622 22
7623 28
7624 24
7625 40
7626 22
7627 40
7628 20
7629 28
7630 16
7631 18
7632 28
7633 30
7634 20
7635 28
7636 36
7637 24
7638 20
7639 22
7640 14
7641 22
7642 16
7643 18
7644 22
7645 28
7646 18
7647 20
7648 16
7649 20
7650 22
7651 24
7652 18
7653 18
7654 32
7655 20
7656 18
7657 16
7658 30
7659 18
7660 14
7661 50
7662 18
7663 24
7664 24
7665 26
7666 30
7667 34
7668 28
7669 26
7670 30
7671 22
7672 30
7673 30
7674 26
7675 32
7676 26
7677 24
7678 30
7679 36
7680 24
7681 24
7682 32
7683 30
7684 24
7685 30
7686 26
7687 22
7688 28
7689 18
7690 26
7691 34
7692 20
7693 22
7694 22
7695 26
7696 20
7697 24
7698 14
7699 22
7700 30
7701 22
7702 24
7703 20
7704 18
7705 20
7706 30
7707 18
7708 28
7709 22
7710 34
7711 36
7712 26
7713 26
7714 24
7715 18
7716 28
7717 14
7718 20
7719 18
7720 32
7721 20
7722 22
7723 26
7724 18
7725 14
7726 24
7727 20
7728 24
7729 20
7730 24
7731 26
7732 16
7733 20
7734 22
7735 18
7736 22
7737 26
7738 20
7739 26
7740 18
7741 24
7742 38
7743 24
7744 26
7745 28
7746 22
7747 18
7748 22
7749 18
7750 26
7751 18
7752 28
7753 16
7754 18
7755 22
7756 24
7757 30
7758 30
7759 20
7760 18
7761 24
7762 18
7763 22
7764 28
7765 18
7766 32
7767 18
7768 20
7769 18
7770 24
7771 20
7772 16
7773 26
7774 18
7775 18
7776 20
7777 20
7778 32
7779 24
7780 22
7781 22
7782 16
7783 24
7784 22
7785 14
7786 20
7787 18
7788 20
7789 20
7790 24
7791 16
7792 22
7793 26
7794 20
7795 28
7796 14
7797 18
7798 18
7799 44
7800 28
7801 22
7802 20
7803 20
7804 20
7805 20
7806 16
7807 20
7808 24
7809 30
7810 24
7811 32
7812 28
7813 30
7814 20
7815 18
7816 24
7817 20
7818 26
7819 34
7820 22
7821 18
7822 34
7823 28
7824 22
7825 20
7826 34
7827 34
7828 20
7829 36
7830 26
7831 22
7832 34
7833 20
7834 26
7835 18
7836 26
7837 26
7838 30
7839 20
7840 22
7841 20
7842 26
7843 30
7844 22
7845 16
7846 24
7847 16
7848 24
7849 32
7850 20
7851 20
7852 16
7853 20
7854 22
7855 18
7856 20
7857 68
7858 22
7859 36
7860 20
7861 16
7862 20
7863 26
7864 22
7865 26
7866 24
7867 24
7868 18
7869 30
7870 26
7871 26
7872 20
7873 18
7874 64
7875 46
7876 18
7877 28
7878 20
7879 22
7880 26
7881 18
7882 22
7883 40
7884 18
7885 24
7886 20
7887 32
7888 18
7889 18
7890 16
7891 26
7892 26
7893 12
7894 28
7895 26
7896 18
7897 22
7898 26
7899 16
7900 26
7901 20
7902 24
7903 18
7904 22
7905 20
7906 18
7907 22
7908 28
7909 34
7910 26
7911 26
7912 24
7913 26
7914 32
7915 16
7916 18
7917 28
7918 24
7919 26
7920 18
7921 18
7922 28
7923 24
7924 22
7925 28
7926 16
7927 28
7928 28
7929 26
7930 22
7931 20
7932 24
7933 34
7934 30
7935 18
7936 24
7937 24
7938 26
7939 24
7940 30
7941 12
7942 28
7943 30
7944 22
7945 32
7946 20
7947 24
7948 46
7949 30
7950 30
7951 24
7952 18
7953 16
7954 26
7955 20
7956 24
7957 16
7958 14
7959 18
7960 26
7961 18
7962 24
7963 20
7964 22
7965 20
7966 18
7967 24
7968 32
7969 18
7970 20
7971 18
7972 18
7973 24
7974 22
7975 22
7976 22
7977 30
7978 20
7979 28
7980 22
7981 32
7982 28
7983 38
7984 18
7985 20
7986 16
7987 22
7988 18
7989 26
7990 18
7991 24
7992 18
7993 30
7994 28
7995 28
7996 32
7997 22
7998 22
7999 18
8000 34
8001 22
8002 22
8003 40
8004 30
8005 28
8006 20
8007 26
8008 16
8009 26
8010 18
8011 14
8012 36
8013 24
8014 24
8015 18
8016 26
8017 18
8018 32
8019 18
8020 26
8021 22
8022 20
8023 20
8024 20
8025 24
8026 24
8027 18
8028 24
8029 24
8030 34
8031 18
8032 38
8033 22
8034 26
8035 14
8036 28
8037 20
8038 32
8039 18
8040 26
8041 20
8042 24
8043 24
8044 18
8045 18
8046 32
8047 14
8048 20
8049 24
8050 20
8051 26
8052 24
8053 20
8054 20
8055 18
8056 18
8057 26
8058 26
8059 26
8060 18
8061 28
8062 18
8063 30
8064 42
8065 12
8066 26
8067 18
8068 28
8069 34
8070 20
8071 26
8072 18
8073 24
8074 22
8075 26
8076 26
8077 24
8078 34
8079 26
8080 20
8081 28
8082 26
8083 24
8084 30
8085 22
8086 20
8087 22
8088 32
8089 26
8090 28
8091 44
8092 32
8093 22
8094 28
8095 26
8096 34
8097 22
8098 24
8099 24
8100 18
8101 30
8102 24
8103 32
8104 20
8105 22
8106 22
8107 26
8108 26
8109 26
8110 22
8111 22
8112 20
8113 16
8114 20
8115 34
8116 26
8117 20
8118 20
8119 26
8120 20
8121 22
8122 26
8123 18
8124 28
8125 32
8126 20
8127 24
8128 18
8129 18
8130 30
8131 22
8132 34
8133 24
8134 22
8135 24
8136 28
8137 28
8138 26
8139 24
8140 20
8141 18
8142 24
8143 38
8144 20
8145 30
8146 28
8147 26
8148 22
8149 22
8150 18
8151 32
8152 20
8153 20
8154 26
8155 24
8156 18
8157 22
8158 14
8159 22
8160 18
8161 24
8162 20
8163 38
8164 26
8165 20
8166 18
8167 34
8168 20
8169 30
8170 28
8171 36
8172 20
8173 22
8174 26
8175 22
8176 16
8177 18
8178 28
8179 24
8180 20
8181 14
8182 26
8183 20
8184 20
8185 28
8186 28
8187 16
8188 26
8189 30
8190 20
8191 28
8192 16
8193 36
8194 24
8195 20
8196 14
8197 32
8198 24
8199 20
8200 18
8201 22
8202 22
8203 16
8204 20
8205 16
8206 16
8207 16
8208 16
8209 22
8210 28
8211 20
8212 22
8213 22
8214 18
8215 24
8216 20
8217 20
8218 24
8219 20
8220 20
8221 26
8222 18
8223 36
8224 26
8225 26
8226 30
8227 26
8228 22
8229 28
8230 22
8231 44
8232 20
8233 20
8234 28
8235 20
8236 24
8237 24
8238 26
8239 24
8240 24
8241 38
8242 24
8243 32
8244 24
8245 22
8246 26
8247 26
8248 22
8249 30
8250 22
8251 22
8252 16
8253 16
8254 24
8255 18
8256 26
8257 20
8258 24
8259 28
8260 22
8261 18
8262 24
8263 26
8264 20
8265 16
8266 22
8267 20
8268 22
8269 30
8270 18
8271 18
8272 22
8273 24
8274 26
8275 42
8276 24
8277 22
8278 34
8279 22
8280 24
8281 16
8282 20
8283 18
8284 28
8285 28
8286 18
8287 46
8288 28
8289 22
8290 18
8291 16
8292 20
8293 32
8294 28
8295 10
8296 20
8297 16
8298 24
8299 24
8300 20
8301 28
8302 20
8303 16
8304 18
8305 28
8306 32
8307 38
8308 20
8309 20
8310 26
8311 22
8312 22
8313 30
8314 28
8315 14
8316 22
8317 20
8318 36
8319 28
8320 28
8321 24
8322 14
8323 24
8324 24
8325 30
8326 16
8327 42
8328 16
8329 28
8330 26
8331 18
8332 26
8333 18
8334 24
8335 18
8336 12
8337 20
8338 28
8339 22
8340 18
8341 18
8342 42
8343 24
8344 28
8345 22
8346 20
8347 20
8348 20
8349 14
8350 18
8351 28
8352 28
8353 22
8354 20
8355 20
8356 16
8357 20
8358 16
8359 16
8360 20
8361 24
8362 28
8363 30
8364 18
8365 24
8366 22
8367 26
8368 20
8369 20
8370 18
8371 24
8372 32
8373 32
8374 30
8375 24
8376 26
8377 22
8378 36
8379 20
8380 26
8381 22
8382 32
8383 24
8384 22
8385 30
8386 30
8387 28
8388 28
8389 28
8390 20
8391 28
8392 24
8393 32
8394 22
8395 24
8396 26
8397 20
8398 28
8399 20
8400 16
8401 14
8402 20
8403 20
8404 24
8405 22
8406 16
8407 22
8408 24
8409 22
8410 22
8411 22
8412 26
8413 22
8414 20
8415 28
8416 20
8417 16
8418 26
8419 20
8420 34
8421 18
8422 22
8423 26
8424 14
8425 18
8426 18
8427 22
8428 28
8429 24
8430 18
8431 26
8432 24
8433 20
8434 18
8435 14
8436 24
8437 24
8438 22
8439 28
8440 28
8441 30
8442 26
8443 20
8444 22
8445 18
8446 20
8447 16
8448 20
8449 18
8450 22
8451 36
8452 26
8453 34
8454 34
8455 32
8456 24
8457 24
8458 28
8459 26
8460 22
8461 46
8462 24
8463 20
8464 28
8465 26
8466 20
8467 26
8468 34
8469 26
8470 20
8471 38
8472 26
8473 16
8474 14
8475 20
8476 26
8477 30
8478 22
8479 26
8480 14
8481 22
8482 18
8483 18
8484 22
8485 28
8486 16
8487 24
8488 32
8489 20
8490 22
8491 18
8492 28
8493 26
8494 26
8495 22
8496 20
8497 20
8498 26
8499 16
8500 24
8501 22
8502 32
8503 20
8504 22
8505 26
8506 24
8507 20
8508 22
8509 22
8510 36
8511 18
8512 22
8513 22
8514 18
8515 20
8516 30
8517 28
8518 18
8519 24
8520 50
8521 22
8522 22
8523 22
8524 22
8525 32
8526 18
8527 20
8528 26
8529 20
8530 20
8531 28
8532 22
8533 22
8534 28
8535 18
8536 18
8537 20
8538 20
8539 16
8540 20
8541 18
8542 26
8543 18
8544 24
8545 18
8546 22
8547 24
8548 24
8549 28
8550 26
8551 24
8552 22
8553 24
8554 20
8555 20
8556 20
8557 18
8558 16
8559 16
8560 26
8561 20
8562 28
8563 26
8564 16
8565 22
8566 20
8567 14
8568 32
8569 24
8570 20
8571 20
8572 24
8573 26
8574 12
8575 16
8576 26
8577 24
8578 26
8579 18
8580 28
8581 20
8582 30
8583 26
8584 22
8585 26
8586 42
8587 20
8588 16
8589 26
8590 28
8591 38
8592 18
8593 22
8594 24
8595 18
8596 24
8597 48
8598 26
8599 26
8600 30
8601 30
8602 24
8603 32
8604 28
8605 22
8606 24
8607 30
8608 24
8609 30
8610 24
8611 32
8612 24
8613 30
8614 18
8615 20
8616 32
8617 14
8618 44
8619 22
8620 28
8621 14
8622 22
8623 26
8624 26
8625 18
8626 20
8627 18
8628 16
8629 24
8630 20
8631 24
8632 18
8633 22
8634 28
8635 24
8636 42
8637 20
8638 22
8639 24
8640 12
8641 24
8642 18
8643 30
8644 26
8645 24
8646 16
8647 26
8648 14
8649 26
8650 24
8651 14
8652 32
8653 28
8654 24
8655 26
8656 16
8657 22
8658 28
8659 24
8660 28
8661 24
8662 20
8663 40
8664 24
8665 28
8666 20
8667 26
8668 30
8669 24
8670 20
8671 28
8672 22
8673 20
8674 32
8675 20
8676 26
8677 20
8678 24
8679 30
8680 22
8681 18
8682 24
8683 22
8684 20
8685 28
8686 16
8687 26
8688 26
8689 26
8690 20
8691 14
8692 24
8693 22
8694 18
8695 18
8696 26
8697 24
8698 14
8699 18
8700 16
8701 20
8702 20
8703 24
8704 26
8705 22
8706 28
8707 22
8708 18
8709 24
8710 22
8711 34
8712 14
8713 22
8714 24
8715 20
8716 16
8717 24
8718 12
8719 32
8720 20
8721 20
8722 26
8723 24
8724 20
8725 32
8726 24
8727 16
8728 28
8729 20
8730 14
8731 24
8732 20
8733 14
8734 14
8735 16
8736 24
8737 24
8738 54
8739 24
8740 30
8741 32
8742 26
8743 18
8744 34
8745 48
8746 26
8747 28
8748 32
8749 18
8750 28
8751 22
8752 24
8753 28
8754 22
8755 24
8756 24
8757 22
8758 22
8759 16
8760 44
8761 24
8762 38
8763 26
8764 22
8765 20
8766 28
8767 34
8768 26
8769 24
8770 26
8771 26
8772 34
8773 28
8774 30
8775 22
8776 20
8777 26
8778 20
8779 46
8780 22
8781 32
8782 30
8783 24
8784 14
8785 20
8786 18
8787 22
8788 24
8789 22
8790 24
8791 26
8792 26
8793 30
8794 18
8795 22
8796 24
8797 26
8798 24
8799 20
8800 22
8801 22
8802 24
8803 18
8804 14
8805 38
8806 20
8807 18
8808 20
8809 24
8810 26
8811 18
8812 32
8813 26
8814 14
8815 58
8816 18
8817 20
8818 18
8819 24
8820 18
8821 32
8822 22
8823 32
8824 20
8825 14
8826 42
8827 18
8828 26
8829 22
8830 18
8831 28
8832 24
8833 12
8834 22
8835 22
8836 26
8837 20
8838 28
8839 28
8840 28
8841 24
8842 38
8843 22
8844 14
8845 22
8846 20
8847 22
8848 18
8849 28
8850 24
8851 30
8852 24
8853 16
8854 20
8855 20
8856 20
8857 28
8858 20
8859 16
8860 18
8861 16
8862 14
8863 26
8864 16
8865 22
8866 28
8867 22
8868 16
8869 20
8870 24
8871 22
8872 22
8873 18
8874 24
8875 24
8876 22
8877 22
8878 26
8879 28
8880 16
8881 28
8882 16
8883 32
8884 20
8885 20
8886 28
8887 24
8888 32
8889 28
8890 26
8891 22
8892 24
8893 16
8894 24
8895 24
8896 20
8897 74
8898 22
8899 34
8900 30
8901 14
8902 26
8903 30
8904 40
8905 40
8906 16
8907 18
8908 20
8909 20
8910 20
8911 20
8912 22
8913 22
8914 40
8915 18
8916 22
8917 24
8918 24
8919 14
8920 24
8921 26
8922 20
8923 10
8924 36
8925 22
8926 26
8927 22
8928 32
8929 30
8930 24
8931 32
8932 24
8933 24
8934 24
8935 16
8936 60
8937 30
8938 26
8939 28
8940 22
8941 18
8942 24
8943 32
8944 20
8945 16
8946 24
8947 22
8948 24
8949 28
8950 18
8951 34
8952 20
8953 14
8954 22
8955 14
8956 30
8957 20
8958 10
8959 26
8960 20
8961 26
8962 20
8963 24
8964 20
8965 20
8966 38
8967 62
8968 26
8969 28
8970 38
8971 22
8972 28
8973 18
8974 26
8975 16
8976 16
8977 18
8978 16
8979 18
8980 20
8981 26
8982 26
8983 14
8984 20
8985 20
8986 34
8987 30
8988 20
8989 26
8990 30
8991 16
8992 38
8993 24
8994 18
8995 22
8996 24
8997 26
8998 28
8999 22
9000 18
9001 30
9002 18
9003 16
9004 18
9005 26
9006 16
9007 20
9008 34
9009 24
9010 24
9011 20
9012 18
9013 24
9014 24
9015 22
9016 24
9017 34
9018 16
9019 16
9020 28
9021 20
9022 26
9023 12
9024 34
9025 32
9026 22
9027 24
9028 28
9029 28
9030 24
9031 14
9032 30
9033 24
9034 32
9035 18
9036 22
9037 24
9038 30
9039 26
9040 30
9041 28
9042 20
9043 20
9044 28
9045 24
9046 18
9047 34
9048 24
9049 12
9050 20
9051 58
9052 22
9053 20
9054 46
9055 16
9056 10
9057 38
9058 26
9059 18
9060 32
9061 20
9062 22
9063 18
9064 16
9065 18
9066 28
9067 30
9068 24
9069 20
9070 32
9071 18
9072 22
9073 18
9074 20
9075 36
9076 18
9077 18
9078 16
9079 24
9080 32
9081 34
9082 28
9083 30
9084 24
9085 20
9086 28
9087 30
9088 22
9089 22
9090 16
9091 26
9092 20
9093 28
9094 18
9095 18
9096 24
9097 18
9098 28
9099 18
9100 24
9101 18
9102 24
9103 28
9104 28
9105 22
9106 26
9107 20
9108 20
9109 28
9110 22
9111 26
9112 30
9113 30
9114 22
9115 42
9116 26
9117 22
9118 18
9119 28
9120 24
9121 36
9122 34
9123 20
9124 16
9125 22
9126 16
9127 24
9128 22
9129 22
9130 16
9131 24
9132 22
9133 26
9134 30
9135 24
9136 16
9137 22
9138 46
9139 22
9140 26
9141 24
9142 22
9143 24
9144 28
9145 18
9146 24
9147 24
9148 16
9149 22
9150 18
9151 58
9152 22
9153 22
9154 24
9155 20
9156 16
9157 18
9158 18
9159 22
9160 22
9161 26
9162 22
9163 22
9164 24
9165 28
9166 26
9167 40
9168 22
9169 24
9170 16
9171 34
9172 50
9173 24
9174 22
9175 24
9176 20
9177 24
9178 48
9179 22
9180 18
9181 20
9182 24
9183 28
9184 20
9185 24
9186 30
9187 22
9188 24
9189 20
9190 36
9191 36
9192 24
9193 28
9194 18
9195 22
9196 30
9197 20
9198 14
9199 24
9200 34
9201 18
9202 18
9203 26
9204 20
9205 38
9206 20
9207 20
9208 26
9209 28
9210 22
9211 40
9212 18
9213 22
9214 20
9215 12
9216 24
9217 22
9218 22
9219 22
9220 22
9221 20
9222 14
9223 18
9224 20
9225 20
9226 26
9227 22
9228 20
9229 24
9230 18
9231 22
9232 26
9233 18
9234 20
9235 24
9236 26
9237 20
9238 20
9239 20
9240 28
9241 16
9242 30
9243 38
9244 26
9245 32
9246 36
9247 24
9248 22
9249 26
9250 14
9251 30
9252 20
9253 12
9254 20
9255 30
9256 26
9257 22
9258 20
9259 28
9260 22
9261 22
9262 24
9263 20
9264 24
9265 18
9266 22
9267 36
9268 16
9269 44
9270 24
9271 30
9272 28
9273 26
9274 20
9275 34
9276 18
9277 42
9278 24
9279 28
9280 18
9281 22
9282 28
9283 18
9284 18
9285 30
9286 24
9287 20
9288 18
9289 20
9290 26
9291 22
9292 30
9293 22
9294 22
9295 24
9296 18
9297 34
9298 20
9299 22
9300 20
9301 22
9302 30
9303 22
9304 26
9305 16
9306 30
9307 20
9308 32
9309 22
9310 26
9311 16
9312 22
9313 18
9314 18
9315 22
9316 24
9317 24
9318 22
9319 26
9320 30
9321 20
9322 26
9323 24
9324 16
9325 26
9326 20
9327 20
9328 28
9329 22
9330 40
9331 22
9332 14
9333 22
9334 28
9335 28
9336 24
9337 26
9338 30
9339 18
9340 26
9341 20
9342 20
9343 22
9344 26
9345 30
9346 26
9347 42
9348 20
9349 24
9350 32
9351 22
9352 20
9353 16
9354 24
9355 38
9356 36
9357 26
9358 26
9359 28
9360 24
9361 22
9362 24
9363 18
9364 20
9365 16
9366 30
9367 14
9368 20
9369 18
9370 52
9371 24
9372 24
9373 26
9374 32
9375 22
9376 22
9377 18
9378 30
9379 22
9380 26
9381 14
9382 24
9383 20
9384 14
9385 28
9386 18
9387 24
9388 42
9389 14
9390 18
9391 40
9392 14
9393 24
9394 22
9395 12
9396 24
9397 30
9398 18
9399 28
9400 26
9401 16
9402 20
9403 26
9404 28
9405 22
9406 22
9407 22
9408 20
9409 16
9410 18
9411 24
9412 18
9413 26
9414 32
9415 22
9416 26
9417 24
9418 22
9419 14
9420 20
9421 18
9422 30
9423 20
9424 30
9425 30
9426 32
9427 18
9428 24
9429 24
9430 24
9431 16
9432 28
9433 28
9434 18
9435 18
9436 24
9437 22
9438 28
9439 20
9440 24
9441 10
9442 22
9443 32
9444 20
9445 28
9446 38
9447 26
9448 46
9449 18
9450 14
9451 20
9452 22
9453 18
9454 20
9455 26
9456 18
9457 18
9458 18
9459 22
9460 24
9461 22
9462 38
9463 16
9464 20
9465 26
9466 26
9467 24
9468 28
9469 22
9470 34
9471 22
9472 20
9473 26
9474 20
9475 26
9476 16
9477 22
9478 22
9479 26
9480 24
9481 20
9482 18
9483 34
9484 24
9485 26
9486 16
9487 18
9488 26
9489 22
9490 28
9491 20
9492 26
9493 38
9494 32
9495 30
9496 28
9497 42
9498 28
9499 22
9500 40
9501 28
9502 36
9503 28
9504 26
9505 14
9506 24
9507 22
9508 24
9509 28
9510 18
9511 22
9512 30
9513 20
9514 22
9515 26
9516 26
9517 22
9518 12
9519 28
9520 22
9521 22
9522 24
9523 22
9524 14
9525 20
9526 26
9527 24
9528 26
9529 18
9530 16
9531 30
9532 26
9533 28
9534 14
9535 30
9536 22
9537 20
9538 20
9539 34
9540 32
9541 40
9542 26
9543 26
9544 18
9545 18
9546 14
9547 18
9548 30
9549 26
9550 22
9551 18
9552 26
9553 22
9554 20
9555 30
9556 24
9557 34
9558 34
9559 20
9560 22
9561 20
9562 34
9563 36
9564 16
9565 24
9566 22
9567 32
9568 22
9569 18
9570 18
9571 20
9572 20
9573 26
9574 24
9575 12
9576 28
9577 32
9578 28
9579 22
9580 28
9581 16
9582 34
9583 20
9584 24
9585 18
9586 22
9587 22
9588 26
9589 30
9590 22
9591 24
9592 30
9593 22
9594 24
9595 16
9596 24
9597 24
9598 20
9599 14
9600 28
9601 36
9602 24
9603 28
9604 20
9605 18
9606 22
9607 26
9608 28
9609 20
9610 30
9611 22
9612 20
9613 26
9614 42
9615 28
9616 28
9617 22
9618 22
9619 14
9620 18
9621 22
9622 64
9623 18
9624 24
9625 16
9626 16
9627 18
9628 42
9629 18
9630 24
9631 24
9632 14
9633 28
9634 20
9635 18
9636 24
9637 22
9638 20
9639 30
9640 26
9641 34
9642 26
9643 24
9644 44
9645 22
9646 28
9647 24
9648 24
9649 22
9650 30
9651 22
9652 20
9653 18
9654 30
9655 24
9656 18
9657 20
9658 24
9659 20
9660 26
9661 30
9662 18
9663 14
9664 20
9665 36
9666 18
9667 18
9668 30
9669 24
9670 64
9671 14
9672 30
9673 28
9674 24
9675 24
9676 26
9677 18
9678 16
9679 28
9680 22
9681 22
9682 14
9683 20
9684 18
9685 28
9686 14
9687 28
9688 28
9689 20
9690 20
9691 30
9692 24
9693 24
9694 20
9695 20
9696 16
9697 18
9698 24
9699 18
9700 22
9701 24
9702 22
9703 20
9704 28
9705 22
9706 46
9707 18
9708 22
9709 32
9710 22
9711 24
9712 26
9713 20
9714 14
9715 22
9716 34
9717 38
9718 28
9719 14
9720 32
9721 22
9722 20
9723 20
9724 22
9725 22
9726 34
9727 62
9728 18
9729 26
9730 22
9731 22
9732 16
9733 28
9734 18
9735 24
9736 28
9737 26
9738 20
9739 26
9740 22
9741 24
9742 20
9743 16
9744 20
9745 28
9746 22
9747 22
9748 16
9749 18
9750 24
9751 26
9752 24
9753 20
9754 20
9755 18
9756 24
9757 22
9758 18
9759 22
9760 14
9761 24
9762 18
9763 24
9764 34
9765 32
9766 28
9767 22
9768 24
9769 24
9770 24
9771 22
9772 26
9773 26
9774 24
9775 30
9776 28
9777 24
9778 28
9779 28
9780 24
9781 34
9782 34
9783 30
9784 28
9785 26
9786 18
9787 28
9788 26
9789 14
9790 24
9791 26
9792 20
9793 26
9794 20
9795 36
9796 26
9797 22
9798 38
9799 24
9800 28
9801 46
9802 52
9803 24
9804 16
9805 26
9806 26
9807 20
9808 22
9809 26
9810 20
9811 40
9812 36
9813 22
9814 24
9815 30
9816 30
9817 28
9818 24
9819 18
9820 28
9821 26
9822 24
9823 44
9824 20
9825 40
9826 18
9827 16
9828 28
9829 22
9830 22
9831 28
9832 24
9833 20
9834 26
9835 20
9836 24
9837 20
9838 16
9839 24
9840 22
9841 24
9842 24
9843 20
9844 20
9845 30
9846 16
9847 20
9848 22
9849 28
9850 28
9851 22
9852 26
9853 24
9854 26
9855 24
9856 42
9857 22
9858 32
9859 28
9860 32
9861 28
9862 22
9863 38
9864 30
9865 26
9866 22
9867 24
9868 32
9869 28
9870 24
9871 26
9872 14
9873 22
9874 30
9875 18
9876 20
9877 24
9878 22
9879 26
9880 24
9881 18
9882 24
9883 16
9884 16
9885 20
9886 20
9887 28
9888 22
9889 16
9890 20
9891 22
9892 26
9893 32
9894 24
9895 28
9896 20
9897 24
9898 18
9899 22
9900 20
9901 18
9902 16
9903 20
9904 30
9905 24
9906 28
9907 14
9908 24
9909 26
9910 40
9911 20
9912 32
9913 20
9914 40
9915 20
9916 20
9917 16
9918 20
9919 20
9920 26
9921 16
9922 20
9923 20
9924 24
9925 48
9926 24
9927 34
9928 16
9929 16
9930 18
9931 24
9932 28
9933 18
9934 18
9935 16
9936 18
9937 20
9938 24
9939 18
9940 18
9941 28
9942 24
9943 20
9944 24
9945 28
9946 22
9947 26
9948 18
9949 18
9950 16
9951 18
9952 26
9953 26
9954 24
9955 46
9956 22
9957 16
9958 26
9959 24
9960 28
9961 22
9962 18
9963 32
9964 26
9965 26
9966 24
9967 26
9968 30
9969 24
9970 24
9971 28
9972 18
9973 18
9974 20
9975 44
9976 24
9977 16
9978 18
9979 26
9980 32
9981 32
9982 28
9983 24
9984 28
9985 28
9986 26
9987 20
9988 24
9989 16
9990 14
9991 28
9992 26
9993 22
9994 20
9995 28
9996 18
9997 16
9998 26
9999 28
10000 12
10001 28
10002 22
10003 26
10004 20
10005 26
10006 42
10007 24
10008 34
10009 26
10010 26
10011 34
10012 20
10013 22
10014 24
10015 34
10016 16
10017 28
10018 26
10019 18
10020 30
10021 34
10022 26
10023 20
10024 28
10025 16
10026 22
10027 26
10028 22
10029 28
10030 26
10031 46
10032 24
10033 24
10034 20
10035 26
10036 28
10037 28
10038 32
10039 28
10040 22
10041 20
10042 16
10043 30
10044 30
10045 26
10046 16
10047 30
10048 24
10049 14
10050 20
10051 26
10052 26
10053 26
10054 26
10055 22
10056 22
10057 22
10058 36
10059 30
10060 20
10061 26
10062 14
10063 28
10064 18
10065 26
10066 52
10067 38
10068 22
10069 24
10070 16
10071 24
10072 34
10073 14
10074 22
10075 22
10076 28
10077 22
10078 28
10079 20
10080 22
10081 22
10082 22
10083 26
10084 20
10085 32
10086 20
10087 22
10088 22
10089 22
10090 20
10091 24
10092 26
10093 24
10094 44
10095 26
10096 26
10097 24
10098 26
10099 28
