100 16
101 14
102 14
103 14
104 14
105 12
106 20
107 14
108 12
109 14
110 14
111 16
112 14
113 14
114 8
115 14
116 12
117 14
118 14
119 16
120 8
121 14
122 6
123 14
124 14
125 12
126 14
127 16
128 12
129 12
130 14
131 18
132 12
133 14
134 16
135 14
136 10
137 14
138 14
139 8
140 16
141 14
142 10
143 20
144 22
145 16
146 16
147 12
148 12
149 14
150 24
151 14
152 20
153 18
154 14
155 14
156 12
157 14
158 14
159 12
160 20
161 18
162 18
163 14
164 10
165 18
166 18
167 16
168 12
169 10
170 12
171 16
172 8
173 16
174 12
175 16
176 14
177 16
178 10
179 12
180 14
181 8
182 16
183 10
184 28
185 16
186 16
187 12
188 14
189 16
190 12
191 14
192 6
193 10
194 14
195 16
196 14
197 10
198 16
199 12
200 16
201 16
202 10
203 28
204 14
205 10
206 12
207 14
208 14
209 12
210 12
211 14
212 8
213 12
214 14
215 12
216 14
217 12
218 12
219 14
220 16
221 14
222 8
223 14
224 24
225 18
226 44
227 12
228 12
229 10
230 12
231 10
232 18
233 14
234 14
235 10
236 18
237 16
238 18
239 14
240 14
241 12
242 14
243 14
244 16
245 16
246 10
247 10
248 10
249 14
250 16
251 16
252 14
253 12
254 20
255 14
256 12
257 14
258 14
259 10
260 20
261 14
262 18
263 18
264 26
265 20
266 18
267 14
268 10
269 16
270 12
271 24
272 16
273 16
274 22
275 18
276 10
277 14
278 18
279 16
280 14
281 14
282 12
283 16
284 18
285 16
286 12
287 12
288 16
289 16
290 12
291 22
292 12
293 12
294 16
295 20
296 14
297 18
298 20
299 14
300 18
301 12
302 18
303 18
304 22
305 20
306 22
307 18
308 16
309 16
310 8
311 14
312 10
313 14
314 18
315 14
316 16
317 16
318 8
319 14
320 14
321 26
322 16
323 14
324 14
325 6
326 16
327 12
328 14
329 14
330 14
331 14
332 10
333 16
334 20
335 18
336 14
337 16
338 18
339 18
340 14
341 14
342 14
343 14
344 26
345 14
346 14
347 18
348 14
349 12
350 22
351 20
352 18
353 14
354 10
355 16
356 12
357 14
358 14
359 10
360 16
361 10
362 16
363 12
364 16
365 16
366 10
367 18
368 12
369 12
370 14
371 12
372 14
373 10
374 14
375 16
376 16
377 14
378 16
379 18
380 16
381 14
382 14
383 14
384 20
385 12
386 18
387 16
388 12
389 12
390 10
391 12
392 16
393 18
394 18
395 12
396 14
397 14
398 26
399 10
400 14
401 18
402 12
403 16
404 12
405 14
406 18
407 16
408 16
409 14
410 16
411 10
412 14
413 14
414 16
415 14
416 18
417 16
418 16
419 22
420 16
421 16
422 14
423 22
424 16
425 18
426 22
427 12
428 16
429 22
430 10
431 14
432 18
433 14
434 16
435 36
436 44
437 18
438 28
439 20
440 16
441 22
442 22
443 20
444 18
445 14
446 18
447 14
448 38
449 20
450 18
451 16
452 20
453 18
454 20
455 24
456 20
457 16
458 14
459 22
460 20
461 18
462 12
463 16
464 14
465 16
466 14
467 18
468 16
469 18
470 14
471 20
472 16
473 12
474 16
475 22
476 12
477 16
478 20
479 24
480 20
481 14
482 18
483 14
484 22
485 20
486 20
487 20
488 16
489 22
490 18
491 16
492 14
493 16
494 16
495 18
496 12
497 20
498 14
499 16
500 16
501 22
502 14
503 16
504 16
505 16
506 14
507 12
508 24
509 22
510 16
511 16
512 16
513 14
514 14
515 14
516 12
517 18
518 18
519 18
520 12
521 14
522 16
523 20
524 26
525 18
526 24
527 22
528 18
529 12
530 18
531 18
532 16
533 12
534 14
535 26
536 16
537 14
538 10
539 20
540 18
541 16
542 14
543 14
544 20
545 16
546 16
547 14
548 14
549 16
550 20
551 18
552 12
553 12
554 20
555 18
556 20
557 8
558 16
559 20
560 16
561 18
562 14
563 20
564 18
565 16
566 16
567 20
568 14
569 20
570 14
571 14
572 18
573 34
574 12
575 28
576 12
577 20
578 16
579 14
580 14
581 14
582 28
583 16
584 16
585 10
586 14
587 14
588 12
589 14
590 20
591 28
592 20
593 18
594 10
595 18
596 18
597 14
598 22
599 16
600 16
601 18
602 16
603 14
604 14
605 18
606 12
607 14
608 20
609 12
610 14
611 14
612 10
613 18
614 18
615 10
616 12
617 12
618 16
619 18
620 16
621 16
622 12
623 14
624 16
625 22
626 30
627 30
628 18
629 14
630 20
631 16
632 20
633 34
634 20
635 22
636 10
637 20
638 14
639 18
640 16
641 16
642 20
643 16
644 22
645 18
646 14
647 18
648 18
649 24
650 16
651 14
652 16
653 14
654 14
655 12
656 20
657 32
658 16
659 32
660 16
661 16
662 22
663 20
664 30
665 18
666 20
667 22
668 20
669 22
670 12
671 30
672 14
673 18
674 22
675 14
676 16
677 14
678 14
679 20
680 16
681 18
682 16
683 14
684 10
685 18
686 18
687 26
688 16
689 18
690 12
691 12
692 16
693 20
694 20
695 18
696 46
697 16
698 16
699 18
700 14
701 18
702 12
703 22
704 16
705 12
706 8
707 26
708 18
709 16
710 12
711 14
712 18
713 10
714 18
715 18
716 18
717 14
718 12
719 18
720 22
721 14
722 20
723 14
724 16
725 16
726 20
727 40
728 18
729 18
730 16
731 10
732 14
733 16
734 18
735 14
736 18
737 12
738 12
739 38
740 18
741 20
742 16
743 14
744 18
745 14
746 18
747 18
748 14
749 10
750 16
751 16
752 20
753 16
754 14
755 14
756 12
757 16
758 14
759 14
760 14
761 10
762 14
763 16
764 14
765 16
766 30
767 14
768 18
769 12
770 26
771 14
772 14
773 16
774 30
775 18
776 22
777 18
778 18
779 14
780 24
781 20
782 24
783 22
784 20
785 14
786 20
787 24
788 16
789 20
790 28
791 22
792 26
793 36
794 14
795 16
796 14
797 16
798 20
799 16
800 14
801 22
802 10
803 14
804 12
805 16
806 16
807 28
808 20
809 18
810 22
811 16
812 18
813 20
814 22
815 18
816 12
817 20
818 32
819 14
820 20
821 18
822 18
823 24
824 20
825 22
826 26
827 16
828 18
829 18
830 14
831 22
832 24
833 16
834 12
835 28
836 14
837 16
838 22
839 20
840 16
841 14
842 14
843 24
844 22
845 16
846 28
847 14
848 20
849 20
850 14
851 16
852 30
853 14
854 14
855 14
856 12
857 20
858 32
859 22
860 16
861 14
862 18
863 18
864 18
865 18
866 16
867 18
868 24
869 24
870 26
871 16
872 18
873 14
874 14
875 14
876 14
877 20
878 18
879 16
880 12
881 12
882 18
883 14
884 16
885 12
886 18
887 14
888 16
889 22
890 12
891 14
892 20
893 16
894 18
895 10
896 12
897 14
898 20
899 20
900 30
901 18
902 18
903 14
904 16
905 18
906 18
907 16
908 18
909 18
910 18
911 18
912 12
913 20
914 18
915 18
916 16
917 18
918 18
919 14
920 12
921 18
922 24
923 18
924 22
925 16
926 14
927 18
928 14
929 22
930 14
931 16
932 8
933 14
934 12
935 16
936 24
937 16
938 10
939 22
940 30
941 16
942 20
943 18
944 20
945 18
946 18
947 16
948 20
949 20
950 14
951 20
952 16
953 14
954 22
955 16
956 38
957 20
958 18
959 12
960 20
961 14
962 16
963 14
964 10
965 18
966 30
967 20
968 58
969 26
970 18
971 16
972 14
973 22
974 12
975 20
976 10
977 12
978 26
979 14
980 18
981 48
982 18
983 12
984 14
985 12
986 12
987 18
988 18
989 16
990 22
991 16
992 20
993 14
994 18
995 28
996 16
997 12
998 22
999 14
1000 16
1001 10
1002 18
1003 16
1004 12
1005 16
1006 18
1007 18
1008 26
1009 12
1010 18
1011 42
1012 24
1013 18
1014 14
1015 20
1016 12
1017 10
1018 22
1019 16
1020 20
1021 12
1022 14
1023 16
1024 16
1025 20
1026 10
1027 16
1028 14
1029 14
1030 12
1031 14
1032 14
1033 22
1034 18
1035 16
1036 16
1037 16
1038 16
1039 16
1040 20
1041 10
1042 18
1043 18
1044 16
1045 18
1046 16
1047 14
1048 14
1049 16
1050 24
1051 14
1052 18
1053 12
1054 14
1055 18
1056 16
1057 14
1058 18
1059 12
1060 18
1061 18
1062 12
1063 14
1064 24
1065 18
1066 16
1067 14
1068 22
1069 18
1070 18
1071 26
1072 16
1073 22
1074 26
1075 18
1076 14
1077 20
1078 20
1079 22
1080 20
1081 20
1082 22
1083 26
1084 20
1085 18
1086 16
1087 22
1088 18
1089 24
1090 16
1091 20
1092 20
1093 20
1094 12
1095 18
1096 18
1097 12
1098 26
1099 16
1100 24
1101 14
1102 34
1103 14
1104 20
1105 16
1106 26
1107 18
1108 18
1109 14
1110 12
1111 26
1112 14
1113 14
1114 20
1115 16
1116 20
1117 18
1118 16
1119 16
1120 18
1121 20
1122 20
1123 20
1124 14
1125 12
1126 20
1127 16
1128 18
1129 12
1130 16
1131 18
1132 12
1133 18
1134 16
1135 20
1136 18
1137 14
1138 20
1139 12
1140 20
1141 24
1142 20
1143 32
1144 22
1145 18
1146 20
1147 20
1148 12
1149 20
1150 20
1151 16
1152 12
1153 20
1154 16
1155 20
1156 16
1157 14
1158 16
1159 14
1160 20
1161 12
1162 14
1163 18
1164 14
1165 16
1166 18
1167 18
1168 16
1169 20
1170 22
1171 18
1172 20
1173 18
1174 18
1175 18
1176 12
1177 12
1178 34
1179 18
1180 24
1181 20
1182 14
1183 18
1184 16
1185 16
1186 20
1187 20
1188 14
1189 16
1190 24
1191 20
1192 14
1193 18
1194 12
1195 14
1196 22
1197 10
1198 18
1199 18
1200 18
1201 12
1202 14
1203 24
1204 22
1205 14
1206 20
1207 10
1208 20
1209 26
1210 14
1211 22
1212 16
1213 18
1214 16
1215 26
1216 18
1217 24
1218 36
1219 18
1220 18
1221 18
1222 20
1223 20
1224 18
1225 16
1226 18
1227 14
1228 12
1229 14
1230 14
1231 14
1232 12
1233 14
1234 16
1235 14
1236 18
1237 14
1238 18
1239 18
1240 18
1241 22
1242 18
1243 16
1244 16
1245 32
1246 16
1247 16
1248 22
1249 18
1250 18
1251 26
1252 20
1253 12
1254 20
1255 12
1256 14
1257 18
1258 20
1259 18
1260 14
1261 16
1262 14
1263 14
1264 16
1265 14
1266 18
1267 18
1268 16
1269 22
1270 30
1271 20
1272 20
1273 12
1274 18
1275 20
1276 14
1277 18
1278 16
1279 22
1280 20
1281 14
1282 20
1283 16
1284 22
1285 20
1286 16
1287 18
1288 18
1289 28
1290 16
1291 16
1292 14
1293 18
1294 20
1295 10
1296 10
1297 18
1298 14
1299 10
1300 16
1301 22
1302 20
1303 22
1304 26
1305 20
1306 16
1307 18
1308 22
1309 22
1310 18
1311 18
1312 12
1313 20
1314 18
1315 18
1316 18
1317 16
1318 18
1319 20
1320 24
1321 24
1322 26
1323 16
1324 20
1325 18
1326 16
1327 14
1328 18
1329 18
1330 16
1331 10
1332 16
1333 22
1334 16
1335 14
1336 20
1337 12
1338 20
1339 10
1340 28
1341 20
1342 20
1343 14
1344 16
1345 14
1346 20
1347 18
1348 16
1349 18
1350 18
1351 14
1352 16
1353 20
1354 24
1355 18
1356 12
1357 16
1358 16
1359 18
1360 12
1361 12
1362 20
1363 18
1364 18
1365 12
1366 20
1367 24
1368 20
1369 10
1370 20
1371 24
1372 14
1373 18
1374 24
1375 22
1376 22
1377 26
1378 20
1379 18
1380 14
1381 14
1382 20
1383 28
1384 20
1385 16
1386 20
1387 20
1388 24
1389 18
1390 14
1391 14
1392 26
1393 24
1394 20
1395 22
1396 14
1397 18
1398 20
1399 16
1400 22
1401 16
1402 16
1403 16
1404 28
1405 16
1406 20
1407 12
1408 22
1409 18
1410 14
1411 16
1412 26
1413 16
1414 18
1415 12
1416 14
1417 20
1418 18
1419 14
1420 16
1421 32
1422 24
1423 18
1424 18
1425 16
1426 22
1427 20
1428 20
1429 16
1430 10
1431 20
1432 18
1433 22
1434 20
1435 12
1436 14
1437 16
1438 14
1439 20
1440 16
1441 16
1442 20
1443 14
1444 20
1445 22
1446 20
1447 18
1448 24
1449 18
1450 18
1451 24
1452 26
1453 18
1454 22
1455 26
1456 20
1457 14
1458 18
1459 22
1460 46
1461 22
1462 20
1463 16
1464 18
1465 24
1466 16
1467 20
1468 14
1469 24
1470 16
1471 24
1472 18
1473 18
1474 16
1475 22
1476 18
1477 14
1478 12
1479 18
1480 16
1481 18
1482 24
1483 16
1484 16
1485 24
1486 16
1487 18
1488 14
1489 26
1490 20
1491 16
1492 22
1493 36
1494 22
1495 20
1496 16
1497 20
1498 22
1499 22
1500 18
1501 18
1502 16
1503 18
1504 16
1505 20
1506 18
1507 18
1508 26
1509 14
1510 26
1511 16
1512 22
1513 18
1514 20
1515 12
1516 28
1517 18
1518 30
1519 30
1520 14
1521 14
1522 18
1523 14
1524 20
1525 20
1526 16
1527 14
1528 14
1529 18
1530 26
1531 16
1532 18
1533 20
1534 36
1535 22
1536 22
1537 16
1538 18
1539 20
1540 18
1541 20
1542 24
1543 22
1544 14
1545 22
1546 16
1547 26
1548 22
1549 18
1550 24
1551 20
1552 18
1553 20
1554 16
1555 22
1556 22
1557 12
1558 30
1559 14
1560 16
1561 18
1562 16
1563 20
1564 16
1565 24
1566 20
1567 20
1568 14
1569 38
1570 16
1571 18
1572 18
1573 10
1574 24
1575 20
1576 18
1577 20
1578 16
1579 18
1580 26
1581 22
1582 14
1583 26
1584 24
1585 18
1586 22
1587 16
1588 22
1589 18
1590 22
1591 22
1592 18
1593 20
1594 24
1595 16
1596 26
1597 20
1598 20
1599 22
1600 44
1601 26
1602 26
1603 24
1604 20
1605 28
1606 32
1607 20
1608 22
1609 10
1610 18
1611 20
1612 12
1613 18
1614 16
1615 18
1616 22
1617 28
1618 12
1619 24
1620 22
1621 18
1622 32
1623 14
1624 18
1625 16
1626 14
1627 16
1628 24
1629 18
1630 14
1631 24
1632 22
1633 18
1634 22
1635 28
1636 18
1637 16
1638 14
1639 22
1640 16
1641 20
1642 22
1643 16
1644 18
1645 22
1646 14
1647 20
1648 12
1649 18
1650 24
1651 22
1652 18
1653 20
1654 20
1655 16
1656 14
1657 12
1658 16
1659 16
1660 14
1661 14
1662 10
1663 20
1664 16
1665 18
1666 28
1667 20
1668 26
1669 24
1670 14
1671 18
1672 24
1673 18
1674 40
1675 22
1676 20
1677 16
1678 14
1679 18
1680 16
1681 16
1682 16
1683 16
1684 20
1685 14
1686 16
1687 16
1688 28
1689 18
1690 22
1691 14
1692 18
1693 16
1694 20
1695 18
1696 20
1697 22
1698 22
1699 18
1700 22
1701 14
1702 14
1703 16
1704 22
1705 18
1706 18
1707 22
1708 16
1709 24
1710 16
1711 18
1712 14
1713 18
1714 30
1715 12
1716 14
1717 20
1718 14
1719 20
1720 32
1721 18
1722 16
1723 16
1724 18
1725 14
1726 12
1727 16
1728 24
1729 14
1730 16
1731 14
1732 24
1733 20
1734 22
1735 12
1736 14
1737 20
1738 18
1739 24
1740 26
1741 46
1742 20
1743 16
1744 16
1745 44
1746 20
1747 22
1748 16
1749 20
1750 18
1751 10
1752 22
1753 22
1754 22
1755 18
1756 16
1757 16
1758 18
1759 16
1760 22
1761 16
1762 28
1763 20
1764 20
1765 28
1766 20
1767 16
1768 16
1769 18
1770 20
1771 18
1772 20
1773 26
1774 24
1775 18
1776 20
1777 14
1778 18
1779 48
1780 14
1781 20
1782 22
1783 18
1784 18
1785 16
1786 10
1787 22
1788 16
1789 18
1790 18
1791 26
1792 22
1793 40
1794 20
1795 16
1796 22
1797 16
1798 20
1799 18
1800 22
1801 18
1802 16
1803 12
1804 24
1805 16
1806 24
1807 20
1808 10
1809 16
1810 30
1811 26
1812 20
1813 24
1814 24
1815 22
1816 26
1817 22
1818 14
1819 20
1820 14
1821 22
1822 26
1823 16
1824 16
1825 38
1826 18
1827 18
1828 14
1829 20
1830 22
1831 16
1832 30
1833 22
1834 14
1835 16
1836 18
1837 24
1838 18
1839 22
1840 22
1841 18
1842 18
1843 22
1844 26
1845 30
1846 22
1847 14
1848 20
1849 38
1850 16
1851 20
1852 20
1853 22
1854 14
1855 16
1856 20
1857 22
1858 24
1859 24
1860 14
1861 18
1862 26
1863 22
1864 20
1865 22
1866 16
1867 10
1868 12
1869 22
1870 18
1871 14
1872 20
1873 20
1874 16
1875 20
1876 12
1877 18
1878 22
1879 22
1880 28
1881 20
1882 20
1883 24
1884 22
1885 24
1886 24
1887 22
1888 18
1889 20
1890 28
1891 22
1892 16
1893 12
1894 20
1895 22
1896 24
1897 18
1898 18
1899 20
1900 24
1901 20
1902 22
1903 16
1904 20
1905 14
1906 20
1907 20
1908 30
1909 24
1910 18
1911 20
1912 16
1913 14
1914 18
1915 22
1916 18
1917 20
1918 18
1919 20
1920 28
1921 40
1922 18
1923 16
1924 22
1925 22
1926 18
1927 16
1928 12
1929 20
1930 16
1931 12
1932 28
1933 14
1934 18
1935 34
1936 24
1937 22
1938 16
1939 16
1940 18
1941 24
1942 18
1943 14
1944 16
1945 12
1946 20
1947 18
1948 20
1949 30
1950 20
1951 26
1952 24
1953 24
1954 18
1955 20
1956 18
1957 20
1958 18
1959 18
1960 18
1961 18
1962 32
1963 34
1964 28
1965 26
1966 24
1967 22
1968 28
1969 20
1970 26
1971 20
1972 24
1973 26
1974 20
1975 24
1976 14
1977 22
1978 20
1979 20
1980 20
1981 46
1982 26
1983 16
1984 26
1985 14
1986 18
1987 22
1988 18
1989 20
1990 20
1991 16
1992 18
1993 26
1994 16
1995 14
1996 16
1997 18
1998 22
1999 20
2000 20
2001 16
2002 26
2003 14
2004 16
2005 18
2006 14
2007 16
2008 14
2009 28
2010 16
2011 24
2012 40
2013 30
2014 20
2015 18
2016 18
2017 18
2018 18
2019 28
2020 16
2021 38
2022 20
2023 14
2024 22
2025 18
2026 26
2027 22
2028 24
2029 32
2030 30
2031 14
2032 16
2033 26
2034 16
2035 18
2036 20
2037 32
2038 20
2039 24
2040 16
2041 20
2042 22
2043 20
2044 18
2045 14
2046 14
2047 18
2048 22
2049 20
2050 16
2051 22
2052 20
2053 18
2054 18
2055 16
2056 18
2057 12
2058 16
2059 22
2060 16
2061 18
2062 28
2063 30
2064 30
2065 16
2066 26
2067 16
2068 14
2069 18
2070 14
2071 16
2072 18
2073 16
2074 10
2075 14
2076 14
2077 18
2078 16
2079 22
2080 10
2081 22
2082 16
2083 20
2084 22
2085 26
2086 16
2087 24
2088 20
2089 14
2090 16
2091 16
2092 20
2093 30
2094 26
2095 24
2096 16
2097 20
2098 22
2099 16
2100 24
2101 22
2102 14
2103 20
2104 12
2105 26
2106 16
2107 20
2108 18
2109 16
2110 12
2111 22
2112 18
2113 16
2114 22
2115 18
2116 18
2117 18
2118 16
2119 14
2120 16
2121 24
2122 16
2123 24
2124 22
2125 20
2126 22
2127 34
2128 18
2129 20
2130 18
2131 22
2132 20
2133 18
2134 14
2135 24
2136 18
2137 16
2138 20
2139 16
2140 14
2141 20
2142 16
2143 18
2144 16
2145 22
2146 12
2147 20
2148 20
2149 20
2150 22
2151 22
2152 22
2153 12
2154 16
2155 22
2156 22
2157 24
2158 18
2159 16
2160 18
2161 20
2162 22
2163 26
2164 24
2165 22
2166 20
2167 16
2168 18
2169 20
2170 16
2171 14
2172 14
2173 12
2174 22
2175 20
2176 28
2177 24
2178 28
2179 20
2180 20
2181 22
2182 14
2183 14
2184 24
2185 12
2186 20
2187 16
2188 20
2189 22
2190 12
2191 18
2192 16
2193 16
2194 22
2195 20
2196 22
2197 18
2198 44
2199 22
2200 20
2201 24
2202 14
2203 14
2204 38
2205 24
2206 26
2207 28
2208 16
2209 14
2210 26
2211 28
2212 24
2213 24
2214 18
2215 20
2216 16
2217 20
2218 22
2219 16
2220 18
2221 16
2222 16
2223 44
2224 14
2225 20
2226 6
2227 42
2228 14
2229 20
2230 18
2231 30
2232 44
2233 20
2234 18
2235 26
2236 16
2237 22
2238 16
2239 24
2240 18
2241 18
2242 18
2243 18
2244 16
2245 20
2246 18
2247 24
2248 22
2249 26
2250 22
2251 30
2252 30
2253 18
2254 8
2255 22
2256 18
2257 20
2258 20
2259 22
2260 16
2261 20
2262 32
2263 18
2264 20
2265 18
2266 14
2267 12
2268 18
2269 20
2270 36
2271 22
2272 20
2273 24
2274 20
2275 24
2276 18
2277 20
2278 14
2279 18
2280 26
2281 20
2282 22
2283 18
2284 30
2285 16
2286 18
2287 18
2288 24
2289 14
2290 14
2291 18
2292 20
2293 20
2294 20
2295 18
2296 10
2297 24
2298 20
2299 22
2300 24
2301 22
2302 22
2303 24
2304 22
2305 26
2306 18
2307 12
2308 18
2309 14
2310 18
2311 26
2312 34
2313 20
2314 20
2315 24
2316 22
2317 34
2318 14
2319 16
2320 22
2321 28
2322 22
2323 28
2324 16
2325 36
2326 24
2327 20
2328 18
2329 22
2330 32
2331 30
2332 22
2333 14
2334 26
2335 20
2336 16
2337 26
2338 20
2339 18
2340 18
2341 34
2342 24
2343 16
2344 20
2345 26
2346 18
2347 16
2348 36
2349 22
2350 16
2351 16
2352 26
2353 38
2354 16
2355 16
2356 42
2357 22
2358 24
2359 20
2360 20
2361 24
2362 56
2363 24
2364 30
2365 12
2366 20
2367 14
2368 16
2369 20
2370 16
2371 18
2372 42
2373 24
2374 18
2375 20
2376 18
2377 24
2378 16
2379 18
2380 20
2381 20
2382 24
2383 20
2384 12
2385 20
2386 16
2387 18
2388 20
2389 16
2390 18
2391 20
2392 16
2393 36
2394 20
2395 14
2396 16
2397 20
2398 16
2399 24
2400 20
2401 14
2402 26
2403 14
2404 16
2405 18
2406 16
2407 36
2408 16
2409 22
2410 18
2411 14
2412 18
2413 14
2414 22
2415 14
2416 18
2417 16
2418 18
2419 22
2420 24
2421 16
2422 16
2423 18
2424 56
2425 24
2426 18
2427 24
2428 14
2429 18
2430 22
2431 16
2432 20
2433 18
2434 14
2435 18
2436 18
2437 18
2438 22
2439 24
2440 24
2441 16
2442 22
2443 16
2444 22
2445 16
2446 18
2447 24
2448 18
2449 14
2450 16
2451 34
2452 18
2453 18
2454 24
2455 16
2456 22
2457 20
2458 26
2459 28
2460 18
2461 22
2462 20
2463 16
2464 20
2465 20
2466 20
2467 20
2468 14
2469 22
2470 10
2471 22
2472 20
2473 22
2474 22
2475 18
2476 16
2477 18
2478 18
2479 22
2480 18
2481 20
2482 34
2483 34
2484 20
2485 24
2486 26
2487 18
2488 32
2489 18
2490 18
2491 30
2492 26
2493 20
2494 28
2495 34
2496 22
2497 20
2498 20
2499 22
2500 24
2501 22
2502 16
2503 18
2504 22
2505 16
2506 24
2507 20
2508 30
2509 54
2510 20
2511 28
2512 16
2513 10
2514 16
2515 16
2516 22
2517 14
2518 24
2519 20
2520 24
2521 26
2522 24
2523 14
2524 22
2525 16
2526 22
2527 22
2528 24
2529 24
2530 18
2531 14
2532 18
2533 22
2534 18
2535 16
2536 16
2537 26
2538 18
2539 32
2540 20
2541 22
2542 18
2543 20
2544 30
2545 12
2546 16
2547 22
2548 20
2549 18
2550 18
2551 22
2552 14
2553 18
2554 22
2555 16
2556 20
2557 22
2558 30
2559 16
2560 16
2561 18
2562 22
2563 26
2564 18
2565 14
2566 20
2567 32
2568 12
2569 18
2570 18
2571 16
2572 26
2573 22
2574 18
2575 22
2576 20
2577 22
2578 18
2579 14
2580 18
2581 20
2582 18
2583 20
2584 20
2585 20
2586 18
2587 28
2588 16
2589 24
2590 22
2591 18
2592 18
2593 24
2594 22
2595 28
2596 24
2597 10
2598 14
2599 20
2600 22
2601 20
2602 22
2603 16
2604 26
2605 34
2606 20
2607 32
2608 12
2609 20
2610 24
2611 22
2612 22
2613 16
2614 14
2615 26
2616 18
2617 20
2618 24
2619 14
2620 24
2621 28
2622 14
2623 18
2624 18
2625 18
2626 24
2627 20
2628 20
2629 34
2630 24
2631 14
2632 24
2633 14
2634 18
2635 28
2636 22
2637 16
2638 24
2639 14
2640 24
2641 22
2642 22
2643 16
2644 20
2645 16
2646 24
2647 30
2648 12
2649 20
2650 40
2651 18
2652 16
2653 22
2654 20
2655 20
2656 20
2657 22
2658 22
2659 16
2660 12
2661 24
2662 18
2663 24
2664 14
2665 44
2666 24
2667 48
2668 22
2669 30
2670 24
2671 18
2672 18
2673 20
2674 16
2675 20
2676 18
2677 18
2678 20
2679 32
2680 18
2681 24
2682 18
2683 16
2684 24
2685 16
2686 24
2687 18
2688 14
2689 20
2690 14
2691 18
2692 20
2693 24
2694 18
2695 16
2696 18
2697 16
2698 24
2699 20
2700 28
2701 24
2702 20
2703 32
2704 18
2705 18
2706 16
2707 24
2708 22
2709 18
2710 20
2711 18
2712 22
2713 20
2714 16
2715 16
2716 18
2717 16
2718 16
2719 24
2720 26
2721 26
2722 20
2723 18
2724 24
2725 14
2726 16
2727 12
2728 18
2729 16
2730 26
2731 24
2732 22
2733 14
2734 26
2735 28
2736 26
2737 28
2738 24
2739 24
2740 22
2741 18
2742 32
2743 24
2744 26
2745 18
2746 26
2747 30
2748 20
2749 22
2750 20
2751 28
2752 14
2753 30
2754 20
2755 24
2756 20
2757 26
2758 18
2759 22
2760 22
2761 20
2762 30
2763 14
2764 24
2765 34
2766 20
2767 30
2768 20
2769 26
2770 18
2771 22
2772 14
2773 30
2774 20
2775 26
2776 28
2777 18
2778 20
2779 16
2780 22
2781 24
2782 30
2783 26
2784 16
2785 14
2786 26
2787 20
2788 22
2789 20
2790 26
2791 24
2792 16
2793 24
2794 14
2795 24
2796 32
2797 36
2798 16
2799 22
2800 18
2801 12
2802 26
2803 36
2804 24
2805 16
2806 18
2807 20
2808 20
2809 22
2810 20
2811 22
2812 26
2813 14
2814 22
2815 16
2816 18
2817 18
2818 18
2819 20
2820 16
2821 16
2822 24
2823 20
2824 26
2825 18
2826 24
2827 34
2828 20
2829 26
2830 18
2831 20
2832 24
2833 20
2834 22
2835 22
2836 18
2837 18
2838 24
2839 24
2840 16
2841 22
2842 22
2843 16
2844 10
2845 20
2846 18
2847 16
2848 18
2849 18
2850 18
2851 30
2852 42
2853 20
2854 12
2855 24
2856 20
2857 16
2858 18
2859 14
2860 18
2861 20
2862 20
2863 16
2864 16
2865 18
2866 12
2867 26
2868 18
2869 24
2870 24
2871 24
2872 26
2873 22
2874 22
2875 16
2876 16
2877 22
2878 22
2879 16
2880 14
2881 22
2882 20
2883 30
2884 24
2885 22
2886 20
2887 38
2888 30
2889 18
2890 24
2891 12
2892 22
2893 18
2894 26
2895 20
2896 16
2897 24
2898 60
2899 28
2900 22
2901 18
2902 16
2903 20
2904 22
2905 22
2906 18
2907 22
2908 22
2909 12
2910 24
2911 18
2912 20
2913 16
2914 20
2915 24
2916 16
2917 12
2918 20
2919 20
2920 18
2921 18
2922 14
2923 14
2924 24
2925 34
2926 20
2927 24
2928 22
2929 22
2930 22
2931 18
2932 22
2933 20
2934 30
2935 22
2936 22
2937 50
2938 20
2939 22
2940 30
2941 20
2942 16
2943 22
2944 18
2945 22
2946 16
2947 16
2948 18
2949 10
2950 16
2951 24
2952 20
2953 8
2954 14
2955 20
2956 14
2957 20
2958 16
2959 18
2960 12
2961 20
2962 20
2963 20
2964 28
2965 22
2966 18
2967 22
2968 22
2969 10
2970 18
2971 14
2972 18
2973 24
2974 26
2975 16
2976 20
2977 16
2978 26
2979 20
2980 22
2981 16
2982 26
2983 28
2984 20
2985 20
2986 26
2987 18
2988 16
2989 18
2990 12
2991 18
2992 18
2993 24
2994 18
2995 18
2996 18
2997 20
2998 14
2999 16
3000 22
3001 16
3002 32
3003 16
3004 18
3005 12
3006 22
3007 16
3008 24
3009 12
3010 24
3011 20
3012 18
3013 16
3014 18
3015 58
3016 18
3017 20
3018 16
3019 14
3020 20
3021 38
3022 30
3023 28
3024 20
3025 22
3026 8
3027 22
3028 16
3029 24
3030 24
3031 26
3032 18
3033 26
3034 50
3035 28
3036 26
3037 28
3038 12
3039 20
3040 12
3041 24
3042 26
3043 20
3044 18
3045 8
3046 22
3047 26
3048 20
3049 16
3050 24
3051 14
3052 16
3053 16
3054 26
3055 20
3056 24
3057 14
3058 24
3059 26
3060 18
3061 28
3062 18
3063 28
3064 22
3065 22
3066 30
3067 18
3068 26
3069 22
3070 12
3071 26
3072 16
3073 22
3074 18
3075 22
3076 16
3077 28
3078 12
3079 18
3080 28
3081 22
3082 30
3083 24
3084 20
3085 26
3086 20
3087 24
3088 40
3089 12
3090 16
3091 20
3092 16
3093 22
3094 26
3095 18
3096 18
3097 20
3098 22
3099 24
3100 22
3101 28
3102 18
3103 16
3104 16
3105 20
3106 26
3107 12
3108 18
3109 18
3110 20
3111 22
3112 18
3113 16
3114 18
3115 18
3116 26
3117 22
3118 18
3119 28
3120 28
3121 22
3122 30
3123 34
3124 14
3125 24
3126 20
3127 16
3128 24
3129 12
3130 14
3131 14
3132 22
3133 20
3134 24
3135 24
3136 14
3137 26
3138 24
3139 20
3140 24
3141 22
3142 18
3143 26
3144 16
3145 20
3146 16
3147 14
3148 14
3149 12
3150 34
3151 20
3152 22
3153 20
3154 18
3155 16
3156 14
3157 16
3158 14
3159 24
3160 20
3161 22
3162 18
3163 16
3164 14
3165 18
3166 16
3167 14
3168 20
3169 18
3170 18
3171 18
3172 18
3173 18
3174 16
3175 14
3176 18
3177 28
3178 20
3179 12
3180 22
3181 22
3182 28
3183 38
3184 18
3185 26
3186 20
3187 26
3188 28
3189 22
3190 18
3191 16
3192 22
3193 16
3194 22
3195 18
3196 22
3197 20
3198 16
3199 18
3200 18
3201 16
3202 20
3203 28
3204 16
3205 12
3206 16
3207 26
3208 22
3209 24
3210 22
3211 16
3212 22
3213 20
3214 20
3215 18
3216 38
3217 20
3218 18
3219 18
3220 20
3221 18
3222 14
3223 20
3224 18
3225 26
3226 18
3227 18
3228 20
3229 28
3230 22
3231 20
3232 20
3233 12
3234 22
3235 44
3236 18
3237 24
3238 18
3239 18
3240 20
3241 14
3242 16
3243 26
3244 22
3245 16
3246 12
3247 18
3248 14
3249 20
3250 18
3251 20
3252 20
3253 22
3254 20
3255 16
3256 12
3257 18
3258 30
3259 14
3260 18
3261 20
3262 16
3263 14
3264 16
3265 28
3266 18
3267 16
3268 20
3269 34
3270 22
3271 24
3272 24
3273 24
3274 16
3275 18
3276 18
3277 20
3278 12
3279 26
3280 14
3281 16
3282 16
3283 14
3284 26
3285 20
3286 26
3287 22
3288 22
3289 24
3290 30
3291 28
3292 12
3293 20
3294 18
3295 22
3296 12
3297 22
3298 24
3299 14
3300 28
3301 46
3302 24
3303 20
3304 18
3305 14
3306 38
3307 18
3308 24
3309 10
3310 30
3311 18
3312 42
3313 24
3314 18
3315 40
3316 24
3317 28
3318 20
3319 42
3320 14
3321 42
3322 20
3323 34
3324 22
3325 20
3326 20
3327 12
3328 42
3329 12
3330 22
3331 26
3332 32
3333 34
3334 18
3335 20
3336 28
3337 20
3338 18
3339 24
3340 24
3341 22
3342 12
3343 16
3344 24
3345 22
3346 14
3347 22
3348 30
3349 14
3350 16
3351 22
3352 18
3353 20
3354 22
3355 20
3356 28
3357 22
3358 22
3359 18
3360 20
3361 16
3362 16
3363 18
3364 32
3365 58
3366 20
3367 14
3368 24
3369 20
3370 22
3371 22
3372 18
3373 18
3374 18
3375 20
3376 20
3377 16
3378 16
3379 20
3380 24
3381 20
3382 22
3383 18
3384 16
3385 16
3386 18
3387 14
3388 22
3389 14
3390 20
3391 16
3392 10
3393 16
3394 20
3395 20
3396 14
3397 20
3398 18
3399 16
3400 16
3401 20
3402 28
3403 18
3404 24
3405 16
3406 22
3407 32
3408 32
3409 22
3410 24
3411 34
3412 30
3413 18
3414 18
3415 18
3416 26
3417 28
3418 32
3419 34
3420 20
3421 20
3422 20
3423 16
3424 20
3425 18
3426 16
3427 20
3428 36
3429 18
3430 22
3431 18
3432 28
3433 22
3434 16
3435 28
3436 14
3437 16
3438 24
3439 18
3440 16
3441 22
3442 30
3443 22
3444 20
3445 18
3446 24
3447 24
3448 14
3449 14
3450 20
3451 20
3452 20
3453 16
3454 18
3455 16
3456 16
3457 22
3458 24
3459 18
3460 20
3461 16
3462 18
3463 24
3464 12
3465 24
3466 16
3467 16
3468 22
3469 16
3470 22
3471 22
3472 14
3473 34
3474 26
3475 34
3476 22
3477 26
3478 20
3479 24
3480 20
3481 22
3482 16
3483 16
3484 18
3485 14
3486 28
3487 14
3488 10
3489 22
3490 18
3491 26
3492 16
3493 20
3494 28
3495 16
3496 18
3497 22
3498 20
3499 20
3500 22
3501 16
3502 20
3503 22
3504 22
3505 22
3506 18
3507 26
3508 30
3509 22
3510 14
3511 36
3512 16
3513 40
3514 24
3515 38
3516 26
3517 22
3518 24
3519 26
3520 22
3521 22
3522 22
3523 24
3524 20
3525 24
3526 50
3527 18
3528 24
3529 22
3530 18
3531 18
3532 22
3533 20
3534 22
3535 20
3536 18
3537 32
3538 30
3539 26
3540 22
3541 16
3542 20
3543 22
3544 18
3545 22
3546 16
3547 22
3548 10
3549 18
3550 20
3551 20
3552 18
3553 22
3554 18
3555 20
3556 28
3557 28
3558 24
3559 20
3560 22
3561 34
3562 34
3563 18
3564 20
3565 24
3566 22
3567 24
3568 20
3569 66
3570 20
3571 22
3572 26
3573 20
3574 20
3575 28
3576 20
3577 22
3578 22
3579 30
3580 20
3581 20
3582 26
3583 24
3584 16
3585 24
3586 16
3587 16
3588 16
3589 18
3590 18
3591 18
3592 16
3593 18
3594 24
3595 20
3596 24
3597 20
3598 10
3599 24
3600 20
3601 16
3602 26
3603 18
3604 14
3605 20
3606 12
3607 18
3608 38
3609 18
3610 10
3611 18
3612 20
3613 14
3614 28
3615 18
3616 24
3617 34
3618 18
3619 16
3620 22
3621 20
3622 16
3623 20
3624 18
3625 10
3626 10
3627 22
3628 18
3629 48
3630 18
3631 24
3632 30
3633 18
3634 24
3635 20
3636 40
3637 10
3638 20
3639 28
3640 28
3641 28
3642 16
3643 26
3644 14
3645 20
3646 20
3647 36
3648 20
3649 18
3650 26
3651 22
3652 18
3653 24
3654 28
3655 30
3656 14
3657 14
3658 22
3659 22
3660 14
3661 24
3662 20
3663 22
3664 22
3665 20
3666 22
3667 16
3668 20
3669 22
3670 22
3671 24
3672 26
3673 22
3674 16
3675 18
3676 28
3677 22
3678 22
3679 16
3680 22
3681 22
3682 22
3683 22
3684 18
3685 20
3686 28
3687 26
3688 24
3689 24
3690 24
3691 24
3692 26
3693 30
3694 30
3695 16
3696 28
3697 22
3698 22
3699 20
3700 20
3701 22
3702 20
3703 22
3704 20
3705 20
3706 26
3707 18
3708 28
3709 14
3710 20
3711 14
3712 22
3713 18
3714 20
3715 20
3716 18
3717 20
3718 22
3719 20
3720 10
3721 16
3722 24
3723 22
3724 20
3725 16
3726 16
3727 18
3728 32
3729 22
3730 16
3731 24
3732 18
3733 26
3734 22
3735 18
3736 24
3737 14
3738 18
3739 32
3740 26
3741 26
3742 32
3743 26
3744 26
3745 30
3746 24
3747 32
3748 26
3749 36
3750 20
3751 50
3752 16
3753 24
3754 18
3755 16
3756 16
3757 28
3758 18
3759 20
3760 20
3761 26
3762 24
3763 26
3764 16
3765 20
3766 22
3767 20
3768 28
3769 14
3770 28
3771 26
3772 22
3773 14
3774 18
3775 18
3776 22
3777 18
3778 24
3779 36
3780 16
3781 16
3782 24
3783 26
3784 16
3785 20
3786 12
3787 44
3788 14
3789 22
3790 22
3791 22
3792 18
3793 22
3794 26
3795 14
3796 18
3797 18
3798 16
3799 22
3800 22
3801 26
3802 20
3803 14
3804 32
3805 18
3806 18
3807 30
3808 14
3809 22
3810 20
3811 22
3812 18
3813 16
3814 20
3815 24
3816 22
3817 10
3818 18
3819 14
3820 62
3821 14
3822 26
3823 22
3824 24
3825 18
3826 16
3827 20
3828 18
3829 20
3830 34
3831 20
3832 12
3833 24
3834 14
3835 12
3836 22
3837 18
3838 22
3839 26
3840 24
3841 16
3842 18
3843 18
3844 18
3845 24
3846 18
3847 38
3848 20
3849 36
3850 18
3851 22
3852 24
3853 20
3854 14
3855 38
3856 16
3857 20
3858 18
3859 22
3860 12
3861 24
3862 26
3863 16
3864 22
3865 22
3866 26
3867 18
3868 12
3869 18
3870 24
3871 24
3872 16
3873 28
3874 22
3875 16
3876 22
3877 28
3878 18
3879 20
3880 20
3881 50
3882 20
3883 14
3884 18
3885 22
3886 38
3887 18
3888 20
3889 18
3890 22
3891 24
3892 20
3893 24
3894 20
3895 26
3896 12
3897 46
3898 24
3899 24
3900 24
3901 18
3902 14
3903 18
3904 16
3905 22
3906 20
3907 24
3908 38
3909 20
3910 14
3911 26
3912 18
3913 20
3914 20
3915 22
3916 26
3917 20
3918 26
3919 22
3920 28
3921 16
3922 18
3923 16
3924 14
3925 30
3926 18
3927 18
3928 22
3929 18
3930 30
3931 20
3932 22
3933 22
3934 26
3935 20
3936 24
3937 26
3938 28
3939 20
3940 18
3941 18
3942 24
3943 20
3944 22
3945 24
3946 22
3947 20
3948 20
3949 18
3950 22
3951 24
3952 24
3953 24
3954 20
3955 18
3956 22
3957 24
3958 16
3959 20
3960 24
3961 22
3962 18
3963 36
3964 16
3965 30
3966 38
3967 16
3968 20
3969 12
3970 14
3971 16
3972 24
3973 30
3974 18
3975 22
3976 50
3977 18
3978 18
3979 22
3980 24
3981 14
3982 22
3983 14
3984 26
3985 16
3986 18
3987 28
3988 24
3989 16
3990 22
3991 28
3992 20
3993 12
3994 26
3995 22
3996 22
3997 24
3998 22
3999 22
4000 24
4001 18
4002 24
4003 20
4004 22
4005 22
4006 24
4007 20
4008 16
4009 28
4010 16
4011 14
4012 28
4013 22
4014 22
4015 26
4016 40
4017 16
4018 18
4019 26
4020 22
4021 16
4022 14
4023 32
4024 22
4025 32
4026 24
4027 18
4028 20
4029 28
4030 26
4031 12
4032 22
4033 36
4034 22
4035 22
4036 18
4037 20
4038 18
4039 36
4040 12
4041 16
4042 20
4043 18
4044 18
4045 24
4046 26
4047 22
4048 24
4049 16
4050 20
4051 16
4052 26
4053 20
4054 22
4055 20
4056 24
4057 24
4058 24
4059 30
4060 24
4061 22
4062 12
4063 22
4064 10
4065 24
4066 24
4067 26
4068 52
4069 20
4070 26
4071 20
4072 20
4073 24
4074 24
4075 14
4076 16
4077 20
4078 28
4079 16
4080 16
4081 24
4082 16
4083 18
4084 16
4085 20
4086 18
4087 18
4088 16
4089 26
4090 20
4091 16
4092 22
4093 18
4094 24
4095 16
4096 12
4097 26
4098 18
4099 30
4100 22
4101 22
4102 24
4103 34
4104 20
4105 14
4106 16
4107 28
4108 24
4109 16
4110 16
4111 38
4112 22
4113 24
4114 20
4115 18
4116 24
4117 22
4118 20
4119 20
4120 26
4121 22
4122 30
4123 14
4124 20
4125 22
4126 20
4127 18
4128 20
4129 16
4130 24
4131 18
4132 26
4133 24
4134 14
4135 18
4136 24
4137 24
4138 24
4139 16
4140 20
4141 16
4142 18
4143 22
4144 14
4145 8
4146 18
4147 22
4148 22
4149 16
4150 20
4151 20
4152 22
4153 16
4154 26
4155 28
4156 22
4157 22
4158 24
4159 18
4160 22
4161 28
4162 26
4163 24
4164 20
4165 28
4166 24
4167 24
4168 24
4169 40
4170 18
4171 10
4172 14
4173 22
4174 22
4175 16
4176 24
4177 16
4178 22
4179 26
4180 20
4181 20
4182 14
4183 24
4184 24
4185 20
4186 26
4187 22
4188 20
4189 28
4190 14
4191 20
4192 26
4193 24
4194 18
4195 22
4196 18
4197 16
4198 18
4199 40
4200 20
4201 28
4202 22
4203 18
4204 24
4205 22
4206 20
4207 18
4208 22
4209 26
4210 16
4211 28
4212 16
4213 26
4214 20
4215 26
4216 20
4217 20
4218 16
4219 24
4220 18
4221 18
4222 16
4223 22
4224 22
4225 20
4226 22
4227 20
4228 22
4229 20
4230 20
4231 20
4232 26
4233 22
4234 20
4235 18
4236 20
4237 12
4238 12
4239 40
4240 14
4241 34
4242 22
4243 34
4244 16
4245 20
4246 20
4247 22
4248 24
4249 16
4250 20
4251 24
4252 20
4253 20
4254 20
4255 38
4256 22
4257 24
4258 18
4259 26
4260 56
4261 38
4262 30
4263 26
4264 38
4265 14
4266 10
4267 28
4268 20
4269 26
4270 22
4271 22
4272 18
4273 26
4274 22
4275 18
4276 14
4277 24
4278 16
4279 12
4280 30
4281 28
4282 18
4283 18
4284 14
4285 32
4286 24
4287 10
4288 28
4289 28
4290 20
4291 22
4292 24
4293 22
4294 16
4295 34
4296 28
4297 26
4298 28
4299 28
4300 22
4301 24
4302 30
4303 26
4304 20
4305 16
4306 22
4307 26
4308 22
4309 28
4310 26
4311 28
4312 30
4313 20
4314 18
4315 30
4316 28
4317 18
4318 24
4319 24
4320 18
4321 20
4322 22
4323 16
4324 22
4325 18
4326 22
4327 14
4328 18
4329 18
4330 22
4331 24
4332 32
4333 20
4334 18
4335 20
4336 24
4337 24
4338 24
4339 26
4340 12
4341 12
4342 24
4343 18
4344 30
4345 24
4346 32
4347 22
4348 20
4349 22
4350 28
4351 16
4352 26
4353 22
4354 28
4355 18
4356 24
4357 20
4358 18
4359 24
4360 32
4361 24
4362 28
4363 22
4364 14
4365 20
4366 18
4367 18
4368 22
4369 18
4370 12
4371 22
4372 24
4373 16
4374 24
4375 24
4376 20
4377 18
4378 52
4379 32
4380 18
4381 22
4382 20
4383 18
4384 28
4385 24
4386 22
4387 18
4388 20
4389 24
4390 20
4391 24
4392 18
4393 16
4394 26
4395 12
4396 22
4397 40
4398 26
4399 18
4400 24
4401 22
4402 22
4403 30
4404 18
4405 30
4406 26
4407 12
4408 20
4409 22
4410 18
4411 22
4412 18
4413 20
4414 20
4415 16
4416 26
4417 16
4418 16
4419 22
4420 20
4421 44
4422 20
4423 20
4424 24
4425 22
4426 20
4427 16
4428 18
4429 20
4430 16
4431 26
4432 26
4433 24
4434 28
4435 22
4436 24
4437 22
4438 22
4439 26
4440 16
4441 22
4442 22
4443 24
4444 20
4445 22
4446 14
4447 26
4448 20
4449 18
4450 12
4451 26
4452 20
4453 30
4454 28
4455 22
4456 14
4457 24
4458 24
4459 36
4460 30
4461 26
4462 26
4463 26
4464 32
4465 28
4466 26
4467 20
4468 20
4469 28
4470 16
4471 22
4472 28
4473 26
4474 32
4475 22
4476 28
4477 24
4478 16
4479 20
4480 28
4481 24
4482 28
4483 18
4484 22
4485 28
4486 18
4487 20
4488 20
4489 22
4490 28
4491 22
4492 24
4493 26
4494 32
4495 22
4496 26
4497 22
4498 28
4499 22
4500 22
4501 22
4502 24
4503 20
4504 22
4505 26
4506 30
4507 18
4508 24
4509 18
4510 22
4511 44
4512 22
4513 24
4514 30
4515 28
4516 24
4517 18
4518 18
4519 26
4520 22
4521 24
4522 24
4523 16
4524 16
4525 26
4526 26
4527 24
4528 30
4529 28
4530 24
4531 20
4532 24
4533 20
4534 20
4535 28
4536 20
4537 20
4538 28
4539 20
4540 18
4541 20
4542 16
4543 36
4544 20
4545 22
4546 28
4547 16
4548 16
4549 22
4550 20
4551 24
4552 16
4553 22
4554 18
4555 14
4556 18
4557 20
4558 20
4559 20
4560 12
4561 24
4562 20
4563 26
4564 16
4565 20
4566 24
4567 26
4568 18
4569 22
4570 20
4571 26
4572 20
4573 22
4574 24
4575 30
4576 14
4577 18
4578 24
4579 20
4580 20
4581 16
4582 24
4583 10
4584 24
4585 22
4586 14
4587 24
4588 20
4589 22
4590 18
4591 16
4592 20
4593 22
4594 16
4595 22
4596 22
4597 20
4598 24
4599 18
4600 22
4601 22
4602 22
4603 20
4604 26
4605 12
4606 20
4607 26
4608 18
4609 26
4610 28
4611 18
4612 16
4613 22
4614 14
4615 22
4616 18
4617 22
4618 24
4619 16
4620 26
4621 50
4622 20
4623 48
4624 26
4625 24
4626 36
4627 16
4628 26
4629 50
4630 22
4631 20
4632 22
4633 16
4634 16
4635 32
4636 24
4637 14
4638 30
4639 20
4640 30
4641 20
4642 24
4643 22
4644 20
4645 34
4646 26
4647 20
4648 20
4649 20
4650 30
4651 32
4652 14
4653 24
4654 22
4655 20
4656 18
4657 22
4658 20
4659 18
4660 32
4661 22
4662 20
4663 24
4664 34
4665 36
4666 24
4667 30
4668 24
4669 20
4670 30
4671 24
4672 20
4673 20
4674 26
4675 18
4676 30
4677 26
4678 20
4679 26
4680 30
4681 24
4682 16
4683 26
4684 18
4685 12
4686 22
4687 20
4688 44
4689 22
4690 24
4691 20
4692 24
4693 30
4694 26
4695 18
4696 22
4697 22
4698 20
4699 16
4700 20
4701 26
4702 18
4703 16
4704 10
4705 22
4706 22
4707 20
4708 30
4709 10
4710 20
4711 20
4712 20
4713 24
4714 20
4715 26
4716 26
4717 22
4718 20
4719 28
4720 24
4721 20
4722 26
4723 20
4724 22
4725 18
4726 20
4727 24
4728 22
4729 22
4730 18
4731 20
4732 16
4733 20
4734 36
4735 22
4736 20
4737 22
4738 18
4739 24
4740 20
4741 18
4742 36
4743 36
4744 22
4745 22
4746 26
4747 24
4748 20
4749 16
4750 22
4751 24
4752 22
4753 22
4754 20
4755 20
4756 16
4757 24
4758 24
4759 26
4760 18
4761 26
4762 24
4763 22
4764 14
4765 20
4766 24
4767 16
4768 24
4769 18
4770 18
4771 20
4772 22
4773 14
4774 32
4775 30
4776 30
4777 28
4778 26
4779 34
4780 26
4781 26
4782 34
4783 20
4784 28
4785 24
4786 30
4787 24
4788 24
4789 22
4790 18
4791 12
4792 18
4793 28
4794 28
4795 26
4796 26
4797 22
4798 26
4799 24
4800 20
4801 26
4802 20
4803 22
4804 24
4805 32
4806 26
4807 22
4808 32
4809 18
4810 32
4811 24
4812 24
4813 22
4814 26
4815 22
4816 26
4817 26
4818 28
4819 26
4820 10
4821 28
4822 26
4823 42
4824 22
4825 20
4826 18
4827 22
4828 22
4829 28
4830 18
4831 20
4832 20
4833 16
4834 20
4835 16
4836 24
4837 16
4838 22
4839 24
4840 24
4841 22
4842 18
4843 20
4844 22
4845 38
4846 20
4847 26
4848 24
4849 24
4850 22
4851 22
4852 28
4853 12
4854 22
4855 20
4856 22
4857 22
4858 24
4859 24
4860 20
4861 20
4862 22
4863 18
4864 26
4865 16
4866 26
4867 20
4868 16
4869 24
4870 26
4871 26
4872 22
4873 22
4874 18
4875 24
4876 22
4877 28
4878 18
4879 24
4880 24
4881 20
4882 20
4883 18
4884 26
4885 26
4886 18
4887 20
4888 24
4889 18
4890 22
4891 18
4892 18
4893 18
4894 18
4895 26
4896 24
4897 18
4898 22
4899 18
4900 22
4901 14
4902 28
4903 28
4904 22
4905 24
4906 16
4907 20
4908 36
4909 28
4910 28
4911 34
4912 34
4913 26
4914 28
4915 28
4916 20
4917 22
4918 18
4919 18
4920 26
4921 16
4922 16
4923 22
4924 26
4925 14
4926 20
4927 18
4928 24
4929 20
4930 18
4931 24
4932 22
4933 26
4934 28
4935 22
4936 22
4937 18
4938 18
4939 24
4940 28
4941 24
4942 24
4943 14
4944 28
4945 32
4946 48
4947 28
4948 20
4949 32
4950 26
4951 18
4952 20
4953 20
4954 20
4955 18
4956 28
4957 24
4958 44
4959 24
4960 18
4961 24
4962 28
4963 24
4964 18
4965 20
4966 22
4967 22
4968 16
4969 18
4970 20
4971 22
4972 20
4973 24
4974 24
4975 30
4976 26
4977 20
4978 14
4979 24
4980 24
4981 20
4982 22
4983 22
4984 22
4985 12
4986 26
4987 32
4988 20
4989 30
4990 24
4991 24
4992 30
4993 20
4994 20
4995 22
4996 22
4997 20
4998 18
4999 24
5000 18
5001 24
5002 22
5003 22
5004 20
5005 22
5006 26
5007 20
5008 28
5009 22
5010 28
5011 24
5012 18
5013 20
5014 14
5015 22
5016 18
5017 16
5018 30
5019 46
5020 24
5021 20
5022 32
5023 22
5024 20
5025 24
5026 34
5027 24
5028 20
5029 18
5030 12
5031 20
5032 20
5033 20
5034 16
5035 14
5036 20
5037 16
5038 18
5039 20
5040 18
5041 18
5042 20
5043 20
5044 22
5045 18
5046 20
5047 24
5048 26
5049 20
5050 24
5051 24
5052 22
5053 26
5054 20
5055 20
5056 16
5057 36
5058 32
5059 26
5060 24
5061 48
5062 24
5063 18
5064 22
5065 16
5066 22
5067 26
5068 16
5069 24
5070 22
5071 28
5072 30
5073 32
5074 22
5075 24
5076 24
5077 16
5078 22
5079 14
5080 28
5081 16
5082 40
5083 16
5084 26
5085 20
5086 26
5087 22
5088 16
5089 20
5090 24
5091 22
5092 22
5093 26
5094 22
5095 18
5096 22
5097 20
5098 22
5099 26
5100 26
5101 12
5102 20
5103 22
5104 24
5105 12
5106 22
5107 30
5108 24
5109 22
5110 20
5111 20
5112 14
5113 22
5114 36
5115 20
5116 32
5117 18
5118 18
5119 22
5120 20
5121 32
5122 22
5123 24
5124 14
5125 20
5126 14
5127 18
5128 22
5129 20
5130 22
5131 26
5132 20
5133 30
5134 24
5135 18
5136 22
5137 26
5138 18
5139 16
5140 22
5141 12
5142 24
5143 24
5144 26
5145 42
5146 14
5147 22
5148 24
5149 30
5150 22
5151 24
5152 20
5153 16
5154 14
5155 24
5156 24
5157 18
5158 30
5159 16
5160 16
5161 12
5162 14
5163 14
5164 28
5165 24
5166 24
5167 20
5168 26
5169 22
5170 24
5171 16
5172 24
5173 22
5174 20
5175 22
5176 24
5177 26
5178 24
5179 20
5180 24
5181 18
5182 28
5183 26
5184 22
5185 22
5186 22
5187 14
5188 20
5189 32
5190 38
5191 30
5192 20
5193 28
5194 26
5195 26
5196 24
5197 32
5198 26
5199 28
5200 18
5201 28
5202 26
5203 22
5204 22
5205 20
5206 22
5207 28
5208 20
5209 26
5210 30
5211 22
5212 20
5213 30
5214 24
5215 20
5216 24
5217 10
5218 22
5219 22
5220 20
5221 16
5222 18
5223 16
5224 24
5225 28
5226 26
5227 18
5228 22
5229 16
5230 16
5231 24
5232 16
5233 30
5234 20
5235 22
5236 22
5237 20
5238 20
5239 22
5240 22
5241 22
5242 26
5243 26
5244 26
5245 22
5246 22
5247 28
5248 28
5249 22
5250 28
5251 20
5252 24
5253 22
5254 30
5255 18
5256 72
5257 16
5258 18
5259 24
5260 26
5261 18
5262 30
5263 22
5264 14
5265 16
5266 24
5267 24
5268 26
5269 22
5270 20
5271 24
5272 22
5273 30
5274 32
5275 20
5276 24
5277 16
5278 18
5279 18
5280 20
5281 22
5282 42
5283 20
5284 24
5285 14
5286 24
5287 18
5288 22
5289 22
5290 22
5291 28
5292 16
5293 32
5294 16
5295 22
5296 20
5297 26
5298 20
5299 20
5300 20
5301 32
5302 24
5303 26
5304 24
5305 16
5306 22
5307 20
5308 24
5309 24
5310 28
5311 22
5312 18
5313 20
5314 18
5315 24
5316 26
5317 20
5318 22
5319 60
5320 24
5321 22
5322 24
5323 16
5324 40
5325 18
5326 16
5327 20
5328 20
5329 24
5330 22
5331 28
5332 28
5333 30
5334 20
5335 40
5336 24
5337 30
5338 20
5339 26
5340 20
5341 22
5342 20
5343 22
5344 32
5345 28
5346 18
5347 18
5348 20
5349 22
5350 8
5351 20
5352 18
5353 26
5354 20
5355 20
5356 26
5357 30
5358 18
5359 20
5360 22
5361 18
5362 24
5363 20
5364 22
5365 30
5366 18
5367 24
5368 20
5369 36
5370 22
5371 26
5372 22
5373 20
5374 30
5375 20
5376 20
5377 18
5378 22
5379 24
5380 20
5381 18
5382 22
5383 28
5384 32
5385 20
5386 26
5387 24
5388 22
5389 20
5390 20
5391 22
5392 20
5393 16
5394 22
5395 20
5396 36
5397 18
5398 26
5399 16
5400 20
5401 12
5402 24
5403 16
5404 26
5405 24
5406 24
5407 26
5408 16
5409 18
5410 24
5411 26
5412 24
5413 22
5414 22
5415 22
5416 24
5417 22
5418 16
5419 20
5420 16
5421 28
5422 36
5423 20
5424 14
5425 22
5426 22
5427 24
5428 20
5429 20
5430 20
5431 22
5432 28
5433 20
5434 16
5435 20
5436 22
5437 20
5438 24
5439 24
5440 16
5441 24
5442 26
5443 20
5444 16
5445 22
5446 26
5447 26
5448 18
5449 20
5450 18
5451 22
5452 20
5453 30
5454 24
5455 18
5456 26
5457 28
5458 26
5459 22
5460 48
5461 28
5462 32
5463 28
5464 26
5465 22
5466 22
5467 22
5468 30
5469 20
5470 22
5471 22
5472 24
5473 16
5474 28
5475 26
5476 20
5477 20
5478 24
5479 12
5480 22
5481 24
5482 34
5483 22
5484 16
5485 24
5486 20
5487 22
5488 20
5489 22
5490 22
5491 22
5492 20
5493 22
5494 22
5495 20
5496 24
5497 20
5498 24
5499 22
5500 22
5501 24
5502 22
5503 24
5504 24
5505 20
5506 20
5507 22
5508 28
5509 18
5510 24
5511 22
5512 18
5513 22
5514 22
5515 22
5516 24
5517 18
5518 18
5519 18
5520 24
5521 22
5522 16
5523 18
5524 20
5525 36
5526 18
5527 22
5528 14
5529 22
5530 22
5531 16
5532 18
5533 26
5534 22
5535 24
5536 22
5537 36
5538 16
5539 24
5540 22
5541 28
5542 18
5543 24
5544 18
5545 12
5546 22
5547 26
5548 30
5549 20
5550 16
5551 20
5552 14
5553 22
5554 18
5555 18
5556 16
5557 22
5558 20
5559 18
5560 18
5561 48
5562 20
5563 24
5564 16
5565 20
5566 18
5567 22
5568 12
5569 16
5570 20
5571 20
5572 16
5573 28
5574 24
5575 16
5576 22
5577 18
5578 20
5579 22
5580 24
5581 32
5582 18
5583 22
5584 20
5585 18
5586 26
5587 26
5588 24
5589 16
5590 38
5591 22
5592 18
5593 24
5594 16
5595 26
5596 26
5597 16
5598 20
5599 26
5600 28
5601 40
5602 22
5603 24
5604 26
5605 18
5606 30
5607 22
5608 22
5609 30
5610 32
5611 28
5612 28
5613 16
5614 30
5615 22
5616 28
5617 26
5618 28
5619 20
5620 18
5621 22
5622 16
5623 18
5624 30
5625 18
5626 24
5627 28
5628 16
5629 22
5630 16
5631 22
5632 28
5633 22
5634 22
5635 26
5636 18
5637 24
5638 16
5639 22
5640 24
5641 22
5642 28
5643 22
5644 26
5645 20
5646 26
5647 26
5648 18
5649 28
5650 16
5651 18
5652 32
5653 20
5654 20
5655 16
5656 20
5657 20
5658 28
5659 20
5660 22
5661 22
5662 12
5663 16
5664 20
5665 26
5666 20
5667 18
5668 22
5669 18
5670 18
5671 18
5672 18
5673 28
5674 14
5675 18
5676 22
5677 18
5678 16
5679 22
5680 34
5681 34
5682 24
5683 16
5684 20
5685 16
5686 24
5687 18
5688 28
5689 24
5690 22
5691 30
5692 26
5693 16
5694 18
5695 12
5696 18
5697 26
5698 16
5699 22
5700 20
5701 26
5702 20
5703 18
5704 16
5705 30
5706 16
5707 20
5708 22
5709 22
5710 26
5711 16
5712 20
5713 24
5714 16
5715 18
5716 22
5717 14
5718 26
5719 20
5720 18
5721 24
5722 28
5723 26
5724 38
5725 26
5726 20
5727 22
5728 28
5729 18
5730 18
5731 10
5732 24
5733 30
5734 26
5735 22
5736 18
5737 22
5738 16
5739 18
5740 16
5741 14
5742 16
5743 28
5744 18
5745 28
5746 20
5747 20
5748 24
5749 20
5750 24
5751 20
5752 30
5753 20
5754 20
5755 20
5756 22
5757 18
5758 24
5759 24
5760 20
5761 26
5762 16
5763 22
5764 22
5765 18
5766 22
5767 16
5768 26
5769 24
5770 20
5771 18
5772 26
5773 26
5774 30
5775 22
5776 28
5777 22
5778 32
5779 22
5780 20
5781 26
5782 28
5783 18
5784 32
5785 20
5786 14
5787 28
5788 28
5789 20
5790 20
5791 20
5792 22
5793 20
5794 16
5795 20
5796 24
5797 22
5798 30
5799 28
5800 22
5801 24
5802 20
5803 26
5804 22
5805 22
5806 24
5807 18
5808 18
5809 26
5810 26
5811 24
5812 18
5813 26
5814 20
5815 34
5816 30
5817 20
5818 26
5819 22
5820 24
5821 16
5822 16
5823 24
5824 28
5825 22
5826 14
5827 24
5828 20
5829 16
5830 20
5831 18
5832 24
5833 12
5834 44
5835 22
5836 14
5837 16
5838 22
5839 24
5840 22
5841 26
5842 26
5843 22
5844 18
5845 20
5846 18
5847 28
5848 22
5849 30
5850 30
5851 38
5852 26
5853 20
5854 24
5855 24
5856 26
5857 14
5858 22
5859 38
5860 20
5861 22
5862 20
5863 16
5864 16
5865 22
5866 24
5867 24
5868 22
5869 28
5870 18
5871 20
5872 50
5873 20
5874 24
5875 22
5876 24
5877 24
5878 22
5879 16
5880 28
5881 22
5882 24
5883 26
5884 30
5885 18
5886 22
5887 30
5888 22
5889 20
5890 26
5891 22
5892 14
5893 24
5894 20
5895 24
5896 22
5897 24
5898 22
5899 16
5900 18
5901 24
5902 28
5903 28
5904 16
5905 20
5906 16
5907 20
5908 24
5909 22
5910 26
5911 20
5912 20
5913 22
5914 26
5915 20
5916 24
5917 18
5918 20
5919 14
5920 14
5921 24
5922 20
5923 20
5924 30
5925 24
5926 24
5927 18
5928 42
5929 20
5930 22
5931 14
5932 20
5933 38
5934 22
5935 18
5936 34
5937 20
5938 26
5939 16
5940 28
5941 24
5942 26
5943 28
5944 28
5945 24
5946 22
5947 22
5948 26
5949 14
5950 22
5951 20
5952 16
5953 16
5954 18
5955 38
5956 18
5957 22
5958 34
5959 22
5960 16
5961 26
5962 20
5963 14
5964 40
5965 22
5966 30
5967 30
5968 28
5969 22
5970 26
5971 24
5972 28
5973 16
5974 22
5975 26
5976 56
5977 26
5978 28
5979 26
5980 26
5981 24
5982 24
5983 28
5984 20
5985 20
5986 26
5987 24
5988 22
5989 14
5990 20
5991 20
5992 28
5993 22
5994 30
5995 20
5996 24
5997 22
5998 22
5999 20
6000 28
6001 14
6002 22
6003 28
6004 22
6005 22
6006 20
6007 38
6008 30
6009 32
6010 28
6011 22
6012 28
6013 22
6014 24
6015 28
6016 22
6017 24
6018 32
6019 24
6020 20
6021 20
6022 22
6023 22
6024 26
6025 26
6026 16
6027 16
6028 22
6029 18
6030 22
6031 40
6032 16
6033 20
6034 22
6035 24
6036 22
6037 20
6038 22
6039 24
6040 20
6041 22
6042 20
6043 24
6044 22
6045 18
6046 14
6047 20
6048 22
6049 20
6050 18
6051 18
6052 18
6053 22
6054 24
6055 22
6056 26
6057 18
6058 20
6059 20
6060 14
6061 16
6062 18
6063 16
6064 16
6065 22
6066 18
6067 22
6068 34
6069 32
6070 24
6071 22
6072 22
6073 26
6074 22
6075 22
6076 26
6077 46
6078 20
6079 22
6080 18
6081 18
6082 24
6083 24
6084 24
6085 26
6086 18
6087 18
6088 18
6089 20
6090 18
6091 22
6092 20
6093 32
6094 14
6095 18
6096 20
6097 26
6098 20
6099 22
6100 20
6101 32
6102 20
6103 20
6104 18
6105 18
6106 38
6107 24
6108 16
6109 18
6110 18
6111 32
6112 22
6113 24
6114 32
6115 22
6116 26
6117 18
6118 20
6119 18
6120 14
6121 22
6122 18
6123 18
6124 26
6125 28
6126 20
6127 22
6128 26
6129 34
6130 24
6131 26
6132 18
6133 20
6134 26
6135 16
6136 28
6137 20
6138 28
6139 14
6140 24
6141 22
6142 36
6143 36
6144 18
6145 20
6146 22
6147 22
6148 26
6149 14
6150 18
6151 18
6152 12
6153 28
6154 22
6155 20
6156 28
6157 28
6158 26
6159 20
6160 20
6161 30
6162 26
6163 22
6164 24
6165 16
6166 32
6167 22
6168 22
6169 16
6170 16
6171 22
6172 18
6173 16
6174 20
6175 20
6176 28
6177 24
6178 24
6179 20
6180 20
6181 16
6182 18
6183 18
6184 26
6185 30
6186 38
6187 30
6188 22
6189 28
6190 20
6191 26
6192 22
6193 22
6194 40
6195 22
6196 16
6197 30
6198 30
6199 24
6200 26
6201 20
6202 26
6203 22
6204 22
6205 20
6206 16
6207 18
6208 26
6209 20
6210 28
6211 26
6212 22
6213 26
6214 22
6215 22
6216 18
6217 22
6218 24
6219 18
6220 24
6221 14
6222 28
6223 30
6224 24
6225 20
6226 22
6227 18
6228 18
6229 20
6230 24
6231 24
6232 18
6233 20
6234 18
6235 20
6236 28
6237 24
6238 18
6239 22
6240 32
6241 16
6242 32
6243 30
6244 26
6245 24
6246 16
6247 32
6248 64
6249 20
6250 30
6251 48
6252 24
6253 24
6254 22
6255 18
6256 24
6257 14
6258 20
6259 20
6260 24
6261 22
6262 26
6263 20
6264 24
6265 22
6266 26
6267 18
6268 24
6269 26
6270 28
6271 24
6272 24
6273 30
6274 22
6275 22
6276 26
6277 24
6278 22
6279 22
6280 18
6281 24
6282 22
6283 36
6284 16
6285 22
6286 18
6287 30
6288 32
6289 28
6290 16
6291 24
6292 28
6293 26
6294 32
6295 22
6296 26
6297 16
6298 18
6299 32
6300 24
6301 26
6302 24
6303 18
6304 24
6305 24
6306 24
6307 20
6308 28
6309 18
6310 20
6311 20
6312 12
6313 24
6314 16
6315 28
6316 26
6317 26
6318 24
6319 24
6320 12
6321 20
6322 20
6323 18
6324 20
6325 34
6326 26
6327 18
6328 24
6329 22
6330 26
6331 26
6332 22
6333 22
6334 26
6335 32
6336 24
6337 14
6338 16
6339 24
6340 26
6341 22
6342 24
6343 16
6344 20
6345 20
6346 18
6347 28
6348 20
6349 22
6350 24
6351 22
6352 20
6353 18
6354 22
6355 24
6356 28
6357 18
6358 20
6359 24
6360 20
6361 18
6362 22
6363 22
6364 20
6365 22
6366 24
6367 20
6368 22
6369 22
6370 24
6371 16
6372 22
6373 20
6374 18
6375 22
6376 24
6377 38
6378 36
6379 24
6380 28
6381 28
6382 16
6383 54
6384 22
6385 16
6386 24
6387 18
6388 24
6389 12
6390 30
6391 30
6392 30
6393 30
6394 18
6395 26
6396 16
6397 16
6398 18
6399 22
6400 22
6401 26
6402 20
6403 42
6404 28
6405 20
6406 20
6407 28
6408 24
6409 20
6410 18
6411 18
6412 28
6413 18
6414 22
6415 30
6416 18
6417 16
6418 14
6419 28
6420 24
6421 26
6422 24
6423 18
6424 18
6425 18
6426 28
6427 22
6428 20
6429 18
6430 20
6431 24
6432 36
6433 18
6434 30
6435 24
6436 36
6437 20
6438 24
6439 16
6440 18
6441 26
6442 30
6443 20
6444 20
6445 22
6446 22
6447 18
6448 22
6449 20
6450 22
6451 24
6452 24
6453 18
6454 18
6455 24
6456 30
6457 26
6458 30
6459 24
6460 26
6461 16
6462 20
6463 20
6464 20
6465 22
6466 22
6467 24
6468 34
6469 22
6470 22
6471 22
6472 18
6473 16
6474 26
6475 22
6476 24
6477 24
6478 38
6479 24
6480 18
6481 18
6482 38
6483 30
6484 32
6485 22
6486 22
6487 14
6488 20
6489 22
6490 26
6491 26
6492 28
6493 22
6494 24
6495 18
6496 20
6497 20
6498 22
6499 18
6500 24
6501 14
6502 26
6503 14
6504 24
6505 30
6506 18
6507 20
6508 28
6509 14
6510 38
6511 24
6512 54
6513 30
6514 22
6515 26
6516 30
6517 26
6518 30
6519 24
6520 28
6521 26
6522 30
6523 24
6524 32
6525 24
6526 14
6527 18
6528 30
6529 22
6530 20
6531 22
6532 26
6533 26
6534 58
6535 24
6536 24
6537 30
6538 26
6539 20
6540 24
6541 24
6542 18
6543 14
6544 28
6545 20
6546 18
6547 26
6548 18
6549 30
6550 20
6551 20
6552 18
6553 18
6554 20
6555 20
6556 24
6557 22
6558 16
6559 16
6560 10
6561 26
6562 28
6563 18
6564 26
6565 38
6566 38
6567 24
6568 32
6569 24
6570 32
6571 14
6572 24
6573 24
6574 22
6575 24
6576 28
6577 22
6578 34
6579 28
6580 18
6581 32
6582 26
6583 18
6584 24
6585 26
6586 34
6587 24
6588 24
6589 26
6590 10
6591 20
6592 24
6593 28
6594 20
6595 16
6596 14
6597 30
6598 22
6599 30
6600 18
6601 32
6602 20
6603 24
6604 28
6605 22
6606 28
6607 26
6608 20
6609 16
6610 24
6611 20
6612 20
6613 24
6614 24
6615 16
6616 16
6617 24
6618 22
6619 28
6620 26
6621 20
6622 18
6623 24
6624 32
6625 28
6626 42
6627 24
6628 18
6629 22
6630 18
6631 20
6632 20
6633 16
6634 20
6635 26
6636 18
6637 24
6638 24
6639 20
6640 20
6641 16
6642 20
6643 16
6644 20
6645 18
6646 20
6647 26
6648 20
6649 34
6650 16
6651 26
6652 36
6653 24
6654 22
6655 24
6656 18
6657 40
6658 50
6659 40
6660 24
6661 24
6662 18
6663 18
6664 20
6665 26
6666 22
6667 26
6668 26
6669 28
6670 14
6671 20
6672 26
6673 32
6674 24
6675 16
6676 36
6677 26
6678 22
6679 28
6680 14
6681 20
6682 22
6683 20
6684 32
6685 18
6686 20
6687 28
6688 22
6689 14
6690 22
6691 18
6692 20
6693 38
6694 24
6695 16
6696 26
6697 26
6698 30
6699 24
6700 22
6701 36
6702 26
6703 18
6704 12
6705 22
6706 22
6707 26
6708 26
6709 26
6710 24
6711 24
6712 26
6713 14
6714 18
6715 26
6716 32
6717 20
6718 26
6719 30
6720 26
6721 20
6722 12
6723 20
6724 28
6725 20
6726 32
6727 22
6728 26
6729 20
6730 22
6731 34
6732 54
6733 26
6734 34
6735 26
6736 20
6737 16
6738 26
6739 24
6740 24
6741 16
6742 20
6743 30
6744 20
6745 32
6746 24
6747 20
6748 22
6749 18
6750 22
6751 20
6752 24
6753 22
6754 26
6755 24
6756 22
6757 16
6758 20
6759 30
6760 30
6761 26
6762 22
6763 12
6764 28
6765 42
6766 34
6767 22
6768 22
6769 56
6770 30
6771 30
6772 36
6773 26
6774 30
6775 24
6776 32
6777 26
6778 26
6779 28
6780 24
6781 28
6782 30
6783 24
6784 26
6785 20
6786 26
6787 16
6788 30
6789 34
6790 30
6791 24
6792 40
6793 28
6794 24
6795 32
6796 24
6797 24
6798 24
6799 28
6800 26
6801 26
6802 26
6803 26
6804 20
6805 24
6806 32
6807 18
6808 26
6809 20
6810 22
6811 18
6812 26
6813 26
6814 12
6815 30
6816 24
6817 22
6818 24
6819 14
6820 26
6821 22
6822 18
6823 20
6824 20
6825 20
6826 30
6827 26
6828 22
6829 20
6830 14
6831 16
6832 20
6833 24
6834 28
6835 18
6836 30
6837 20
6838 24
6839 42
6840 24
6841 16
6842 40
6843 28
6844 30
6845 26
6846 26
6847 16
6848 22
6849 22
6850 18
6851 24
6852 32
6853 20
6854 24
6855 26
6856 28
6857 16
6858 26
6859 22
6860 32
6861 22
6862 14
6863 26
6864 30
6865 24
6866 26
6867 40
6868 26
6869 16
6870 22
6871 18
6872 24
6873 22
6874 22
6875 18
6876 28
6877 36
6878 12
6879 10
6880 24
6881 22
6882 18
6883 18
6884 20
6885 26
6886 20
6887 28
6888 26
6889 22
6890 18
6891 26
6892 16
6893 32
6894 28
6895 38
6896 22
6897 24
6898 30
6899 24
6900 26
6901 30
6902 28
6903 28
6904 26
6905 24
6906 24
6907 26
6908 26
6909 30
6910 36
6911 26
6912 32
6913 26
6914 26
6915 26
6916 36
6917 26
6918 36
6919 24
6920 24
6921 24
6922 14
6923 22
6924 42
6925 26
6926 26
6927 18
6928 22
6929 38
6930 24
6931 24
6932 24
6933 22
6934 22
6935 22
6936 28
6937 30
6938 18
6939 28
6940 24
6941 20
6942 20
6943 28
6944 50
6945 20
6946 22
6947 26
6948 28
6949 30
6950 44
6951 42
6952 22
6953 26
6954 20
6955 20
6956 18
6957 22
6958 28
6959 22
6960 28
6961 18
6962 26
6963 20
6964 20
6965 18
6966 26
6967 20
6968 24
6969 26
6970 22
6971 32
6972 24
6973 26
6974 24
6975 16
6976 16
6977 14
6978 20
6979 20
6980 18
6981 22
6982 20
6983 26
6984 26
6985 28
6986 28
6987 42
6988 28
6989 24
6990 22
6991 18
6992 22
6993 26
6994 28
6995 24
6996 28
6997 22
6998 28
6999 24
7000 24
7001 48
7002 18
7003 20
7004 18
7005 28
7006 14
7007 22
7008 20
7009 26
7010 28
7011 22
7012 22
7013 24
7014 18
7015 12
7016 26
7017 20
7018 24
7019 18
7020 16
7021 22
7022 28
7023 26
7024 18
7025 24
7026 18
7027 18
7028 16
7029 14
7030 16
7031 22
7032 32
7033 32
7034 26
7035 32
7036 30
7037 28
7038 28
7039 26
7040 22
7041 20
7042 22
7043 26
7044 24
7045 26
7046 26
7047 22
7048 24
7049 30
7050 26
7051 24
7052 22
7053 14
7054 20
7055 20
7056 28
7057 26
7058 16
7059 22
7060 24
7061 22
7062 24
7063 18
7064 18
7065 18
7066 14
7067 26
7068 22
7069 24
7070 16
7071 22
7072 24
7073 58
7074 24
7075 22
7076 34
7077 18
7078 26
7079 22
7080 20
7081 32
7082 26
7083 30
7084 16
7085 18
7086 28
7087 30
7088 24
7089 20
7090 22
7091 14
7092 26
7093 26
7094 22
7095 26
7096 18
7097 18
7098 18
7099 24
7100 22
7101 24
7102 20
7103 24
7104 24
7105 24
7106 28
7107 16
7108 22
7109 22
7110 26
7111 26
7112 26
7113 20
7114 24
7115 18
7116 24
7117 16
7118 16
7119 18
7120 24
7121 18
7122 22
7123 24
7124 26
7125 38
7126 22
7127 16
7128 24
7129 30
7130 24
7131 22
7132 26
7133 24
7134 28
7135 20
7136 16
7137 18
7138 24
7139 24
7140 24
7141 30
7142 26
7143 26
7144 16
7145 34
7146 22
7147 22
7148 22
7149 38
7150 20
7151 20
7152 20
7153 30
7154 20
7155 12
7156 32
7157 24
7158 14
7159 18
7160 26
7161 22
7162 14
7163 16
7164 22
7165 22
7166 22
7167 28
7168 14
7169 22
7170 30
7171 28
7172 20
7173 16
7174 28
7175 24
7176 22
7177 24
7178 24
7179 22
7180 18
7181 36
7182 30
7183 42
7184 24
7185 40
7186 20
7187 20
7188 26
7189 18
7190 28
7191 30
7192 22
7193 34
7194 24
7195 26
7196 26
7197 28
7198 24
7199 22
7200 18
7201 20
7202 24
7203 20
7204 26
7205 18
7206 26
7207 16
7208 20
7209 22
7210 24
7211 30
7212 26
7213 20
7214 22
7215 22
7216 30
7217 28
7218 26
7219 20
7220 12
7221 28
7222 22
7223 20
7224 46
7225 26
7226 26
7227 14
7228 20
7229 22
7230 20
7231 52
7232 18
7233 20
7234 22
7235 26
7236 56
7237 24
7238 24
7239 28
7240 24
7241 22
7242 26
7243 28
7244 30
7245 32
7246 22
7247 20
7248 24
7249 24
7250 24
7251 20
7252 26
7253 18
7254 26
7255 24
7256 32
7257 26
7258 18
7259 26
7260 22
7261 16
7262 22
7263 20
7264 22
7265 24
7266 26
7267 28
7268 20
7269 26
7270 26
7271 24
7272 22
7273 22
7274 12
7275 22
7276 28
7277 30
7278 22
7279 24
7280 32
7281 30
7282 16
7283 40
7284 26
7285 20
7286 28
7287 20
7288 26
7289 24
7290 20
7291 24
7292 14
7293 22
7294 22
7295 24
7296 28
7297 22
7298 20
7299 24
7300 18
7301 14
7302 32
7303 28
7304 26
7305 30
7306 24
7307 20
7308 22
7309 26
7310 34
7311 16
7312 18
7313 22
7314 34
7315 22
7316 26
7317 28
7318 32
7319 32
7320 26
7321 26
7322 28
7323 28
7324 20
7325 30
7326 30
7327 28
7328 22
7329 30
7330 28
7331 24
7332 26
7333 18
7334 22
7335 24
7336 20
7337 22
7338 18
7339 24
7340 18
7341 22
7342 20
7343 44
7344 20
7345 24
7346 20
7347 18
7348 22
7349 26
7350 78
7351 24
7352 22
7353 22
7354 18
7355 16
7356 20
7357 16
7358 20
7359 26
7360 34
7361 26
7362 28
7363 20
7364 18
7365 18
7366 22
7367 28
7368 24
7369 20
7370 20
7371 24
7372 22
7373 28
7374 24
7375 20
7376 16
7377 18
7378 28
7379 20
7380 22
7381 22
7382 32
7383 56
7384 16
7385 16
7386 22
7387 16
7388 18
7389 24
7390 20
7391 38
7392 22
7393 24
7394 22
7395 30
7396 20
7397 24
7398 14
7399 32
7400 22
7401 24
7402 18
7403 38
7404 26
7405 14
7406 22
7407 22
7408 24
7409 22
7410 14
7411 22
7412 18
7413 16
7414 16
7415 30
7416 40
7417 20
7418 12
7419 26
7420 24
7421 22
7422 20
7423 20
7424 26
7425 18
7426 22
7427 24
7428 22
7429 24
7430 22
7431 24
7432 24
7433 20
7434 22
7435 22
7436 20
7437 22
7438 36
7439 30
7440 20
7441 24
7442 20
7443 28
7444 36
7445 22
7446 26
7447 20
7448 18
7449 14
7450 20
7451 20
7452 12
7453 16
7454 30
7455 30
7456 28
7457 18
7458 26
7459 30
7460 36
7461 30
7462 28
7463 24
7464 26
7465 30
7466 24
7467 12
7468 30
7469 26
7470 32
7471 18
7472 18
7473 28
7474 24
7475 36
7476 26
7477 28
7478 20
7479 22
7480 18
7481 18
7482 16
7483 12
7484 20
7485 16
7486 30
7487 22
7488 18
7489 18
7490 24
7491 26
7492 36
7493 20
7494 18
7495 26
7496 22
7497 14
7498 22
7499 26
7500 24
7501 24
7502 30
7503 28
7504 22
7505 18
7506 52
7507 24
7508 24
7509 26
7510 24
7511 32
7512 32
7513 20
7514 20
7515 14
7516 26
7517 20
7518 22
7519 14
7520 16
7521 20
7522 24
7523 26
7524 28
7525 18
7526 22
7527 24
7528 18
7529 20
7530 22
7531 26
7532 18
7533 16
7534 18
7535 54
7536 54
7537 22
7538 32
7539 20
7540 26
7541 28
7542 26
7543 16
7544 22
7545 18
7546 32
7547 26
7548 20
7549 22
7550 44
7551 22
7552 24
7553 26
7554 24
7555 28
7556 24
7557 28
7558 18
7559 26
7560 20
7561 24
7562 22
7563 28
7564 24
7565 22
7566 16
7567 26
7568 20
7569 18
7570 22
7571 32
7572 26
7573 22
7574 22
7575 22
7576 18
7577 18
7578 22
7579 26
7580 26
7581 22
7582 16
7583 24
7584 32
7585 22
7586 24
7587 24
7588 22
7589 22
7590 18
7591 22
7592 18
7593 10
7594 16
7595 26
7596 24
7597 24
7598 52
7599 26
7600 34
7601 26
7602 26
7603 30
7604 28
7605 30
7606 30
7607 18
7608 26
7609 28
7610 26
7611 22
7612 22
7613 12
7614 18
7615 28
7616 24
7617 26
7618 20
7619 26
7620 22
7621 16
7622 20
7623 34
7624 20
7625 18
7626 24
7627 26
7628 22
7629 22
7630 24
7631 28
7632 20
7633 58
7634 18
7635 22
7636 40
7637 18
7638 16
7639 26
7640 38
7641 28
7642 18
7643 28
7644 36
7645 22
7646 24
7647 18
7648 36
7649 22
7650 20
7651 18
7652 22
7653 24
7654 34
7655 38
7656 24
7657 26
7658 30
7659 40
7660 24
7661 24
7662 28
7663 22
7664 24
7665 24
7666 14
7667 22
7668 22
7669 22
7670 16
7671 26
7672 28
7673 22
7674 20
7675 22
7676 18
7677 18
7678 48
7679 22
7680 22
7681 22
7682 26
7683 28
7684 14
7685 20
7686 22
7687 16
7688 24
7689 18
7690 24
7691 28
7692 30
7693 22
7694 12
7695 20
7696 24
7697 26
7698 26
7699 26
7700 16
7701 20
7702 24
7703 16
7704 20
7705 38
7706 28
7707 24
7708 18
7709 26
7710 26
7711 24
7712 22
7713 18
7714 24
7715 24
7716 20
7717 26
7718 18
7719 20
7720 22
7721 26
7722 24
7723 22
7724 20
7725 28
7726 26
7727 22
7728 20
7729 20
7730 18
7731 26
7732 26
7733 20
7734 26
7735 16
7736 34
7737 26
7738 20
7739 22
7740 22
7741 24
7742 32
7743 30
7744 30
7745 28
7746 22
7747 24
7748 28
7749 26
7750 22
7751 16
7752 16
7753 20
7754 26
7755 26
7756 24
7757 22
7758 26
7759 28
7760 18
7761 24
7762 24
7763 16
7764 18
7765 26
7766 22
7767 30
7768 20
7769 42
7770 22
7771 26
7772 24
7773 14
7774 26
7775 26
7776 18
7777 24
7778 30
7779 20
7780 16
7781 24
7782 22
7783 54
7784 20
7785 24
7786 18
7787 18
7788 18
7789 22
7790 20
7791 18
7792 22
7793 28
7794 22
7795 24
7796 28
7797 22
7798 18
7799 22
7800 18
7801 28
7802 24
7803 22
7804 28
7805 22
7806 26
7807 24
7808 24
7809 22
7810 16
7811 22
7812 18
7813 26
7814 32
7815 28
7816 30
7817 20
7818 22
7819 18
7820 26
7821 28
7822 28
7823 22
7824 24
7825 22
7826 20
7827 16
7828 18
7829 22
7830 18
7831 16
7832 20
7833 32
7834 32
7835 22
7836 20
7837 26
7838 28
7839 24
7840 16
7841 20
7842 40
7843 22
7844 30
7845 26
7846 28
7847 20
7848 32
7849 18
7850 18
7851 24
7852 18
7853 24
7854 22
7855 18
7856 18
7857 24
7858 20
7859 26
7860 18
7861 18
7862 26
7863 24
7864 24
7865 22
7866 20
7867 26
7868 28
7869 18
7870 18
7871 34
7872 20
7873 24
7874 24
7875 26
7876 24
7877 26
7878 20
7879 28
7880 24
7881 28
7882 20
7883 22
7884 28
7885 26
7886 28
7887 26
7888 22
7889 22
7890 24
7891 22
7892 26
7893 30
7894 26
7895 24
7896 24
7897 24
7898 26
7899 22
7900 26
7901 24
7902 44
7903 16
7904 24
7905 20
7906 24
7907 28
7908 24
7909 12
7910 34
7911 24
7912 24
7913 28
7914 30
7915 22
7916 18
7917 22
7918 30
7919 22
7920 24
7921 26
7922 22
7923 24
7924 26
7925 28
7926 28
7927 20
7928 20
7929 26
7930 24
7931 18
7932 44
7933 22
7934 20
7935 24
7936 24
7937 26
7938 32
7939 24
7940 26
7941 14
7942 36
7943 32
7944 22
7945 22
7946 22
7947 24
7948 30
7949 32
7950 24
7951 18
7952 20
7953 22
7954 28
7955 20
7956 32
7957 26
7958 30
7959 16
7960 20
7961 24
7962 36
7963 38
7964 20
7965 40
7966 16
7967 24
7968 24
7969 22
7970 26
7971 30
7972 24
7973 26
7974 30
7975 24
7976 20
7977 26
7978 24
7979 24
7980 18
7981 22
7982 22
7983 32
7984 28
7985 22
7986 24
7987 30
7988 24
7989 20
7990 28
7991 16
7992 20
7993 24
7994 22
7995 44
7996 42
7997 22
7998 24
7999 24
8000 24
8001 20
8002 20
8003 26
8004 24
8005 24
8006 16
8007 26
8008 26
8009 18
8010 30
8011 30
8012 20
8013 20
8014 26
8015 20
8016 22
8017 24
8018 38
8019 26
8020 16
8021 18
8022 38
8023 16
8024 22
8025 24
8026 24
8027 16
8028 22
8029 30
8030 26
8031 32
8032 30
8033 22
8034 16
8035 30
8036 24
8037 26
8038 34
8039 26
8040 20
8041 22
8042 24
8043 24
8044 24
8045 30
8046 24
8047 20
8048 18
8049 48
8050 22
8051 20
8052 30
8053 28
8054 22
8055 16
8056 12
8057 16
8058 14
8059 24
8060 28
8061 26
8062 24
8063 30
8064 26
8065 36
8066 18
8067 22
8068 42
8069 26
8070 28
8071 26
8072 22
8073 20
8074 20
8075 30
8076 24
8077 22
8078 18
8079 40
8080 20
8081 18
8082 26
8083 26
8084 26
8085 24
8086 14
8087 20
8088 24
8089 22
8090 18
8091 16
8092 24
8093 20
8094 26
8095 20
8096 26
8097 22
8098 28
8099 44
8100 30
8101 12
8102 34
8103 18
8104 20
8105 26
8106 16
8107 58
8108 22
8109 30
8110 40
8111 28
8112 34
8113 38
8114 26
8115 28
8116 30
8117 44
8118 28
8119 28
8120 32
8121 22
8122 26
8123 18
8124 22
8125 34
8126 22
8127 22
8128 18
8129 24
8130 20
8131 22
8132 20
8133 22
8134 30
8135 28
8136 24
8137 18
8138 20
8139 18
8140 22
8141 28
8142 22
8143 28
8144 22
8145 32
8146 20
8147 24
8148 28
8149 18
8150 20
8151 22
8152 18
8153 22
8154 24
8155 18
8156 24
8157 32
8158 22
8159 12
8160 32
8161 20
8162 22
8163 28
8164 28
8165 32
8166 26
8167 28
8168 24
8169 26
8170 26
8171 24
8172 42
8173 20
8174 26
8175 30
8176 22
8177 26
8178 32
8179 28
8180 26
8181 28
8182 22
8183 26
8184 22
8185 22
8186 18
8187 16
8188 12
8189 22
8190 24
8191 18
8192 30
8193 22
8194 20
8195 24
8196 22
8197 36
8198 24
8199 14
8200 20
8201 28
8202 16
8203 18
8204 26
8205 16
8206 28
8207 24
8208 24
8209 22
8210 22
8211 20
8212 18
8213 18
8214 16
8215 18
8216 24
8217 24
8218 36
8219 18
8220 24
8221 26
8222 28
8223 26
8224 48
8225 20
8226 24
8227 20
8228 26
8229 32
8230 22
8231 24
8232 26
8233 16
8234 24
8235 22
8236 18
8237 16
8238 12
8239 16
8240 26
8241 22
8242 16
8243 26
8244 26
8245 18
8246 24
8247 24
8248 28
8249 44
8250 24
8251 18
8252 38
8253 24
8254 30
8255 26
8256 28
8257 18
8258 22
8259 24
8260 26
8261 24
8262 38
8263 28
8264 14
8265 28
8266 24
8267 30
8268 26
8269 24
8270 26
8271 28
8272 20
8273 16
8274 26
8275 26
8276 18
8277 20
8278 22
8279 28
8280 38
8281 24
8282 24
8283 28
8284 20
8285 22
8286 32
8287 26
8288 20
8289 18
8290 22
8291 28
8292 14
8293 26
8294 22
8295 18
8296 24
8297 18
8298 28
8299 26
8300 22
8301 20
8302 20
8303 24
8304 34
8305 22
8306 42
8307 22
8308 32
8309 20
8310 26
8311 22
8312 20
8313 16
8314 14
8315 30
8316 30
8317 10
8318 26
8319 50
8320 16
8321 22
8322 26
8323 24
8324 22
8325 22
8326 16
8327 18
8328 16
8329 20
8330 26
8331 14
8332 22
8333 24
8334 18
8335 30
8336 28
8337 22
8338 16
8339 24
8340 16
8341 20
8342 20
8343 20
8344 16
8345 20
8346 16
8347 26
8348 30
8349 22
8350 24
8351 18
8352 24
8353 22
8354 20
8355 26
8356 20
8357 32
8358 28
8359 30
8360 28
8361 20
8362 20
8363 24
8364 16
8365 26
8366 20
8367 14
8368 24
8369 26
8370 24
8371 22
8372 20
8373 16
8374 16
8375 22
8376 16
8377 24
8378 20
8379 20
8380 18
8381 26
8382 22
8383 30
8384 12
8385 26
8386 22
8387 24
8388 24
8389 24
8390 30
8391 26
8392 24
8393 30
8394 24
8395 30
8396 24
8397 28
8398 26
8399 26
8400 22
8401 16
8402 24
8403 20
8404 24
8405 22
8406 40
8407 28
8408 24
8409 28
8410 22
8411 24
8412 26
8413 18
8414 28
8415 24
8416 22
8417 24
8418 18
8419 16
8420 20
8421 36
8422 38
8423 20
8424 30
8425 28
8426 18
8427 42
8428 24
8429 32
8430 24
8431 20
8432 22
8433 22
8434 28
8435 22
8436 18
8437 26
8438 22
8439 44
8440 22
8441 16
8442 20
8443 22
8444 26
8445 30
8446 32
8447 16
8448 16
8449 26
8450 24
8451 18
8452 28
8453 22
8454 22
8455 20
8456 18
8457 24
8458 22
8459 22
8460 26
8461 24
8462 20
8463 22
8464 26
8465 20
8466 14
8467 16
8468 18
8469 24
8470 22
8471 14
8472 20
8473 22
8474 24
8475 28
8476 22
8477 30
8478 26
8479 26
8480 28
8481 26
8482 26
8483 14
8484 26
8485 18
8486 22
8487 20
8488 26
8489 22
8490 22
8491 20
8492 24
8493 20
8494 14
8495 44
8496 22
8497 44
8498 22
8499 16
8500 32
8501 26
8502 20
8503 18
8504 14
8505 22
8506 28
8507 24
8508 22
8509 16
8510 24
8511 22
8512 20
8513 18
8514 16
8515 22
8516 22
8517 22
8518 22
8519 22
8520 28
8521 24
8522 22
8523 22
8524 20
8525 24
8526 20
8527 22
8528 38
8529 26
8530 28
8531 32
8532 20
8533 26
8534 28
8535 26
8536 22
8537 20
8538 24
8539 42
8540 24
8541 20
8542 18
8543 24
8544 32
8545 26
8546 28
8547 26
8548 40
8549 28
8550 22
8551 22
8552 26
8553 24
8554 30
8555 22
8556 22
8557 16
8558 16
8559 18
8560 28
8561 28
8562 16
8563 26
8564 22
8565 24
8566 30
8567 30
8568 24
8569 36
8570 28
8571 20
8572 10
8573 28
8574 24
8575 28
8576 28
8577 24
8578 26
8579 22
8580 22
8581 20
8582 26
8583 22
8584 26
8585 66
8586 18
8587 28
8588 12
8589 28
8590 44
8591 26
8592 26
8593 30
8594 18
8595 22
8596 26
8597 20
8598 26
8599 22
8600 20
8601 28
8602 20
8603 28
8604 28
8605 30
8606 22
8607 20
8608 24
8609 26
8610 22
8611 20
8612 20
8613 30
8614 20
8615 22
8616 22
8617 28
8618 20
8619 38
8620 20
8621 22
8622 24
8623 28
8624 22
8625 18
8626 26
8627 18
8628 18
8629 24
8630 24
8631 24
8632 20
8633 28
8634 28
8635 22
8636 22
8637 26
8638 26
8639 26
8640 20
8641 20
8642 30
8643 32
8644 28
8645 22
8646 30
8647 30
8648 22
8649 26
8650 36
8651 26
8652 30
8653 24
8654 20
8655 34
8656 28
8657 50
8658 26
8659 34
8660 32
8661 26
8662 24
8663 30
8664 16
8665 30
8666 18
8667 18
8668 30
8669 20
8670 22
8671 24
8672 28
8673 28
8674 16
8675 22
8676 22
8677 20
8678 32
8679 32
8680 18
8681 22
8682 22
8683 20
8684 24
8685 32
8686 24
8687 16
8688 24
8689 24
8690 24
8691 22
8692 28
8693 20
8694 24
8695 26
8696 22
8697 24
8698 22
8699 20
8700 28
8701 28
8702 24
8703 18
8704 22
8705 26
8706 22
8707 34
8708 18
8709 24
8710 16
8711 28
8712 22
8713 26
8714 24
8715 22
8716 36
8717 26
8718 18
8719 22
8720 12
8721 22
8722 20
8723 38
8724 32
8725 28
8726 44
8727 18
8728 22
8729 20
8730 24
8731 26
8732 42
8733 18
8734 20
8735 42
8736 22
8737 30
8738 26
8739 20
8740 36
8741 34
8742 24
8743 18
8744 22
8745 18
8746 18
8747 26
8748 24
8749 24
8750 24
8751 26
8752 20
8753 22
8754 22
8755 22
8756 18
8757 22
8758 28
8759 38
8760 36
8761 26
8762 20
8763 40
8764 18
8765 22
8766 22
8767 18
8768 20
8769 22
8770 22
8771 16
8772 18
8773 22
8774 30
8775 22
8776 10
8777 24
8778 22
8779 24
8780 26
8781 14
8782 24
8783 24
8784 22
8785 26
8786 26
8787 26
8788 22
8789 26
8790 30
8791 30
8792 24
8793 22
8794 40
8795 26
8796 18
8797 18
8798 22
8799 32
8800 28
8801 18
8802 30
8803 18
8804 20
8805 18
8806 12
8807 18
8808 38
8809 28
8810 12
8811 22
8812 18
8813 16
8814 28
8815 28
8816 22
8817 18
8818 26
8819 22
8820 14
8821 24
8822 12
8823 14
8824 22
8825 40
8826 20
8827 38
8828 20
8829 20
8830 18
8831 26
8832 26
8833 24
8834 28
8835 18
8836 28
8837 24
8838 32
8839 24
8840 18
8841 16
8842 28
8843 28
8844 20
8845 26
8846 58
8847 22
8848 22
8849 22
8850 26
8851 24
8852 22
8853 34
8854 20
8855 46
8856 26
8857 32
8858 22
8859 34
8860 24
8861 80
8862 16
8863 44
8864 26
8865 28
8866 24
8867 22
8868 36
8869 26
8870 30
8871 26
8872 30
8873 22
8874 26
8875 26
8876 28
8877 32
8878 16
8879 20
8880 24
8881 20
8882 30
8883 32
8884 18
8885 24
8886 26
8887 18
8888 16
8889 20
8890 22
8891 22
8892 26
8893 24
8894 62
8895 20
8896 22
8897 24
8898 24
8899 24
8900 22
8901 26
8902 24
8903 26
8904 20
8905 24
8906 28
8907 26
8908 22
8909 20
8910 22
8911 24
8912 22
8913 22
8914 18
8915 28
8916 18
8917 24
8918 24
8919 24
8920 22
8921 22
8922 20
8923 62
8924 20
8925 28
8926 28
8927 26
8928 28
8929 36
8930 20
8931 14
8932 24
8933 26
8934 12
8935 44
8936 26
8937 32
8938 26
8939 24
8940 24
8941 32
8942 22
8943 28
8944 24
8945 30
8946 22
8947 32
8948 22
8949 30
8950 28
8951 22
8952 36
8953 20
8954 20
8955 26
8956 34
8957 26
8958 20
8959 22
8960 22
8961 30
8962 34
8963 26
8964 20
8965 28
8966 32
8967 26
8968 28
8969 30
8970 32
8971 18
8972 30
8973 32
8974 30
8975 18
8976 26
8977 22
8978 22
8979 28
8980 26
8981 24
8982 24
8983 18
8984 24
8985 28
8986 20
8987 28
8988 30
8989 24
8990 24
8991 26
8992 22
8993 60
8994 18
8995 58
8996 20
8997 16
8998 18
8999 34
9000 24
9001 30
9002 24
9003 24
9004 20
9005 24
9006 24
9007 26
9008 20
9009 30
9010 18
9011 24
9012 18
9013 24
9014 14
9015 22
9016 24
9017 24
9018 16
9019 20
9020 24
9021 20
9022 18
9023 52
9024 20
9025 22
9026 22
9027 20
9028 24
9029 26
9030 22
9031 16
9032 40
9033 20
9034 22
9035 16
9036 24
9037 16
9038 16
9039 22
9040 14
9041 22
9042 24
9043 28
9044 18
9045 28
9046 20
9047 26
9048 22
9049 28
9050 20
9051 20
9052 40
9053 16
9054 22
9055 26
9056 38
9057 18
9058 26
9059 18
9060 28
9061 20
9062 22
9063 22
9064 20
9065 26
9066 18
9067 24
9068 26
9069 14
9070 22
9071 20
9072 22
9073 18
9074 24
9075 26
9076 28
9077 22
9078 24
9079 20
9080 22
9081 26
9082 30
9083 18
9084 22
9085 12
9086 28
9087 28
9088 20
9089 18
9090 24
9091 20
9092 26
9093 24
9094 18
9095 22
9096 24
9097 18
9098 22
9099 26
9100 28
9101 24
9102 20
9103 28
9104 22
9105 24
9106 22
9107 26
9108 18
9109 18
9110 20
9111 20
9112 18
9113 24
9114 24
9115 20
9116 34
9117 30
9118 32
9119 16
9120 28
9121 20
9122 28
9123 36
9124 18
9125 34
9126 18
9127 24
9128 30
9129 26
9130 30
9131 28
9132 24
9133 22
9134 26
9135 16
9136 36
9137 26
9138 26
9139 32
9140 32
9141 32
9142 28
9143 18
9144 28
9145 28
9146 26
9147 20
9148 22
9149 30
9150 28
9151 20
9152 48
9153 26
9154 26
9155 64
9156 20
9157 22
9158 26
9159 24
9160 18
9161 26
9162 28
9163 26
9164 22
9165 22
9166 26
9167 20
9168 24
9169 18
9170 20
9171 22
9172 18
9173 26
9174 28
9175 26
9176 14
9177 20
9178 24
9179 30
9180 24
9181 56
9182 28
9183 24
9184 22
9185 30
9186 22
9187 16
9188 22
9189 26
9190 24
9191 18
9192 20
9193 28
9194 22
9195 30
9196 38
9197 30
9198 26
9199 18
9200 14
9201 18
9202 24
9203 20
9204 22
9205 20
9206 16
9207 28
9208 26
9209 16
9210 22
9211 26
9212 20
9213 30
9214 58
9215 18
9216 22
9217 28
9218 26
9219 28
9220 24
9221 22
9222 20
9223 16
9224 18
9225 24
9226 18
9227 28
9228 16
9229 16
9230 18
9231 16
9232 22
9233 26
9234 18
9235 20
9236 34
9237 20
9238 18
9239 20
9240 40
9241 14
9242 20
9243 24
9244 24
9245 30
9246 18
9247 20
9248 24
9249 20
9250 22
9251 18
9252 28
9253 16
9254 24
9255 20
9256 22
9257 20
9258 16
9259 34
9260 20
9261 26
9262 26
9263 28
9264 20
9265 26
9266 20
9267 20
9268 26
9269 30
9270 20
9271 40
9272 36
9273 34
9274 24
9275 24
9276 22
9277 24
9278 24
9279 22
9280 22
9281 28
9282 22
9283 26
9284 28
9285 20
9286 28
9287 30
9288 24
9289 24
9290 20
9291 22
9292 22
9293 26
9294 24
9295 26
9296 14
9297 20
9298 26
9299 24
9300 22
9301 42
9302 24
9303 24
9304 24
9305 22
9306 20
9307 30
9308 20
9309 18
9310 24
9311 24
9312 28
9313 26
9314 42
9315 18
9316 32
9317 22
9318 22
9319 18
9320 28
9321 14
9322 24
9323 18
9324 18
9325 28
9326 24
9327 30
9328 22
9329 22
9330 24
9331 40
9332 20
9333 12
9334 20
9335 22
9336 18
9337 40
9338 18
9339 28
9340 24
9341 20
9342 18
9343 24
9344 18
9345 34
9346 20
9347 30
9348 22
9349 16
9350 20
9351 22
9352 16
9353 22
9354 24
9355 22
9356 20
9357 20
9358 16
9359 24
9360 18
9361 18
9362 26
9363 24
9364 22
9365 14
9366 20
9367 22
9368 34
9369 34
9370 24
9371 32
9372 22
9373 30
9374 18
9375 22
9376 32
9377 28
9378 22
9379 24
9380 26
9381 22
9382 20
9383 24
9384 28
9385 28
9386 20
9387 14
9388 24
9389 28
9390 26
9391 22
9392 26
9393 20
9394 20
9395 22
9396 30
9397 16
9398 24
9399 26
9400 20
9401 20
9402 20
9403 24
9404 22
9405 14
9406 28
9407 18
9408 22
9409 30
9410 28
9411 28
9412 18
9413 20
9414 24
9415 20
9416 20
9417 32
9418 20
9419 24
9420 24
9421 18
9422 24
9423 22
9424 22
9425 24
9426 20
9427 22
9428 18
9429 32
9430 48
9431 40
9432 28
9433 24
9434 26
9435 24
9436 22
9437 24
9438 24
9439 24
9440 20
9441 22
9442 36
9443 22
9444 18
9445 16
9446 22
9447 30
9448 24
9449 16
9450 22
9451 18
9452 26
9453 22
9454 20
9455 26
9456 26
9457 24
9458 20
9459 52
9460 16
9461 28
9462 32
9463 24
9464 28
9465 22
9466 18
9467 22
9468 18
9469 14
9470 20
9471 18
9472 16
9473 30
9474 30
9475 20
9476 24
9477 16
9478 22
9479 38
9480 24
9481 18
9482 20
9483 22
9484 24
9485 22
9486 18
9487 14
9488 22
9489 24
9490 26
9491 16
9492 42
9493 18
9494 18
9495 22
9496 22
9497 14
9498 26
9499 24
9500 20
9501 26
9502 20
9503 22
9504 22
9505 18
9506 40
9507 46
9508 32
9509 22
9510 26
9511 26
9512 36
9513 28
9514 22
9515 30
9516 24
9517 30
9518 32
9519 26
9520 26
9521 28
9522 36
9523 22
9524 18
9525 16
9526 16
9527 32
9528 26
9529 26
9530 34
9531 26
9532 20
9533 22
9534 26
9535 14
9536 20
9537 44
9538 22
9539 26
9540 16
9541 22
9542 28
9543 22
9544 24
9545 26
9546 20
9547 18
9548 24
9549 24
9550 30
9551 16
9552 22
9553 16
9554 22
9555 26
9556 20
9557 20
9558 30
9559 22
9560 20
9561 26
9562 26
9563 16
9564 16
9565 20
9566 18
9567 14
9568 20
9569 20
9570 24
9571 20
9572 38
9573 24
9574 22
9575 20
9576 24
9577 18
9578 44
9579 30
9580 20
9581 24
9582 18
9583 26
9584 22
9585 32
9586 30
9587 22
9588 24
9589 30
9590 24
9591 16
9592 20
9593 28
9594 24
9595 26
9596 20
9597 26
9598 24
9599 20
9600 22
9601 20
9602 20
9603 20
9604 18
9605 18
9606 26
9607 14
9608 26
9609 36
9610 32
9611 20
9612 28
9613 24
9614 40
9615 26
9616 32
9617 24
9618 26
9619 26
9620 22
9621 26
9622 28
9623 20
9624 28
9625 26
9626 20
9627 26
9628 30
9629 20
9630 22
9631 26
9632 20
9633 14
9634 28
9635 22
9636 28
9637 20
9638 16
9639 30
9640 26
9641 16
9642 32
9643 10
9644 24
9645 16
9646 24
9647 22
9648 20
9649 22
9650 32
9651 18
9652 14
9653 24
9654 22
9655 30
9656 24
9657 20
9658 20
9659 16
9660 22
9661 32
9662 16
9663 20
9664 26
9665 20
9666 32
9667 24
9668 38
9669 20
9670 34
9671 22
9672 26
9673 10
9674 30
9675 20
9676 24
9677 20
9678 20
9679 26
9680 20
9681 22
9682 28
9683 20
9684 16
9685 24
9686 18
9687 18
9688 20
9689 24
9690 22
9691 18
9692 22
9693 10
9694 28
9695 22
9696 18
9697 18
9698 22
9699 24
9700 28
9701 20
9702 24
9703 40
9704 16
9705 24
9706 26
9707 20
9708 24
9709 18
9710 38
9711 20
9712 30
9713 24
9714 38
9715 28
9716 28
9717 20
9718 34
9719 16
9720 20
9721 26
9722 26
9723 24
9724 18
9725 26
9726 22
9727 34
9728 24
9729 20
9730 42
9731 26
9732 24
9733 28
9734 28
9735 20
9736 28
9737 30
9738 24
9739 30
9740 24
9741 20
9742 26
9743 18
9744 24
9745 20
9746 22
9747 22
9748 24
9749 36
9750 20
9751 22
9752 22
9753 22
9754 32
9755 16
9756 24
9757 26
9758 28
9759 24
9760 26
9761 32
9762 24
9763 24
9764 10
9765 26
9766 38
9767 30
9768 32
9769 26
9770 20
9771 26
9772 32
9773 22
9774 22
9775 30
9776 38
9777 14
9778 24
9779 18
9780 20
9781 18
9782 22
9783 20
9784 22
9785 28
9786 16
9787 24
9788 22
9789 22
9790 24
9791 26
9792 32
9793 26
9794 30
9795 34
9796 20
9797 26
9798 22
9799 24
9800 32
9801 24
9802 22
9803 22
9804 40
9805 26
9806 26
9807 24
9808 24
9809 22
9810 12
9811 24
9812 24
9813 28
9814 18
9815 20
9816 26
9817 32
9818 18
9819 24
9820 26
9821 22
9822 24
9823 24
9824 20
9825 28
9826 16
9827 20
9828 30
9829 22
9830 22
9831 22
9832 36
9833 22
9834 28
9835 18
9836 26
9837 32
9838 18
9839 22
9840 20
9841 42
9842 24
9843 20
9844 22
9845 16
9846 18
9847 26
9848 18
9849 20
9850 22
9851 26
9852 18
9853 16
9854 22
9855 18
9856 20
9857 20
9858 18
9859 20
9860 14
9861 18
9862 24
9863 30
9864 30
9865 14
9866 20
9867 16
9868 18
9869 24
9870 12
9871 28
9872 24
9873 20
9874 26
9875 20
9876 24
9877 22
9878 20
9879 24
9880 22
9881 16
9882 18
9883 22
9884 26
9885 34
9886 22
9887 20
9888 18
9889 22
9890 20
9891 26
9892 24
9893 22
9894 42
9895 20
9896 18
9897 20
9898 22
9899 20
9900 22
9901 22
9902 28
9903 18
9904 20
9905 24
9906 24
9907 36
9908 22
9909 24
9910 16
9911 20
9912 26
9913 26
9914 20
9915 16
9916 38
9917 48
9918 26
9919 36
9920 60
9921 26
9922 40
9923 26
9924 32
9925 32
9926 30
9927 42
9928 34
9929 22
9930 36
9931 16
9932 42
9933 26
9934 20
9935 56
9936 38
9937 24
9938 26
9939 24
9940 38
9941 30
9942 26
9943 26
9944 26
9945 26
9946 24
9947 34
9948 18
9949 36
9950 20
9951 30
9952 26
9953 22
9954 28
9955 18
9956 16
9957 20
9958 26
9959 18
9960 28
9961 22
9962 24
9963 24
9964 28
9965 18
9966 40
9967 32
9968 18
9969 26
9970 20
9971 20
9972 22
9973 24
9974 22
9975 30
9976 44
9977 18
9978 28
9979 24
9980 28
9981 24
9982 28
9983 22
9984 20
9985 20
9986 18
9987 18
9988 32
9989 20
9990 24
9991 24
9992 32
9993 22
9994 32
9995 22
9996 20
9997 26
9998 22
9999 22
10000 52
10001 24
10002 20
10003 18
10004 32
10005 14
10006 22
10007 26
10008 24
10009 22
10010 30
10011 26
10012 16
10013 20
10014 24
10015 20
10016 20
10017 26
10018 30
10019 20
10020 38
10021 26
10022 20
10023 24
10024 24
10025 22
10026 28
10027 36
10028 18
10029 16
10030 22
10031 32
10032 18
10033 22
10034 28
10035 18
10036 18
10037 16
10038 30
10039 26
10040 22
10041 24
10042 24
10043 18
10044 26
10045 20
10046 24
10047 26
10048 22
10049 40
10050 24
10051 14
10052 28
10053 30
10054 24
10055 22
10056 24
10057 18
10058 24
10059 26
10060 22
10061 26
10062 26
10063 30
10064 22
10065 28
10066 36
10067 16
10068 24
10069 34
10070 28
10071 22
10072 22
10073 14
10074 18
10075 20
10076 38
10077 24
10078 26
10079 22
10080 20
10081 26
10082 24
10083 28
10084 36
10085 16
10086 16
10087 30
10088 40
10089 34
10090 20
10091 18
10092 26
10093 16
10094 32
10095 22
10096 30
10097 30
10098 26
10099 16
