100 22
101 25
102 23
103 14
104 34
105 33
106 29
107 33
108 23
109 19
110 28
111 25
112 17
113 24
114 17
115 11
116 14
117 25
118 31
119 35
120 14
121 19
122 17
123 28
124 17
125 16
126 22
127 20
128 23
129 22
130 16
131 17
132 26
133 14
134 14
135 22
136 14
137 26
138 14
139 14
140 17
141 22
142 23
143 23
144 20
145 25
146 22
147 19
148 23
149 17
150 17
151 14
152 11
153 25
154 23
155 17
156 20
157 17
158 20
159 17
160 26
161 8
162 40
163 20
164 26
165 17
166 17
167 36
168 36
169 17
170 22
171 34
172 32
173 23
174 8
175 20
176 29
177 11
178 14
179 20
180 14
181 8
182 20
183 23
184 14
185 20
186 19
187 20
188 17
189 20
190 20
191 23
192 16
193 23
194 17
195 28
196 26
197 20
198 22
199 23
200 20
201 23
202 17
203 14
204 16
205 20
206 20
207 17
208 20
209 14
210 19
211 17
212 23
213 20
214 29
215 29
216 22
217 14
218 28
219 34
220 14
221 42
222 30
223 18
224 53
225 40
226 20
227 14
228 20
229 17
230 11
231 27
232 23
233 23
234 14
235 28
236 19
237 14
238 17
239 11
240 17
241 23
242 25
243 23
244 14
245 20
246 32
247 20
248 17
249 26
250 31
251 29
252 35
253 23
254 27
255 20
256 42
257 35
258 38
259 37
260 26
261 38
262 17
263 17
264 17
265 20
266 17
267 23
268 14
269 21
270 24
271 17
272 14
273 28
274 14
275 25
276 14
277 23
278 23
279 23
280 14
281 17
282 17
283 35
284 36
285 38
286 14
287 26
288 22
289 20
290 17
291 23
292 33
293 22
294 20
295 35
296 29
297 19
298 25
299 17
300 11
301 15
302 31
303 17
304 21
305 23
306 23
307 23
308 17
309 20
310 16
311 28
312 19
313 19
314 16
315 24
316 17
317 14
318 14
319 23
320 14
321 29
322 25
323 31
324 27
325 25
326 14
327 26
328 28
329 35
330 25
331 25
332 17
333 20
334 20
335 16
336 17
337 25
338 23
339 23
340 23
341 17
342 25
343 23
344 16
345 11
346 20
347 20
348 26
349 23
350 32
351 26
352 23
353 30
354 17
355 17
356 23
357 26
358 26
359 23
360 31
361 27
362 28
363 37
364 20
365 14
366 23
367 35
368 14
369 17
370 17
371 17
372 14
373 22
374 20
375 14
376 33
377 23
378 23
379 17
380 31
381 17
382 23
383 16
384 11
385 18
386 28
387 29
388 20
389 20
390 48
391 26
392 17
393 17
394 17
395 28
396 35
397 67
398 17
399 31
400 22
401 20
402 24
403 26
404 32
405 11
406 25
407 17
408 21
409 23
410 28
411 23
412 14
413 20
414 23
415 34
416 14
417 27
418 20
419 23
420 14
421 23
422 27
423 13
424 25
425 16
426 29
427 28
428 20
429 23
430 20
431 26
432 27
433 30
434 21
435 25
436 31
437 19
438 33
439 19
440 26
441 38
442 30
443 23
444 20
445 28
446 28
447 22
448 20
449 31
450 25
451 30
452 23
453 11
454 22
455 24
456 30
457 22
458 22
459 14
460 23
461 17
462 23
463 20
464 34
465 22
466 15
467 20
468 25
469 17
470 23
471 34
472 17
473 29
474 35
475 23
476 23
477 35
478 38
479 25
480 22
481 39
482 22
483 26
484 23
485 21
486 26
487 20
488 17
489 17
490 22
491 35
492 26
493 23
494 17
495 17
496 29
497 26
498 17
499 23
500 25
501 20
502 30
503 20
504 26
505 20
506 25
507 41
508 25
509 34
510 29
511 29
512 32
513 20
514 23
515 17
516 17
517 23
518 17
519 17
520 26
521 29
522 20
523 16
524 23
525 25
526 24
527 24
528 28
529 20
530 25
531 21
532 17
533 26
534 20
535 22
536 20
537 20
538 26
539 23
540 23
541 20
542 29
543 27
544 27
545 21
546 32
547 29
548 27
549 33
550 28
551 19
552 23
553 29
554 29
555 20
556 20
557 26
558 26
559 20
560 20
561 20
562 26
563 25
564 27
565 30
566 26
567 46
568 22
569 22
570 17
571 25
572 22
573 36
574 36
575 21
576 22
577 20
578 25
579 17
580 23
581 26
582 25
583 20
584 30
585 26
586 19
587 25
588 23
589 23
590 11
591 52
592 17
593 40
594 25
595 26
596 36
597 22
598 27
599 20
600 20
601 16
602 17
603 27
604 25
605 28
606 46
607 22
608 23
609 29
610 23
611 32
612 17
613 25
614 25
615 23
616 20
617 23
618 17
619 29
620 36
621 38
622 29
623 20
624 29
625 17
626 44
627 23
628 17
629 22
630 20
631 34
632 17
633 27
634 28
635 20
636 17
637 20
638 30
639 23
640 26
641 17
642 26
643 14
644 23
645 20
646 34
647 23
648 14
649 28
650 23
651 23
652 14
653 23
654 26
655 22
656 20
657 23
658 25
659 20
660 20
661 20
662 34
663 21
664 30
665 31
666 26
667 36
668 33
669 17
670 21
671 25
672 23
673 20
674 19
675 23
676 25
677 23
678 20
679 23
680 32
681 40
682 26
683 28
684 33
685 23
686 31
687 37
688 21
689 17
690 28
691 44
692 23
693 23
694 20
695 29
696 41
697 23
698 18
699 22
700 26
701 26
702 20
703 24
704 43
705 28
706 20
707 22
708 17
709 36
710 20
711 26
712 26
713 13
714 17
715 20
716 17
717 23
718 19
719 26
720 26
721 34
722 35
723 22
724 20
725 29
726 19
727 17
728 21
729 20
730 22
731 26
732 26
733 14
734 17
735 23
736 33
737 37
738 28
739 23
740 25
741 22
742 24
743 26
744 16
745 17
746 36
747 30
748 20
749 30
750 23
751 31
752 23
753 26
754 33
755 23
756 17
757 28
758 26
759 27
760 19
761 27
762 29
763 26
764 20
765 27
766 49
767 27
768 31
769 21
770 34
771 29
772 36
773 46
774 20
775 22
776 28
777 26
778 30
779 25
780 26
781 23
782 23
783 29
784 29
785 32
786 32
787 35
788 20
789 17
790 19
791 17
792 26
793 30
794 25
795 20
796 26
797 20
798 38
799 14
800 23
801 20
802 14
803 26
804 20
805 23
806 23
807 17
808 23
809 23
810 33
811 20
812 47
813 24
814 31
815 17
816 25
817 23
818 22
819 20
820 27
821 46
822 34
823 29
824 17
825 28
826 26
827 26
828 20
829 25
830 27
831 11
832 20
833 34
834 29
835 27
836 17
837 27
838 22
839 25
840 29
841 23
842 26
843 17
844 29
845 42
846 34
847 23
848 17
849 41
850 17
851 41
852 42
853 26
854 30
855 20
856 23
857 23
858 16
859 23
860 26
861 11
862 26
863 26
864 22
865 31
866 42
867 23
868 38
869 14
870 45
871 17
872 32
873 23
874 28
875 28
876 38
877 36
878 19
879 34
880 51
881 23
882 10
883 28
884 26
885 29
886 39
887 28
888 35
889 23
890 27
891 20
892 22
893 35
894 46
895 24
896 46
897 29
898 23
899 23
900 26
901 20
902 45
903 23
904 37
905 36
906 20
907 26
908 17
909 11
910 29
911 44
912 37
913 21
914 22
915 33
916 32
917 28
918 32
919 30
920 32
921 47
922 16
923 29
924 25
925 23
926 29
927 34
928 20
929 18
930 28
931 28
932 20
933 29
934 36
935 29
936 27
937 24
938 29
939 34
940 32
941 29
942 24
943 22
944 33
945 47
946 47
947 23
948 23
949 22
950 20
951 30
952 28
953 20
954 34
955 29
956 29
957 17
958 30
959 31
960 22
961 32
962 23
963 25
964 17
965 29
966 30
967 23
968 26
969 29
970 23
971 22
972 33
973 39
974 28
975 25
976 16
977 28
978 23
979 20
980 23
981 27
982 23
983 26
984 16
985 23
986 22
987 23
988 20
989 25
990 30
991 20
992 33
993 22
994 24
995 26
996 25
997 20
998 26
999 26
1000 20
1001 28
1002 20
1003 23
1004 24
1005 28
1006 29
1007 26
1008 26
1009 23
1010 40
1011 20
1012 29
1013 23
1014 20
1015 17
1016 19
1017 23
1018 26
1019 20
1020 26
1021 14
1022 29
1023 41
1024 17
1025 39
1026 23
1027 31
1028 20
1029 29
1030 20
1031 21
1032 23
1033 28
1034 19
1035 16
1036 26
1037 11
1038 26
1039 25
1040 26
1041 33
1042 44
1043 23
1044 20
1045 25
1046 19
1047 36
1048 28
1049 23
1050 20
1051 23
1052 20
1053 22
1054 25
1055 29
1056 22
1057 28
1058 40
1059 31
1060 23
1061 32
1062 28
1063 28
1064 21
1065 29
1066 37
1067 38
1068 26
1069 21
1070 39
1071 28
1072 27
1073 31
1074 28
1075 23
1076 20
1077 26
1078 16
1079 34
1080 28
1081 23
1082 23
1083 20
1084 29
1085 26
1086 20
1087 22
1088 29
1089 23
1090 25
1091 25
1092 23
1093 41
1094 30
1095 29
1096 26
1097 23
1098 23
1099 17
1100 19
1101 23
1102 28
1103 28
1104 25
1105 19
1106 22
1107 24
1108 23
1109 20
1110 23
1111 26
1112 23
1113 24
1114 14
1115 22
1116 24
1117 26
1118 20
1119 26
1120 33
1121 23
1122 19
1123 14
1124 29
1125 20
1126 28
1127 40
1128 26
1129 24
1130 22
1131 23
1132 26
1133 19
1134 40
1135 23
1136 28
1137 29
1138 29
1139 26
1140 22
1141 19
1142 20
1143 20
1144 20
1145 28
1146 23
1147 35
1148 25
1149 20
1150 23
1151 28
1152 19
1153 18
1154 23
1155 17
1156 16
1157 20
1158 29
1159 52
1160 29
1161 47
1162 34
1163 54
1164 43
1165 34
1166 31
1167 14
1168 23
1169 25
1170 29
1171 20
1172 36
1173 21
1174 29
1175 38
1176 29
1177 37
1178 23
1179 28
1180 30
1181 29
1182 34
1183 26
1184 20
1185 17
1186 25
1187 20
1188 21
1189 32
1190 17
1191 23
1192 26
1193 23
1194 35
1195 14
1196 21
1197 31
1198 26
1199 28
1200 27
1201 25
1202 27
1203 23
1204 28
1205 14
1206 23
1207 26
1208 35
1209 20
1210 33
1211 29
1212 20
1213 17
1214 14
1215 23
1216 17
1217 19
1218 21
1219 26
1220 26
1221 30
1222 65
1223 14
1224 13
1225 17
1226 27
1227 25
1228 35
1229 20
1230 20
1231 25
1232 35
1233 17
1234 31
1235 17
1236 22
1237 23
1238 20
1239 19
1240 20
1241 17
1242 17
1243 20
1244 43
1245 25
1246 45
1247 20
1248 27
1249 29
1250 25
1251 17
1252 37
1253 23
1254 21
1255 24
1256 21
1257 23
1258 23
1259 26
1260 30
1261 20
1262 31
1263 28
1264 33
1265 17
1266 30
1267 30
1268 44
1269 20
1270 26
1271 30
1272 23
1273 26
1274 28
1275 26
1276 16
1277 34
1278 25
1279 25
1280 20
1281 20
1282 26
1283 26
1284 26
1285 22
1286 19
1287 31
1288 23
1289 17
1290 20
1291 17
1292 11
1293 25
1294 20
1295 21
1296 29
1297 29
1298 27
1299 16
1300 23
1301 26
1302 26
1303 31
1304 23
1305 35
1306 29
1307 24
1308 26
1309 34
1310 16
1311 33
1312 30
1313 19
1314 30
1315 30
1316 31
1317 21
1318 40
1319 26
1320 23
1321 43
1322 21
1323 36
1324 28
1325 17
1326 26
1327 20
1328 22
1329 25
1330 23
1331 30
1332 17
1333 28
1334 20
1335 23
1336 32
1337 26
1338 17
1339 25
1340 26
1341 23
1342 30
1343 14
1344 28
1345 27
1346 28
1347 29
1348 33
1349 13
1350 22
1351 34
1352 30
1353 24
1354 27
1355 25
1356 24
1357 31
1358 32
1359 23
1360 26
1361 29
1362 30
1363 38
1364 23
1365 26
1366 28
1367 28
1368 26
1369 30
1370 40
1371 18
1372 20
1373 35
1374 21
1375 22
1376 38
1377 43
1378 40
1379 19
1380 23
1381 13
1382 39
1383 24
1384 21
1385 26
1386 23
1387 20
1388 27
1389 17
1390 26
1391 23
1392 20
1393 21
1394 25
1395 33
1396 33
1397 29
1398 23
1399 23
1400 26
1401 26
1402 42
1403 29
1404 17
1405 17
1406 23
1407 33
1408 16
1409 20
1410 32
1411 30
1412 29
1413 31
1414 28
1415 23
1416 26
1417 30
1418 34
1419 23
1420 17
1421 29
1422 37
1423 44
1424 20
1425 20
1426 20
1427 29
1428 23
1429 37
1430 27
1431 25
1432 25
1433 42
1434 27
1435 28
1436 31
1437 23
1438 18
1439 36
1440 29
1441 22
1442 26
1443 26
1444 32
1445 29
1446 27
1447 23
1448 14
1449 27
1450 37
1451 30
1452 25
1453 24
1454 25
1455 29
1456 29
1457 26
1458 36
1459 26
1460 38
1461 45
1462 25
1463 28
1464 26
1465 26
1466 29
1467 28
1468 23
1469 33
1470 27
1471 39
1472 26
1473 27
1474 29
1475 26
1476 22
1477 43
1478 39
1479 36
1480 43
1481 26
1482 48
1483 34
1484 32
1485 24
1486 29
1487 26
1488 23
1489 26
1490 31
1491 42
1492 26
1493 23
1494 27
1495 23
1496 36
1497 26
1498 28
1499 20
1500 30
1501 35
1502 44
1503 26
1504 19
1505 25
1506 29
1507 25
1508 43
1509 45
1510 24
1511 29
1512 20
1513 22
1514 31
1515 21
1516 20
1517 29
1518 29
1519 28
1520 29
1521 33
1522 23
1523 20
1524 46
1525 26
1526 42
1527 34
1528 19
1529 41
1530 25
1531 33
1532 38
1533 26
1534 27
1535 20
1536 26
1537 23
1538 26
1539 25
1540 23
1541 38
1542 33
1543 26
1544 30
1545 29
1546 29
1547 39
1548 27
1549 31
1550 29
1551 26
1552 29
1553 8
1554 21
1555 23
1556 29
1557 26
1558 23
1559 23
1560 22
1561 23
1562 23
1563 27
1564 20
1565 26
1566 35
1567 26
1568 26
1569 22
1570 28
1571 39
1572 22
1573 17
1574 39
1575 29
1576 36
1577 32
1578 20
1579 20
1580 26
1581 28
1582 20
1583 31
1584 31
1585 26
1586 29
1587 27
1588 25
1589 23
1590 29
1591 22
1592 23
1593 24
1594 25
1595 26
1596 31
1597 22
1598 37
1599 19
1600 23
1601 26
1602 21
1603 23
1604 31
1605 31
1606 19
1607 37
1608 27
1609 32
1610 39
1611 33
1612 43
1613 26
1614 20
1615 28
1616 47
1617 60
1618 38
1619 35
1620 23
1621 31
1622 34
1623 25
1624 23
1625 23
1626 26
1627 29
1628 26
1629 24
1630 29
1631 26
1632 25
1633 20
1634 22
1635 52
1636 60
1637 24
1638 30
1639 27
1640 27
1641 23
1642 35
1643 38
1644 26
1645 35
1646 54
1647 37
1648 29
1649 37
1650 48
1651 36
1652 28
1653 29
1654 26
1655 26
1656 25
1657 20
1658 36
1659 21
1660 23
1661 26
1662 25
1663 28
1664 16
1665 29
1666 29
1667 32
1668 27
1669 24
1670 46
1671 26
1672 37
1673 36
1674 20
1675 39
1676 22
1677 24
1678 14
1679 20
1680 32
1681 26
1682 40
1683 35
1684 26
1685 29
1686 53
1687 29
1688 28
1689 20
1690 36
1691 34
1692 29
1693 30
1694 19
1695 29
1696 32
1697 34
1698 23
1699 20
1700 26
1701 28
1702 22
1703 31
1704 27
1705 14
1706 17
1707 20
1708 32
1709 20
1710 34
1711 17
1712 30
1713 16
1714 26
1715 31
1716 17
1717 22
1718 23
1719 20
1720 20
1721 22
1722 20
1723 23
1724 36
1725 27
1726 30
1727 27
1728 32
1729 37
1730 26
1731 27
1732 42
1733 31
1734 20
1735 28
1736 20
1737 22
1738 26
1739 23
1740 28
1741 45
1742 41
1743 26
1744 54
1745 25
1746 46
1747 27
1748 34
1749 26
1750 26
1751 22
1752 41
1753 40
1754 25
1755 26
1756 28
1757 23
1758 29
1759 32
1760 35
1761 37
1762 41
1763 26
1764 29
1765 26
1766 22
1767 16
1768 28
1769 25
1770 17
1771 30
1772 27
1773 34
1774 32
1775 20
1776 39
1777 22
1778 37
1779 32
1780 20
1781 29
1782 27
1783 26
1784 27
1785 23
1786 22
1787 20
1788 26
1789 27
1790 31
1791 23
1792 19
1793 44
1794 31
1795 34
1796 34
1797 29
1798 27
1799 30
1800 26
1801 29
1802 20
1803 37
1804 24
1805 36
1806 67
1807 23
1808 35
1809 28
1810 23
1811 25
1812 30
1813 24
1814 27
1815 22
1816 23
1817 20
1818 34
1819 20
1820 30
1821 25
1822 26
1823 32
1824 30
1825 32
1826 22
1827 17
1828 38
1829 26
1830 31
1831 23
1832 41
1833 45
1834 52
1835 32
1836 41
1837 31
1838 27
1839 25
1840 24
1841 39
1842 19
1843 29
1844 21
1845 32
1846 29
1847 20
1848 29
1849 27
1850 23
1851 14
1852 14
1853 23
1854 22
1855 19
1856 26
1857 28
1858 27
1859 26
1860 39
1861 20
1862 27
1863 30
1864 23
1865 29
1866 30
1867 32
1868 44
1869 22
1870 16
1871 22
1872 23
1873 29
1874 26
1875 41
1876 32
1877 33
1878 19
1879 23
1880 25
1881 36
1882 26
1883 22
1884 33
1885 39
1886 33
1887 11
1888 17
1889 23
1890 30
1891 29
1892 28
1893 31
1894 18
1895 33
1896 29
1897 19
1898 19
1899 42
1900 23
1901 17
1902 28
1903 41
1904 26
1905 41
1906 36
1907 31
1908 28
1909 35
1910 36
1911 32
1912 33
1913 24
1914 31
1915 31
1916 26
1917 31
1918 26
1919 33
1920 22
1921 17
1922 20
1923 14
1924 26
1925 28
1926 27
1927 42
1928 19
1929 26
1930 31
1931 22
1932 27
1933 22
1934 24
1935 17
1936 33
1937 25
1938 29
1939 23
1940 25
1941 25
1942 24
1943 38
1944 34
1945 36
1946 29
1947 41
1948 39
1949 30
1950 35
1951 28
1952 23
1953 22
1954 33
1955 21
1956 21
1957 30
1958 13
1959 24
1960 25
1961 33
1962 29
1963 25
1964 25
1965 36
1966 17
1967 37
1968 23
1969 25
1970 20
1971 17
1972 29
1973 23
1974 32
1975 33
1976 29
1977 29
1978 25
1979 27
1980 37
1981 27
1982 22
1983 38
1984 44
1985 30
1986 31
1987 35
1988 17
1989 32
1990 27
1991 26
1992 27
1993 23
1994 30
1995 25
1996 19
1997 33
1998 26
1999 22
2000 27
2001 32
2002 35
2003 28
2004 17
2005 26
2006 37
2007 31
2008 34
2009 26
2010 23
2011 30
2012 39
2013 26
2014 23
2015 31
2016 26
2017 39
2018 22
2019 30
2020 23
2021 22
2022 29
2023 13
2024 31
2025 25
2026 29
2027 19
2028 33
2029 26
2030 20
2031 27
2032 28
2033 26
2034 31
2035 29
2036 23
2037 26
2038 59
2039 22
2040 23
2041 32
2042 29
2043 28
2044 30
2045 25
2046 26
2047 25
2048 26
2049 25
2050 34
2051 25
2052 28
2053 26
2054 20
2055 35
2056 47
2057 55
2058 50
2059 32
2060 26
2061 27
2062 29
2063 30
2064 26
2065 26
2066 25
2067 26
2068 26
2069 23
2070 28
2071 14
2072 21
2073 36
2074 32
2075 30
2076 23
2077 23
2078 31
2079 23
2080 23
2081 29
2082 23
2083 26
2084 25
2085 29
2086 28
2087 28
2088 29
2089 36
2090 36
2091 47
2092 26
2093 54
2094 26
2095 30
2096 31
2097 17
2098 28
2099 43
2100 20
2101 49
2102 26
2103 26
2104 44
2105 29
2106 36
2107 23
2108 29
2109 32
2110 32
2111 25
2112 33
2113 45
2114 28
2115 25
2116 29
2117 19
2118 25
2119 22
2120 27
2121 26
2122 29
2123 28
2124 33
2125 23
2126 31
2127 23
2128 35
2129 22
2130 35
2131 22
2132 17
2133 29
2134 26
2135 37
2136 22
2137 18
2138 26
2139 20
2140 20
2141 24
2142 42
2143 19
2144 27
2145 28
2146 38
2147 41
2148 30
2149 29
2150 27
2151 33
2152 24
2153 48
2154 26
2155 36
2156 29
2157 29
2158 34
2159 27
2160 26
2161 26
2162 26
2163 32
2164 20
2165 38
2166 25
2167 24
2168 26
2169 29
2170 29
2171 21
2172 28
2173 28
2174 32
2175 27
2176 34
2177 25
2178 31
2179 26
2180 24
2181 33
2182 29
2183 26
2184 23
2185 31
2186 23
2187 29
2188 19
2189 25
2190 25
2191 30
2192 22
2193 37
2194 32
2195 27
2196 32
2197 41
2198 31
2199 38
2200 23
2201 47
2202 19
2203 29
2204 32
2205 31
2206 16
2207 38
2208 28
2209 23
2210 38
2211 23
2212 31
2213 28
2214 20
2215 20
2216 34
2217 29
2218 28
2219 35
2220 56
2221 23
2222 40
2223 25
2224 31
2225 22
2226 35
2227 39
2228 33
2229 34
2230 26
2231 20
2232 40
2233 32
2234 46
2235 47
2236 41
2237 34
2238 18
2239 23
2240 24
2241 44
2242 37
2243 27
2244 30
2245 20
2246 24
2247 19
2248 29
2249 32
2250 35
2251 38
2252 34
2253 24
2254 29
2255 41
2256 36
2257 23
2258 26
2259 28
2260 37
2261 23
2262 28
2263 34
2264 41
2265 23
2266 41
2267 32
2268 56
2269 25
2270 58
2271 23
2272 28
2273 23
2274 26
2275 16
2276 20
2277 22
2278 29
2279 28
2280 30
2281 23
2282 35
2283 23
2284 31
2285 29
2286 29
2287 34
2288 31
2289 32
2290 23
2291 25
2292 30
2293 37
2294 25
2295 42
2296 28
2297 28
2298 26
2299 33
2300 30
2301 35
2302 35
2303 29
2304 38
2305 20
2306 25
2307 36
2308 26
2309 40
2310 33
2311 14
2312 24
2313 22
2314 22
2315 23
2316 17
2317 22
2318 21
2319 19
2320 24
2321 22
2322 26
2323 44
2324 17
2325 25
2326 30
2327 33
2328 33
2329 20
2330 36
2331 26
2332 27
2333 31
2334 37
2335 25
2336 23
2337 36
2338 22
2339 24
2340 29
2341 31
2342 26
2343 35
2344 31
2345 23
2346 38
2347 26
2348 20
2349 26
2350 42
2351 23
2352 32
2353 28
2354 26
2355 31
2356 22
2357 20
2358 20
2359 26
2360 24
2361 32
2362 33
2363 27
2364 39
2365 30
2366 29
2367 36
2368 28
2369 29
2370 27
2371 35
2372 41
2373 31
2374 34
2375 29
2376 36
2377 14
2378 23
2379 35
2380 23
2381 43
2382 31
2383 36
2384 36
2385 29
2386 35
2387 27
2388 24
2389 29
2390 33
2391 44
2392 28
2393 23
2394 25
2395 29
2396 51
2397 22
2398 29
2399 31
2400 33
2401 23
2402 25
2403 27
2404 29
2405 25
2406 33
2407 28
2408 26
2409 35
2410 36
2411 21
2412 19
2413 46
2414 35
2415 29
2416 19
2417 34
2418 35
2419 33
2420 32
2421 22
2422 29
2423 36
2424 25
2425 24
2426 25
2427 23
2428 14
2429 27
2430 23
2431 36
2432 35
2433 29
2434 24
2435 29
2436 27
2437 29
2438 48
2439 27
2440 34
2441 35
2442 29
2443 26
2444 26
2445 26
2446 31
2447 29
2448 22
2449 26
2450 26
2451 24
2452 26
2453 31
2454 22
2455 25
2456 23
2457 19
2458 26
2459 26
2460 31
2461 31
2462 33
2463 17
2464 26
2465 28
2466 20
2467 20
2468 35
2469 32
2470 29
2471 39
2472 28
2473 20
2474 23
2475 25
2476 22
2477 28
2478 34
2479 26
2480 23
2481 39
2482 31
2483 27
2484 23
2485 29
2486 33
2487 32
2488 23
2489 22
2490 28
2491 55
2492 28
2493 41
2494 37
2495 27
2496 23
2497 22
2498 16
2499 31
2500 34
2501 26
2502 30
2503 26
2504 23
2505 32
2506 25
2507 34
2508 26
2509 20
2510 22
2511 27
2512 20
2513 26
2514 20
2515 38
2516 20
2517 22
2518 25
2519 27
2520 22
2521 34
2522 34
2523 19
2524 47
2525 21
2526 27
2527 25
2528 30
2529 29
2530 29
2531 29
2532 24
2533 33
2534 24
2535 28
2536 30
2537 21
2538 21
2539 30
2540 50
2541 50
2542 30
2543 17
2544 42
2545 34
2546 30
2547 37
2548 17
2549 20
2550 36
2551 25
2552 25
2553 20
2554 30
2555 34
2556 25
2557 26
2558 26
2559 20
2560 41
2561 23
2562 31
2563 36
2564 29
2565 46
2566 20
2567 34
2568 40
2569 48
2570 26
2571 34
2572 26
2573 23
2574 25
2575 30
2576 49
2577 38
2578 36
2579 29
2580 24
2581 26
2582 31
2583 14
2584 37
2585 21
2586 26
2587 25
2588 29
2589 37
2590 31
2591 28
2592 31
2593 21
2594 51
2595 30
2596 26
2597 31
2598 38
2599 31
2600 45
2601 33
2602 28
2603 47
2604 20
2605 38
2606 31
2607 28
2608 33
2609 27
2610 17
2611 26
2612 21
2613 30
2614 26
2615 27
2616 26
2617 39
2618 37
2619 26
2620 29
2621 17
2622 32
2623 26
2624 23
2625 32
2626 22
2627 35
2628 41
2629 26
2630 23
2631 25
2632 20
2633 28
2634 35
2635 28
2636 27
2637 43
2638 31
2639 25
2640 20
2641 28
2642 43
2643 40
2644 29
2645 28
2646 20
2647 24
2648 18
2649 28
2650 31
2651 35
2652 33
2653 22
2654 37
2655 26
2656 32
2657 37
2658 28
2659 23
2660 23
2661 19
2662 31
2663 37
2664 16
2665 23
2666 21
2667 23
2668 20
2669 33
2670 14
2671 29
2672 31
2673 33
2674 41
2675 31
2676 30
2677 49
2678 47
2679 53
2680 29
2681 27
2682 33
2683 31
2684 26
2685 24
2686 28
2687 36
2688 38
2689 18
2690 47
2691 30
2692 30
2693 46
2694 17
2695 37
2696 41
2697 26
2698 22
2699 17
2700 20
2701 26
2702 28
2703 27
2704 25
2705 31
2706 39
2707 20
2708 26
2709 35
2710 25
2711 38
2712 29
2713 32
2714 32
2715 23
2716 26
2717 33
2718 35
2719 25
2720 17
2721 31
2722 31
2723 31
2724 30
2725 17
2726 30
2727 35
2728 45
2729 20
2730 39
2731 37
2732 26
2733 22
2734 29
2735 17
2736 20
2737 30
2738 22
2739 29
2740 26
2741 24
2742 23
2743 20
2744 29
2745 36
2746 36
2747 26
2748 22
2749 36
2750 27
2751 26
2752 23
2753 29
2754 33
2755 33
2756 22
2757 34
2758 23
2759 25
2760 24
2761 27
2762 22
2763 37
2764 19
2765 18
2766 33
2767 22
2768 32
2769 42
2770 22
2771 22
2772 27
2773 29
2774 30
2775 39
2776 35
2777 49
2778 48
2779 23
2780 35
2781 30
2782 19
2783 23
2784 23
2785 25
2786 23
2787 31
2788 26
2789 20
2790 33
2791 11
2792 28
2793 26
2794 28
2795 17
2796 22
2797 16
2798 54
2799 29
2800 29
2801 31
2802 28
2803 30
2804 41
2805 41
2806 29
2807 46
2808 49
2809 35
2810 43
2811 55
2812 27
2813 30
2814 32
2815 34
2816 22
2817 44
2818 25
2819 25
2820 21
2821 32
2822 28
2823 27
2824 49
2825 31
2826 26
2827 44
2828 30
2829 40
2830 41
2831 26
2832 41
2833 36
2834 21
2835 33
2836 20
2837 32
2838 27
2839 26
2840 23
2841 28
2842 29
2843 31
2844 26
2845 23
2846 29
2847 28
2848 26
2849 26
2850 16
2851 35
2852 34
2853 20
2854 25
2855 44
2856 28
2857 33
2858 32
2859 32
2860 34
2861 41
2862 36
2863 29
2864 29
2865 29
2866 28
2867 48
2868 23
2869 26
2870 32
2871 42
2872 29
2873 25
2874 22
2875 23
2876 26
2877 34
2878 17
2879 26
2880 22
2881 27
2882 27
2883 34
2884 27
2885 29
2886 23
2887 29
2888 23
2889 28
2890 44
2891 31
2892 20
2893 28
2894 34
2895 32
2896 24
2897 23
2898 32
2899 19
2900 34
2901 19
2902 29
2903 17
2904 27
2905 42
2906 26
2907 25
2908 35
2909 31
2910 27
2911 30
2912 23
2913 26
2914 29
2915 27
2916 31
2917 28
2918 29
2919 23
2920 45
2921 17
2922 21
2923 29
2924 23
2925 51
2926 31
2927 31
2928 29
2929 27
2930 39
2931 26
2932 28
2933 29
2934 28
2935 31
2936 29
2937 22
2938 23
2939 20
2940 35
2941 25
2942 23
2943 35
2944 43
2945 64
2946 17
2947 42
2948 40
2949 41
2950 56
2951 36
2952 32
2953 27
2954 17
2955 41
2956 35
2957 26
2958 35
2959 29
2960 34
2961 19
2962 14
2963 27
2964 49
2965 31
2966 34
2967 39
2968 30
2969 20
2970 30
2971 39
2972 26
2973 31
2974 17
2975 33
2976 37
2977 20
2978 21
2979 31
2980 29
2981 31
2982 20
2983 20
2984 17
2985 17
2986 23
2987 29
2988 25
2989 20
2990 29
2991 23
2992 42
2993 22
2994 20
2995 33
2996 22
2997 23
2998 42
2999 29
3000 24
3001 34
3002 40
3003 41
3004 29
3005 30
3006 37
3007 31
3008 34
3009 21
3010 26
3011 37
3012 39
3013 34
3014 21
3015 29
3016 31
3017 26
3018 21
3019 29
3020 21
3021 34
3022 31
3023 30
3024 33
3025 35
3026 30
3027 28
3028 24
3029 42
3030 33
3031 25
3032 22
3033 21
3034 32
3035 33
3036 30
3037 36
3038 24
3039 38
3040 32
3041 26
3042 33
3043 35
3044 29
3045 52
3046 20
3047 39
3048 33
3049 20
3050 41
3051 22
3052 33
3053 28
3054 22
3055 21
3056 36
3057 42
3058 23
3059 25
3060 28
3061 20
3062 25
3063 20
3064 20
3065 33
3066 38
3067 20
3068 41
3069 35
3070 36
3071 26
3072 31
3073 40
3074 24
3075 26
3076 48
3077 34
3078 28
3079 42
3080 47
3081 46
3082 35
3083 34
3084 40
3085 22
3086 34
3087 35
3088 39
3089 33
3090 28
3091 44
3092 17
3093 23
3094 29
3095 33
3096 26
3097 29
3098 26
3099 30
3100 28
3101 25
3102 25
3103 33
3104 80
3105 25
3106 27
3107 37
3108 29
3109 23
3110 28
3111 38
3112 26
3113 30
3114 27
3115 29
3116 30
3117 14
3118 22
3119 31
3120 28
3121 44
3122 29
3123 21
3124 28
3125 40
3126 38
3127 39
3128 32
3129 28
3130 32
3131 27
3132 29
3133 25
3134 27
3135 30
3136 27
3137 27
3138 31
3139 34
3140 17
3141 23
3142 26
3143 27
3144 26
3145 33
3146 68
3147 19
3148 28
3149 21
3150 30
3151 23
3152 23
3153 30
3154 36
3155 22
3156 20
3157 17
3158 34
3159 33
3160 36
3161 29
3162 32
3163 20
3164 28
3165 25
3166 27
3167 37
3168 33
3169 56
3170 20
3171 33
3172 25
3173 23
3174 22
3175 40
3176 28
3177 21
3178 23
3179 25
3180 25
3181 34
3182 28
3183 28
3184 25
3185 34
3186 27
3187 23
3188 36
3189 36
3190 26
3191 30
3192 28
3193 34
3194 28
3195 20
3196 23
3197 28
3198 25
3199 34
3200 31
3201 31
3202 20
3203 35
3204 26
3205 26
3206 45
3207 37
3208 32
3209 29
3210 29
3211 38
3212 41
3213 24
3214 32
3215 25
3216 27
3217 30
3218 21
3219 28
3220 28
3221 23
3222 26
3223 17
3224 32
3225 32
3226 30
3227 26
3228 36
3229 31
3230 33
3231 28
3232 24
3233 31
3234 23
3235 29
3236 35
3237 44
3238 43
3239 34
3240 32
3241 30
3242 34
3243 28
3244 30
3245 34
3246 55
3247 29
3248 23
3249 23
3250 25
3251 30
3252 25
3253 25
3254 21
3255 22
3256 22
3257 30
3258 24
3259 33
3260 26
3261 26
3262 28
3263 31
3264 32
3265 30
3266 39
3267 22
3268 27
3269 27
3270 23
3271 20
3272 31
3273 29
3274 26
3275 26
3276 25
3277 30
3278 30
3279 47
3280 39
3281 32
3282 36
3283 29
3284 29
3285 25
3286 20
3287 35
3288 25
3289 36
3290 32
3291 27
3292 28
3293 29
3294 28
3295 22
3296 33
3297 25
3298 36
3299 27
3300 26
3301 34
3302 24
3303 28
3304 33
3305 27
3306 27
3307 35
3308 27
3309 20
3310 21
3311 21
3312 29
3313 41
3314 43
3315 26
3316 33
3317 23
3318 30
3319 32
3320 23
3321 22
3322 20
3323 23
3324 32
3325 36
3326 27
3327 35
3328 25
3329 38
3330 39
3331 30
3332 45
3333 26
3334 34
3335 54
3336 35
3337 29
3338 28
3339 23
3340 29
3341 32
3342 34
3343 30
3344 14
3345 33
3346 26
3347 24
3348 26
3349 35
3350 23
3351 25
3352 32
3353 32
3354 23
3355 36
3356 31
3357 23
3358 24
3359 26
3360 26
3361 30
3362 23
3363 42
3364 28
3365 30
3366 36
3367 31
3368 32
3369 28
3370 27
3371 30
3372 47
3373 22
3374 25
3375 41
3376 24
3377 23
3378 31
3379 32
3380 28
3381 33
3382 26
3383 35
3384 16
3385 23
3386 26
3387 20
3388 20
3389 22
3390 26
3391 19
3392 13
3393 36
3394 34
3395 29
3396 32
3397 31
3398 29
3399 28
3400 35
3401 26
3402 31
3403 27
3404 33
3405 40
3406 26
3407 31
3408 32
3409 28
3410 25
3411 35
3412 40
3413 35
3414 41
3415 37
3416 29
3417 36
3418 39
3419 35
3420 31
3421 30
3422 27
3423 26
3424 39
3425 26
3426 29
3427 30
3428 29
3429 29
3430 38
3431 45
3432 21
3433 24
3434 20
3435 34
3436 25
3437 29
3438 23
3439 39
3440 32
3441 39
3442 28
3443 31
3444 34
3445 31
3446 24
3447 30
3448 50
3449 81
3450 40
3451 55
3452 36
3453 28
3454 33
3455 37
3456 20
3457 31
3458 19
3459 34
3460 23
3461 30
3462 38
3463 34
3464 23
3465 55
3466 23
3467 29
3468 29
3469 31
3470 34
3471 20
3472 39
3473 23
3474 27
3475 24
3476 33
3477 23
3478 31
3479 23
3480 26
3481 26
3482 32
3483 17
3484 25
3485 19
3486 20
3487 31
3488 43
3489 37
3490 30
3491 41
3492 26
3493 50
3494 25
3495 41
3496 17
3497 58
3498 33
3499 29
3500 22
3501 26
3502 49
3503 37
3504 26
3505 54
3506 40
3507 49
3508 23
3509 25
3510 30
3511 27
3512 36
3513 29
3514 39
3515 35
3516 26
3517 36
3518 28
3519 38
3520 31
3521 20
3522 25
3523 36
3524 23
3525 31
3526 25
3527 32
3528 17
3529 30
3530 26
3531 21
3532 32
3533 29
3534 27
3535 62
3536 25
3537 27
3538 28
3539 29
3540 31
3541 23
3542 30
3543 26
3544 26
3545 29
3546 33
3547 34
3548 33
3549 22
3550 21
3551 25
3552 39
3553 14
3554 18
3555 20
3556 31
3557 23
3558 20
3559 23
3560 29
3561 32
3562 23
3563 25
3564 30
3565 30
3566 30
3567 25
3568 33
3569 24
3570 29
3571 34
3572 27
3573 37
3574 34
3575 22
3576 34
3577 31
3578 28
3579 30
3580 23
3581 42
3582 41
3583 26
3584 30
3585 24
3586 36
3587 34
3588 30
3589 50
3590 34
3591 22
3592 33
3593 36
3594 35
3595 25
3596 23
3597 42
3598 23
3599 40
3600 37
3601 26
3602 29
3603 32
3604 29
3605 36
3606 32
3607 26
3608 27
3609 30
3610 26
3611 33
3612 31
3613 35
3614 47
3615 56
3616 30
3617 29
3618 15
3619 26
3620 20
3621 19
3622 24
3623 22
3624 17
3625 32
3626 19
3627 42
3628 25
3629 23
3630 27
3631 41
3632 44
3633 20
3634 23
3635 25
3636 29
3637 23
3638 34
3639 25
3640 25
3641 31
3642 27
3643 35
3644 17
3645 30
3646 30
3647 23
3648 31
3649 29
3650 34
3651 29
3652 48
3653 36
3654 37
3655 20
3656 26
3657 27
3658 32
3659 23
3660 25
3661 33
3662 28
3663 32
3664 33
3665 42
3666 59
3667 27
3668 30
3669 26
3670 41
3671 21
3672 29
3673 24
3674 26
3675 22
3676 17
3677 27
3678 41
3679 29
3680 40
3681 29
3682 32
3683 29
3684 26
3685 19
3686 29
3687 30
3688 28
3689 30
3690 28
3691 30
3692 14
3693 11
3694 34
3695 38
3696 26
3697 37
3698 28
3699 16
3700 25
3701 20
3702 35
3703 11
3704 32
3705 31
3706 36
3707 38
3708 50
3709 38
3710 30
3711 34
3712 28
3713 32
3714 32
3715 34
3716 31
3717 39
3718 34
3719 36
3720 37
3721 23
3722 41
3723 38
3724 26
3725 31
3726 32
3727 22
3728 33
3729 17
3730 27
3731 35
3732 28
3733 33
3734 29
3735 29
3736 31
3737 41
3738 39
3739 28
3740 31
3741 34
3742 33
3743 32
3744 28
3745 31
3746 40
3747 36
3748 38
3749 25
3750 27
3751 20
3752 21
3753 31
3754 36
3755 29
3756 23
3757 26
3758 19
3759 35
3760 36
3761 26
3762 25
3763 42
3764 26
3765 25
3766 46
3767 33
3768 22
3769 27
3770 31
3771 29
3772 34
3773 38
3774 33
3775 30
3776 33
3777 34
3778 30
3779 34
3780 29
3781 35
3782 40
3783 30
3784 22
3785 28
3786 48
3787 23
3788 57
3789 28
3790 44
3791 30
3792 26
3793 44
3794 24
3795 29
3796 27
3797 20
3798 17
3799 24
3800 23
3801 28
3802 23
3803 30
3804 26
3805 23
3806 37
3807 25
3808 26
3809 28
3810 31
3811 30
3812 32
3813 25
3814 29
3815 32
3816 53
3817 32
3818 17
3819 29
3820 41
3821 32
3822 16
3823 26
3824 28
3825 36
3826 37
3827 25
3828 19
3829 37
3830 28
3831 32
3832 29
3833 26
3834 22
3835 36
3836 34
3837 32
3838 18
3839 28
3840 32
3841 29
3842 23
3843 28
3844 44
3845 24
3846 26
3847 36
3848 38
3849 20
3850 29
3851 26
3852 28
3853 31
3854 23
3855 28
3856 23
3857 28
3858 27
3859 26
3860 19
3861 25
3862 30
3863 40
3864 24
3865 36
3866 47
3867 35
3868 36
3869 29
3870 24
3871 41
3872 28
3873 20
3874 34
3875 19
3876 28
3877 31
3878 33
3879 31
3880 46
3881 24
3882 27
3883 45
3884 29
3885 21
3886 26
3887 24
3888 19
3889 33
3890 28
3891 39
3892 27
3893 24
3894 27
3895 34
3896 24
3897 23
3898 42
3899 38
3900 28
3901 31
3902 29
3903 34
3904 40
3905 51
3906 20
3907 30
3908 36
3909 23
3910 63
3911 61
3912 61
3913 37
3914 32
3915 27
3916 31
3917 40
3918 40
3919 34
3920 28
3921 32
3922 33
3923 49
3924 41
3925 45
3926 33
3927 38
3928 31
3929 32
3930 53
3931 48
3932 35
3933 29
3934 30
3935 31
3936 38
3937 31
3938 28
3939 32
3940 32
3941 36
3942 36
3943 36
3944 23
3945 21
3946 26
3947 26
3948 29
3949 20
3950 36
3951 22
3952 26
3953 40
3954 67
3955 29
3956 31
3957 37
3958 37
3959 27
3960 29
3961 28
3962 28
3963 35
3964 29
3965 34
3966 34
3967 36
3968 36
3969 26
3970 20
3971 28
3972 35
3973 27
3974 40
3975 33
3976 32
3977 29
3978 29
3979 21
3980 35
3981 31
3982 25
3983 34
3984 23
3985 44
3986 35
3987 28
3988 32
3989 42
3990 37
3991 32
3992 25
3993 43
3994 31
3995 34
3996 32
3997 25
3998 28
3999 26
4000 33
4001 34
4002 28
4003 39
4004 40
4005 34
4006 31
4007 27
4008 39
4009 55
4010 33
4011 20
4012 32
4013 22
4014 29
4015 41
4016 26
4017 45
4018 26
4019 33
4020 31
4021 23
4022 36
4023 26
4024 22
4025 29
4026 36
4027 24
4028 53
4029 25
4030 38
4031 36
4032 54
4033 32
4034 31
4035 32
4036 37
4037 28
4038 28
4039 26
4040 31
4041 40
4042 29
4043 29
4044 29
4045 26
4046 27
4047 20
4048 23
4049 44
4050 25
4051 35
4052 36
4053 27
4054 29
4055 37
4056 23
4057 29
4058 24
4059 48
4060 26
4061 32
4062 41
4063 35
4064 31
4065 32
4066 37
4067 33
4068 42
4069 29
4070 28
4071 28
4072 31
4073 63
4074 27
4075 32
4076 33
4077 35
4078 45
4079 27
4080 37
4081 41
4082 28
4083 35
4084 36
4085 47
4086 17
4087 26
4088 28
4089 26
4090 32
4091 22
4092 24
4093 28
4094 30
4095 21
4096 31
4097 27
4098 36
4099 42
4100 25
4101 31
4102 30
4103 23
4104 23
4105 44
4106 38
4107 26
4108 27
4109 23
4110 27
4111 39
4112 31
4113 34
4114 38
4115 25
4116 33
4117 23
4118 30
4119 32
4120 29
4121 29
4122 36
4123 29
4124 33
4125 30
4126 36
4127 24
4128 25
4129 29
4130 17
4131 26
4132 29
4133 42
4134 34
4135 46
4136 46
4137 24
4138 37
4139 54
4140 30
4141 27
4142 39
4143 54
4144 45
4145 46
4146 22
4147 25
4148 34
4149 21
4150 20
4151 48
4152 34
4153 37
4154 30
4155 29
4156 30
4157 27
4158 31
4159 36
4160 26
4161 37
4162 22
4163 28
4164 33
4165 40
4166 40
4167 24
4168 20
4169 23
4170 23
4171 32
4172 30
4173 48
4174 28
4175 54
4176 30
4177 28
4178 22
4179 28
4180 20
4181 29
4182 24
4183 22
4184 29
4185 27
4186 27
4187 22
4188 30
4189 32
4190 16
4191 17
4192 31
4193 20
4194 23
4195 24
4196 35
4197 21
4198 36
4199 40
4200 23
4201 28
4202 31
4203 35
4204 41
4205 23
4206 34
4207 35
4208 24
4209 30
4210 26
4211 24
4212 20
4213 39
4214 32
4215 33
4216 26
4217 37
4218 41
4219 41
4220 37
4221 26
4222 29
4223 28
4224 29
4225 32
4226 32
4227 29
4228 26
4229 23
4230 42
4231 23
4232 35
4233 26
4234 37
4235 32
4236 35
4237 30
4238 32
4239 40
4240 31
4241 25
4242 36
4243 26
4244 16
4245 33
4246 25
4247 35
4248 34
4249 39
4250 18
4251 37
4252 28
4253 28
4254 26
4255 25
4256 31
4257 52
4258 56
4259 45
4260 29
4261 35
4262 22
4263 26
4264 80
4265 25
4266 44
4267 26
4268 43
4269 47
4270 31
4271 24
4272 25
4273 27
4274 39
4275 24
4276 29
4277 31
4278 30
4279 37
4280 32
4281 36
4282 26
4283 34
4284 20
4285 24
4286 34
4287 33
4288 16
4289 28
4290 36
4291 35
4292 33
4293 44
4294 22
4295 30
4296 22
4297 41
4298 27
4299 41
4300 38
4301 25
4302 23
4303 24
4304 33
4305 32
4306 25
4307 22
4308 29
4309 26
4310 23
4311 29
4312 33
4313 30
4314 17
4315 32
4316 29
4317 29
4318 26
4319 25
4320 22
4321 32
4322 26
4323 27
4324 29
4325 23
4326 29
4327 26
4328 29
4329 23
4330 24
4331 35
4332 26
4333 17
4334 40
4335 28
4336 28
4337 30
4338 31
4339 29
4340 29
4341 34
4342 46
4343 27
4344 20
4345 51
4346 32
4347 33
4348 42
4349 23
4350 29
4351 30
4352 28
4353 30
4354 39
4355 39
4356 25
4357 24
4358 24
4359 19
4360 26
4361 25
4362 23
4363 23
4364 33
4365 29
4366 35
4367 16
4368 25
4369 35
4370 20
4371 26
4372 19
4373 40
4374 31
4375 35
4376 21
4377 30
4378 24
4379 18
4380 36
4381 20
4382 37
4383 47
4384 25
4385 29
4386 39
4387 36
4388 35
4389 19
4390 42
4391 32
4392 25
4393 45
4394 53
4395 43
4396 22
4397 48
4398 31
4399 30
4400 26
4401 22
4402 25
4403 35
4404 30
4405 54
4406 41
4407 28
4408 64
4409 60
4410 28
4411 26
4412 48
4413 47
4414 47
4415 42
4416 57
4417 46
4418 27
4419 52
4420 34
4421 24
4422 33
4423 24
4424 27
4425 31
4426 46
4427 46
4428 32
4429 42
4430 36
4431 19
4432 36
4433 33
4434 22
4435 30
4436 29
4437 26
4438 32
4439 34
4440 29
4441 35
4442 16
4443 27
4444 37
4445 28
4446 41
4447 31
4448 32
4449 29
4450 29
4451 23
4452 34
4453 30
4454 32
4455 26
4456 40
4457 20
4458 28
4459 26
4460 45
4461 29
4462 44
4463 31
4464 31
4465 42
4466 34
4467 24
4468 57
4469 28
4470 28
4471 37
4472 30
4473 26
4474 27
4475 23
4476 35
4477 37
4478 43
4479 32
4480 25
4481 45
4482 24
4483 30
4484 25
4485 32
4486 23
4487 31
4488 28
4489 21
4490 36
4491 40
4492 10
4493 35
4494 29
4495 30
4496 28
4497 27
4498 36
4499 29
4500 32
4501 27
4502 19
4503 22
4504 20
4505 32
4506 31
4507 29
4508 38
4509 14
4510 23
4511 38
4512 23
4513 24
4514 24
4515 21
4516 31
4517 17
4518 24
4519 29
4520 39
4521 22
4522 31
4523 33
4524 27
4525 31
4526 34
4527 33
4528 31
4529 29
4530 34
4531 28
4532 26
4533 37
4534 35
4535 31
4536 19
4537 25
4538 33
4539 32
4540 48
4541 35
4542 34
4543 89
4544 32
4545 47
4546 37
4547 20
4548 29
4549 29
4550 30
4551 34
4552 37
4553 30
4554 31
4555 47
4556 31
4557 29
4558 31
4559 25
4560 44
4561 33
4562 18
4563 37
4564 25
4565 33
4566 26
4567 31
4568 33
4569 37
4570 28
4571 36
4572 31
4573 22
4574 26
4575 20
4576 19
4577 23
4578 27
4579 30
4580 30
4581 38
4582 55
4583 34
4584 47
4585 36
4586 27
4587 32
4588 26
4589 25
4590 47
4591 29
4592 27
4593 25
4594 36
4595 22
4596 25
4597 23
4598 28
4599 22
4600 35
4601 29
4602 38
4603 37
4604 37
4605 23
4606 33
4607 27
4608 23
4609 32
4610 38
4611 42
4612 28
4613 34
4614 37
4615 29
4616 33
4617 36
4618 29
4619 29
4620 19
4621 31
4622 42
4623 26
4624 27
4625 39
4626 37
4627 31
4628 45
4629 35
4630 36
4631 26
4632 30
4633 50
4634 23
4635 38
4636 33
4637 39
4638 32
4639 27
4640 37
4641 36
4642 19
4643 22
4644 38
4645 28
4646 27
4647 31
4648 28
4649 28
4650 31
4651 26
4652 25
4653 26
4654 31
4655 34
4656 20
4657 27
4658 28
4659 39
4660 30
4661 23
4662 40
4663 45
4664 25
4665 34
4666 31
4667 37
4668 29
4669 25
4670 23
4671 24
4672 26
4673 38
4674 26
4675 27
4676 26
4677 69
4678 26
4679 37
4680 34
4681 36
4682 17
4683 25
4684 25
4685 31
4686 31
4687 25
4688 30
4689 37
4690 31
4691 33
4692 39
4693 30
4694 26
4695 42
4696 34
4697 47
4698 29
4699 28
4700 36
4701 30
4702 25
4703 20
4704 33
4705 34
4706 29
4707 34
4708 29
4709 25
4710 28
4711 29
4712 18
4713 36
4714 19
4715 23
4716 23
4717 20
4718 20
4719 35
4720 33
4721 26
4722 23
4723 33
4724 26
4725 30
4726 23
4727 22
4728 50
4729 29
4730 23
4731 45
4732 20
4733 20
4734 27
4735 26
4736 27
4737 32
4738 32
4739 36
4740 26
4741 33
4742 100
4743 45
4744 35
4745 23
4746 38
4747 40
4748 33
4749 30
4750 31
4751 28
4752 23
4753 23
4754 26
4755 27
4756 33
4757 29
4758 23
4759 45
4760 36
4761 22
4762 31
4763 21
4764 32
4765 29
4766 28
4767 63
4768 36
4769 25
4770 25
4771 28
4772 26
4773 41
4774 28
4775 34
4776 39
4777 29
4778 39
4779 32
4780 33
4781 28
4782 33
4783 31
4784 39
4785 29
4786 41
4787 31
4788 40
4789 28
4790 39
4791 34
4792 29
4793 25
4794 32
4795 35
4796 37
4797 31
4798 26
4799 16
4800 20
4801 37
4802 25
4803 33
4804 32
4805 25
4806 23
4807 34
4808 49
4809 22
4810 44
4811 44
4812 26
4813 32
4814 40
4815 32
4816 41
4817 41
4818 35
4819 28
4820 26
4821 31
4822 26
4823 17
4824 22
4825 49
4826 38
4827 22
4828 23
4829 25
4830 23
4831 30
4832 52
4833 34
4834 32
4835 36
4836 31
4837 24
4838 37
4839 36
4840 28
4841 43
4842 39
4843 41
4844 36
4845 26
4846 26
4847 28
4848 17
4849 35
4850 14
4851 21
4852 28
4853 38
4854 28
4855 28
4856 23
4857 28
4858 29
4859 24
4860 41
4861 22
4862 24
4863 31
4864 48
4865 25
4866 28
4867 26
4868 43
4869 51
4870 28
4871 39
4872 20
4873 32
4874 39
4875 26
4876 29
4877 26
4878 36
4879 26
4880 27
4881 23
4882 34
4883 34
4884 22
4885 34
4886 34
4887 20
4888 26
4889 25
4890 18
4891 13
4892 24
4893 30
4894 32
4895 28
4896 17
4897 24
4898 26
4899 32
4900 41
4901 36
4902 31
4903 34
4904 28
4905 28
4906 36
4907 33
4908 28
4909 33
4910 33
4911 18
4912 28
4913 18
4914 24
4915 34
4916 30
4917 18
4918 25
4919 29
4920 52
4921 30
4922 30
4923 47
4924 27
4925 40
4926 40
4927 38
4928 22
4929 29
4930 42
4931 25
4932 31
4933 29
4934 29
4935 25
4936 17
4937 37
4938 22
4939 35
4940 34
4941 25
4942 32
4943 20
4944 21
4945 30
4946 37
4947 28
4948 22
4949 22
4950 22
4951 28
4952 26
4953 29
4954 36
4955 26
4956 28
4957 42
4958 39
4959 29
4960 26
4961 42
4962 26
4963 29
4964 28
4965 30
4966 23
4967 37
4968 25
4969 36
4970 38
4971 21
4972 46
4973 36
4974 24
4975 32
4976 29
4977 28
4978 36
4979 39
4980 42
4981 20
4982 22
4983 30
4984 21
4985 28
4986 31
4987 32
4988 22
4989 38
4990 32
4991 32
4992 35
4993 38
4994 35
4995 37
4996 31
4997 39
4998 30
4999 30
5000 29
5001 30
5002 52
5003 35
5004 29
5005 31
5006 36
5007 25
5008 47
5009 19
5010 31
5011 24
5012 29
5013 34
5014 29
5015 29
5016 26
5017 36
5018 39
5019 31
5020 29
5021 27
5022 30
5023 25
5024 35
5025 43
5026 22
5027 36
5028 28
5029 39
5030 26
5031 22
5032 39
5033 25
5034 29
5035 35
5036 47
5037 43
5038 29
5039 47
5040 59
5041 47
5042 28
5043 45
5044 46
5045 31
5046 40
5047 32
5048 27
5049 29
5050 34
5051 32
5052 34
5053 32
5054 23
5055 35
5056 38
5057 23
5058 57
5059 37
5060 23
5061 32
5062 29
5063 35
5064 34
5065 58
5066 41
5067 36
5068 31
5069 29
5070 34
5071 34
5072 37
5073 33
5074 29
5075 32
5076 45
5077 17
5078 26
5079 22
5080 35
5081 29
5082 32
5083 23
5084 25
5085 32
5086 30
5087 39
5088 35
5089 29
5090 33
5091 31
5092 21
5093 30
5094 34
5095 27
5096 39
5097 31
5098 22
5099 23
5100 30
5101 38
5102 26
5103 23
5104 33
5105 29
5106 34
5107 49
5108 52
5109 41
5110 38
5111 42
5112 42
5113 31
5114 31
5115 38
5116 72
5117 26
5118 58
5119 31
5120 30
5121 28
5122 28
5123 32
5124 34
5125 32
5126 29
5127 25
5128 26
5129 17
5130 40
5131 28
5132 36
5133 36
5134 31
5135 28
5136 26
5137 33
5138 32
5139 35
5140 34
5141 26
5142 26
5143 39
5144 29
5145 29
5146 23
5147 26
5148 40
5149 27
5150 24
5151 24
5152 33
5153 28
5154 31
5155 23
5156 39
5157 33
5158 35
5159 11
5160 32
5161 25
5162 20
5163 34
5164 20
5165 30
5166 22
5167 31
5168 33
5169 29
5170 38
5171 33
5172 36
5173 22
5174 35
5175 20
5176 29
5177 19
5178 28
5179 45
5180 31
5181 42
5182 35
5183 54
5184 27
5185 39
5186 35
5187 30
5188 31
5189 42
5190 43
5191 27
5192 28
5193 34
5194 25
5195 28
5196 36
5197 57
5198 51
5199 26
5200 41
5201 34
5202 29
5203 31
5204 26
5205 32
5206 20
5207 32
5208 27
5209 31
5210 29
5211 26
5212 33
5213 33
5214 24
5215 25
5216 34
5217 29
5218 46
5219 34
5220 20
5221 29
5222 31
5223 26
5224 28
5225 42
5226 15
5227 56
5228 32
5229 23
5230 23
5231 28
5232 27
5233 41
5234 16
5235 33
5236 39
5237 29
5238 29
5239 30
5240 23
5241 38
5242 29
5243 20
5244 26
5245 41
5246 57
5247 39
5248 27
5249 29
5250 27
5251 19
5252 32
5253 30
5254 36
5255 20
5256 34
5257 32
5258 28
5259 30
5260 58
5261 24
5262 30
5263 34
5264 34
5265 25
5266 31
5267 31
5268 33
5269 56
5270 25
5271 33
5272 30
5273 31
5274 46
5275 39
5276 30
5277 39
5278 24
5279 23
5280 17
5281 22
5282 31
5283 29
5284 35
5285 22
5286 27
5287 32
5288 31
5289 22
5290 23
5291 26
5292 26
5293 31
5294 20
5295 13
5296 27
5297 34
5298 58
5299 33
5300 43
5301 32
5302 29
5303 25
5304 47
5305 20
5306 29
5307 34
5308 38
5309 25
5310 27
5311 43
5312 28
5313 33
5314 36
5315 36
5316 35
5317 32
5318 26
5319 31
5320 26
5321 25
5322 28
5323 45
5324 51
5325 23
5326 32
5327 25
5328 39
5329 36
5330 31
5331 34
5332 27
5333 25
5334 31
5335 30
5336 30
5337 28
5338 15
5339 32
5340 37
5341 28
5342 35
5343 26
5344 31
5345 26
5346 23
5347 34
5348 33
5349 31
5350 19
5351 26
5352 26
5353 44
5354 28
5355 36
5356 35
5357 37
5358 27
5359 33
5360 40
5361 53
5362 28
5363 25
5364 25
5365 21
5366 29
5367 37
5368 30
5369 44
5370 26
5371 33
5372 31
5373 34
5374 32
5375 25
5376 21
5377 16
5378 25
5379 34
5380 20
5381 22
5382 17
5383 25
5384 26
5385 28
5386 30
5387 30
5388 36
5389 29
5390 27
5391 60
5392 34
5393 29
5394 27
5395 22
5396 26
5397 36
5398 20
5399 29
5400 29
5401 22
5402 35
5403 31
5404 29
5405 29
5406 18
5407 37
5408 30
5409 25
5410 27
5411 32
5412 29
5413 44
5414 31
5415 27
5416 32
5417 23
5418 35
5419 36
5420 34
5421 23
5422 19
5423 30
5424 25
5425 52
5426 39
5427 26
5428 24
5429 32
5430 32
5431 22
5432 27
5433 25
5434 31
5435 29
5436 20
5437 31
5438 33
5439 40
5440 28
5441 26
5442 35
5443 30
5444 31
5445 23
5446 20
5447 32
5448 26
5449 33
5450 30
5451 40
5452 47
5453 25
5454 63
5455 46
5456 35
5457 47
5458 43
5459 30
5460 47
5461 29
5462 87
5463 46
5464 30
5465 60
5466 40
5467 35
5468 23
5469 29
5470 28
5471 53
5472 22
5473 47
5474 19
5475 45
5476 42
5477 38
5478 25
5479 36
5480 29
5481 15
5482 24
5483 39
5484 28
5485 38
5486 65
5487 29
5488 32
5489 27
5490 47
5491 29
5492 36
5493 64
5494 23
5495 22
5496 23
5497 36
5498 51
5499 29
5500 33
5501 90
5502 34
5503 35
5504 37
5505 34
5506 39
5507 53
5508 35
5509 49
5510 48
5511 35
5512 37
5513 27
5514 30
5515 51
5516 39
5517 32
5518 26
5519 30
5520 37
5521 37
5522 29
5523 16
5524 26
5525 35
5526 29
5527 36
5528 30
5529 31
5530 28
5531 45
5532 29
5533 20
5534 27
5535 32
5536 37
5537 24
5538 35
5539 25
5540 42
5541 19
5542 29
5543 17
5544 25
5545 35
5546 29
5547 33
5548 23
5549 29
5550 46
5551 37
5552 31
5553 28
5554 33
5555 29
5556 23
5557 41
5558 27
5559 35
5560 22
5561 42
5562 35
5563 27
5564 26
5565 39
5566 29
5567 34
5568 25
5569 30
5570 32
5571 23
5572 33
5573 41
5574 24
5575 20
5576 35
5577 33
5578 57
5579 40
5580 19
5581 27
5582 29
5583 32
5584 20
5585 26
5586 26
5587 53
5588 31
5589 35
5590 56
5591 36
5592 17
5593 54
5594 33
5595 16
5596 22
5597 22
5598 22
5599 23
5600 33
5601 28
5602 29
5603 22
5604 28
5605 31
5606 26
5607 37
5608 26
5609 35
5610 26
5611 42
5612 26
5613 30
5614 29
5615 24
5616 23
5617 31
5618 23
5619 23
5620 26
5621 26
5622 26
5623 32
5624 37
5625 27
5626 22
5627 57
5628 22
5629 36
5630 22
5631 36
5632 45
5633 31
5634 38
5635 44
5636 22
5637 27
5638 23
5639 61
5640 20
5641 39
5642 31
5643 39
5644 39
5645 28
5646 26
5647 40
5648 33
5649 33
5650 31
5651 32
5652 44
5653 33
5654 19
5655 41
5656 38
5657 24
5658 30
5659 30
5660 21
5661 47
5662 35
5663 36
5664 37
5665 38
5666 36
5667 28
5668 36
5669 34
5670 49
5671 25
5672 36
5673 44
5674 38
5675 22
5676 31
5677 47
5678 29
5679 28
5680 58
5681 33
5682 35
5683 26
5684 30
5685 25
5686 31
5687 36
5688 35
5689 32
5690 27
5691 33
5692 29
5693 33
5694 25
5695 27
5696 25
5697 25
5698 31
5699 43
5700 37
5701 33
5702 34
5703 28
5704 29
5705 45
5706 23
5707 47
5708 46
5709 32
5710 35
5711 27
5712 26
5713 36
5714 52
5715 26
5716 34
5717 37
5718 26
5719 39
5720 29
5721 30
5722 26
5723 27
5724 30
5725 39
5726 26
5727 38
5728 29
5729 50
5730 23
5731 50
5732 27
5733 27
5734 30
5735 33
5736 39
5737 30
5738 27
5739 27
5740 29
5741 27
5742 29
5743 17
5744 36
5745 24
5746 28
5747 24
5748 20
5749 44
5750 20
5751 29
5752 20
5753 23
5754 29
5755 37
5756 36
5757 37
5758 32
5759 20
5760 39
5761 25
5762 33
5763 45
5764 34
5765 31
5766 34
5767 38
5768 35
5769 34
5770 30
5771 53
5772 31
5773 30
5774 34
5775 28
5776 44
5777 31
5778 27
5779 29
5780 34
5781 36
5782 30
5783 24
5784 24
5785 39
5786 22
5787 38
5788 35
5789 33
5790 34
5791 38
5792 46
5793 30
5794 32
5795 42
5796 19
5797 37
5798 25
5799 25
5800 34
5801 43
5802 75
5803 36
5804 33
5805 43
5806 29
5807 31
5808 43
5809 28
5810 43
5811 30
5812 56
5813 34
5814 32
5815 32
5816 36
5817 38
5818 35
5819 24
5820 34
5821 28
5822 21
5823 39
5824 45
5825 25
5826 40
5827 41
5828 29
5829 31
5830 43
5831 27
5832 32
5833 42
5834 26
5835 31
5836 31
5837 28
5838 40
5839 30
5840 33
5841 27
5842 22
5843 37
5844 26
5845 28
5846 30
5847 28
5848 47
5849 25
5850 36
5851 36
5852 47
5853 38
5854 34
5855 16
5856 29
5857 29
5858 42
5859 64
5860 30
5861 25
5862 34
5863 34
5864 38
5865 71
5866 28
5867 28
5868 22
5869 28
5870 50
5871 26
5872 25
5873 27
5874 33
5875 24
5876 23
5877 35
5878 37
5879 28
5880 32
5881 29
5882 26
5883 28
5884 48
5885 21
5886 55
5887 62
5888 37
5889 36
5890 34
5891 37
5892 42
5893 43
5894 47
5895 42
5896 34
5897 30
5898 38
5899 23
5900 28
5901 31
5902 27
5903 25
5904 30
5905 34
5906 27
5907 35
5908 27
5909 45
5910 25
5911 25
5912 27
5913 25
5914 30
5915 25
5916 31
5917 45
5918 25
5919 28
5920 41
5921 33
5922 35
5923 48
5924 14
5925 20
5926 33
5927 36
5928 32
5929 36
5930 28
5931 29
5932 33
5933 27
5934 22
5935 32
5936 26
5937 32
5938 31
5939 31
5940 42
5941 38
5942 28
5943 26
5944 24
5945 32
5946 26
5947 35
5948 31
5949 28
5950 34
5951 36
5952 40
5953 36
5954 41
5955 26
5956 34
5957 36
5958 42
5959 41
5960 40
5961 40
5962 37
5963 41
5964 55
5965 28
5966 23
5967 26
5968 24
5969 35
5970 18
5971 23
5972 19
5973 37
5974 30
5975 19
5976 31
5977 19
5978 28
5979 14
5980 38
5981 26
5982 35
5983 25
5984 23
5985 23
5986 39
5987 36
5988 28
5989 35
5990 27
5991 33
5992 28
5993 19
5994 46
5995 21
5996 40
5997 53
5998 37
5999 36
6000 37
6001 19
6002 28
6003 37
6004 29
6005 34
6006 38
6007 40
6008 29
6009 26
6010 20
6011 35
6012 22
6013 27
6014 29
6015 28
6016 27
6017 16
6018 34
6019 36
6020 30
6021 40
6022 34
6023 27
6024 33
6025 22
6026 28
6027 40
6028 28
6029 35
6030 23
6031 33
6032 43
6033 23
6034 28
6035 31
6036 36
6037 24
6038 35
6039 38
6040 39
6041 31
6042 43
6043 39
6044 28
6045 28
6046 24
6047 55
6048 32
6049 42
6050 36
6051 53
6052 30
6053 29
6054 45
6055 37
6056 23
6057 30
6058 40
6059 49
6060 47
6061 31
6062 29
6063 27
6064 38
6065 42
6066 25
6067 29
6068 21
6069 31
6070 28
6071 25
6072 20
6073 39
6074 25
6075 26
6076 33
6077 34
6078 26
6079 31
6080 26
6081 55
6082 46
6083 40
6084 54
6085 35
6086 41
6087 25
6088 50
6089 23
6090 29
6091 18
6092 44
6093 35
6094 23
6095 36
6096 38
6097 23
6098 35
6099 29
6100 43
6101 25
6102 22
6103 38
6104 31
6105 17
6106 34
6107 40
6108 28
6109 51
6110 20
6111 33
6112 14
6113 30
6114 28
6115 40
6116 35
6117 55
6118 23
6119 56
6120 23
6121 23
6122 34
6123 32
6124 26
6125 33
6126 51
6127 30
6128 24
6129 47
6130 42
6131 49
6132 32
6133 23
6134 66
6135 20
6136 42
6137 45
6138 36
6139 50
6140 20
6141 28
6142 43
6143 25
6144 22
6145 26
6146 34
6147 31
6148 23
6149 20
6150 22
6151 30
6152 30
6153 17
6154 37
6155 34
6156 31
6157 45
6158 26
6159 23
6160 37
6161 26
6162 29
6163 32
6164 29
6165 45
6166 40
6167 22
6168 59
6169 36
6170 30
6171 34
6172 28
6173 35
6174 35
6175 47
6176 23
6177 40
6178 64
6179 28
6180 31
6181 32
6182 41
6183 26
6184 41
6185 34
6186 30
6187 25
6188 25
6189 36
6190 23
6191 35
6192 43
6193 18
6194 29
6195 40
6196 20
6197 46
6198 38
6199 57
6200 35
6201 29
6202 32
6203 29
6204 30
6205 34
6206 26
6207 29
6208 36
6209 22
6210 30
6211 28
6212 20
6213 28
6214 24
6215 46
6216 23
6217 27
6218 26
6219 29
6220 22
6221 35
6222 30
6223 36
6224 29
6225 18
6226 21
6227 30
6228 19
6229 28
6230 49
6231 28
6232 31
6233 26
6234 39
6235 39
6236 36
6237 35
6238 32
6239 27
6240 35
6241 35
6242 26
6243 31
6244 39
6245 38
6246 24
6247 19
6248 37
6249 39
6250 16
6251 37
6252 31
6253 26
6254 46
6255 33
6256 36
6257 40
6258 34
6259 24
6260 22
6261 45
6262 25
6263 43
6264 26
6265 33
6266 24
6267 32
6268 27
6269 35
6270 20
6271 26
6272 36
6273 33
6274 32
6275 20
6276 19
6277 33
6278 33
6279 37
6280 25
6281 38
6282 35
6283 49
6284 34
6285 32
6286 32
6287 26
6288 32
6289 22
6290 28
6291 31
6292 29
6293 29
6294 39
6295 20
6296 37
6297 31
6298 31
6299 42
6300 37
6301 54
6302 33
6303 33
6304 35
6305 23
6306 37
6307 22
6308 29
6309 19
6310 34
6311 36
6312 41
6313 25
6314 23
6315 29
6316 32
6317 29
6318 40
6319 28
6320 31
6321 32
6322 32
6323 26
6324 31
6325 30
6326 27
6327 33
6328 33
6329 26
6330 25
6331 28
6332 50
6333 29
6334 36
6335 32
6336 44
6337 38
6338 35
6339 26
6340 29
6341 18
6342 40
6343 43
6344 20
6345 24
6346 63
6347 40
6348 27
6349 16
6350 27
6351 25
6352 35
6353 25
6354 34
6355 37
6356 31
6357 35
6358 32
6359 33
6360 36
6361 28
6362 25
6363 35
6364 26
6365 45
6366 35
6367 26
6368 19
6369 37
6370 26
6371 23
6372 26
6373 37
6374 33
6375 24
6376 30
6377 35
6378 46
6379 33
6380 38
6381 32
6382 17
6383 25
6384 47
6385 28
6386 35
6387 32
6388 24
6389 47
6390 24
6391 20
6392 30
6393 34
6394 31
6395 34
6396 30
6397 30
6398 41
6399 33
6400 20
6401 22
6402 28
6403 30
6404 26
6405 31
6406 51
6407 28
6408 36
6409 34
6410 35
6411 34
6412 27
6413 34
6414 22
6415 23
6416 30
6417 31
6418 22
6419 41
6420 26
6421 32
6422 33
6423 24
6424 40
6425 33
6426 23
6427 53
6428 25
6429 25
6430 24
6431 27
6432 41
6433 22
6434 46
6435 39
6436 14
6437 25
6438 27
6439 26
6440 29
6441 25
6442 22
6443 36
6444 47
6445 37
6446 23
6447 29
6448 17
6449 22
6450 32
6451 38
6452 33
6453 31
6454 11
6455 28
6456 22
6457 26
6458 38
6459 29
6460 23
6461 31
6462 20
6463 30
6464 25
6465 33
6466 34
6467 20
6468 46
6469 37
6470 43
6471 44
6472 34
6473 34
6474 41
6475 26
6476 36
6477 47
6478 43
6479 46
6480 43
6481 41
6482 39
6483 42
6484 44
6485 24
6486 36
6487 38
6488 30
6489 38
6490 26
6491 34
6492 23
6493 29
6494 28
6495 38
6496 39
6497 35
6498 41
6499 29
6500 35
6501 39
6502 36
6503 28
6504 36
6505 37
6506 26
6507 38
6508 42
6509 37
6510 38
6511 35
6512 26
6513 26
6514 43
6515 33
6516 32
6517 34
6518 34
6519 41
6520 33
6521 40
6522 19
6523 34
6524 63
6525 26
6526 26
6527 32
6528 44
6529 35
6530 47
6531 40
6532 29
6533 50
6534 32
6535 31
6536 54
6537 38
6538 34
6539 26
6540 32
6541 48
6542 46
6543 39
6544 25
6545 27
6546 30
6547 33
6548 42
6549 49
6550 30
6551 27
6552 28
6553 21
6554 26
6555 50
6556 32
6557 22
6558 34
6559 49
6560 29
6561 44
6562 39
6563 46
6564 40
6565 26
6566 22
6567 39
6568 32
6569 35
6570 23
6571 62
6572 27
6573 36
6574 29
6575 35
6576 24
6577 35
6578 31
6579 31
6580 23
6581 49
6582 39
6583 26
6584 32
6585 34
6586 34
6587 29
6588 28
6589 28
6590 35
6591 41
6592 38
6593 34
6594 26
6595 36
6596 34
6597 35
6598 25
6599 48
6600 24
6601 32
6602 33
6603 34
6604 25
6605 30
6606 29
6607 43
6608 25
6609 37
6610 32
6611 26
6612 45
6613 27
6614 44
6615 62
6616 44
6617 37
6618 32
6619 34
6620 39
6621 30
6622 33
6623 33
6624 47
6625 35
6626 35
6627 25
6628 33
6629 56
6630 34
6631 31
6632 40
6633 24
6634 40
6635 30
6636 27
6637 39
6638 34
6639 30
6640 39
6641 30
6642 31
6643 36
6644 28
6645 40
6646 38
6647 26
6648 34
6649 32
6650 38
6651 32
6652 31
6653 32
6654 32
6655 29
6656 31
6657 26
6658 29
6659 34
6660 41
6661 33
6662 46
6663 27
6664 70
6665 58
6666 22
6667 32
6668 31
6669 38
6670 28
6671 30
6672 43
6673 29
6674 28
6675 26
6676 40
6677 31
6678 39
6679 32
6680 38
6681 39
6682 41
6683 26
6684 22
6685 27
6686 31
6687 46
6688 23
6689 19
6690 31
6691 70
6692 26
6693 69
6694 36
6695 41
6696 34
6697 29
6698 32
6699 50
6700 34
6701 43
6702 39
6703 26
6704 40
6705 26
6706 31
6707 30
6708 30
6709 40
6710 36
6711 37
6712 38
6713 30
6714 33
6715 28
6716 29
6717 48
6718 20
6719 29
6720 34
6721 38
6722 35
6723 38
6724 33
6725 32
6726 29
6727 26
6728 27
6729 52
6730 32
6731 32
6732 32
6733 23
6734 30
6735 26
6736 32
6737 37
6738 33
6739 30
6740 29
6741 33
6742 37
6743 32
6744 33
6745 38
6746 23
6747 38
6748 27
6749 22
6750 29
6751 31
6752 28
6753 33
6754 16
6755 19
6756 31
6757 31
6758 33
6759 32
6760 69
6761 30
6762 32
6763 34
6764 37
6765 36
6766 31
6767 34
6768 46
6769 46
6770 43
6771 43
6772 26
6773 27
6774 27
6775 29
6776 46
6777 26
6778 44
6779 34
6780 31
6781 33
6782 38
6783 26
6784 38
6785 26
6786 26
6787 25
6788 35
6789 22
6790 29
6791 34
6792 31
6793 20
6794 36
6795 32
6796 42
6797 42
6798 25
6799 30
6800 26
6801 34
6802 28
6803 19
6804 32
6805 22
6806 60
6807 43
6808 32
6809 35
6810 33
6811 41
6812 35
6813 38
6814 33
6815 23
6816 51
6817 34
6818 35
6819 31
6820 31
6821 20
6822 28
6823 37
6824 34
6825 37
6826 38
6827 27
6828 31
6829 46
6830 25
6831 33
6832 33
6833 35
6834 31
6835 54
6836 29
6837 35
6838 32
6839 23
6840 30
6841 46
6842 33
6843 38
6844 34
6845 28
6846 46
6847 28
6848 26
6849 28
6850 25
6851 35
6852 28
6853 57
6854 23
6855 36
6856 38
6857 32
6858 33
6859 47
6860 36
6861 36
6862 29
6863 25
6864 41
6865 59
6866 39
6867 33
6868 35
6869 34
6870 39
6871 23
6872 37
6873 31
6874 19
6875 28
6876 27
6877 36
6878 22
6879 27
6880 23
6881 39
6882 30
6883 32
6884 41
6885 16
6886 39
6887 49
6888 50
6889 51
6890 47
6891 26
6892 43
6893 53
6894 27
6895 22
6896 54
6897 41
6898 26
6899 37
6900 41
6901 36
6902 34
6903 35
6904 33
6905 34
6906 29
6907 34
6908 25
6909 31
6910 45
6911 26
6912 32
6913 43
6914 39
6915 27
6916 50
6917 25
6918 27
6919 44
6920 32
6921 30
6922 30
6923 40
6924 26
6925 31
6926 30
6927 30
6928 28
6929 25
6930 33
6931 39
6932 38
6933 20
6934 32
6935 27
6936 29
6937 29
6938 31
6939 34
6940 35
6941 26
6942 30
6943 37
6944 29
6945 40
6946 37
6947 36
6948 39
6949 32
6950 33
6951 30
6952 32
6953 35
6954 14
6955 28
6956 45
6957 40
6958 34
6959 26
6960 42
6961 41
6962 32
6963 35
6964 30
6965 47
6966 50
6967 84
6968 58
6969 29
6970 24
6971 41
6972 36
6973 26
6974 32
6975 20
6976 29
6977 31
6978 37
6979 35
6980 40
6981 43
6982 39
6983 35
6984 29
6985 32
6986 48
6987 47
6988 34
6989 33
6990 33
6991 36
6992 34
6993 37
6994 29
6995 36
6996 29
6997 32
6998 32
6999 23
7000 31
7001 34
7002 29
7003 26
7004 37
7005 49
7006 17
7007 26
7008 25
7009 26
7010 40
7011 31
7012 23
7013 32
7014 25
7015 29
7016 36
7017 22
7018 32
7019 41
7020 37
7021 30
7022 29
7023 30
7024 29
7025 35
7026 33
7027 27
7028 43
7029 34
7030 37
7031 36
7032 40
7033 36
7034 40
7035 25
7036 44
7037 38
7038 33
7039 29
7040 36
7041 26
7042 30
7043 32
7044 49
7045 39
7046 29
7047 23
7048 37
7049 23
7050 31
7051 35
7052 28
7053 31
7054 39
7055 30
7056 34
7057 25
7058 27
7059 24
7060 28
7061 39
7062 23
7063 34
7064 29
7065 28
7066 38
7067 37
7068 31
7069 35
7070 40
7071 33
7072 25
7073 35
7074 30
7075 35
7076 36
7077 25
7078 50
7079 28
7080 48
7081 30
7082 32
7083 23
7084 24
7085 28
7086 36
7087 37
7088 25
7089 37
7090 28
7091 32
7092 29
7093 34
7094 27
7095 23
7096 24
7097 38
7098 32
7099 31
7100 39
7101 32
7102 26
7103 29
7104 46
7105 26
7106 54
7107 31
7108 32
7109 36
7110 50
7111 42
7112 39
7113 24
7114 19
7115 32
7116 37
7117 28
7118 42
7119 31
7120 28
7121 23
7122 23
7123 41
7124 37
7125 26
7126 19
7127 27
7128 24
7129 28
7130 28
7131 24
7132 26
7133 27
7134 33
7135 47
7136 34
7137 40
7138 32
7139 26
7140 33
7141 29
7142 26
7143 23
7144 44
7145 30
7146 25
7147 25
7148 50
7149 25
7150 37
7151 33
7152 45
7153 31
7154 21
7155 25
7156 29
7157 32
7158 32
7159 26
7160 24
7161 35
7162 26
7163 39
7164 38
7165 26
7166 48
7167 38
7168 46
7169 48
7170 45
7171 33
7172 30
7173 56
7174 22
7175 31
7176 27
7177 30
7178 25
7179 43
7180 36
7181 59
7182 26
7183 38
7184 30
7185 33
7186 34
7187 24
7188 40
7189 40
7190 26
7191 26
7192 16
7193 37
7194 30
7195 32
7196 23
7197 46
7198 27
7199 38
7200 24
7201 22
7202 22
7203 24
7204 40
7205 36
7206 41
7207 53
7208 42
7209 28
7210 31
7211 36
7212 29
7213 35
7214 29
7215 46
7216 25
7217 28
7218 41
7219 23
7220 23
7221 43
7222 23
7223 22
7224 29
7225 32
7226 34
7227 32
7228 25
7229 26
7230 52
7231 36
7232 52
7233 31
7234 25
7235 35
7236 26
7237 21
7238 50
7239 31
7240 26
7241 23
7242 16
7243 54
7244 31
7245 28
7246 45
7247 33
7248 35
7249 38
7250 41
7251 38
7252 45
7253 37
7254 36
7255 33
7256 37
7257 28
7258 21
7259 48
7260 44
7261 37
7262 33
7263 23
7264 43
7265 29
7266 40
7267 27
7268 22
7269 40
7270 35
7271 30
7272 25
7273 20
7274 26
7275 29
7276 35
7277 33
7278 31
7279 26
7280 27
7281 31
7282 36
7283 26
7284 26
7285 30
7286 26
7287 26
7288 23
7289 37
7290 48
7291 31
7292 27
7293 37
7294 32
7295 56
7296 45
7297 43
7298 42
7299 25
7300 52
7301 46
7302 49
7303 35
7304 23
7305 36
7306 46
7307 18
7308 26
7309 36
7310 36
7311 34
7312 32
7313 19
7314 30
7315 35
7316 26
7317 38
7318 27
7319 20
7320 29
7321 28
7322 34
7323 38
7324 37
7325 26
7326 30
7327 25
7328 25
7329 34
7330 27
7331 23
7332 29
7333 41
7334 49
7335 22
7336 34
7337 40
7338 30
7339 30
7340 36
7341 37
7342 34
7343 22
7344 37
7345 29
7346 33
7347 32
7348 40
7349 32
7350 32
7351 41
7352 22
7353 37
7354 34
7355 28
7356 33
7357 38
7358 34
7359 34
7360 33
7361 25
7362 18
7363 38
7364 42
7365 43
7366 54
7367 32
7368 27
7369 38
7370 34
7371 37
7372 27
7373 36
7374 32
7375 36
7376 29
7377 32
7378 32
7379 47
7380 23
7381 32
7382 25
7383 22
7384 27
7385 37
7386 27
7387 42
7388 30
7389 32
7390 29
7391 32
7392 68
7393 39
7394 26
7395 36
7396 37
7397 29
7398 28
7399 32
7400 31
7401 28
7402 33
7403 36
7404 29
7405 35
7406 31
7407 33
7408 17
7409 29
7410 36
7411 29
7412 32
7413 21
7414 25
7415 30
7416 26
7417 25
7418 29
7419 29
7420 46
7421 21
7422 28
7423 37
7424 32
7425 24
7426 20
7427 35
7428 26
7429 24
7430 28
7431 29
7432 28
7433 50
7434 44
7435 49
7436 56
7437 21
7438 53
7439 27
7440 31
7441 26
7442 22
7443 30
7444 31
7445 23
7446 43
7447 39
7448 39
7449 23
7450 34
7451 35
7452 34
7453 26
7454 40
7455 26
7456 23
7457 21
7458 32
7459 30
7460 30
7461 28
7462 31
7463 25
7464 27
7465 43
7466 35
7467 36
7468 29
7469 44
7470 27
7471 39
7472 23
7473 23
7474 23
7475 27
7476 31
7477 32
7478 31
7479 52
7480 32
7481 25
7482 27
7483 39
7484 29
7485 37
7486 24
7487 29
7488 26
7489 42
7490 36
7491 31
7492 51
7493 23
7494 29
7495 44
7496 20
7497 52
7498 35
7499 20
7500 30
7501 33
7502 30
7503 30
7504 22
7505 30
7506 37
7507 29
7508 39
7509 30
7510 24
7511 31
7512 37
7513 36
7514 26
7515 22
7516 77
7517 30
7518 34
7519 41
7520 36
7521 46
7522 26
7523 44
7524 35
7525 47
7526 36
7527 23
7528 46
7529 33
7530 33
7531 23
7532 48
7533 24
7534 33
7535 31
7536 35
7537 26
7538 37
7539 41
7540 35
7541 24
7542 26
7543 29
7544 35
7545 26
7546 27
7547 23
7548 22
7549 51
7550 19
7551 30
7552 29
7553 34
7554 20
7555 72
7556 31
7557 46
7558 38
7559 32
7560 31
7561 25
7562 36
7563 34
7564 47
7565 34
7566 34
7567 31
7568 28
7569 37
7570 20
7571 46
7572 35
7573 35
7574 39
7575 25
7576 32
7577 30
7578 25
7579 28
7580 39
7581 19
7582 20
7583 32
7584 36
7585 31
7586 28
7587 27
7588 24
7589 24
7590 40
7591 26
7592 29
7593 33
7594 38
7595 29
7596 28
7597 32
7598 29
7599 33
7600 31
7601 34
7602 46
7603 28
7604 42
7605 25
7606 46
7607 39
7608 40
7609 35
7610 34
7611 29
7612 32
7613 33
7614 24
7615 38
7616 26
7617 20
7618 30
7619 34
7620 31
7621 26
7622 33
7623 20
7624 27
7625 32
7626 41
7627 41
7628 35
7629 30
7630 27
7631 32
7632 32
7633 32
7634 23
7635 28
7636 32
7637 28
7638 37
7639 27
7640 34
7641 26
7642 19
7643 37
7644 25
7645 32
7646 23
7647 30
7648 29
7649 34
7650 34
7651 27
7652 32
7653 36
7654 29
7655 35
7656 36
7657 26
7658 34
7659 29
7660 30
7661 34
7662 34
7663 22
7664 25
7665 45
7666 31
7667 24
7668 33
7669 36
7670 61
7671 23
7672 28
7673 34
7674 33
7675 32
7676 47
7677 19
7678 20
7679 34
7680 60
7681 39
7682 53
7683 31
7684 37
7685 34
7686 31
7687 32
7688 38
7689 34
7690 15
7691 24
7692 28
7693 28
7694 37
7695 23
7696 27
7697 31
7698 36
7699 20
7700 25
7701 53
7702 86
7703 30
7704 26
7705 36
7706 42
7707 54
7708 29
7709 32
7710 22
7711 35
7712 29
7713 38
7714 35
7715 37
7716 26
7717 29
7718 35
7719 45
7720 29
7721 44
7722 33
7723 26
7724 38
7725 29
7726 22
7727 25
7728 30
7729 20
7730 34
7731 31
7732 34
7733 34
7734 35
7735 41
7736 47
7737 17
7738 26
7739 34
7740 59
7741 25
7742 29
7743 32
7744 28
7745 34
7746 32
7747 41
7748 52
7749 25
7750 25
7751 29
7752 46
7753 46
7754 37
7755 39
7756 26
7757 22
7758 23
7759 40
7760 44
7761 30
7762 29
7763 32
7764 33
7765 31
7766 31
7767 29
7768 25
7769 39
7770 28
7771 37
7772 20
7773 30
7774 21
7775 26
7776 63
7777 33
7778 55
7779 38
7780 36
7781 30
7782 55
7783 28
7784 31
7785 45
7786 30
7787 21
7788 32
7789 39
7790 26
7791 22
7792 31
7793 38
7794 31
7795 43
7796 25
7797 28
7798 29
7799 35
7800 32
7801 36
7802 27
7803 26
7804 37
7805 33
7806 37
7807 32
7808 40
7809 35
7810 29
7811 22
7812 39
7813 26
7814 31
7815 30
7816 47
7817 30
7818 34
7819 53
7820 28
7821 28
7822 29
7823 37
7824 23
7825 47
7826 25
7827 37
7828 27
7829 27
7830 37
7831 25
7832 32
7833 27
7834 108
7835 30
7836 19
7837 30
7838 37
7839 26
7840 25
7841 28
7842 69
7843 34
7844 43
7845 38
7846 27
7847 47
7848 41
7849 57
7850 44
7851 26
7852 35
7853 36
7854 25
7855 38
7856 34
7857 30
7858 22
7859 36
7860 41
7861 19
7862 39
7863 42
7864 33
7865 31
7866 44
7867 23
7868 34
7869 42
7870 27
7871 27
7872 35
7873 77
7874 25
7875 28
7876 32
7877 31
7878 27
7879 35
7880 28
7881 32
7882 27
7883 23
7884 29
7885 47
7886 24
7887 44
7888 43
7889 29
7890 26
7891 30
7892 30
7893 23
7894 39
7895 37
7896 54
7897 26
7898 29
7899 42
7900 32
7901 32
7902 42
7903 38
7904 40
7905 36
7906 26
7907 29
7908 26
7909 24
7910 51
7911 36
7912 38
7913 49
7914 37
7915 35
7916 37
7917 29
7918 30
7919 40
7920 34
7921 34
7922 25
7923 37
7924 22
7925 22
7926 36
7927 41
7928 32
7929 60
7930 45
7931 26
7932 32
7933 28
7934 44
7935 23
7936 37
7937 41
7938 34
7939 28
7940 37
7941 29
7942 19
7943 37
7944 33
7945 36
7946 33
7947 35
7948 30
7949 31
7950 26
7951 29
7952 29
7953 33
7954 40
7955 23
7956 32
7957 26
7958 19
7959 38
7960 50
7961 64
7962 33
7963 28
7964 41
7965 38
7966 40
7967 42
7968 51
7969 35
7970 40
7971 35
7972 29
7973 33
7974 20
7975 41
7976 58
7977 28
7978 33
7979 39
7980 29
7981 33
7982 38
7983 49
7984 23
7985 37
7986 39
7987 52
7988 26
7989 30
7990 32
7991 41
7992 23
7993 47
7994 30
7995 28
7996 31
7997 51
7998 14
7999 33
8000 38
8001 34
8002 35
8003 35
8004 35
8005 46
8006 29
8007 37
8008 29
8009 47
8010 49
8011 47
8012 22
8013 29
8014 33
8015 39
8016 30
8017 39
8018 31
8019 32
8020 31
8021 38
8022 35
8023 36
8024 29
8025 34
8026 20
8027 33
8028 25
8029 32
8030 24
8031 17
8032 34
8033 30
8034 29
8035 36
8036 28
8037 28
8038 32
8039 35
8040 44
8041 59
8042 31
8043 36
8044 27
8045 39
8046 28
8047 18
8048 32
8049 41
8050 36
8051 33
8052 30
8053 29
8054 27
8055 26
8056 35
8057 27
8058 43
8059 26
8060 30
8061 36
8062 23
8063 30
8064 27
8065 37
8066 29
8067 58
8068 26
8069 49
8070 38
8071 35
8072 39
8073 41
8074 28
8075 29
8076 39
8077 26
8078 40
8079 65
8080 51
8081 46
8082 31
8083 30
8084 41
8085 52
8086 43
8087 50
8088 49
8089 41
8090 39
8091 38
8092 39
8093 43
8094 29
8095 55
8096 27
8097 43
8098 26
8099 35
8100 34
8101 20
8102 31
8103 32
8104 27
8105 32
8106 36
8107 32
8108 38
8109 27
8110 30
8111 69
8112 32
8113 36
8114 49
8115 38
8116 32
8117 35
8118 53
8119 34
8120 32
8121 29
8122 32
8123 23
8124 29
8125 22
8126 34
8127 57
8128 38
8129 32
8130 37
8131 29
8132 39
8133 34
8134 48
8135 33
8136 39
8137 55
8138 43
8139 25
8140 76
8141 25
8142 25
8143 28
8144 44
8145 45
8146 29
8147 30
8148 49
8149 29
8150 39
8151 35
8152 42
8153 23
8154 42
8155 21
8156 38
8157 45
8158 25
8159 36
8160 30
8161 31
8162 29
8163 29
8164 39
8165 56
8166 43
8167 25
8168 23
8169 37
8170 25
8171 20
8172 37
8173 26
8174 23
8175 24
8176 40
8177 25
8178 27
8179 42
8180 42
8181 49
8182 41
8183 36
8184 43
8185 31
8186 34
8187 32
8188 43
8189 62
8190 21
8191 33
8192 33
8193 37
8194 32
8195 31
8196 31
8197 49
8198 29
8199 35
8200 51
8201 21
8202 29
8203 43
8204 52
8205 30
8206 33
8207 30
8208 34
8209 23
8210 32
8211 32
8212 25
8213 36
8214 31
8215 22
8216 38
8217 34
8218 22
8219 45
8220 28
8221 30
8222 50
8223 32
8224 32
8225 16
8226 42
8227 38
8228 35
8229 48
8230 38
8231 36
8232 35
8233 33
8234 39
8235 44
8236 38
8237 44
8238 29
8239 50
8240 52
8241 45
8242 52
8243 44
8244 51
8245 45
8246 35
8247 28
8248 27
8249 48
8250 57
8251 29
8252 31
8253 37
8254 43
8255 35
8256 61
8257 24
8258 46
8259 33
8260 46
8261 41
8262 29
8263 21
8264 34
8265 26
8266 30
8267 33
8268 42
8269 36
8270 30
8271 42
8272 46
8273 32
8274 23
8275 22
8276 42
8277 30
8278 30
8279 38
8280 40
8281 26
8282 35
8283 42
8284 22
8285 28
8286 25
8287 47
8288 31
8289 33
8290 28
8291 25
8292 51
8293 31
8294 34
8295 31
8296 35
8297 39
8298 37
8299 27
8300 24
8301 41
8302 37
8303 38
8304 35
8305 44
8306 36
8307 35
8308 31
8309 35
8310 31
8311 31
8312 37
8313 29
8314 33
8315 29
8316 37
8317 37
8318 20
8319 26
8320 40
8321 45
8322 35
8323 35
8324 26
8325 32
8326 53
8327 30
8328 29
8329 38
8330 43
8331 44
8332 24
8333 40
8334 34
8335 31
8336 40
8337 31
8338 26
8339 31
8340 37
8341 51
8342 82
8343 33
8344 24
8345 27
8346 38
8347 25
8348 36
8349 34
8350 43
8351 38
8352 43
8353 29
8354 40
8355 35
8356 36
8357 46
8358 22
8359 37
8360 25
8361 31
8362 43
8363 33
8364 42
8365 28
8366 28
8367 34
8368 30
8369 38
8370 34
8371 38
8372 45
8373 30
8374 22
8375 23
8376 41
8377 31
8378 37
8379 28
8380 41
8381 26
8382 30
8383 35
8384 28
8385 37
8386 30
8387 33
8388 40
8389 26
8390 34
8391 30
8392 38
8393 40
8394 20
8395 37
8396 32
8397 30
8398 24
8399 27
8400 20
8401 26
8402 34
8403 38
8404 32
8405 29
8406 27
8407 49
8408 45
8409 30
8410 38
8411 34
8412 34
8413 34
8414 55
8415 29
8416 34
8417 28
8418 31
8419 37
8420 57
8421 27
8422 32
8423 25
8424 21
8425 33
8426 32
8427 37
8428 39
8429 31
8430 31
8431 28
8432 32
8433 50
8434 33
8435 34
8436 37
8437 17
8438 34
8439 35
8440 38
8441 35
8442 37
8443 35
8444 34
8445 39
8446 28
8447 37
8448 29
8449 34
8450 48
8451 42
8452 26
8453 34
8454 34
8455 28
8456 35
8457 28
8458 40
8459 45
8460 29
8461 38
8462 33
8463 76
8464 40
8465 32
8466 29
8467 26
8468 40
8469 28
8470 27
8471 30
8472 36
8473 38
8474 41
8475 21
8476 26
8477 33
8478 45
8479 32
8480 32
8481 34
8482 38
8483 18
8484 27
8485 24
8486 36
8487 28
8488 37
8489 48
8490 33
8491 34
8492 29
8493 36
8494 35
8495 32
8496 37
8497 36
8498 31
8499 29
8500 31
8501 34
8502 32
8503 22
8504 23
8505 37
8506 43
8507 33
8508 35
8509 34
8510 21
8511 33
8512 28
8513 28
8514 25
8515 28
8516 37
8517 33
8518 23
8519 30
8520 43
8521 31
8522 31
8523 28
8524 30
8525 42
8526 26
8527 33
8528 28
8529 56
8530 45
8531 38
8532 57
8533 36
8534 54
8535 37
8536 34
8537 37
8538 46
8539 27
8540 37
8541 39
8542 47
8543 31
8544 20
8545 30
8546 53
8547 37
8548 45
8549 53
8550 25
8551 31
8552 29
8553 37
8554 37
8555 38
8556 41
8557 42
8558 28
8559 37
8560 33
8561 38
8562 32
8563 32
8564 31
8565 34
8566 30
8567 42
8568 32
8569 26
8570 30
8571 22
8572 30
8573 32
8574 26
8575 34
8576 27
8577 20
8578 33
8579 37
8580 54
8581 45
8582 28
8583 25
8584 26
8585 30
8586 31
8587 38
8588 32
8589 43
8590 26
8591 34
8592 36
8593 33
8594 31
8595 34
8596 36
8597 23
8598 35
8599 20
8600 42
8601 28
8602 23
8603 31
8604 34
8605 37
8606 29
8607 31
8608 39
8609 19
8610 30
8611 43
8612 34
8613 35
8614 33
8615 39
8616 38
8617 34
8618 38
8619 30
8620 37
8621 40
8622 38
8623 14
8624 38
8625 22
8626 28
8627 39
8628 33
8629 34
8630 23
8631 33
8632 22
8633 37
8634 43
8635 41
8636 37
8637 55
8638 30
8639 39
8640 29
8641 48
8642 28
8643 38
8644 29
8645 31
8646 29
8647 24
8648 29
8649 36
8650 29
8651 40
8652 25
8653 25
8654 68
8655 45
8656 39
8657 37
8658 31
8659 17
8660 39
8661 31
8662 31
8663 30
8664 35
8665 37
8666 28
8667 22
8668 55
8669 36
8670 29
8671 34
8672 41
8673 37
8674 47
8675 30
8676 35
8677 28
8678 35
8679 28
8680 35
8681 30
8682 28
8683 31
8684 26
8685 38
8686 34
8687 31
8688 37
8689 31
8690 23
8691 35
8692 38
8693 43
8694 25
8695 34
8696 35
8697 43
8698 28
8699 42
8700 38
8701 43
8702 20
8703 32
8704 38
8705 20
8706 27
8707 44
8708 27
8709 17
8710 36
8711 19
8712 35
8713 39
8714 34
8715 14
8716 43
8717 33
8718 52
8719 36
8720 65
8721 53
8722 45
8723 26
8724 33
8725 26
8726 40
8727 29
8728 43
8729 48
8730 32
8731 24
8732 53
8733 29
8734 38
8735 32
8736 28
8737 35
8738 33
8739 55
8740 19
8741 39
8742 68
8743 29
8744 23
8745 34
8746 48
8747 36
8748 37
8749 33
8750 66
8751 26
8752 52
8753 42
8754 45
8755 33
8756 50
8757 29
8758 58
8759 23
8760 44
8761 35
8762 70
8763 36
8764 56
8765 25
8766 42
8767 87
8768 59
8769 34
8770 46
8771 37
8772 29
8773 40
8774 47
8775 38
8776 36
8777 54
8778 41
8779 33
8780 40
8781 33
8782 36
8783 35
8784 28
8785 28
8786 32
8787 26
8788 41
8789 36
8790 33
8791 42
8792 24
8793 42
8794 41
8795 46
8796 37
8797 33
8798 34
8799 39
8800 36
8801 49
8802 26
8803 25
8804 65
8805 23
8806 27
8807 36
8808 42
8809 30
8810 23
8811 33
8812 40
8813 20
8814 35
8815 30
8816 27
8817 31
8818 31
8819 35
8820 22
8821 35
8822 36
8823 65
8824 44
8825 31
8826 35
8827 28
8828 35
8829 56
8830 25
8831 28
8832 27
8833 36
8834 33
8835 44
8836 49
8837 25
8838 43
8839 29
8840 25
8841 29
8842 24
8843 23
8844 25
8845 39
8846 50
8847 35
8848 33
8849 52
8850 31
8851 34
8852 36
8853 39
8854 35
8855 26
8856 46
8857 32
8858 29
8859 30
8860 29
8861 42
8862 37
8863 33
8864 20
8865 48
8866 41
8867 29
8868 33
8869 17
8870 19
8871 23
8872 29
8873 40
8874 31
8875 35
8876 22
8877 30
8878 34
8879 31
8880 26
8881 23
8882 32
8883 20
8884 25
8885 23
8886 24
8887 29
8888 22
8889 38
8890 23
8891 23
8892 42
8893 31
8894 37
8895 35
8896 32
8897 30
8898 20
8899 33
8900 37
8901 26
8902 29
8903 37
8904 34
8905 32
8906 48
8907 42
8908 48
8909 43
8910 28
8911 40
8912 43
8913 47
8914 44
8915 30
8916 42
8917 43
8918 35
8919 33
8920 25
8921 48
8922 43
8923 38
8924 34
8925 34
8926 37
8927 23
8928 31
8929 59
8930 30
8931 38
8932 28
8933 37
8934 30
8935 28
8936 37
8937 30
8938 38
8939 37
8940 26
8941 26
8942 36
8943 26
8944 43
8945 27
8946 36
8947 29
8948 34
8949 40
8950 48
8951 38
8952 27
8953 25
8954 16
8955 35
8956 38
8957 25
8958 48
8959 42
8960 20
8961 60
8962 46
8963 30
8964 29
8965 34
8966 36
8967 20
8968 26
8969 35
8970 38
8971 31
8972 35
8973 43
8974 46
8975 46
8976 28
8977 31
8978 32
8979 59
8980 20
8981 75
8982 23
8983 37
8984 30
8985 26
8986 24
8987 30
8988 36
8989 26
8990 20
8991 34
8992 47
8993 41
8994 17
8995 38
8996 40
8997 36
8998 31
8999 28
9000 20
9001 33
9002 35
9003 38
9004 29
9005 35
9006 36
9007 37
9008 26
9009 28
9010 28
9011 20
9012 36
9013 30
9014 34
9015 29
9016 30
9017 34
9018 22
9019 32
9020 48
9021 96
9022 30
9023 40
9024 24
9025 35
9026 62
9027 33
9028 32
9029 31
9030 34
9031 27
9032 41
9033 39
9034 35
9035 27
9036 51
9037 34
9038 22
9039 37
9040 36
9041 46
9042 37
9043 51
9044 27
9045 41
9046 30
9047 29
9048 37
9049 33
9050 41
9051 40
9052 33
9053 34
9054 28
9055 39
9056 26
9057 34
9058 35
9059 34
9060 36
9061 33
9062 36
9063 31
9064 33
9065 30
9066 42
9067 34
9068 30
9069 37
9070 30
9071 35
9072 43
9073 35
9074 36
9075 36
9076 43
9077 32
9078 28
9079 27
9080 28
9081 33
9082 31
9083 31
9084 37
9085 33
9086 26
9087 35
9088 46
9089 24
9090 31
9091 44
9092 38
9093 37
9094 35
9095 27
9096 39
9097 32
9098 31
9099 32
9100 23
9101 31
9102 20
9103 56
9104 41
9105 34
9106 29
9107 30
9108 23
9109 32
9110 27
9111 39
9112 32
9113 39
9114 38
9115 32
9116 23
9117 53
9118 29
9119 52
9120 61
9121 23
9122 30
9123 26
9124 26
9125 30
9126 43
9127 27
9128 29
9129 32
9130 34
9131 45
9132 14
9133 27
9134 53
9135 40
9136 27
9137 28
9138 42
9139 27
9140 34
9141 25
9142 29
9143 25
9144 38
9145 23
9146 45
9147 17
9148 37
9149 27
9150 35
9151 28
9152 52
9153 20
9154 31
9155 32
9156 33
9157 32
9158 34
9159 48
9160 36
9161 38
9162 27
9163 29
9164 22
9165 34
9166 37
9167 29
9168 32
9169 33
9170 43
9171 42
9172 26
9173 27
9174 45
9175 27
9176 37
9177 36
9178 32
9179 54
9180 36
9181 39
9182 58
9183 52
9184 39
9185 50
9186 33
9187 43
9188 36
9189 56
9190 30
9191 26
9192 49
9193 31
9194 48
9195 42
9196 20
9197 32
9198 28
9199 46
9200 35
9201 49
9202 38
9203 42
9204 38
9205 28
9206 62
9207 41
9208 45
9209 45
9210 31
9211 28
9212 26
9213 24
9214 57
9215 26
9216 49
9217 52
9218 29
9219 34
9220 39
9221 33
9222 47
9223 35
9224 51
9225 35
9226 38
9227 34
9228 26
9229 26
9230 38
9231 41
9232 26
9233 34
9234 39
9235 32
9236 43
9237 32
9238 34
9239 42
9240 27
9241 27
9242 20
9243 33
9244 35
9245 16
9246 39
9247 36
9248 25
9249 33
9250 32
9251 36
9252 31
9253 34
9254 26
9255 35
9256 44
9257 30
9258 37
9259 24
9260 23
9261 49
9262 36
9263 27
9264 29
9265 49
9266 45
9267 40
9268 39
9269 53
9270 42
9271 28
9272 45
9273 35
9274 33
9275 40
9276 31
9277 33
9278 32
9279 39
9280 38
9281 31
9282 62
9283 31
9284 36
9285 34
9286 34
9287 37
9288 36
9289 33
9290 32
9291 26
9292 45
9293 28
9294 35
9295 30
9296 36
9297 32
9298 38
9299 51
9300 45
9301 31
9302 31
9303 32
9304 54
9305 35
9306 34
9307 26
9308 48
9309 34
9310 32
9311 31
9312 27
9313 33
9314 25
9315 31
9316 26
9317 25
9318 36
9319 37
9320 26
9321 32
9322 29
9323 34
9324 40
9325 43
9326 42
9327 30
9328 36
9329 27
9330 46
9331 33
9332 31
9333 46
9334 45
9335 66
9336 35
9337 26
9338 71
9339 32
9340 47
9341 40
9342 28
9343 41
9344 23
9345 23
9346 34
9347 41
9348 32
9349 41
9350 52
9351 29
9352 49
9353 24
9354 49
9355 28
9356 31
9357 60
9358 27
9359 29
9360 25
9361 23
9362 41
9363 26
9364 29
9365 45
9366 30
9367 27
9368 28
9369 29
9370 38
9371 36
9372 26
9373 41
9374 32
9375 31
9376 35
9377 38
9378 50
9379 61
9380 36
9381 57
9382 38
9383 48
9384 34
9385 37
9386 30
9387 36
9388 47
9389 64
9390 34
9391 57
9392 68
9393 23
9394 42
9395 54
9396 58
9397 34
9398 67
9399 61
9400 25
9401 23
9402 73
9403 51
9404 62
9405 36
9406 36
9407 63
9408 45
9409 25
9410 40
9411 42
9412 49
9413 46
9414 31
9415 44
9416 38
9417 29
9418 31
9419 31
9420 49
9421 64
9422 26
9423 22
9424 46
9425 42
9426 44
9427 20
9428 30
9429 33
9430 69
9431 34
9432 46
9433 32
9434 31
9435 22
9436 33
9437 27
9438 31
9439 28
9440 31
9441 34
9442 32
9443 35
9444 35
9445 30
9446 37
9447 38
9448 41
9449 39
9450 38
9451 36
9452 51
9453 26
9454 51
9455 31
9456 31
9457 24
9458 31
9459 48
9460 29
9461 36
9462 36
9463 42
9464 28
9465 40
9466 33
9467 45
9468 37
9469 32
9470 33
9471 33
9472 28
9473 27
9474 30
9475 46
9476 34
9477 31
9478 33
9479 25
9480 31
9481 35
9482 30
9483 42
9484 32
9485 29
9486 36
9487 28
9488 29
9489 33
9490 34
9491 35
9492 23
9493 38
9494 27
9495 28
9496 31
9497 22
9498 35
9499 31
9500 47
9501 34
9502 49
9503 30
9504 31
9505 42
9506 34
9507 32
9508 23
9509 30
9510 45
9511 39
9512 30
9513 33
9514 19
9515 36
9516 37
9517 38
9518 37
9519 23
9520 25
9521 35
9522 32
9523 43
9524 29
9525 23
9526 30
9527 41
9528 20
9529 29
9530 24
9531 29
9532 37
9533 44
9534 27
9535 47
9536 35
9537 38
9538 35
9539 23
9540 30
9541 62
9542 24
9543 28
9544 26
9545 34
9546 45
9547 33
9548 54
9549 39
9550 35
9551 29
9552 19
9553 26
9554 39
9555 54
9556 32
9557 32
9558 22
9559 28
9560 31
9561 36
9562 34
9563 42
9564 28
9565 29
9566 36
9567 26
9568 19
9569 40
9570 36
9571 19
9572 36
9573 31
9574 29
9575 39
9576 26
9577 35
9578 37
9579 23
9580 33
9581 32
9582 25
9583 29
9584 20
9585 31
9586 13
9587 40
9588 32
9589 33
9590 37
9591 27
9592 31
9593 41
9594 38
9595 41
9596 40
9597 28
9598 22
9599 27
9600 30
9601 27
9602 31
9603 32
9604 46
9605 37
9606 46
9607 40
9608 34
9609 52
9610 41
9611 27
9612 24
9613 29
9614 27
9615 24
9616 20
9617 30
9618 36
9619 35
9620 33
9621 34
9622 38
9623 29
9624 33
9625 41
9626 40
9627 42
9628 33
9629 35
9630 30
9631 29
9632 35
9633 42
9634 38
9635 40
9636 29
9637 38
9638 31
9639 43
9640 32
9641 36
9642 24
9643 31
9644 34
9645 35
9646 33
9647 27
9648 31
9649 26
9650 37
9651 26
9652 29
9653 32
9654 25
9655 36
9656 38
9657 37
9658 27
9659 32
9660 30
9661 33
9662 39
9663 27
9664 28
9665 38
9666 32
9667 34
9668 30
9669 37
9670 30
9671 27
9672 40
9673 47
9674 38
9675 42
9676 45
9677 28
9678 40
9679 42
9680 31
9681 33
9682 39
9683 29
9684 24
9685 18
9686 37
9687 45
9688 35
9689 47
9690 37
9691 52
9692 34
9693 37
9694 32
9695 35
9696 23
9697 19
9698 41
9699 37
9700 27
9701 39
9702 33
9703 28
9704 42
9705 32
9706 32
9707 22
9708 31
9709 29
9710 26
9711 45
9712 36
9713 29
9714 41
9715 24
9716 31
9717 37
9718 26
9719 34
9720 28
9721 36
9722 40
9723 36
9724 45
9725 32
9726 43
9727 38
9728 25
9729 34
9730 31
9731 43
9732 31
9733 33
9734 36
9735 81
9736 36
9737 25
9738 32
9739 45
9740 38
9741 31
9742 33
9743 32
9744 34
9745 37
9746 54
9747 33
9748 29
9749 34
9750 26
9751 25
9752 26
9753 41
9754 29
9755 37
9756 26
9757 34
9758 45
9759 35
9760 42
9761 23
9762 28
9763 33
9764 33
9765 32
9766 32
9767 35
9768 33
9769 27
9770 29
9771 35
9772 24
9773 26
9774 23
9775 29
9776 33
9777 49
9778 51
9779 37
9780 27
9781 42
9782 37
9783 34
9784 25
9785 31
9786 47
9787 36
9788 28
9789 37
9790 39
9791 32
9792 33
9793 33
9794 52
9795 49
9796 40
9797 38
9798 42
9799 29
9800 29
9801 29
9802 61
9803 36
9804 23
9805 25
9806 33
9807 32
9808 29
9809 39
9810 44
9811 28
9812 31
9813 37
9814 34
9815 29
9816 28
9817 25
9818 25
9819 25
9820 28
9821 38
9822 32
9823 38
9824 20
9825 42
9826 23
9827 30
9828 37
9829 35
9830 28
9831 27
9832 39
9833 54
9834 20
9835 48
9836 37
9837 17
9838 31
9839 39
9840 35
9841 37
9842 35
9843 23
9844 32
9845 36
9846 23
9847 32
9848 33
9849 55
9850 43
9851 27
9852 26
9853 27
9854 38
9855 25
9856 32
9857 37
9858 38
9859 35
9860 41
9861 44
9862 35
9863 35
9864 28
9865 53
9866 54
9867 39
9868 27
9869 31
9870 25
9871 21
9872 40
9873 36
9874 24
9875 36
9876 32
9877 29
9878 32
9879 49
9880 26
9881 33
9882 48
9883 30
9884 26
9885 22
9886 26
9887 21
9888 47
9889 82
9890 40
9891 24
9892 36
9893 20
9894 32
9895 30
9896 27
9897 34
9898 31
9899 38
9900 35
9901 19
9902 36
9903 40
9904 37
9905 38
9906 36
9907 34
9908 27
9909 31
9910 44
9911 26
9912 30
9913 32
9914 39
9915 29
9916 33
9917 31
9918 47
9919 44
9920 46
9921 54
9922 34
9923 35
9924 54
9925 34
9926 55
9927 43
9928 53
9929 39
9930 37
9931 29
9932 28
9933 32
9934 36
9935 39
9936 34
9937 42
9938 31
9939 37
9940 35
9941 23
9942 34
9943 41
9944 38
9945 35
9946 31
9947 39
9948 20
9949 34
9950 46
9951 33
9952 37
9953 22
9954 28
9955 39
9956 55
9957 45
9958 29
9959 36
9960 35
9961 30
9962 39
9963 41
9964 31
9965 35
9966 48
9967 42
9968 40
9969 32
9970 39
9971 36
9972 38
9973 36
9974 30
9975 29
9976 32
9977 24
9978 36
9979 25
9980 30
9981 30
9982 37
9983 41
9984 30
9985 31
9986 32
9987 26
9988 46
9989 37
9990 29
9991 39
9992 23
9993 31
9994 36
9995 30
9996 39
9997 28
9998 52
9999 36
10000 62
10001 36
10002 42
10003 24
10004 26
10005 36
10006 34
10007 41
10008 29
10009 39
10010 34
10011 27
10012 24
10013 39
10014 35
10015 33
10016 25
10017 38
10018 43
10019 41
10020 35
10021 40
10022 32
10023 29
10024 32
10025 28
10026 43
10027 20
10028 32
10029 44
10030 36
10031 34
10032 41
10033 39
10034 27
10035 43
10036 38
10037 34
10038 38
10039 66
10040 28
10041 38
10042 30
10043 27
10044 25
10045 31
10046 28
10047 38
10048 32
10049 37
10050 23
10051 34
10052 25
10053 24
10054 27
10055 34
10056 35
10057 36
10058 28
10059 24
10060 48
10061 32
10062 37
10063 36
10064 33
10065 11
10066 33
10067 31
10068 29
10069 21
10070 41
10071 30
10072 28
10073 44
10074 37
10075 35
10076 34
10077 30
10078 47
10079 38
10080 40
10081 40
10082 48
10083 38
10084 35
10085 24
10086 34
10087 42
10088 40
10089 40
10090 43
10091 34
10092 39
10093 40
10094 33
10095 40
10096 22
10097 37
10098 46
10099 43
