100 20
101 9
102 16
103 14
104 16
105 14
106 12
107 18
108 14
109 12
110 6
111 12
112 6
113 12
114 12
115 14
116 16
117 12
118 14
119 12
120 12
121 10
122 14
123 16
124 14
125 8
126 12
127 14
128 14
129 14
130 12
131 14
132 10
133 14
134 12
135 12
136 10
137 14
138 12
139 12
140 12
141 14
142 16
143 16
144 12
145 8
146 14
147 14
148 12
149 10
150 14
151 8
152 14
153 16
154 14
155 12
156 14
157 8
158 16
159 16
160 12
161 16
162 14
163 12
164 16
165 6
166 10
167 12
168 14
169 16
170 14
171 16
172 16
173 14
174 12
175 16
176 14
177 10
178 12
179 18
180 12
181 14
182 16
183 18
184 12
185 18
186 12
187 14
188 14
189 12
190 14
191 14
192 14
193 14
194 10
195 14
196 12
197 14
198 14
199 16
200 14
201 14
202 6
203 12
204 10
205 14
206 12
207 14
208 14
209 6
210 16
211 12
212 10
213 16
214 16
215 16
216 12
217 16
218 14
219 16
220 8
221 18
222 14
223 10
224 10
225 14
226 16
227 16
228 10
229 10
230 20
231 6
232 12
233 18
234 12
235 18
236 16
237 16
238 10
239 14
240 8
241 16
242 16
243 10
244 16
245 14
246 14
247 14
248 12
249 14
250 12
251 16
252 14
253 10
254 18
255 18
256 14
257 8
258 12
259 12
260 12
261 10
262 14
263 14
264 10
265 16
266 18
267 14
268 14
269 8
270 14
271 12
272 14
273 16
274 14
275 16
276 16
277 16
278 16
279 12
280 8
281 10
282 16
283 12
284 14
285 10
286 14
287 10
288 18
289 16
290 16
291 12
292 14
293 16
294 16
295 16
296 14
297 20
298 12
299 14
300 12
301 8
302 14
303 8
304 14
305 10
306 14
307 16
308 12
309 18
310 14
311 14
312 8
313 14
314 20
315 18
316 14
317 14
318 18
319 14
320 16
321 14
322 14
323 12
324 12
325 18
326 18
327 10
328 12
329 12
330 12
331 18
332 12
333 16
334 14
335 8
336 18
337 16
338 16
339 14
340 16
341 16
342 10
343 16
344 16
345 12
346 14
347 16
348 16
349 16
350 14
351 16
352 12
353 20
354 18
355 14
356 12
357 10
358 26
359 14
360 16
361 16
362 20
363 18
364 14
365 12
366 12
367 26
368 18
369 18
370 14
371 28
372 10
373 14
374 18
375 16
376 22
377 16
378 10
379 16
380 18
381 16
382 18
383 16
384 16
385 14
386 12
387 16
388 14
389 18
390 16
391 14
392 14
393 14
394 18
395 16
396 16
397 16
398 16
399 16
400 8
401 14
402 16
403 12
404 10
405 12
406 16
407 14
408 16
409 14
410 18
411 16
412 14
413 24
414 16
415 24
416 30
417 12
418 12
419 18
420 12
421 10
422 14
423 14
424 14
425 18
426 14
427 16
428 18
429 14
430 20
431 16
432 18
433 12
434 12
435 12
436 16
437 24
438 14
439 14
440 14
441 14
442 16
443 14
444 14
445 14
446 8
447 14
448 18
449 14
450 12
451 14
452 12
453 14
454 16
455 14
456 18
457 14
458 18
459 22
460 14
461 16
462 20
463 18
464 14
465 42
466 14
467 22
468 12
469 14
470 16
471 14
472 18
473 10
474 27
475 18
476 14
477 12
478 18
479 14
480 12
481 30
482 10
483 14
484 12
485 14
486 18
487 20
488 16
489 18
490 20
491 20
492 18
493 16
494 16
495 10
496 20
497 26
498 18
499 12
500 18
501 16
502 18
503 8
504 14
505 10
506 14
507 16
508 14
509 10
510 16
511 20
512 12
513 34
514 18
515 28
516 16
517 22
518 14
519 20
520 16
521 18
522 18
523 12
524 18
525 16
526 28
528 16
527 30
529 10
530 14
531 28
532 18
533 12
534 14
535 16
536 12
537 16
538 20
539 10
540 18
541 12
542 16
543 10
544 16
545 16
546 16
547 16
548 14
549 14
550 16
551 16
552 20
553 16
554 14
555 10
556 14
557 12
558 20
559 18
560 16
561 30
562 14
563 24
564 16
565 14
566 22
567 14
568 14
569 6
570 18
571 14
572 16
573 18
574 16
575 12
576 16
577 10
578 20
579 16
580 12
581 6
582 12
583 18
584 16
585 20
586 18
587 16
588 20
589 26
590 16
591 16
592 12
593 16
594 12
595 14
596 10
597 14
598 18
599 14
600 14
601 12
602 12
603 10
604 18
605 14
606 20
607 14
608 16
609 20
610 14
611 18
612 16
613 18
614 16
615 30
616 30
617 20
618 12
619 12
620 22
621 14
622 16
623 10
624 18
625 12
626 16
627 20
628 12
629 18
630 20
631 16
632 18
633 20
634 16
635 14
636 14
637 12
638 14
639 20
640 12
641 12
642 16
643 14
644 14
645 36
646 14
647 14
648 10
649 18
650 12
651 10
652 16
653 14
654 14
655 16
656 16
657 20
658 22
659 16
660 12
661 16
662 12
663 14
664 24
665 12
666 12
667 16
668 16
669 16
670 16
671 20
672 12
673 14
674 32
675 14
676 16
677 12
678 16
679 34
680 12
681 12
682 26
683 20
684 18
685 14
686 16
687 16
688 16
689 16
690 14
691 14
692 16
693 22
694 12
695 12
696 14
697 16
698 18
699 16
700 22
701 18
702 14
703 32
704 18
705 12
706 16
707 12
708 16
709 8
710 14
711 14
712 14
713 14
714 12
715 16
716 10
717 18
718 12
719 16
720 10
721 10
722 10
723 20
724 16
725 16
726 22
727 18
728 10
729 12
730 18
731 16
732 18
733 16
734 14
735 14
736 12
737 20
738 20
739 22
740 14
741 16
742 14
743 12
744 22
745 18
746 16
747 14
748 18
749 16
750 20
751 14
752 20
753 16
754 16
755 18
756 16
758 14
757 32
759 18
760 28
761 18
762 20
763 16
764 18
765 18
766 16
767 20
768 8
769 18
770 20
771 14
772 34
773 14
774 20
775 20
776 16
777 16
778 16
779 10
780 18
781 20
782 12
783 12
784 14
785 14
786 14
787 20
788 18
789 16
790 22
791 10
792 22
793 12
794 18
795 14
796 20
797 24
798 18
799 14
800 34
801 16
802 16
803 16
804 16
805 12
806 20
807 18
808 32
809 18
810 12
811 16
812 14
813 16
814 14
815 14
816 12
817 14
818 12
819 20
820 22
821 12
822 30
823 12
824 14
825 30
826 16
827 28
828 12
829 12
830 22
831 18
832 18
833 14
834 12
835 18
836 16
837 14
838 18
839 16
840 14
841 10
842 14
843 14
844 16
845 18
846 14
847 22
848 16
849 16
850 18
851 18
852 20
853 18
854 14
855 16
856 16
857 18
858 10
859 14
860 16
861 10
862 16
863 14
864 10
865 14
866 16
867 12
868 14
869 12
870 20
871 18
872 14
873 18
874 24
875 18
876 12
878 16
877 44
879 14
880 8
881 16
882 18
883 14
884 32
885 22
886 14
887 12
888 12
889 18
890 18
891 12
892 20
893 26
894 24
895 16
896 18
897 12
898 18
899 16
900 10
901 12
902 16
903 28
904 18
905 12
906 20
907 20
908 16
909 16
910 10
911 16
912 16
913 10
914 14
915 16
916 12
917 16
918 16
919 14
920 16
921 12
922 12
923 14
924 20
925 22
926 10
927 26
928 16
929 14
930 14
931 16
932 18
933 14
934 20
935 24
936 16
937 14
938 14
939 14
940 14
941 14
942 16
943 16
944 18
945 14
946 20
947 18
948 22
949 16
950 16
951 24
952 8
953 18
954 18
955 16
956 18
957 18
958 20
959 14
960 16
961 20
962 20
963 12
964 12
965 12
966 16
967 16
968 12
969 20
970 14
971 30
972 16
973 18
974 10
975 14
976 14
977 14
978 12
979 12
980 16
981 18
982 16
983 16
984 34
985 34
986 14
987 16
988 18
989 14
990 18
991 14
992 12
993 22
994 16
995 16
996 20
997 18
998 14
999 14
1000 18
1001 14
1002 8
1003 12
1004 18
1005 12
1006 18
1007 14
1008 8
1009 18
1010 12
1011 14
1012 16
1013 16
1014 12
1015 14
1016 16
1017 16
1018 12
1019 18
1020 20
1021 14
1022 16
1023 16
1024 10
1025 12
1026 14
1027 16
1028 18
1029 18
1030 16
1031 12
1032 16
1033 20
1034 20
1035 16
1036 14
1037 14
1038 12
1039 18
1040 20
1041 14
1042 36
1043 16
1044 20
1045 32
1046 14
1047 14
1048 16
1049 16
1050 14
1051 12
1052 16
1053 14
1054 14
1055 16
1056 18
1057 12
1058 16
1059 16
1060 16
1061 14
1062 24
1063 12
1064 16
1065 20
1066 12
1067 14
1068 12
1069 18
1070 26
1071 34
1072 12
1073 14
1074 12
1075 10
1076 18
1077 20
1078 18
1079 16
1080 14
1081 14
1082 10
1083 18
1084 18
1085 24
1086 22
1087 16
1088 20
1089 18
1090 12
1091 14
1092 14
1093 18
1094 18
1095 22
1096 26
1097 14
1098 16
1099 14
1100 20
1101 16
1102 18
1103 18
1104 14
1105 18
1106 14
1107 24
1108 22
1109 14
1110 20
1111 14
1112 14
1113 18
1114 14
1115 20
1116 14
1117 16
1118 16
1119 18
1120 14
1121 16
1122 18
1123 18
1124 20
1125 16
1126 18
1127 14
1128 16
1129 14
1130 18
1131 10
1132 24
1133 14
1134 14
1135 14
1136 14
1137 16
1138 18
1139 18
1140 18
1141 24
1142 16
1143 20
1144 10
1145 18
1146 14
1147 14
1148 18
1149 16
1150 14
1151 16
1152 14
1153 18
1154 14
1155 16
1156 26
1157 10
1158 10
1159 16
1160 14
1161 18
1162 14
1163 16
1164 10
1165 16
1166 20
1167 22
1168 16
1169 14
1170 30
1171 16
1172 14
1173 12
1174 18
1175 18
1176 18
1177 16
1178 18
1179 18
1180 20
1181 20
1182 22
1183 12
1184 18
1185 20
1186 16
1187 20
1188 16
1189 18
1190 14
1191 20
1192 16
1193 30
1194 18
1195 18
1196 22
1197 16
1198 14
1199 20
1200 16
1201 18
1202 20
1203 14
1204 30
1205 14
1206 18
1207 16
1208 16
1209 14
1210 16
1211 12
1212 10
1213 10
1214 12
1215 26
1216 14
1217 16
1218 20
1219 12
1220 16
1221 18
1222 12
1223 14
1224 12
1225 18
1226 16
1227 18
1228 16
1229 14
1230 28
1231 14
1232 14
1233 22
1234 18
1235 16
1236 20
1237 16
1238 42
1239 28
1240 20
1241 14
1242 18
1243 14
1244 12
1245 18
1246 14
1247 14
1248 14
1249 14
1250 14
1251 16
1252 16
1253 16
1254 32
1255 12
1256 18
1257 14
1258 12
1259 14
1260 26
1261 8
1262 18
1263 18
1264 14
1265 12
1266 18
1267 16
1268 8
1269 14
1270 16
1271 16
1272 18
1273 18
1274 20
1275 22
1276 14
1277 16
1278 18
1279 16
1280 12
1281 16
1282 18
1283 20
1284 14
1285 16
1286 12
1287 16
1288 16
1289 16
1290 14
1291 16
1292 20
1293 14
1294 22
1295 16
1296 12
1297 18
1298 12
1299 16
1300 16
1301 16
1302 16
1303 14
1304 12
1305 14
1306 12
1307 26
1308 16
1309 28
1310 18
1311 14
1312 16
1313 12
1314 14
1315 20
1316 22
1317 24
1318 16
1319 18
1320 30
1321 20
1322 14
1323 18
1324 16
1325 14
1326 22
1328 16
1327 30
1329 14
1330 20
1331 18
1332 20
1333 20
1334 12
1335 22
1336 14
1337 20
1338 18
1339 12
1340 12
1341 18
1342 22
1343 36
1344 14
1345 16
1346 12
1347 20
1348 18
1349 20
1350 20
1351 18
1352 16
1353 16
1354 24
1355 20
1356 8
1357 20
1358 22
1359 26
1360 14
1361 20
1362 14
1363 20
1364 16
1365 16
1366 10
1367 16
1368 24
1369 12
1370 24
1371 20
1372 14
1373 18
1374 22
1375 14
1376 14
1377 16
1378 32
1379 12
1380 14
1381 16
1382 20
1383 18
1384 10
1385 14
1386 16
1387 14
1388 22
1389 24
1390 12
1391 20
1392 18
1393 20
1394 8
1395 14
1396 24
1398 16
1397 50
1399 20
1400 14
1401 18
1402 44
1403 14
1404 18
1405 18
1406 20
1408 16
1407 30
1409 14
1410 32
1411 34
1412 30
1413 48
1414 18
1415 38
1416 8
1417 14
1418 18
1419 22
1420 18
1421 16
1422 18
1423 32
1424 16
1425 30
1426 14
1427 18
1428 20
1429 12
1430 14
1431 22
1432 16
1433 18
1434 22
1435 18
1436 18
1437 14
1438 14
1439 16
1440 18
1441 14
1442 18
1443 12
1444 16
1445 20
1446 18
1447 16
1448 20
1449 16
1450 14
1451 14
1452 16
1453 22
1454 14
1455 26
1456 20
1457 16
1458 18
1459 14
1460 28
1461 48
1462 18
1463 16
1464 18
1465 10
1466 22
1467 18
1468 16
1469 14
1470 16
1471 18
1472 22
1473 16
1474 14
1475 16
1476 16
1477 20
1478 20
1479 16
1480 18
1481 12
1482 16
1483 18
1484 20
1485 16
1486 18
1487 16
1488 20
1489 14
1490 14
1491 24
1492 12
1493 16
1494 24
1495 18
1496 16
1497 18
1498 18
1499 16
1500 12
1501 28
1502 16
1503 14
1504 34
1505 34
1506 18
1507 18
1508 18
1509 18
1510 30
1511 10
1512 14
1513 14
1514 28
1515 16
1516 34
1517 18
1518 32
1519 42
1520 26
1521 12
1522 18
1523 14
1524 14
1525 30
1526 22
1527 14
1528 16
1529 16
1530 14
1531 24
1532 26
1533 20
1534 22
1535 36
1536 22
1537 18
1538 16
1539 28
1540 32
1541 46
1542 16
1543 16
1544 18
1545 26
1546 10
1547 16
1548 14
1549 14
1550 18
1551 20
1552 20
1553 12
1554 20
1555 20
1556 26
1557 26
1558 10
1559 18
1560 18
1561 20
1562 8
1563 40
1564 18
1565 26
1566 18
1567 12
1568 18
1569 14
1570 40
1571 20
1572 22
1573 20
1574 18
1575 18
1576 14
1577 20
1578 24
1579 18
1580 20
1581 16
1582 22
1583 22
1584 14
1585 18
1586 20
1587 32
1588 28
1589 16
1590 18
1591 20
1592 20
1593 16
1594 16
1595 12
1596 22
1597 18
1598 18
1599 14
1600 16
1601 20
1602 18
1603 20
1604 18
1605 18
1606 18
1607 14
1608 22
1609 20
1610 16
1611 12
1612 16
1613 12
1614 18
1615 16
1616 14
1617 24
1618 14
1619 24
1620 18
1621 18
1622 24
1623 10
1624 14
1625 18
1626 10
1627 10
1628 16
1629 22
1630 32
1631 18
1632 16
1633 18
1634 18
1635 20
1636 22
1637 18
1638 18
1639 22
1640 22
1641 20
1642 12
1643 16
1644 22
1645 16
1646 24
1647 18
1648 20
1649 12
1650 16
1651 20
1652 14
1653 16
1654 20
1655 30
1656 12
1657 18
1658 14
1659 14
1660 22
1661 18
1662 18
1663 12
1664 14
1665 24
1666 14
1667 20
1668 20
1669 18
1670 16
1671 16
1672 18
1673 18
1674 16
1675 16
1676 22
1677 18
1678 18
1679 16
1680 26
1681 16
1682 22
1683 32
1684 20
1685 16
1686 18
1687 32
1688 24
1689 20
1690 12
1691 22
1692 12
1693 18
1694 42
1695 18
1696 30
1697 16
1698 22
1699 16
1700 14
1701 18
1702 18
1703 16
1704 16
1705 12
1706 14
1707 18
1708 32
1709 20
1710 22
1711 20
1712 30
1713 26
1714 14
1715 12
1716 18
1717 12
1718 14
1719 30
1720 18
1721 18
1722 22
1723 24
1724 32
1725 20
1726 16
1727 24
1728 14
1729 20
1730 16
1731 22
1732 16
1733 16
1734 20
1735 22
1736 18
1737 14
1738 20
1739 14
1740 18
1741 22
1742 22
1743 12
1744 20
1745 16
1746 16
1747 16
1748 12
1749 22
1750 20
1751 20
1752 18
1753 28
1754 16
1755 14
1756 12
1757 28
1758 34
1759 20
1760 22
1761 14
1762 16
1763 22
1764 20
1765 14
1766 16
1767 16
1768 10
1769 18
1770 14
1771 14
1772 14
1773 20
1774 18
1775 20
1776 16
1777 22
1778 18
1779 12
1780 16
1781 20
1782 22
1783 18
1784 14
1785 18
1786 16
1787 22
1788 26
1789 18
1790 14
1791 36
1792 24
1793 18
1794 14
1795 12
1796 16
1797 16
1798 16
1799 14
1800 12
1801 20
1802 16
1803 14
1804 16
1805 20
1806 18
1807 28
1808 24
1809 12
1810 14
1811 18
1812 20
1813 50
1814 18
1815 12
1816 16
1817 20
1818 18
1819 16
1820 16
1821 20
1822 16
1823 18
1824 14
1825 16
1826 16
1827 22
1828 16
1829 20
1830 24
1831 12
1832 20
1833 20
1834 16
1835 18
1836 16
1837 20
1838 20
1839 48
1840 14
1841 18
1842 16
1843 18
1844 28
1845 42
1846 12
1847 18
1848 16
1849 16
1850 16
1851 16
1852 16
1853 32
1854 14
1855 26
1856 14
1858 14
1857 30
1859 26
1860 20
1861 32
1862 22
1863 20
1864 20
1865 16
1866 34
1867 18
1868 14
1869 22
1870 16
1871 36
1872 18
1873 22
1874 18
1875 28
1876 16
1877 18
1878 10
1879 14
1880 34
1881 10
1882 18
1883 26
1884 14
1885 16
1886 20
1888 16
1887 32
1889 12
1890 22
1891 28
1892 20
1893 18
1894 18
1896 20
1897 18
1898 18
1895 70
1899 78
1900 26
1901 14
1902 14
1903 14
1904 14
1905 16
1906 20
1907 18
1908 30
1909 16
1910 18
1911 30
1912 14
1913 18
1914 14
1915 16
1916 14
1917 16
1918 14
1919 14
1920 14
1921 20
1922 20
1923 38
1924 16
1925 30
1926 20
1927 10
1928 12
1929 16
1930 18
1931 30
1932 14
1933 14
1934 14
1935 18
1936 28
1937 28
1938 12
1939 20
1940 16
1941 20
1942 12
1943 18
1944 22
1945 12
1946 22
1947 18
1948 24
1949 18
1950 6
1951 32
1952 16
1953 20
1954 14
1955 20
1956 14
1957 18
1958 28
1959 18
1960 18
1961 18
1962 16
1963 12
1964 14
1965 22
1966 16
1967 16
1968 18
1969 14
1970 12
1971 16
1972 24
1973 12
1974 16
1975 18
1976 18
1977 14
1978 16
1979 46
1980 16
1981 20
1982 24
1983 11
1984 18
1985 18
1986 18
1987 16
1988 22
1989 20
1990 22
1991 20
1992 22
1993 30
1994 12
1995 16
1996 16
1997 16
1998 18
1999 16
2000 20
2001 16
2002 14
2003 48
2004 18
2005 24
2006 18
2007 20
2008 80
2009 54
2010 20
2011 12
2012 24
2013 24
2014 6
2015 20
2017 12
2016 40
2018 20
2019 18
2020 34
2021 10
2022 34
2023 18
2024 10
2025 16
2026 38
2027 16
2028 18
2029 18
2030 16
2031 20
2032 24
2033 12
2034 14
2035 16
2036 36
2037 10
2038 20
2039 22
2040 28
2041 18
2042 20
2043 18
2044 32
2045 18
2046 20
2047 22
2048 18
2049 22
2050 18
2051 20
2052 14
2053 18
2054 16
2055 20
2056 24
2057 20
2058 58
2059 14
2060 22
2061 22
2062 26
2063 14
2064 30
2065 40
2066 16
2067 42
2068 28
2069 14
2070 38
2071 26
2072 16
2073 16
2074 20
2075 20
2076 18
2077 46
2078 22
2079 20
2080 22
2081 14
2082 14
2083 16
2084 32
2085 12
2086 20
2087 24
2088 22
2089 16
2090 22
2091 34
2092 16
2093 18
2094 24
2095 12
2096 36
2097 16
2098 14
2099 20
2100 20
2101 22
2102 32
2103 24
2104 22
2105 14
2106 14
2107 24
2108 16
2109 38
2110 44
2111 22
2112 18
2113 34
2114 22
2115 12
2116 18
2117 20
2118 30
2119 22
2120 16
2121 34
2122 44
2123 18
2124 18
2125 16
2126 16
2127 22
2128 20
2129 16
2130 16
2131 38
2132 22
2133 44
2134 24
2135 18
2137 24
2138 12
2136 40
2139 22
2140 22
2141 20
2142 16
2143 24
2144 16
2145 18
2146 36
2147 18
2148 20
2149 20
2150 16
2151 30
2152 20
2153 20
2154 18
2155 22
2156 14
2157 16
2158 10
2159 18
2160 16
2161 16
2162 20
2163 42
2164 20
2165 30
2166 32
2167 40
2168 38
2169 14
2170 16
2171 24
2172 16
2173 48
2174 38
2175 26
2176 14
2177 16
2178 22
2179 16
2180 18
2181 28
2182 16
2183 18
2184 38
2185 20
2186 18
2187 22
2188 10
2189 10
2190 34
2191 42
2192 14
2193 12
2194 20
2195 14
2196 16
2197 20
2198 54
2199 12
2200 18
2201 16
2202 40
2203 18
2204 16
2205 14
2206 18
2207 20
2208 24
2209 18
2210 16
2211 16
2212 16
2213 24
2214 18
2215 16
2216 32
2217 20
2218 16
2219 24
2220 18
2221 16
2222 30
2223 20
2224 16
2225 14
2226 16
2227 20
2228 34
2229 18
2230 14
2231 18
2232 32
2233 16
2234 20
2235 20
2236 18
2237 18
2238 24
2239 18
2240 28
2241 26
2242 34
2243 34
2244 12
2245 20
2246 20
2247 18
2248 18
2249 18
2250 28
2251 32
2252 16
2253 36
2254 28
2255 20
2256 20
2257 12
2258 16
2259 12
2260 42
2261 16
2262 34
2263 26
2264 10
2265 16
2266 16
2267 18
2268 16
2269 18
2270 18
2271 18
2272 20
2273 30
2274 16
2275 20
2276 14
2277 20
2278 14
2279 26
2280 18
2281 24
2282 16
2283 18
2284 16
2285 22
2286 20
2287 22
2288 30
2289 30
2290 18
2291 18
2292 18
2293 10
2294 18
2295 14
2296 20
2297 20
2298 18
2299 18
2300 16
2301 14
2302 14
2303 18
2304 30
2305 26
2306 14
2307 16
2308 18
2309 18
2310 16
2311 20
2312 14
2313 18
2314 22
2315 20
2316 22
2317 18
2318 16
2319 14
2320 8
2321 18
2322 14
2323 22
2324 16
2325 16
2326 14
2327 22
2328 22
2329 24
2330 18
2331 24
2332 24
2333 18
2334 46
2335 34
2336 22
2337 14
2338 26
2339 14
2340 20
2341 22
2342 20
2343 34
2344 14
2345 16
2346 20
2347 14
2348 14
2349 16
2350 14
2351 18
2352 22
2353 18
2354 16
2355 14
2356 16
2357 10
2358 36
2359 16
2360 20
2361 24
2362 22
2363 18
2364 18
2365 16
2366 16
2367 22
2368 10
2369 28
2370 16
2371 12
2372 14
2373 20
2374 22
2375 20
2376 14
2377 14
2378 20
2379 20
2380 20
2381 22
2382 20
2383 16
2384 18
2385 20
2386 32
2387 16
2388 22
2389 14
2390 26
2391 24
2392 20
2393 14
2394 20
2395 22
2396 10
2397 20
2398 14
2399 14
2400 20
2401 14
2402 8
2403 16
2404 20
2405 18
2406 10
2407 14
2408 16
2409 20
2410 40
2411 20
2412 18
2413 20
2414 20
2415 12
2416 18
2417 12
2418 16
2419 18
2420 16
2421 16
2422 24
2423 20
2424 18
2425 28
2426 22
2427 32
2428 20
2429 20
2430 16
2431 24
2432 18
2433 20
2434 18
2435 14
2436 20
2437 22
2438 22
2439 32
2440 30
2441 14
2442 22
2443 16
2444 24
2445 20
2446 20
2447 22
2448 16
2449 18
2450 18
2451 16
2452 28
2453 18
2454 16
2455 14
2456 12
2457 22
2458 22
2459 18
2460 20
2461 12
2462 24
2463 14
2464 20
2465 20
2466 20
2467 20
2468 14
2469 16
2470 20
2471 24
2472 16
2473 18
2474 16
2475 20
2476 14
2477 12
2478 16
2479 18
2480 18
2481 18
2482 22
2483 36
2484 14
2485 21
2486 16
2487 12
2488 12
2489 20
2490 14
2491 18
2492 14
2493 14
2494 18
2495 16
2496 32
2497 16
2498 16
2499 16
2500 18
2501 20
2502 16
2503 16
2504 22
2505 18
2506 16
2507 12
2508 14
2509 20
2510 30
2511 38
2512 24
2513 24
2514 32
2515 22
2516 12
2517 22
2518 14
2519 8
2520 20
2521 18
2522 32
2523 16
2524 24
2525 14
2526 20
2527 20
2528 30
2529 22
2530 36
2531 20
2532 16
2533 16
2534 20
2535 20
2536 16
2537 28
2538 18
2539 16
2540 22
2541 14
2542 14
2543 22
2544 18
2545 40
2546 18
2547 16
2548 16
2549 16
2550 18
2551 36
2552 22
2553 34
2554 22
2555 16
2556 18
2557 14
2558 14
2559 18
2560 22
2561 14
2562 16
2563 20
2564 24
2565 22
2566 20
2567 56
2568 20
2569 20
2570 16
2571 16
2572 18
2573 22
2574 14
2576 22
2577 20
2575 52
2578 36
2579 20
2580 20
2581 34
2582 18
2583 22
2584 18
2585 16
2586 77
2587 48
2588 20
2589 26
2590 20
2591 24
2592 16
2593 16
2594 34
2595 18
2596 24
2597 16
2598 80
2599 24
2600 18
2601 40
2602 46
2603 28
2604 16
2605 32
2606 38
2607 32
2608 20
2609 58
2610 24
2611 32
2612 26
2613 18
2614 42
2615 18
2616 14
2617 30
2618 22
2619 14
2620 30
2621 48
2622 36
2623 16
2624 16
2625 30
2626 20
2627 16
2628 48
2629 50
2630 12
2631 12
2632 16
2633 16
2634 44
2635 40
2636 16
2638 16
2637 46
2639 28
2640 20
2641 18
2642 12
2643 16
2644 12
2645 16
2646 30
2647 10
2648 74
2649 42
2650 16
2651 20
2652 32
2654 22
2655 14
2656 38
2657 28
2653 84
2658 20
2659 18
2660 22
2661 14
2662 12
2663 16
2664 12
2665 16
2666 32
2667 22
2668 20
2669 14
2670 16
2671 14
2672 18
2673 44
2674 22
2675 24
2676 14
2677 18
2678 18
2679 16
2680 18
2681 24
2682 48
2684 46
2685 30
2686 14
2687 12
2688 18
2683 72
2689 20
2690 24
2691 10
2692 44
2693 20
2694 16
2695 20
2696 14
2697 20
2698 24
2699 16
2700 18
2701 12
2702 18
2703 14
2704 26
2705 16
2706 16
2707 34
2708 20
2709 46
2710 14
2711 22
2712 24
2713 20
2714 22
2715 22
2716 16
2717 20
2718 20
2719 20
2720 34
2721 16
2722 40
2723 12
2724 16
2725 20
2726 28
2727 16
2728 20
2729 22
2730 22
2731 16
2732 16
2733 40
2734 16
2735 16
2736 24
2737 18
2738 16
2739 20
2740 14
2741 28
2742 18
2743 16
2744 20
2745 18
2746 18
2747 22
2748 18
2749 18
2750 24
2751 24
2752 24
2753 24
2754 20
2755 16
2756 14
2757 16
2758 22
2759 18
2760 16
2761 12
2762 16
2763 22
2764 18
2765 28
2766 18
2767 18
2768 18
2769 14
2770 18
2771 22
2772 22
2773 14
2774 10
2775 30
2776 14
2777 18
2778 18
2779 18
2780 16
2781 16
2782 12
2783 14
2784 22
2785 20
2786 12
2787 24
2788 18
2789 18
2790 14
2791 20
2792 16
2793 16
2794 22
2795 16
2796 18
2797 14
2798 26
2799 18
2800 14
2801 24
2802 18
2803 16
2804 18
2805 14
2806 18
2807 20
2808 36
2809 18
2810 22
2811 18
2812 22
2813 24
2814 16
2815 22
2816 18
2817 22
2818 18
2819 20
2820 12
2821 18
2822 14
2823 20
2824 14
2825 20
2826 16
2827 16
2828 20
2829 20
2830 16
2831 18
2832 18
2833 12
2834 28
2835 14
2836 18
2837 12
2838 18
2839 24
2840 12
2841 18
2842 24
2843 16
2844 18
2845 20
2846 36
2847 18
2848 18
2849 16
2850 18
2851 20
2852 20
2853 18
2854 16
2855 16
2856 20
2857 16
2858 22
2859 16
2860 16
2861 20
2862 18
2863 24
2864 14
2865 18
2866 18
2867 20
2868 18
2869 22
2870 12
2871 26
2872 14
2873 18
2874 18
2875 18
2876 20
2877 18
2878 22
2879 24
2880 18
2881 22
2882 18
2883 24
2884 18
2885 18
2886 22
2887 18
2888 18
2889 20
2890 16
2891 26
2892 12
2893 20
2894 20
2895 20
2896 10
2897 16
2898 36
2899 16
2900 16
2901 18
2902 16
2903 18
2904 18
2905 18
2906 16
2907 18
2908 16
2909 14
2910 12
2911 18
2912 22
2913 20
2914 18
2915 16
2916 12
2917 14
2918 24
2919 20
2920 24
2921 18
2922 18
2923 18
2924 18
2925 16
2926 18
2927 14
2928 20
2929 22
2930 30
2931 14
2932 18
2933 20
2934 38
2935 18
2936 16
2937 14
2938 18
2939 18
2940 22
2941 20
2942 16
2943 24
2944 12
2945 16
2946 18
2947 20
2948 14
2949 18
2950 26
2951 18
2952 16
2953 26
2954 20
2955 16
2956 22
2957 18
2958 18
2959 16
2960 26
2961 18
2962 20
2963 26
2964 14
2965 18
2966 18
2967 20
2968 22
2969 22
2970 16
2971 16
2972 12
2973 38
2974 20
2975 30
2976 20
2977 20
2978 18
2979 28
2980 24
2981 16
2982 18
2983 18
2984 38
2985 20
2986 20
2988 14
2987 34
2989 28
2990 14
2991 16
2992 32
2993 20
2994 48
2995 20
2996 16
2997 24
2998 16
2999 28
3000 18
3001 18
3002 16
3003 22
3004 14
3005 32
3006 16
3007 20
3008 22
3009 40
3010 22
3011 14
3012 32
3013 22
3014 28
3015 16
3016 22
3017 22
3018 32
3019 18
3020 20
3021 20
3022 16
3023 18
3024 14
3025 16
3026 20
3027 14
3028 28
3029 16
3030 20
3031 14
3032 32
3033 14
3035 20
3036 20
3034 74
3037 30
3038 20
3039 24
3040 28
3041 18
3042 18
3043 18
3044 22
3045 4
3046 16
3047 18
3048 32
3049 16
3050 18
3051 26
3052 16
3053 28
3054 16
3055 16
3056 16
3057 14
3058 14
3059 14
3060 20
3061 22
3062 12
3063 12
3064 42
3065 20
3066 20
3067 22
3068 20
3069 18
3070 78
3071 18
3072 20
3073 26
3074 12
3075 24
3076 24
3077 18
3078 28
3079 26
3080 30
3081 16
3082 20
3083 14
3084 22
3085 12
3086 12
3087 16
3088 20
3089 16
3090 42
3091 20
3092 16
3093 32
3094 20
3095 14
3096 22
3097 22
3098 36
3099 18
3100 14
3101 20
3102 18
3103 22
3104 24
3105 22
3106 18
3107 20
3108 36
3109 18
3110 12
3111 16
3112 16
3113 12
3114 12
3115 12
3116 30
3117 10
3118 22
3119 18
3120 20
3121 20
3122 16
3123 18
3124 24
3125 30
3126 16
3127 18
3128 20
3129 20
3130 16
3131 20
3132 14
3133 18
3134 18
3135 20
3136 22
3137 20
3138 18
3139 18
3140 38
3141 18
3142 16
3143 20
3144 16
3145 22
3146 16
3147 14
3148 18
3149 20
3150 22
3151 18
3152 12
3153 16
3154 34
3155 20
3156 26
3157 22
3158 18
3159 16
3160 12
3161 18
3162 18
3163 12
3164 16
3165 12
3166 26
3167 22
3168 14
3169 16
3170 20
3171 18
3172 16
3173 20
3174 30
3175 18
3176 18
3177 22
3178 16
3179 14
3180 18
3181 20
3182 22
3183 16
3184 20
3185 18
3186 18
3187 14
3188 18
3189 20
3190 20
3191 18
3192 20
3193 16
3194 22
3195 18
3196 22
3197 22
3198 16
3199 22
3200 24
3201 14
3202 14
3203 18
3204 14
3205 20
3206 14
3207 18
3208 22
3209 18
3210 20
3211 24
3212 20
3213 22
3214 20
3215 16
3216 20
3217 20
3218 22
3219 50
3220 20
3221 18
3222 12
3223 14
3224 14
3225 14
3226 18
3227 18
3228 18
3229 18
3230 18
3231 14
3232 14
3233 16
3234 22
3235 16
3236 16
3237 36
3238 20
3239 14
3240 22
3241 14
3242 20
3243 22
3244 26
3245 16
3246 18
3247 14
3248 12
3249 16
3250 12
3251 24
3252 14
3253 34
3254 20
3255 14
3256 16
3257 18
3258 18
3259 20
3260 22
3261 16
3262 12
3263 18
3264 16
3265 18
3266 18
3267 20
3268 22
3269 28
3270 10
3271 14
3272 52
3273 18
3274 20
3275 18
3276 24
3277 16
3278 14
3279 16
3280 12
3281 20
3282 20
3283 12
3284 14
3285 16
3286 32
3287 22
3288 18
3289 22
3290 16
3291 18
3292 26
3293 12
3294 18
3295 22
3296 20
3297 16
3298 22
3299 20
3300 14
3301 20
3302 28
3303 14
3304 18
3305 28
3306 18
3307 18
3308 32
3309 24
3310 22
3311 16
3312 16
3313 18
3314 14
3315 20
3316 16
3317 20
3318 14
3319 14
3320 38
3321 10
3322 22
3323 14
3324 18
3325 14
3326 20
3327 14
3328 18
3329 18
3330 12
3331 18
3332 16
3333 22
3334 14
3335 20
3336 14
3337 14
3338 18
3339 30
3340 24
3341 20
3342 16
3343 24
3344 20
3345 14
3346 16
3347 22
3348 20
3349 14
3350 24
3351 20
3352 16
3353 20
3354 20
3355 14
3356 18
3358 16
3357 40
3359 22
3360 16
3361 32
3362 16
3363 16
3364 20
3365 16
3366 20
3367 22
3368 20
3369 14
3370 36
3371 18
3372 22
3373 16
3374 26
3375 18
3376 18
3377 18
3378 18
3379 22
3380 36
3381 28
3382 14
3383 36
3384 16
3385 18
3386 20
3387 30
3388 22
3389 10
3390 24
3391 20
3392 16
3393 14
3394 18
3395 20
3396 16
3397 20
3398 18
3399 12
3400 24
3401 24
3402 18
3403 20
3404 12
3405 16
3406 20
3407 18
3408 18
3409 16
3410 12
3411 32
3412 20
3413 40
3414 16
3415 18
3416 22
3417 10
3418 20
3419 16
3420 20
3421 16
3423 22
3424 18
3425 16
3426 12
3428 16
3422 96
3427 36
3429 18
3430 20
3431 18
3432 16
3433 16
3434 14
3435 30
3436 16
3437 18
3438 12
3439 20
3440 22
3441 54
3442 20
3443 16
3444 22
3445 14
3446 16
3447 16
3448 20
3449 30
3450 20
3451 18
3452 18
3453 16
3454 18
3455 16
3456 18
3457 20
3458 16
3459 38
3460 22
3461 18
3462 16
3463 22
3464 20
3465 24
3466 22
3468 16
3467 36
3469 16
3470 26
3471 36
3472 14
3473 20
3474 22
3475 22
3476 14
3477 18
3478 14
3479 16
3480 32
3481 20
3482 20
3483 20
3484 34
3485 20
3486 18
3487 30
3488 22
3489 24
3490 10
3491 34
3492 18
3493 20
3494 18
3495 22
3496 24
3497 14
3498 22
3499 18
3500 18
3501 34
3502 10
3503 12
3504 20
3505 28
3506 22
3507 28
3508 20
3509 64
3510 38
3511 20
3512 18
3513 18
3514 20
3515 24
3516 14
3517 30
3518 22
3519 16
3520 20
3521 22
3522 22
3523 44
3524 14
3525 12
3526 18
3527 26
3528 20
3529 18
3530 24
3531 32
3532 22
3533 50
3534 30
3535 18
3536 20
3537 20
3538 28
3539 16
3540 16
3541 18
3542 20
3543 38
3544 22
3545 34
3546 10
3547 16
3548 20
3549 12
3550 16
3551 16
3552 12
3553 20
3554 36
3555 20
3556 16
3558 18
3557 58
3559 46
3560 20
3561 18
3562 46
3563 16
3564 18
3565 20
3566 20
3567 20
3568 18
3569 22
3570 18
3571 24
3572 14
3573 14
3574 18
3575 24
3576 18
3577 20
3578 20
3579 18
3580 18
3581 16
3582 18
3583 36
3584 14
3585 18
3586 22
3587 16
3588 14
3589 12
3590 14
3591 16
3592 36
3593 20
3594 16
3595 18
3596 26
3597 16
3598 26
3599 20
3600 18
3601 22
3602 16
3603 26
3604 36
3605 26
3606 14
3607 18
3608 16
3609 12
3610 16
3611 18
3612 22
3613 18
3614 18
3615 30
3616 22
3617 54
3618 20
3619 16
3620 60
3621 16
3622 14
3623 16
3624 32
3625 20
3626 20
3627 26
3628 22
3629 20
3630 26
3631 24
3632 32
3633 18
3634 26
3635 12
3636 38
3637 26
3638 44
3639 48
3640 60
3641 16
3642 20
3643 16
3644 18
3645 20
3646 26
3647 16
3648 18
3649 20
3650 20
3651 14
3652 16
3653 18
3654 18
3655 18
3656 14
3657 22
3658 26
3659 20
3660 36
3661 42
3662 16
3663 28
3664 30
3665 16
3666 18
3667 12
3668 14
3669 18
3670 20
3671 18
3672 22
3673 24
3674 26
3675 14
3676 14
3677 24
3678 44
3679 34
3680 14
3681 24
3682 14
3683 16
3684 14
3685 24
3686 20
3688 14
3687 52
3689 16
3690 36
3691 16
3692 20
3693 34
3694 14
3695 18
3696 32
3697 24
3698 24
3699 34
3700 10
3701 24
3702 18
3703 18
3704 50
3705 14
3706 24
3707 56
3708 34
3709 40
3710 32
3711 16
3712 16
3713 14
3714 20
3715 18
3716 22
3717 18
3718 20
3719 14
3720 16
3721 28
3722 34
3723 24
3724 28
3725 18
3726 30
3727 28
3728 20
3729 30
3730 36
3731 16
3732 22
3733 18
3734 24
3735 22
3736 22
3737 44
3738 22
3739 26
3740 20
3741 12
3742 32
3743 38
3744 22
3745 26
3746 12
3747 38
3748 30
3749 26
3750 24
3751 28
3752 18
3753 10
3754 38
3755 12
3756 20
3757 22
3758 20
3759 26
3760 36
3761 38
3762 32
3763 32
3764 42
3765 28
3766 20
3767 20
3768 26
3769 14
3770 14
3771 20
3772 32
3773 22
3774 40
3775 18
3776 18
3777 30
3778 22
3779 32
3780 30
3781 20
3782 28
3783 16
3784 26
3785 42
3786 12
3787 22
3788 24
3789 26
3790 20
3791 24
3792 18
3793 20
3794 22
3795 20
3796 22
3797 30
3798 24
3799 16
3800 24
3801 20
3802 24
3803 20
3804 30
3805 20
3806 18
3807 16
3808 16
3809 30
3810 28
3811 52
3812 26
3813 24
3815 34
3816 30
3817 18
3814 62
3818 40
3819 16
3820 18
3821 22
3822 20
3823 10
3824 20
3825 32
3827 16
3826 60
3828 38
3829 22
3830 22
3831 40
3832 28
3833 26
3835 30
3836 20
3837 20
3838 14
3834 76
3839 56
3840 20
3841 22
3842 20
3843 22
3844 22
3845 22
3847 12
3846 40
3848 20
3849 88
3850 16
3851 14
3852 14
3853 34
3854 18
3855 22
3856 18
3857 18
3858 30
3859 24
3860 38
3861 24
3862 20
3863 16
3864 38
3865 22
3866 16
3867 36
3868 20
3869 30
3870 18
3871 14
3872 36
3873 48
3874 16
3875 12
3876 32
3877 22
3878 14
3879 14
3880 22
3881 44
3882 22
3883 44
3884 16
3885 14
3886 24
3887 22
3888 30
3889 34
3890 28
3891 18
3892 16
3893 36
3895 26
3896 22
3897 22
3894 70
3898 22
3899 16
3900 16
3901 22
3902 18
3903 40
3904 18
3905 32
3906 20
3907 22
3908 14
3909 40
3910 14
3911 34
3912 18
3913 16
3914 18
3915 22
3916 26
3918 16
3917 42
3919 18
3920 8
3921 34
3922 12
3923 10
3924 30
3925 32
3926 20
3927 20
3928 34
3929 26
3930 24
3931 62
3932 14
3933 16
3934 30
3935 20
3936 16
3937 26
3938 22
3939 24
3940 22
3941 14
3942 24
3943 24
3944 18
3945 20
3946 24
3947 20
3948 20
3949 22
3950 20
3951 22
3952 20
3953 26
3954 32
3955 20
3956 34
3957 20
3958 20
3959 32
3960 8
3961 16
3962 20
3963 18
3964 14
3965 14
3967 14
3968 14
3966 40
3969 22
3970 18
3971 14
3972 14
3973 16
3974 22
3975 20
3976 18
3977 16
3978 18
3979 24
3980 20
3981 22
3982 28
3983 22
3984 50
3985 26
3986 16
3987 18
3988 20
3989 20
3990 24
3991 16
3992 20
3993 22
3994 14
3995 18
3996 20
3997 18
3998 26
3999 22
4000 58
4001 18
4002 32
4003 38
4004 18
4005 34
4006 36
4007 16
4008 26
4009 20
4010 12
4011 14
4012 22
4013 24
4014 18
4015 18
4016 24
4017 10
4018 18
4019 16
4020 22
4021 20
4022 16
4023 22
4024 16
4025 18
4026 18
4027 24
4028 22
4029 14
4030 18
4031 36
4032 12
4033 18
4034 22
4035 14
4036 22
4037 18
4038 20
4039 20
4040 22
4041 22
4042 26
4043 26
4044 22
4045 18
4046 30
4047 36
4048 22
4049 20
4050 36
4051 22
4052 24
4053 32
4054 16
4055 20
4056 18
4057 14
4058 22
4059 22
4060 26
4061 20
4062 18
4063 18
4064 16
4065 22
4066 16
4067 22
4068 22
4069 20
4070 24
4071 16
4072 40
4073 14
4074 14
4075 18
4076 18
4077 20
4078 20
4079 28
4080 16
4081 12
4082 32
4083 18
4084 14
4085 18
4086 18
4087 20
4088 20
4089 16
4090 20
4091 18
4092 14
4093 34
4094 14
4095 18
4096 18
4097 22
4098 14
4099 20
4100 20
4101 34
4102 18
4103 14
4104 50
4105 24
4106 16
4107 32
4108 24
4109 22
4110 24
4111 24
4112 18
4113 24
4114 18
4115 22
4116 20
4117 16
4118 14
4119 16
4120 20
4121 14
4122 14
4123 16
4124 12
4125 18
4126 18
4127 24
4128 16
4129 14
4130 18
4131 18
4132 20
4133 8
4134 16
4135 16
4136 18
4137 10
4138 38
4139 14
4140 14
4141 22
4142 20
4143 18
4144 22
4145 14
4146 20
4147 22
4148 20
4149 18
4150 22
4151 26
4152 38
4153 16
4154 26
4155 20
4156 14
4157 12
4158 22
4159 20
4160 20
4161 14
4162 18
4163 28
4164 16
4165 24
4166 34
4167 16
4168 18
4169 18
4170 18
4171 12
4172 14
4173 18
4174 16
4175 34
4176 16
4177 20
4178 20
4179 14
4180 20
4181 16
4182 18
4183 14
4184 16
4185 20
4186 14
4187 16
4188 22
4189 16
4190 22
4191 14
4192 22
4193 42
4194 24
4195 22
4196 22
4197 20
4198 20
4199 14
4200 20
4201 18
4202 18
4203 22
4204 18
4205 18
4206 16
4207 16
4208 20
4209 12
4210 16
4211 22
4212 18
4213 18
4214 16
4215 22
4216 22
4217 14
4218 14
4219 16
4220 80
4221 16
4222 20
4223 18
4224 16
4225 16
4226 20
4227 22
4228 20
4229 22
4230 14
4231 24
4232 18
4233 14
4234 26
4235 20
4236 12
4237 26
4238 12
4239 20
4240 16
4241 16
4242 22
4243 18
4244 26
4245 22
4246 18
4247 12
4248 20
4249 14
4250 24
4251 10
4252 20
4253 16
4254 18
4255 20
4256 20
4257 20
4258 24
4259 14
4260 16
4261 18
4262 20
4263 20
4264 16
4265 20
4266 16
4267 14
4268 14
4269 16
4270 14
4271 20
4272 44
4273 14
4274 20
4275 18
4276 22
4277 18
4278 22
4279 32
4280 18
4281 18
4282 22
4283 20
4284 18
4285 24
4286 16
4287 22
4288 20
4289 36
4290 18
4291 18
4292 16
4293 18
4294 24
4295 18
4296 18
4297 14
4298 18
4299 22
4300 12
4301 16
4302 22
4303 14
4304 18
4305 18
4306 16
4307 14
4308 28
4309 22
4310 18
4311 18
4312 12
4313 18
4314 22
4315 12
4316 12
4317 18
4318 24
4319 20
4320 14
4321 38
4322 24
4323 22
4324 22
4325 24
4326 12
4327 14
4328 32
4329 16
4330 32
4331 14
4332 22
4333 20
4334 20
4335 10
4336 20
4337 14
4338 14
4339 20
4340 16
4341 20
4342 18
4343 20
4344 18
4345 10
4346 12
4347 18
4348 14
4349 16
4350 20
4351 16
4352 14
4353 16
4354 36
4355 10
4356 34
4357 16
4358 12
4359 18
4360 36
4361 20
4362 20
4363 22
4364 16
4365 18
4366 20
4367 16
4368 16
4369 20
4370 20
4371 20
4372 16
4373 14
4374 22
4375 20
4376 14
4377 16
4378 22
4379 18
4380 22
4381 44
4382 26
4383 16
4384 26
4385 16
4386 18
4387 20
4388 16
4389 26
4390 14
4391 10
4392 16
4393 14
4394 20
4395 20
4396 16
4397 12
4398 18
4399 16
4400 18
4401 26
4402 16
4403 16
4404 14
4405 18
4406 34
4407 18
4408 28
4409 22
4410 26
4411 18
4412 42
4413 16
4414 18
4415 18
4416 29
4417 18
4418 18
4419 12
4420 20
4421 22
4422 20
4423 22
4424 18
4425 18
4426 18
4427 22
4428 18
4429 22
4430 14
4431 20
4432 16
4433 24
4434 22
4435 20
4436 26
4437 14
4438 14
4439 18
4440 24
4441 14
4442 20
4443 12
4444 18
4445 22
4446 18
4447 24
4448 10
4449 20
4450 30
4451 18
4452 24
4453 18
4454 22
4455 14
4456 24
4457 16
4458 18
4459 20
4460 16
4461 18
4462 14
4463 16
4464 18
4465 12
4466 18
4467 16
4468 20
4469 22
4470 26
4471 14
4472 32
4473 16
4474 16
4475 16
4476 20
4477 16
4478 16
4479 18
4480 22
4481 22
4482 20
4483 18
4484 18
4485 20
4487 26
4486 40
4488 28
4489 20
4490 20
4491 18
4492 16
4493 18
4494 18
4495 16
4496 20
4497 24
4498 18
4499 28
4500 24
4501 16
4502 22
4503 26
4504 20
4505 22
4506 28
4507 18
4508 28
4509 20
4510 18
4511 12
4512 18
4513 22
4514 18
4515 36
4516 24
4517 16
4518 18
4519 14
4520 20
4521 16
4522 22
4523 16
4524 24
4525 18
4526 24
4527 14
4528 20
4529 34
4530 20
4531 22
4532 46
4533 12
4534 22
4535 22
4537 14
4538 16
4536 50
4539 18
4540 12
4541 34
4542 12
4543 18
4544 20
4545 20
4546 16
4547 16
4548 16
4549 36
4550 20
4551 14
4552 22
4553 24
4554 20
4555 18
4556 18
4557 20
4558 18
4559 24
4560 16
4561 18
4562 42
4563 18
4564 34
4565 28
4567 16
4566 42
4568 20
4569 14
4570 22
4571 18
4572 24
4573 12
4574 18
4575 24
4576 24
4577 24
4578 16
4579 20
4580 24
4581 14
4582 10
4583 20
4584 24
4585 20
4586 28
4587 18
4588 20
4589 18
4590 14
4591 20
4592 18
4593 16
4594 20
4595 18
4596 32
4597 18
4598 16
4599 18
4600 24
4601 20
4602 22
4603 40
4604 32
4605 22
4606 22
4607 12
4608 18
4609 24
4610 18
4611 18
4612 24
4613 20
4614 24
4615 14
4616 14
4617 14
4618 18
4619 24
4620 12
4621 14
4622 22
4623 30
4624 16
4625 28
4626 18
4627 16
4628 28
4629 18
4630 14
4631 28
4632 18
4633 22
4634 20
4635 16
4636 22
4637 18
4638 16
4639 24
4640 14
4641 16
4642 18
4643 22
4644 18
4645 18
4646 14
4647 12
4648 20
4649 20
4650 24
4651 16
4652 12
4653 16
4654 20
4655 32
4656 18
4657 14
4658 18
4659 22
4660 18
4661 34
4662 20
4663 22
4664 50
4665 20
4666 20
4667 20
4668 20
4669 18
4670 22
4671 22
4672 22
4673 22
4674 12
4675 20
4676 18
4677 22
4678 16
4679 36
4680 16
4681 20
4682 48
4683 12
4684 12
4685 16
4686 14
4687 20
4688 14
4689 14
4690 20
4691 18
4692 18
4693 20
4694 22
4695 12
4696 22
4697 22
4698 18
4699 24
4700 18
4701 24
4702 14
4703 22
4704 18
4705 20
4706 20
4707 24
4708 22
4709 16
4710 20
4711 16
4712 18
4713 16
4714 34
4715 22
4716 20
4717 18
4718 18
4719 18
4720 68
4721 16
4722 28
4723 22
4724 22
4725 18
4726 34
4727 20
4728 24
4729 12
4730 22
4731 18
4732 14
4733 20
4734 36
4735 16
4736 18
4737 24
4738 16
4739 24
4740 22
4741 24
4742 18
4743 18
4744 42
4745 18
4746 22
4747 20
4748 22
4749 20
4750 20
4751 18
4752 18
4753 22
4754 28
4755 20
4756 16
4757 20
4758 12
4759 16
4760 22
4761 38
4762 18
4763 16
4764 18
4765 20
4766 20
4767 18
4768 28
4769 20
4770 14
4771 18
4772 20
4773 18
4774 22
4775 18
4776 16
4777 14
4778 20
4779 14
4780 16
4781 14
4782 18
4783 28
4784 22
4785 14
4786 16
4787 14
4788 20
4789 16
4790 12
4791 14
4792 18
4793 16
4794 18
4795 24
4796 22
4797 18
4798 24
4799 22
4800 14
4801 16
4802 18
4803 22
4804 20
4805 18
4806 24
4807 22
4808 18
4809 16
4810 24
4811 24
4812 18
4813 22
4814 24
4815 20
4816 18
4817 18
4818 18
4819 20
4820 18
4821 20
4822 22
4823 16
4824 18
4825 18
4826 24
4827 24
4828 16
4829 20
4830 22
4831 12
4832 32
4833 20
4834 42
4835 16
4836 22
4837 22
4838 14
4839 22
4840 20
4841 20
4842 22
4843 18
4844 18
4845 36
4846 18
4847 10
4848 22
4849 22
4850 18
4851 12
4852 44
4853 20
4854 18
4855 20
4856 18
4857 22
4858 50
4859 18
4860 16
4861 12
4862 30
4863 18
4864 22
4865 16
4866 24
4867 16
4868 22
4869 20
4870 16
4871 18
4872 12
4873 20
4874 16
4875 22
4876 14
4877 18
4878 16
4879 24
4880 22
4881 12
4882 26
4883 18
4884 16
4885 12
4886 16
4887 14
4888 18
4889 18
4890 18
4891 22
4892 24
4893 18
4894 16
4895 20
4896 12
4898 18
4897 38
4899 18
4900 20
4901 16
4902 24
4903 22
4904 14
4905 20
4906 20
4907 42
4908 26
4909 16
4910 20
4911 22
4912 16
4913 18
4914 16
4915 22
4916 22
4917 18
4918 14
4919 18
4920 22
4921 18
4922 18
4923 18
4924 8
4925 20
4926 16
4927 14
4928 26
4929 26
4930 22
4931 18
4932 14
4933 20
4934 16
4935 20
4937 22
4938 18
4936 46
4939 24
4940 24
4941 18
4942 20
4943 18
4944 20
4945 18
4946 16
4947 16
4948 24
4949 20
4950 18
4951 26
4952 10
4953 18
4954 16
4956 22
4957 16
4955 60
4958 42
4959 28
4960 20
4961 20
4962 20
4963 20
4964 20
4965 20
4966 20
4967 18
4968 16
4969 16
4970 28
4971 16
4972 20
4973 36
4974 14
4975 16
4976 32
4977 18
4978 22
4979 18
4980 16
4981 22
4982 24
4983 14
4984 18
4985 20
4986 18
4987 20
4988 26
4989 34
4990 20
4991 20
4992 18
4993 22
4994 22
4995 18
4996 28
4997 22
4998 36
4999 18
5000 20
5001 16
5002 20
5003 14
5004 18
5005 18
5006 18
5007 30
5008 24
5009 18
5010 18
5011 14
5012 18
5013 18
5014 16
5015 46
5016 20
5017 22
5018 24
5019 16
5020 24
5021 32
5022 18
5023 20
5024 16
5025 18
5026 22
5027 20
5028 28
5029 28
5030 22
5031 22
5032 34
5033 20
5034 16
5035 28
5036 16
5037 16
5039 8
5038 26
5040 16
5041 16
5042 20
5043 14
5044 18
5045 22
5046 16
5047 18
5048 16
5049 14
5050 18
5051 14
5052 20
5053 40
5054 34
5055 16
5056 20
5057 14
5058 18
5059 20
5060 18
5061 20
5062 22
5063 24
5064 14
5065 38
5066 28
5067 24
5068 18
5069 22
5070 18
5071 14
5072 20
5073 26
5074 20
5075 20
5076 18
5077 18
5078 22
5079 10
5080 22
5081 18
5082 38
5083 20
5084 12
5085 20
5086 18
5087 16
5088 30
5089 30
5090 20
5091 18
5092 18
5093 42
5094 14
5095 18
5096 24
5097 22
5098 20
5099 22
5100 34
5101 18
5102 10
5103 18
5104 12
5105 20
5106 18
5107 20
5108 16
5109 20
5110 18
5111 16
5112 20
5113 28
5114 18
5115 22
5116 16
5117 22
5118 20
5119 20
5120 24
5121 22
5122 14
5123 20
5124 16
5125 36
5126 14
5127 20
5128 20
5129 20
5130 20
5131 14
5132 18
5133 32
5134 16
5135 42
5136 20
5137 18
5138 16
5139 24
5140 24
5141 18
5142 48
5143 20
5144 14
5146 38
5147 20
5145 52
5148 20
5149 22
5150 20
5151 14
5152 20
5153 6
5155 34
5156 26
5157 14
5154 70
5158 22
5159 24
5160 24
5161 18
5162 36
5163 24
5164 32
5165 20
5166 16
5167 18
5168 18
5169 32
5170 16
5171 16
5172 44
5173 30
5174 36
5175 20
5176 16
5177 18
5178 18
5179 18
5180 32
5181 20
5182 16
5183 28
5184 14
5185 16
5186 12
5187 18
5188 16
5189 20
5190 20
5191 18
5192 24
5193 18
5194 16
5195 16
5196 18
5197 14
5198 18
5199 46
5200 20
5201 22
5202 18
5203 30
5204 26
5205 18
5206 32
5207 20
5208 26
5209 16
5210 20
5211 34
5212 24
5213 28
5214 22
5215 24
5216 18
5217 24
5218 16
5219 38
5220 16
5221 20
5222 16
5223 20
5224 18
5225 18
5227 14
5226 50
5228 20
5229 18
5230 20
5231 26
5232 26
5233 26
5234 26
5235 22
5236 20
5237 14
5238 16
5239 22
5240 20
5241 16
5242 20
5243 36
5245 12
5246 18
5247 20
5244 78
5248 24
5249 32
5250 50
5251 18
5252 24
5253 16
5254 16
5255 24
5256 20
5257 26
5258 26
5259 16
5260 28
5261 62
5262 26
5263 16
5264 20
5266 24
5267 18
5265 70
5268 22
5269 18
5270 22
5271 42
5272 16
5273 22
5275 18
5276 24
5277 16
5274 70
5278 22
5279 32
5280 22
5281 36
5282 16
5283 40
5284 22
5285 22
5286 20
5287 18
5288 26
5289 16
5290 26
5291 36
5292 18
5293 32
5294 20
5295 34
5296 38
5297 38
5298 20
5299 24
5300 32
5301 40
5302 16
5303 18
5304 30
5305 36
5306 18
5307 22
5308 26
5309 34
5310 26
5311 46
5312 28
5313 18
5314 30
5315 28
5316 20
5317 16
5318 22
5319 20
5320 24
5321 26
5322 42
5323 24
5324 28
5325 22
5326 22
5327 16
5328 26
5329 24
5330 20
5331 60
5332 30
5333 22
5334 54
5335 42
5336 22
5337 16
5338 20
5339 20
5340 18
5341 34
5342 47
5343 30
5344 14
5345 24
5346 38
5347 20
5348 22
5349 16
5350 20
5351 16
5352 14
5353 14
5354 40
5355 22
5356 20
5357 12
5358 44
5359 18
5360 18
5361 22
5362 22
5363 22
5364 26
5365 38
5366 18
5367 16
5368 20
5369 20
5370 50
5371 26
5372 18
5373 16
5374 12
5375 20
5377 16
5378 12
5376 40
5379 24
5380 42
5381 26
5382 26
5383 28
5384 20
5385 26
5386 20
5387 24
5388 26
5389 20
5390 34
5391 40
5392 28
5393 22
5394 12
5395 20
5396 16
5397 18
5398 12
5399 18
5400 16
5401 22
5402 20
5403 16
5404 16
5405 20
5406 22
5407 20
5408 44
5409 16
5410 16
5411 54
5412 12
5413 14
5414 20
5415 14
5416 16
5417 24
5418 22
5419 22
5420 16
5421 20
5422 22
5423 18
5424 22
5425 32
5427 20
5428 18
5426 40
5429 32
5430 24
5431 26
5432 16
5433 16
5434 18
5435 18
5436 10
5437 12
5438 22
5439 34
5440 22
5441 18
5442 20
5443 18
5444 24
5445 20
5446 20
5447 20
5448 18
5449 20
5450 18
5451 20
5452 44
5453 22
5454 12
5455 12
5456 22
5457 20
5458 22
5459 22
5460 16
5461 72
5462 16
5463 20
5464 12
5465 22
5466 24
5467 20
5468 36
5469 16
5470 14
5471 16
5472 16
5473 32
5474 26
5475 22
5476 18
5477 20
5478 18
5479 26
5480 18
5481 22
5482 32
5483 20
5484 18
5485 16
5486 20
5487 16
5488 20
5489 18
5490 20
5491 12
5492 20
5493 14
5494 22
5495 32
5496 24
5497 12
5498 22
5499 18
5500 22
5501 20
5502 34
5503 50
5504 24
5505 20
5506 22
5507 18
5508 36
5509 20
5510 16
5511 20
5512 20
5513 20
5514 20
5515 20
5516 22
5517 22
5518 16
5519 24
5520 26
5521 16
5522 54
5523 14
5524 22
5525 24
5526 20
5527 18
5528 22
5529 22
5530 18
5531 16
5532 18
5533 18
5534 22
5535 16
5536 18
5537 20
5538 20
5539 14
5540 20
5541 14
5542 22
5543 14
5544 22
5545 18
5546 22
5547 22
5548 20
5549 20
5550 32
5551 22
5552 34
5553 18
5554 32
5555 20
5556 38
5557 20
5558 22
5559 18
5560 36
5561 16
5562 22
5563 16
5564 22
5565 22
5566 18
5567 22
5568 20
5569 14
5570 18
5571 14
5572 20
5573 18
5574 22
5575 26
5576 20
5577 16
5578 24
5579 18
5580 28
5581 16
5582 18
5583 38
5584 20
5585 18
5586 24
5587 16
5588 52
5589 24
5590 20
5591 20
5592 22
5593 18
5594 18
5595 24
5596 14
5597 20
5598 16
5599 24
5600 18
5601 16
5602 30
5603 16
5604 26
5605 18
5606 20
5607 24
5608 20
5609 32
5610 26
5611 22
5612 21
5613 16
5614 16
5615 12
5616 18
5617 24
5618 22
5619 32
5620 20
5621 18
5622 20
5623 14
5624 36
5625 20
5626 26
5627 18
5628 22
5629 16
5630 22
5631 20
5632 26
5633 24
5634 20
5635 26
5637 16
5636 40
5638 20
5639 34
5640 20
5641 14
5642 34
5643 24
5644 18
5645 16
5646 16
5647 16
5648 18
5649 24
5650 20
5651 16
5652 18
5653 16
5654 22
5655 22
5656 20
5657 24
5658 16
5659 22
5660 16
5661 18
5662 22
5663 22
5664 16
5665 12
5666 14
5667 18
5668 22
5669 22
5670 28
5671 16
5672 30
5673 20
5674 22
5675 18
5676 22
5677 16
5678 18
5679 22
5680 22
5681 22
5682 28
5683 22
5684 24
5685 20
5686 14
5687 18
5688 14
5689 18
5690 20
5691 24
5692 24
5693 18
5694 22
5695 22
5696 20
5697 22
5698 20
5699 18
5700 24
5701 12
5702 14
5703 22
5704 18
5705 30
5706 20
5707 46
5708 24
5709 18
5710 16
5711 20
5712 20
5713 18
5714 18
5715 20
5716 14
5717 30
5718 20
5719 20
5720 24
5721 16
5722 24
5723 22
5724 16
5725 22
5726 26
5727 28
5728 16
5729 18
5730 20
5731 22
5732 18
5733 22
5734 24
5735 24
5736 22
5737 22
5738 20
5739 18
5740 20
5741 22
5742 22
5743 16
5744 22
5745 26
5746 16
5747 20
5748 18
5749 20
5750 22
5751 22
5752 24
5753 20
5754 16
5755 18
5756 34
5757 22
5758 22
5759 18
5760 22
5761 18
5762 24
5763 18
5764 14
5765 18
5766 38
5767 24
5768 18
5769 26
5770 14
5771 20
5772 18
5773 22
5774 18
5775 16
5776 12
5777 16
5778 22
5779 14
5780 20
5781 14
5782 16
5783 24
5784 24
5785 18
5786 22
5787 12
5788 14
5789 16
5790 22
5791 20
5792 16
5793 18
5794 20
5795 18
5796 22
5797 36
5798 20
5799 12
5800 40
5801 20
5802 16
5803 22
5804 18
5805 20
5806 14
5807 18
5808 16
5809 18
5810 16
5811 18
5812 36
5813 24
5814 22
5815 20
5816 28
5817 22
5818 20
5819 22
5820 24
5821 24
5822 22
5823 14
5824 18
5825 24
5826 16
5827 14
5828 22
5829 28
5830 22
5831 20
5832 22
5833 22
5834 20
5835 20
5836 18
5837 26
5838 22
5839 16
5840 20
5841 18
5842 20
5843 20
5844 22
5845 22
5846 18
5847 22
5848 18
5849 18
5850 18
5851 14
5852 16
5853 26
5854 18
5855 20
5856 20
5857 28
5858 42
5859 16
5860 24
5861 16
5862 20
5863 16
5864 18
5865 16
5866 24
5867 18
5868 24
5869 24
5870 24
5871 24
5872 20
5873 18
5874 26
5875 20
5876 26
5877 28
5878 24
5879 18
5880 22
5881 16
5882 14
5883 24
5884 18
5885 18
5886 20
5887 20
5888 20
5889 20
5890 16
5891 20
5892 24
5893 20
5894 12
5895 16
5896 18
5897 20
5898 24
5899 20
5900 30
5901 18
5902 24
5903 30
5904 18
5905 14
5906 14
5907 20
5908 36
5909 14
5910 16
5911 18
5912 20
5913 24
5914 18
5915 20
5916 22
5918 16
5917 36
5919 24
5920 18
5921 22
5922 22
5923 18
5924 12
5925 12
5926 18
5927 22
5928 22
5929 30
5930 20
5931 18
5932 18
5933 20
5934 18
5935 22
5936 12
5937 14
5938 14
5939 26
5940 22
5941 18
5942 24
5943 14
5944 18
5945 14
5946 18
5947 14
5948 14
5949 16
5950 16
5951 20
5952 20
5953 18
5954 18
5955 20
5956 16
5957 18
5958 24
5959 16
5960 18
5961 16
5962 20
5963 38
5964 22
5965 18
5966 10
5967 16
5968 16
5969 16
5970 18
5971 18
5972 18
5973 18
5974 22
5975 12
5976 24
5977 18
5978 16
5979 16
5980 28
5981 16
5982 50
5983 14
5984 22
5985 16
5986 22
5987 16
5988 12
5989 22
5990 24
5991 20
5992 20
5993 38
5994 24
5995 18
5996 18
5997 22
5998 24
5999 14
6000 34
6001 14
6002 14
6003 18
6004 24
6005 24
6006 24
6007 26
6008 20
6009 20
6010 14
6011 16
6012 18
6013 24
6014 16
6015 24
6016 26
6017 22
6018 22
6019 20
6020 48
6021 16
6022 16
6023 22
6024 14
6025 20
6026 26
6027 22
6028 16
6029 18
6030 18
6031 18
6032 22
6033 14
6034 20
6035 22
6036 18
6037 24
6038 14
6039 16
6040 18
6041 18
6042 16
6043 16
6044 30
6045 16
6046 28
6047 22
6048 26
6049 24
6050 14
6051 24
6052 24
6053 20
6054 42
6055 32
6056 28
6057 20
6058 22
6059 22
6060 24
6061 24
6062 22
6063 18
6064 20
6065 22
6066 36
6067 16
6068 22
6069 16
6070 20
6071 14
6072 16
6073 20
6074 20
6075 20
6076 24
6077 16
6078 16
6079 14
6080 22
6081 20
6082 14
6083 34
6084 22
6085 20
6086 30
6087 20
6088 14
6089 8
6090 16
6091 20
6092 14
6093 22
6094 14
6095 32
6096 22
6097 16
6098 16
6099 16
6100 32
6101 12
6102 22
6103 18
6104 22
6105 14
6106 18
6107 18
6108 16
6109 20
6110 14
6111 24
6112 18
6113 40
6114 24
6115 20
6116 14
6117 18
6118 18
6119 16
6120 20
6121 18
6122 18
6123 20
6124 24
6125 30
6126 38
6127 16
6128 20
6129 18
6130 16
6131 16
6132 24
6133 20
6134 28
6135 24
6136 16
6137 18
6138 18
6139 14
6140 14
6141 18
6142 14
6143 22
6144 18
6145 14
6146 22
6147 18
6148 34
6149 22
6150 18
6151 32
6152 14
6153 18
6154 20
6155 22
6156 18
6157 10
6158 20
6159 44
6160 20
6161 48
6162 24
6163 20
6164 20
6165 14
6166 12
6167 20
6168 20
6169 22
6170 22
6171 20
6172 16
6173 20
6174 20
6175 20
6176 20
6177 12
6178 18
6179 22
6180 20
6181 16
6182 18
6183 18
6184 10
6185 22
6186 10
6187 24
6188 26
6189 24
6190 22
6191 14
6192 22
6193 18
6194 24
6195 20
6196 16
6197 14
6198 18
6199 18
6200 20
6201 12
6202 16
6203 14
6204 20
6205 16
6206 16
6207 16
6208 18
6209 16
6210 18
6211 16
6212 28
6213 24
6214 18
6215 30
6216 12
6217 24
6218 12
6219 16
6220 24
6221 22
6222 22
6223 14
6224 22
6225 16
6226 18
6227 14
6228 20
6229 16
6230 20
6231 18
6232 16
6233 18
6234 24
6235 18
6236 18
6237 18
6238 22
6239 16
6240 20
6241 22
6242 18
6243 18
6244 32
6245 18
6246 20
6247 18
6248 16
6249 20
6250 20
6251 12
6252 24
6253 20
6254 12
6255 18
6256 22
6257 18
6258 26
6259 24
6260 20
6261 20
6262 10
6263 10
6264 26
6265 22
6266 12
6267 16
6268 16
6269 16
6270 20
6271 24
6272 22
6273 18
6274 20
6275 26
6276 20
6277 16
6278 24
6279 24
6280 18
6281 18
6282 26
6283 20
6284 24
6285 26
6286 28
6287 24
6288 20
6289 22
6290 20
6291 14
6292 26
6293 20
6294 16
6295 16
6296 26
6297 20
6298 22
6299 22
6300 14
6301 20
6302 20
6303 30
6304 22
6305 14
6306 20
6307 8
6308 20
6309 30
6310 20
6311 16
6312 24
6313 18
6314 24
6315 18
6316 22
6317 18
6318 18
6319 18
6320 22
6321 16
6322 18
6323 20
6324 24
6325 22
6326 20
6327 10
6328 18
6329 20
6330 26
6331 18
6332 26
6333 22
6334 24
6335 20
6336 16
6337 22
6338 14
6339 18
6340 20
6341 18
6342 22
6343 20
6344 18
6345 14
6346 18
6347 24
6348 20
6349 20
6350 22
6351 24
6352 20
6353 22
6354 16
6355 22
6356 16
6357 42
6358 24
6359 20
6360 24
6361 18
6362 18
6363 12
6364 18
6365 20
6366 18
6367 40
6368 28
6369 20
6370 22
6371 26
6372 18
6373 32
6374 18
6375 26
6376 9
6377 22
6378 28
6379 18
6380 24
6381 24
6382 16
6383 20
6384 22
6385 24
6386 24
6387 20
6388 22
6389 20
6390 20
6391 18
6392 18
6393 22
6394 24
6395 20
6396 20
6397 22
6398 16
6399 32
6400 24
6401 14
6402 26
6403 16
6404 20
6405 16
6406 36
6407 20
6408 30
6409 24
6410 16
6411 18
6412 20
6413 18
6414 18
6415 18
6416 20
6417 20
6418 16
6419 42
6420 14
6421 26
6422 16
6423 20
6424 18
6425 20
6426 20
6427 22
6428 24
6429 24
6430 18
6431 22
6432 16
6433 20
6434 16
6435 12
6436 14
6437 22
6438 22
6439 26
6440 24
6441 22
6442 20
6443 26
6444 18
6445 12
6446 18
6447 20
6448 18
6449 18
6450 14
6451 20
6452 20
6453 22
6454 16
6455 18
6456 16
6457 26
6458 22
6459 20
6460 20
6461 14
6462 24
6463 20
6464 22
6465 22
6466 16
6467 22
6468 14
6469 18
6470 24
6471 18
6472 20
6473 36
6474 20
6476 14
6477 24
6475 52
6478 20
6479 20
6480 28
6481 20
6482 18
6483 22
6484 18
6485 20
6486 20
6487 32
6488 24
6489 18
6490 22
6491 22
6492 20
6493 20
6494 26
6495 24
6496 14
6497 22
6498 20
6499 18
6500 10
6501 16
6502 26
6503 22
6504 14
6505 16
6506 18
6507 14
6508 20
6509 12
6510 22
6511 26
6512 34
6513 20
6514 26
6515 24
6516 22
6517 20
6518 24
6519 22
6520 16
6521 20
6522 20
6523 16
6524 38
6525 30
6526 16
6527 24
6528 24
6529 22
6530 22
6531 22
6532 20
6533 22
6534 36
6535 20
6536 16
6537 22
6538 16
6539 22
6540 34
6541 30
6542 18
6543 32
6544 16
6545 22
6546 22
6547 18
6548 20
6549 24
6550 16
6551 26
6552 34
6553 16
6554 16
6555 18
6556 16
6557 22
6558 20
6559 18
6560 18
6561 14
6562 20
6563 28
6564 20
6565 38
6566 22
6567 64
6568 52
6569 22
6570 22
6571 18
6572 16
6573 58
6574 24
6575 22
6576 30
6577 26
6578 18
6579 24
6580 18
6581 20
6582 50
6583 24
6584 18
6585 22
6586 20
6587 22
6588 38
6589 28
6590 22
6591 20
6592 18
6593 22
6594 22
6595 36
6596 22
6597 20
6598 20
6599 26
6600 18
6601 20
6602 20
6603 32
6604 16
6605 38
6606 24
6607 26
6608 32
6609 16
6610 74
6611 14
6612 14
6613 16
6614 20
6615 24
6616 14
6617 26
6618 16
6619 18
6620 18
6621 24
6622 20
6623 20
6624 16
6625 24
6626 24
6628 16
6627 40
6629 16
6630 56
6631 14
6632 28
6633 20
6634 14
6635 18
6636 20
6637 18
6638 22
6639 24
6640 16
6641 16
6642 16
6643 22
6644 22
6645 28
6646 18
6647 22
6648 20
6649 28
6650 20
6651 26
6652 28
6653 36
6654 16
6655 22
6656 50
6657 68
6658 28
6659 16
6660 18
6661 20
6662 36
6663 14
6664 26
6665 18
6666 16
6667 20
6668 52
6669 20
6670 22
6671 22
6672 20
6673 22
6674 20
6675 16
6676 14
6677 18
6678 46
6679 20
6680 26
6681 24
6682 32
6683 46
6684 22
6685 32
6686 18
6687 54
6688 50
6689 22
6690 20
6691 20
6692 32
6693 36
6694 22
6695 14
6696 36
6697 40
6698 20
6699 16
6700 24
6701 28
6702 32
6703 18
6704 20
6705 16
6706 38
6707 18
6708 22
6709 18
6710 18
6711 24
6712 16
6713 20
6714 20
6715 16
6717 20
6716 42
6718 42
6719 12
6720 26
6721 28
6722 16
6723 14
6724 22
6725 12
6726 34
6727 22
6728 20
6729 10
6730 28
6731 22
6732 22
6733 12
6734 34
6735 14
6736 36
6737 18
6738 28
6739 20
6740 28
6741 14
6742 26
6743 18
6744 22
6745 36
6746 22
6747 24
6748 36
6749 14
6750 20
6751 20
6752 14
6753 18
6754 32
6755 36
6756 18
6757 60
6758 34
6759 22
6760 18
6761 18
6762 20
6763 30
6764 14
6765 20
6766 32
6767 22
6768 32
6769 20
6770 24
6771 36
6772 20
6773 38
6774 40
6775 10
6777 24
6776 54
6778 36
6779 28
6780 20
6781 30
6782 42
6783 42
6784 16
6785 38
6787 28
6786 44
6788 44
6789 22
6790 50
6791 28
6792 24
6793 22
6794 46
6795 24
6796 20
6797 16
6798 26
6799 16
6800 20
6801 36
6802 20
6803 66
6804 20
6805 16
6806 14
6807 32
6808 26
6809 24
6810 18
6811 14
6812 18
6813 22
6814 24
6815 24
6816 34
6817 12
6818 22
6819 26
6820 30
6821 18
6822 28
6823 16
6824 16
6825 18
6826 22
6827 28
6828 30
6829 22
6830 50
6831 22
6832 22
6833 28
6834 16
6835 20
6836 20
6837 18
6838 16
6839 20
6840 24
6841 22
6842 14
6843 12
6844 12
6845 20
6846 16
6847 22
6848 20
6849 20
6850 18
6851 22
6852 18
6853 22
6854 26
6855 18
6857 18
6856 44
6858 26
6859 16
6860 16
6861 40
6862 22
6863 18
6864 12
6865 26
6866 26
6867 20
6868 18
6869 18
6870 22
6871 24
6872 20
6873 18
6874 26
6875 22
6876 22
6877 28
6878 28
6879 20
6880 20
6881 26
6882 24
6883 28
6884 30
6885 44
6886 22
6887 18
6888 14
6889 28
6890 20
6891 28
6892 22
6893 20
6894 24
6895 24
6896 20
6897 22
6898 22
6899 26
6900 22
6901 28
6902 32
6903 22
6904 28
6905 22
6906 18
6907 20
6908 20
6909 22
6910 18
6911 24
6912 22
6913 22
6914 22
6915 30
6916 12
6917 22
6918 40
6919 22
6920 18
6921 16
6922 20
6923 26
6924 20
6925 30
6926 18
6927 24
6928 28
6929 26
6930 28
6931 16
6932 20
6933 26
6934 22
6935 30
6936 16
6937 18
6938 20
6939 20
6940 24
6941 24
6942 24
6943 20
6944 18
6945 24
6946 24
6947 20
6948 14
6949 22
6950 24
6951 32
6952 16
6953 20
6954 20
6955 14
6956 22
6957 16
6958 14
6959 18
6960 22
6961 34
6962 30
6963 28
6964 20
6965 24
6966 22
6967 14
6968 36
6969 16
6970 26
6971 24
6972 18
6973 22
6974 22
6975 22
6976 20
6977 22
6978 24
6979 18
6980 12
6981 32
6982 22
6983 24
6984 22
6985 16
6986 16
6987 18
6988 26
6989 20
6990 44
6991 26
6992 20
6993 18
6994 16
6995 16
6996 14
6997 30
6998 24
6999 32
7000 12
7001 20
7002 16
7003 20
7004 20
7005 24
7006 16
7007 16
7008 24
7009 20
7010 34
7011 26
7012 18
7013 20
7014 28
7015 16
7016 24
7017 16
7018 22
7019 14
7020 28
7021 14
7022 18
7023 24
7024 24
7025 20
7026 30
7027 20
7028 34
7029 20
7030 24
7031 18
7032 28
7033 38
7034 20
7035 14
7036 20
7037 20
7038 14
7039 24
7040 14
7041 24
7042 28
7043 34
7044 14
7045 16
7046 14
7047 20
7048 18
7049 22
7050 14
7051 18
7052 20
7053 32
7054 20
7055 32
7056 26
7057 22
7058 14
7059 16
7060 38
7061 16
7062 18
7063 20
7064 16
7065 12
7066 20
7067 20
7068 20
7069 22
7070 22
7071 24
7072 22
7073 18
7074 16
7075 28
7076 22
7077 20
7078 22
7079 30
7080 26
7081 24
7082 18
7083 14
7084 16
7085 30
7086 14
7087 18
7088 16
7089 18
7090 20
7091 18
7092 20
7093 22
7094 14
7095 22
7096 16
7097 26
7098 16
7099 26
7100 20
7101 14
7102 22
7103 24
7104 20
7105 18
7106 12
7107 26
7108 22
7109 22
7110 18
7111 16
7112 22
7113 18
7114 22
7115 26
7116 20
7117 20
7118 24
7119 26
7120 14
7121 24
7122 26
7123 18
7124 16
7125 14
7126 18
7127 14
7128 18
7129 16
7130 14
7131 22
7132 32
7133 20
7134 18
7135 22
7136 26
7137 32
7138 36
7139 28
7140 16
7141 26
7142 14
7143 22
7144 14
7145 16
7146 18
7147 18
7148 22
7149 24
7150 20
7151 22
7152 20
7153 36
7154 24
7155 20
7156 16
7157 18
7158 18
7159 16
7160 20
7161 20
7162 16
7163 18
7164 20
7165 28
7166 20
7167 20
7168 18
7169 22
7170 22
7171 20
7172 22
7173 34
7174 26
7175 34
7176 20
7177 14
7178 18
7179 22
7180 28
7181 22
7182 20
7183 20
7184 12
7185 20
7186 16
7187 16
7188 20
7189 16
7190 26
7191 16
7192 20
7193 20
7194 26
7195 24
7196 20
7197 16
7198 20
7199 12
7200 42
7201 26
7202 16
7203 26
7204 24
7205 22
7206 18
7207 20
7208 14
7209 26
7210 32
7211 24
7212 38
7213 24
7214 24
7215 16
7216 22
7217 22
7218 30
7219 24
7220 18
7221 26
7222 18
7223 12
7224 18
7225 34
7226 16
7227 16
7228 16
7229 34
7230 22
7231 22
7232 22
7233 28
7234 16
7235 14
7236 18
7237 22
7238 16
7239 14
7240 18
7241 18
7242 22
7243 22
7244 26
7245 12
7246 12
7247 20
7248 26
7249 12
7250 18
7251 28
7252 20
7253 20
7254 18
7255 20
7256 14
7257 20
7258 24
7259 20
7260 16
7261 14
7262 22
7263 14
7264 22
7265 20
7266 10
7267 20
7268 26
7269 20
7270 24
7271 24
7272 24
7273 22
7274 22
7275 16
7276 26
7278 16
7277 40
7279 24
7280 20
7281 16
7282 22
7283 20
7284 38
7285 20
7286 30
7287 26
7288 38
7289 20
7290 20
7291 16
7292 16
7293 20
7294 22
7295 18
7296 22
7297 24
7298 12
7299 30
7300 24
7301 18
7302 10
7303 20
7304 22
7305 14
7306 22
7307 20
7308 38
7309 26
7310 26
7311 20
7312 20
7313 18
7314 26
7315 24
7316 20
7317 24
7318 16
7319 28
7320 18
7321 20
7322 12
7323 20
7324 18
7325 20
7326 18
7327 16
7328 20
7329 26
7330 26
7331 18
7332 14
7333 12
7334 20
7335 24
7336 16
7337 16
7338 18
7339 16
7340 26
7341 22
7342 16
7343 16
7344 24
7345 22
7346 18
7347 20
7348 18
7349 16
7350 36
7351 18
7352 18
7353 18
7354 20
7355 16
7356 20
7357 26
7358 30
7359 24
7360 18
7361 20
7362 16
7363 20
7364 20
7365 18
7366 20
7367 16
7368 14
7369 20
7370 18
7371 20
7372 16
7373 22
7374 22
7375 14
7376 24
7377 26
7378 22
7379 34
7380 20
7381 36
7382 20
7383 20
7384 34
7385 38
7386 24
7387 14
7388 20
7389 14
7390 30
7391 16
7392 14
7393 28
7394 14
7395 14
7397 20
7398 18
7396 42
7399 24
7400 22
7401 20
7402 20
7403 18
7404 16
7405 48
7406 18
7407 12
7408 20
7409 14
7410 18
7411 22
7412 20
7413 16
7414 22
7415 22
7416 20
7417 24
7418 36
7419 18
7420 22
7421 22
7422 20
7423 18
7424 22
7425 16
7426 24
7427 16
7428 28
7429 26
7430 32
7431 30
7432 20
7433 20
7434 24
7435 18
7437 20
7438 18
7436 42
7439 22
7440 22
7441 26
7442 24
7443 38
7444 30
7445 18
7446 16
7447 28
7448 24
7449 26
7450 14
7451 16
7452 24
7453 18
7454 14
7455 22
7456 20
7457 22
7458 20
7459 26
7460 22
7461 36
7462 16
7463 24
7464 24
7465 22
7466 20
7467 16
7468 22
7469 14
7470 20
7471 16
7472 18
7473 14
7474 26
7475 18
7476 24
7478 16
7477 40
7479 34
7480 16
7481 10
7482 16
7483 24
7484 18
7485 14
7486 30
7487 20
7488 58
7489 40
7490 22
7491 16
7492 30
7493 20
7494 28
7495 40
7496 22
7497 30
7498 22
7499 20
7500 20
7501 16
7502 20
7503 22
7504 16
7505 34
7506 24
7507 18
7508 18
7509 14
7510 14
7511 18
7512 20
7513 26
7514 22
7515 16
7516 22
7517 18
7518 24
7519 18
7520 20
7521 18
7522 24
7523 20
7524 24
7525 18
7526 24
7527 18
7528 22
7529 20
7530 20
7531 20
7532 18
7533 22
7534 20
7535 14
7536 20
7537 22
7538 18
7539 20
7540 26
7541 16
7542 14
7543 16
7544 16
7545 20
7546 20
7547 26
7548 16
7549 14
7550 14
7551 16
7552 32
7553 14
7554 18
7555 14
7556 16
7557 24
7558 20
7559 18
7560 14
7561 18
7562 18
7563 14
7564 18
7565 28
7566 20
7568 14
7567 32
7569 42
7570 26
7571 24
7572 22
7573 18
7574 16
7575 24
7576 24
7577 18
7578 20
7579 22
7580 24
7581 28
7582 18
7583 34
7584 22
7585 18
7586 22
7588 18
7587 38
7589 30
7590 18
7591 22
7592 16
7593 28
7594 30
7595 26
7596 22
7597 46
7598 26
7599 24
7600 26
7601 26
7602 22
7603 22
7604 22
7605 20
7606 24
7607 22
7608 12
7609 18
7610 30
7611 20
7612 14
7613 16
7614 20
7615 26
7616 18
7617 20
7618 24
7619 16
7620 16
7621 14
7622 14
7623 18
7624 20
7625 14
7626 30
7627 14
7628 18
7629 22
7630 18
7631 20
7632 22
7633 18
7634 16
7635 30
7637 22
7638 16
7636 42
7639 16
7640 14
7641 18
7642 14
7643 14
7644 24
7645 16
7646 24
7647 22
7648 24
7649 22
7650 24
7651 22
7652 24
7653 20
7654 44
7655 32
7656 22
7657 26
7658 18
7659 24
7660 24
7661 34
7662 20
7663 14
7664 26
7665 22
7666 14
7667 20
7668 16
7669 24
7670 20
7671 14
7672 16
7673 20
7674 22
7675 22
7676 20
7677 22
7678 20
7679 20
7680 20
7681 26
7682 28
7683 22
7684 14
7685 18
7686 16
7687 22
7688 22
7689 16
7690 22
7691 38
7692 22
7693 36
7694 16
7695 38
7696 32
7697 20
7698 22
7699 20
7700 18
7701 38
7702 22
7703 12
7704 20
7705 22
7706 26
7707 16
7708 20
7709 20
7710 20
7711 16
7712 38
7713 16
7714 26
7715 18
7716 22
7717 20
7718 30
7719 16
7720 22
7721 22
7722 18
7723 24
7724 24
7725 14
7726 24
7727 16
7728 20
7729 16
7730 18
7731 34
7732 34
7733 18
7734 18
7735 20
7736 24
7737 14
7738 16
7739 20
7740 20
7741 26
7742 14
7743 10
7744 22
7745 12
7746 22
7747 24
7748 16
7749 24
7750 28
7751 24
7752 14
7753 28
7754 24
7755 10
7756 22
7757 20
7758 20
7759 18
7760 20
7761 20
7762 8
7763 18
7764 12
7765 18
7766 14
7767 24
7768 22
7769 32
7770 26
7771 18
7772 24
7773 16
7774 22
7775 24
7776 18
7777 18
7778 18
7779 26
7780 30
7781 22
7782 16
7783 18
7784 20
7785 18
7786 18
7787 32
7788 26
7789 14
7790 16
7791 62
7792 22
7793 36
7794 38
7795 30
7796 20
7797 22
7798 18
7799 22
7800 26
7801 24
7802 22
7803 16
7804 18
7805 46
7806 26
7807 28
7808 18
7809 20
7810 30
7811 20
7812 12
7813 10
7814 26
7815 18
7816 14
7817 20
7818 14
7819 22
7820 20
7821 22
7822 22
7823 16
7824 24
7825 18
7826 20
7827 16
7828 24
7829 20
7830 22
7831 20
7832 24
7833 20
7834 22
7835 24
7836 22
7837 20
7838 14
7839 20
7840 20
7841 18
7842 26
7843 24
7844 24
7845 24
7846 42
7847 42
7848 20
7849 14
7850 16
7851 28
7852 46
7853 20
7854 18
7855 18
7856 20
7857 20
7858 22
7859 18
7860 28
7861 18
7862 16
7863 38
7864 24
7865 28
7866 22
7867 18
7868 22
7869 16
7870 18
7871 14
7872 28
7873 22
7874 16
7875 14
7876 14
7877 18
7878 20
7879 18
7880 22
7881 18
7882 28
7883 18
7884 18
7885 14
7887 12
7886 40
7888 24
7889 30
7890 18
7891 20
7892 22
7893 24
7894 26
7895 20
7896 18
7897 18
7898 18
7899 14
7900 16
7901 20
7902 22
7903 20
7904 22
7905 16
7906 18
7908 18
7907 44
7909 20
7910 18
7911 18
7912 14
7913 18
7914 20
7915 22
7916 18
7917 22
7918 20
7919 16
7920 16
7921 14
7922 18
7923 8
7924 20
7925 18
7926 22
7927 44
7928 42
7929 30
7930 34
7931 18
7932 20
7933 20
7934 16
7935 14
7936 18
7937 16
7938 8
7939 16
7940 26
7941 20
7942 14
7943 14
7944 18
7945 16
7946 14
7947 20
7948 24
7949 16
7950 22
7951 16
7952 26
7953 22
7954 18
7955 16
7956 22
7957 22
7958 26
7959 34
7960 22
7961 24
7962 12
7963 20
7964 22
7965 16
7966 20
7967 22
7968 24
7969 22
7970 14
7971 16
7972 14
7973 22
7974 22
7975 34
7976 20
7977 18
7978 24
7979 14
7980 20
7981 18
7982 34
7983 22
7984 32
7985 18
7986 24
7987 20
7988 18
7989 26
7990 34
7991 26
7992 16
7993 20
7994 18
7995 24
7996 18
7997 16
7998 10
7999 28
8000 16
8001 24
8002 20
8003 26
8004 20
8005 38
8006 24
8007 20
8008 20
8009 16
8010 52
8011 36
8012 14
8013 24
8014 22
8016 20
8017 24
8015 74
8018 30
8019 16
8020 14
8021 22
8022 28
8023 20
8024 12
8025 16
8026 22
8027 16
8028 20
8029 40
8030 18
8031 18
8032 30
8033 22
8034 20
8035 20
8036 22
8037 20
8038 22
8039 28
8040 26
8041 32
8042 26
8043 16
8044 20
8045 36
8046 26
8047 20
8048 24
8049 20
8050 20
8051 30
8052 20
8053 24
8054 22
8055 20
8056 16
8057 20
8058 14
8059 22
8060 22
8061 18
8062 14
8063 18
8064 12
8065 22
8066 24
8067 20
8068 22
8069 24
8070 16
8071 18
8072 20
8073 14
8074 14
8075 18
8076 18
8077 22
8078 20
8079 18
8080 20
8081 20
8082 18
8083 20
8084 16
8085 24
8086 24
8087 36
8088 24
8089 24
8090 18
8091 18
8092 18
8093 20
8094 18
8095 40
8096 26
8097 24
8098 20
8099 22
8100 20
8101 20
8102 16
8103 12
8104 18
8105 18
8106 30
8107 24
8108 18
8109 16
8110 22
8111 24
8112 22
8113 22
8114 22
8115 18
8116 34
8117 18
8118 20
8119 26
8120 20
8121 18
8122 22
8123 20
8124 12
8125 22
8126 12
8127 32
8128 30
8129 18
8130 20
8131 14
8132 48
8133 16
8134 16
8135 22
8136 26
8137 22
8138 18
8139 16
8140 14
8141 22
8142 22
8143 28
8144 20
8145 14
8146 22
8147 16
8148 20
8149 14
8150 36
8151 24
8152 16
8153 22
8154 18
8155 30
8156 24
8157 14
8158 22
8159 20
8160 22
8161 32
8162 22
8163 18
8164 38
8165 24
8166 26
8167 20
8168 24
8169 24
8170 48
8171 12
8172 42
8173 38
8174 24
8175 20
8176 22
8177 20
8178 20
8179 16
8180 18
8181 34
8182 18
8183 26
8184 20
8185 16
8186 22
8187 18
8188 20
8189 22
8190 22
8191 30
8192 20
8193 10
8194 16
8195 20
8196 36
8197 20
8198 16
8199 22
8200 16
8201 20
8202 54
8203 20
8204 16
8205 26
8206 22
8208 18
8207 40
8209 54
8210 16
8211 18
8212 32
8213 18
8214 34
8215 18
8216 18
8217 32
8218 22
8219 12
8220 26
8221 20
8222 22
8223 28
8224 22
8225 24
8226 20
8228 16
8227 36
8229 28
8230 16
8231 12
8232 24
8233 28
8234 18
8235 18
8236 32
8237 18
8238 32
8239 20
8240 26
8241 66
8242 24
8243 11
8244 22
8246 18
8247 20
8245 68
8248 44
8249 16
8250 24
8251 24
8252 22
8253 20
8254 22
8255 14
8256 26
8257 24
8258 20
8259 20
8260 18
8261 24
8262 38
8263 38
8264 20
8265 34
8266 18
8267 42
8268 24
8269 24
8270 20
8271 24
8272 30
8273 20
8274 22
8275 38
8276 16
8277 18
8278 42
8279 18
8280 20
8281 32
8282 24
8283 18
8285 22
8286 28
8284 70
8287 46
8288 28
8289 56
8290 26
8291 16
8292 22
8293 28
8294 24
8295 28
8296 22
8297 34
8298 20
8299 18
8300 26
8301 16
8302 22
8303 28
8304 20
8305 28
8307 20
8306 44
8308 36
8309 20
8310 24
8311 32
8312 24
8313 36
8314 26
8315 48
8316 30
8317 14
8318 40
8319 16
8320 20
8321 18
8322 28
8323 16
8324 18
8325 14
8326 34
8327 32
8328 20
8329 20
8330 16
8331 22
8332 22
8333 24
8334 26
8335 26
8336 22
8337 36
8338 24
8339 24
8340 22
8341 20
8342 14
8343 14
8344 18
8345 42
8346 32
8347 20
8348 62
8349 12
8350 28
8351 18
8352 22
8353 40
8354 22
8355 24
8356 22
8357 66
8358 26
8359 22
8360 20
8361 16
8362 42
8363 24
8364 23
8365 16
8366 18
8367 16
8368 18
8369 34
8370 18
8371 22
8372 36
8373 24
8374 22
8375 30
8376 20
8377 34
8378 20
8379 18
8380 20
8381 18
8382 22
8383 18
8384 14
8385 34
8386 26
8387 20
8388 24
8389 18
8390 20
8391 22
8392 36
8393 26
8394 18
8395 16
8396 28
8397 22
8398 38
8399 14
8400 18
8401 20
8402 16
8403 24
8404 34
8405 18
8406 16
8407 28
8408 20
8409 16
8410 36
8411 30
8412 22
8413 24
8414 20
8415 20
8416 38
8417 28
8418 30
8419 18
8420 18
8421 18
8422 26
8423 16
8424 24
8425 22
8426 26
8427 20
8428 16
8429 18
8430 16
8431 16
8432 16
8433 22
8434 28
8435 26
8436 12
8437 30
8438 38
8439 18
8440 22
8441 24
8442 20
8443 52
8444 18
8445 22
8446 22
8447 20
8448 20
8449 20
8450 22
8451 34
8452 20
8453 20
8454 20
8455 26
8456 36
8457 18
8458 16
8459 32
8460 20
8461 18
8462 18
8463 20
8464 30
8465 40
8466 22
8467 26
8468 18
8469 28
8470 20
8471 54
8472 18
8473 22
8474 22
8475 32
8476 22
8477 22
8478 22
8479 26
8480 32
8481 18
8482 22
8483 22
8484 16
8485 18
8486 22
8487 26
8488 20
8489 34
8490 20
8491 16
8492 16
8493 20
8494 24
8495 18
8496 30
8497 26
8498 24
8499 22
8500 22
8501 18
8502 16
8503 22
8504 22
8506 14
8507 20
8505 50
8508 20
8509 14
8510 26
8511 26
8512 20
8513 22
8514 20
8515 20
8516 22
8517 20
8518 14
8519 22
8520 20
8521 22
8522 18
8523 18
8524 22
8525 26
8526 24
8527 16
8528 20
8529 14
8530 20
8531 14
8532 16
8533 22
8534 24
8535 16
8536 16
8537 18
8538 18
8539 16
8540 38
8541 26
8542 24
8543 30
8544 24
8545 36
8546 18
8547 18
8548 22
8549 26
8550 16
8551 28
8552 20
8553 14
8554 22
8555 32
8556 18
8557 16
8558 18
8559 34
8560 48
8561 22
8562 20
8563 30
8564 16
8565 30
8567 18
8568 18
8569 18
8570 26
8571 30
8572 22
8573 34
8574 20
8575 26
8576 18
8577 18
8578 16
8566 148
8579 20
8580 22
8581 16
8582 22
8583 24
8584 16
8585 34
8586 28
8587 28
8588 20
8589 20
8590 22
8591 18
8592 18
8593 24
8594 22
8595 24
8596 20
8597 16
8598 20
8599 55
8600 20
8601 18
8602 22
8603 16
8604 18
8605 16
8606 20
8607 18
8608 18
8609 22
8610 20
8611 18
8612 16
8613 26
8614 26
8615 22
8616 20
8618 16
8617 38
8619 22
8620 22
8621 20
8622 24
8623 18
8624 18
8625 18
8626 26
8627 16
8628 14
8629 18
8630 22
8631 22
8632 16
8633 20
8634 36
8635 20
8636 22
8637 20
8638 22
8639 26
8640 18
8641 20
8642 16
8643 30
8644 24
8645 24
8646 26
8647 14
8648 18
8649 28
8650 20
8651 14
8652 26
8653 20
8654 22
8655 22
8656 26
8657 14
8658 24
8659 32
8660 46
8661 30
8662 36
8663 16
8664 38
8665 18
8666 22
8667 22
8668 16
8669 16
8670 30
8671 18
8672 20
8673 40
8675 18
8676 22
8677 18
8674 114
8678 20
8679 18
8680 14
8681 16
8682 24
8683 22
8684 22
8685 26
8686 22
8688 18
8687 42
8689 22
8690 26
8691 24
8692 26
8693 16
8694 30
8695 24
8696 26
8697 22
8698 16
8699 26
8700 40
8701 50
8702 20
8703 22
8704 22
8705 28
8706 18
8707 22
8708 16
8709 28
8710 14
8711 42
8712 14
8713 26
8714 14
8715 14
8716 20
8717 28
8718 18
8719 20
8720 22
8721 24
8722 22
8723 20
8724 18
8725 20
8726 24
8728 14
8727 40
8729 18
8730 22
8731 20
8732 18
8733 22
8734 16
8735 14
8736 18
8737 16
8738 20
8739 18
8740 22
8741 16
8742 24
8743 20
8744 14
8745 22
8746 18
8747 22
8748 18
8749 34
8750 22
8751 20
8752 12
8753 30
8754 14
8755 18
8756 18
8757 26
8758 24
8759 18
8760 24
8761 16
8762 20
8763 12
8764 32
8766 16
8767 20
8768 18
8765 64
8769 16
8770 20
8771 22
8772 22
8773 24
8774 18
8775 24
8776 18
8777 18
8778 20
8779 20
8780 16
8781 18
8782 18
8783 20
8784 28
8785 20
8786 18
8787 18
8788 22
8789 18
8790 22
8791 30
8792 20
8793 20
8794 40
8795 30
8796 14
8797 18
8798 12
8799 20
8800 20
8801 16
8802 24
8803 16
8804 20
8805 22
8806 20
8807 18
8808 22
8809 20
8810 20
8811 22
8812 22
8813 20
8814 22
8815 20
8816 12
8817 14
8818 30
8819 18
8820 22
8821 48
8822 34
8823 22
8824 22
8825 22
8826 26
8827 20
8828 20
8829 24
8830 16
8831 18
8832 26
8833 24
8834 22
8835 18
8836 24
8837 20
8838 36
8839 22
8840 14
8841 20
8842 22
8843 22
8844 24
8845 22
8846 24
8847 14
8848 12
8849 18
8850 16
8851 20
8852 28
8853 16
8854 16
8855 24
8856 18
8857 14
8858 20
8859 22
8860 24
8861 20
8862 26
8863 18
8864 20
8865 16
8866 20
8867 26
8868 18
8869 16
8870 20
8871 28
8872 18
8873 22
8874 20
8875 28
8876 24
8877 22
8878 20
8879 16
8880 24
8881 16
8882 24
8883 34
8884 22
8885 20
8886 20
8887 18
8888 18
8889 34
8890 20
8891 30
8892 26
8893 22
8894 16
8895 26
8896 26
8897 32
8898 30
8899 18
8900 16
8901 18
8902 18
8903 18
8904 20
8905 22
8906 18
8907 18
8908 18
8909 16
8910 24
8911 18
8912 18
8913 22
8914 24
8915 20
8916 22
8917 22
8918 38
8919 14
8920 20
8921 36
8922 18
8923 30
8924 18
8925 16
8926 22
8927 30
8928 22
8929 24
8930 24
8931 24
8932 20
8933 38
8934 22
8935 18
8936 10
8937 20
8938 14
8939 14
8940 16
8941 20
8942 24
8943 20
8944 26
8945 28
8946 20
8947 28
8948 28
8949 26
8950 16
8951 20
8952 22
8953 22
8954 18
8955 26
8956 20
8957 20
8958 20
8959 16
8960 68
8961 20
8962 14
8963 18
8964 18
8965 16
8966 20
8967 28
8968 20
8969 22
8970 20
8971 24
8972 20
8973 18
8974 16
8975 26
8976 20
8977 26
8978 16
8979 18
8980 22
8981 20
8982 22
8983 22
8984 28
8985 26
8986 20
8987 18
8988 18
8989 20
8990 20
8991 44
8992 14
8993 20
8994 12
8995 16
8996 26
8997 20
8998 30
8999 20
9000 22
9001 34
9002 20
9003 12
9004 16
9005 18
9007 20
9006 52
9008 24
9009 18
9010 16
9011 24
9012 14
9013 22
9014 22
9015 36
9016 20
9017 24
9018 22
9019 22
9020 30
9021 22
9022 26
9023 24
9024 16
9025 16
9027 18
9026 48
9028 24
9029 16
9030 20
9031 16
9032 6
9033 16
9034 22
9035 20
9036 22
9037 16
9038 24
9039 20
9040 16
9041 30
9042 18
9043 22
9044 16
9045 26
9046 20
9047 22
9048 20
9049 20
9050 20
9051 36
9052 22
9053 22
9054 24
9055 24
9056 18
9057 20
9058 16
9059 16
9060 22
9061 22
9062 26
9063 20
9064 22
9065 32
9066 22
9067 16
9068 32
9069 14
9070 22
9071 22
9072 20
9073 24
9074 16
9075 22
9076 18
9078 18
9077 34
9079 22
9080 14
9081 26
9082 18
9083 30
9084 16
9085 20
9086 14
9087 24
9088 14
9089 18
9090 16
9091 44
9092 26
9093 34
9094 24
9095 26
9096 34
9097 24
9098 22
9099 22
9100 18
9101 14
9102 24
9103 16
9104 22
9105 18
9106 22
9107 14
9108 18
9109 20
9110 18
9111 14
9112 26
9113 14
9114 22
9115 42
9116 20
9117 28
9118 18
9119 52
9120 22
9121 20
9122 20
9123 14
9124 28
9125 20
9126 22
9127 26
9128 22
9129 36
9130 20
9131 20
9132 20
9133 24
9134 24
9135 26
9136 22
9137 28
9138 24
9139 14
9140 22
9141 24
9142 18
9143 12
9144 24
9145 10
9146 10
9147 20
9148 22
9149 18
9150 18
9151 24
9152 16
9153 22
9154 32
9155 18
9156 18
9157 40
9158 24
9159 16
9160 34
9161 34
9162 20
9163 30
9164 22
9165 18
9166 28
9167 20
9168 20
9169 18
9170 20
9171 18
9172 18
9173 20
9174 42
9175 20
9176 30
9177 18
9178 22
9179 20
9180 20
9181 22
9182 14
9183 40
9184 18
9185 22
9186 22
9187 22
9188 30
9189 28
9190 20
9191 20
9192 18
9193 20
9194 24
9195 28
9196 20
9197 18
9198 18
9199 20
9200 18
9201 20
9202 24
9203 18
9204 20
9205 36
9207 28
9206 40
9208 26
9209 10
9210 16
9211 20
9212 28
9213 14
9214 18
9215 18
9216 26
9217 24
9218 40
9219 22
9220 20
9221 20
9222 18
9223 16
9224 30
9225 18
9226 20
9228 16
9227 52
9229 20
9230 28
9231 18
9232 20
9233 22
9234 16
9235 26
9236 20
9237 16
9238 30
9239 12
9240 18
9241 14
9242 22
9243 20
9244 36
9245 32
9246 18
9248 16
9247 72
9249 36
9250 26
9251 20
9252 18
9253 18
9254 12
9255 24
9256 18
9257 26
9258 20
9259 32
9260 28
9261 22
9262 26
9263 14
9264 40
9265 20
9266 20
9267 22
9268 70
9269 18
9270 20
9271 24
9272 16
9273 24
9274 24
9275 14
9276 30
9277 22
9278 16
9279 24
9280 30
9281 18
9282 22
9283 18
9284 16
9285 16
9286 18
9287 22
9288 26
9289 16
9290 38
9291 24
9292 20
9293 16
9294 16
9295 22
9296 16
9297 26
9298 16
9299 18
9300 20
9301 20
9302 26
9303 22
9304 18
9305 20
9306 16
9307 20
9308 26
9309 22
9310 18
9311 24
9312 28
9313 22
9314 16
9315 16
9316 18
9317 16
9318 18
9319 20
9320 34
9321 40
9322 22
9323 18
9324 40
9325 26
9326 14
9327 22
9328 22
9329 28
9330 18
9331 22
9332 22
9333 16
9334 18
9335 22
9336 22
9337 22
9338 16
9339 40
9340 24
9341 20
9342 16
9343 34
9344 22
9345 18
9346 24
9347 22
9348 18
9349 22
9350 18
9351 26
9352 16
9353 18
9354 22
9355 16
9356 26
9357 24
9358 34
9359 22
9360 22
9361 26
9362 22
9363 30
9364 24
9365 20
9366 24
9367 22
9368 18
9369 22
9370 20
9371 26
9372 24
9373 20
9374 18
9375 20
9376 36
9378 18
9377 34
9379 18
9380 18
9381 22
9382 18
9383 24
9384 32
9385 26
9386 22
9387 24
9388 28
9389 26
9390 26
9391 16
9392 12
9393 24
9394 36
9395 26
9396 16
9397 24
9398 30
9399 18
9400 18
9401 28
9402 22
9403 34
9404 14
9405 18
9406 20
9407 20
9408 20
9409 22
9410 18
9411 20
9412 24
9413 22
9414 16
9415 18
9416 20
9417 18
9418 12
9419 24
9420 18
9421 18
9422 22
9423 22
9424 38
9425 24
9426 20
9427 16
9428 18
9429 18
9430 18
9431 22
9432 10
9433 14
9434 22
9435 14
9436 18
9437 20
9438 16
9439 20
9440 12
9441 20
9442 20
9443 22
9444 22
9445 24
9446 24
9447 16
9448 22
9449 20
9450 16
9451 18
9452 20
9453 22
9454 16
9455 22
9456 30
9457 40
9458 22
9459 18
9460 30
9461 18
9462 22
9463 20
9464 18
9465 24
9466 16
9467 20
9468 18
9469 16
9470 20
9471 26
9472 24
9473 22
9474 22
9475 22
9476 26
9477 40
9478 26
9479 18
9480 44
9481 16
9482 22
9483 16
9484 22
9485 26
9486 16
9487 24
9488 26
9489 20
9490 24
9491 20
9492 18
9493 20
9494 20
9495 22
9496 16
9497 20
9498 24
9499 24
9500 22
9501 20
9502 16
9503 24
9504 22
9505 14
9506 22
9507 12
9508 20
9509 18
9510 12
9511 14
9512 16
9513 18
9514 20
9515 40
9516 30
9517 16
9518 26
9519 18
9520 38
9521 20
9522 30
9523 16
9524 18
9525 14
9526 18
9527 20
9528 20
9529 18
9530 16
9531 22
9532 22
9533 24
9534 22
9535 14
9536 22
9538 18
9537 32
9539 16
9540 20
9541 22
9542 32
9543 40
9544 16
9545 38
9546 22
9547 34
9548 40
9549 28
9550 24
9551 32
9552 24
9553 38
9554 14
9555 14
9556 24
9557 18
9558 30
9559 22
9560 14
9561 24
9562 40
9563 22
9564 24
9565 16
9566 20
9567 34
9568 20
9569 24
9570 30
9571 26
9572 36
9573 34
9574 26
9575 24
9576 20
9577 20
9578 20
9579 32
9580 24
9581 18
9582 14
9583 24
9584 20
9585 22
9586 20
9587 14
9588 28
9589 20
9590 18
9591 18
9592 20
9593 18
9594 24
9595 22
9596 28
9597 34
9598 56
9599 26
9600 22
9601 40
9602 22
9603 26
9604 24
9605 20
9606 38
9607 22
9608 16
9609 60
9610 38
9611 18
9612 20
9613 20
9614 20
9615 36
9616 24
9617 30
9618 54
9619 68
9620 32
9621 22
9622 26
9623 20
9626 20
9627 16
9624 68
9625 66
9628 48
9629 22
9630 38
9631 56
9632 22
9633 18
9634 16
9635 30
9636 16
9637 18
9638 28
9639 20
9640 44
9641 32
9642 18
9643 42
9644 18
9645 20
9646 24
9647 34
9648 34
9649 24
9650 26
9651 20
9652 14
9653 42
9654 40
9655 26
9656 18
9657 22
9658 22
9659 22
9660 46
9661 40
9662 36
9663 38
9664 16
9665 32
9667 16
9666 42
9668 74
9669 22
9670 62
9671 16
9672 20
9673 26
9674 38
9675 22
9676 22
9677 41
9678 22
9679 20
9680 34
9681 14
9682 24
9683 24
9684 40
9685 22
9686 38
9687 20
9688 16
9689 18
9690 28
9691 24
9692 32
9693 20
9694 22
9695 28
9697 20
9696 72
9698 42
9699 32
9700 14
9701 22
9702 22
9704 30
9705 14
9706 28
9707 18
9703 76
9708 26
9709 22
9710 34
9711 28
9712 16
9713 36
9714 14
9716 22
9715 66
9717 32
9718 28
9719 20
9720 20
9721 26
9722 32
9723 22
9724 22
9725 24
9726 16
9727 58
9728 20
9729 18
9730 24
9731 14
9732 22
9733 22
9734 24
9735 16
9736 16
9737 22
9738 22
9739 16
9740 58
9741 20
9742 20
9743 16
9744 16
9745 28
9746 52
9747 34
9748 42
9749 12
9750 20
9751 32
9752 18
9753 24
9754 18
9755 18
9756 14
9757 14
9758 44
9759 22
9760 22
9761 20
9762 20
9763 36
9764 14
9765 28
9766 32
9767 56
9768 22
9769 38
9770 32
9771 22
9772 22
9773 22
9774 20
9776 22
9777 22
9775 56
9778 40
9779 36
9780 30
9781 18
9782 26
9783 38
9784 32
9785 40
9786 28
9787 20
9788 20
9789 20
9790 24
9791 30
9792 28
9793 26
9794 38
9795 18
9796 20
9797 20
9798 22
9799 18
9800 36
9801 30
9802 22
9803 26
9804 22
9805 26
9806 18
9807 18
9808 32
9809 38
9810 62
9811 32
9812 22
9813 26
9814 26
9815 38
9816 12
9817 22
9818 16
9819 20
9820 28
9821 26
9822 16
9823 20
9824 22
9825 24
9826 18
9827 20
9828 18
9829 18
9830 24
9831 20
9832 28
9833 26
9834 36
9835 20
9836 26
9837 56
9838 26
9839 38
9840 20
9841 14
9842 36
9843 24
9844 18
9845 22
9846 20
9847 20
9848 24
9849 18
9850 26
9851 22
9852 18
9853 22
9854 16
9855 14
9856 22
9858 18
9857 42
9859 28
9860 22
9861 16
9862 14
9863 50
9864 24
9865 24
9866 36
9868 16
9867 52
9869 24
9870 18
9871 14
9872 16
9873 32
9874 20
9875 18
9876 14
9877 36
9878 20
9879 18
9880 28
9881 32
9882 22
9883 36
9884 30
9885 16
9886 16
9887 36
9888 22
9889 30
9890 18
9891 14
9892 18
9893 16
9894 18
9895 20
9896 24
9897 16
9898 22
9899 18
9900 14
9901 14
9902 22
9903 22
9904 32
9905 28
9906 16
9907 22
9908 24
9909 16
9910 24
9911 24
9912 24
9913 22
9914 16
9915 38
9916 24
9917 34
9918 20
9919 16
9920 22
9921 24
9922 16
9923 24
9924 34
9925 28
9927 18
9926 40
9928 26
9929 20
9930 16
9931 18
9932 16
9933 22
9934 18
9935 20
9936 20
9937 44
9938 22
9939 26
9940 16
9941 22
9942 24
9943 20
9944 26
9945 20
9946 30
9947 22
9948 30
9949 20
9950 28
9951 14
9952 22
9953 20
9954 50
9955 22
9956 20
9957 20
9958 28
9959 24
9960 18
9961 24
9962 22
9963 16
9964 18
9965 22
9966 22
9967 16
9968 48
9969 22
9970 26
9971 24
9972 12
9973 26
9974 18
9975 16
9976 16
9977 26
9978 14
9979 22
9980 26
9981 18
9982 20
9983 18
9984 22
9985 24
9986 18
9987 22
9988 18
9989 18
9990 22
9991 24
9992 16
9993 22
9994 16
9995 18
9996 26
9997 18
9998 24
9999 16
10000 20
10001 22
10002 38
10003 24
10004 16
10005 20
10006 36
10007 20
10008 28
10009 22
10010 20
10011 24
10012 50
10013 20
10014 16
10015 24
10016 24
10017 18
10018 26
10019 28
10020 18
10021 20
10022 16
10023 22
10024 22
10025 18
10026 16
10027 24
10028 64
10029 20
10030 18
10031 34
10032 30
10033 20
10034 14
10035 18
10036 22
10037 20
10038 16
10039 26
10040 20
10041 18
10042 24
10043 26
10044 28
10045 22
10046 20
10047 18
10048 20
10049 20
10050 12
10051 32
10052 16
10053 18
10054 20
10055 16
10056 24
10057 14
10058 22
10059 20
10060 18
10061 20
10062 22
10063 24
10064 18
10065 24
10066 22
10067 26
10068 20
10069 22
10070 18
10071 18
10072 26
10073 28
10074 16
10075 16
10076 24
10077 22
10078 26
10079 14
10080 46
10081 22
10082 24
10083 22
10084 18
10085 20
10086 22
10087 16
10088 20
10089 28
10090 22
10091 14
10092 18
10093 28
10094 30
10095 18
10096 22
10098 18
10097 36
10099 14
