101 6
100 23
102 22
103 20
104 34
105 19
107 18
106 33
108 22
109 17
110 20
111 25
112 14
113 30
114 23
115 27
116 11
117 17
118 20
119 28
120 17
121 11
122 11
123 31
124 30
125 33
126 21
128 11
127 37
129 24
130 14
131 17
132 17
133 25
134 11
135 17
136 20
137 16
138 14
139 37
140 20
141 35
142 35
143 20
144 19
145 20
146 24
147 36
148 30
149 38
150 19
151 20
152 20
153 18
154 26
155 11
156 36
157 24
158 19
159 20
160 20
161 36
162 20
163 17
164 23
165 25
166 20
167 32
168 23
169 26
170 30
171 20
172 36
173 23
174 17
175 20
176 20
177 20
179 19
180 17
178 41
181 17
182 23
184 14
183 35
185 23
186 20
187 38
188 23
189 23
190 17
192 17
191 39
194 14
193 35
195 17
196 20
197 17
198 28
199 36
200 26
201 27
202 37
204 23
203 41
205 41
206 29
207 20
209 8
208 20
210 22
211 28
212 20
213 23
214 34
215 25
217 23
216 39
218 22
219 31
220 20
221 17
222 26
223 20
224 20
227 8
226 20
225 41
228 17
229 20
230 17
232 22
233 17
231 43
234 14
236 17
235 40
237 35
238 20
239 26
240 14
242 17
241 29
243 17
244 26
245 20
246 36
247 34
248 36
249 31
250 31
252 14
251 43
253 20
254 23
255 26
256 23
258 17
257 37
259 23
260 32
261 20
262 38
263 26
266 17
264 41
265 36
267 20
269 17
268 35
270 32
272 17
271 35
273 35
274 26
275 44
276 30
277 20
278 20
279 23
280 23
281 20
282 14
283 20
284 20
285 32
287 17
286 33
288 37
289 29
290 20
292 27
293 17
291 41
294 20
295 14
296 20
297 23
298 27
299 26
300 17
301 28
302 20
303 17
304 31
305 20
307 11
306 33
308 26
310 20
309 44
311 20
312 20
313 33
315 17
314 36
316 17
317 38
318 25
319 23
320 23
321 20
322 14
323 20
324 20
326 20
325 40
327 20
329 14
328 40
330 29
331 23
332 23
333 34
334 26
335 26
336 20
337 17
338 17
339 23
340 11
341 26
342 39
343 37
344 20
345 11
346 26
347 20
348 20
349 23
350 20
351 17
352 20
354 17
353 33
355 23
356 23
358 14
357 32
359 18
360 20
361 26
362 23
363 23
364 23
365 11
366 11
367 17
368 23
369 20
370 14
371 20
372 17
373 23
374 23
375 17
376 23
377 26
378 14
379 20
380 30
381 19
383 26
382 39
384 23
385 26
386 26
387 27
388 28
389 20
390 35
391 20
392 17
393 26
394 17
395 26
396 26
397 37
398 26
399 14
400 17
401 23
402 20
404 8
403 23
405 17
406 17
407 20
409 20
408 48
410 23
411 17
412 26
413 26
414 29
415 23
416 17
417 23
418 11
419 17
420 18
422 17
421 29
423 17
424 17
425 14
426 20
427 23
428 20
429 32
430 20
431 17
432 26
433 19
434 32
435 23
436 17
437 26
438 20
439 14
440 23
441 26
442 20
443 29
444 26
445 17
446 8
447 29
448 20
449 20
450 23
451 14
452 20
453 32
455 20
454 40
456 20
457 17
458 38
459 32
460 35
462 17
461 37
463 11
464 23
465 20
466 20
467 29
468 23
469 20
470 20
471 23
472 23
473 23
474 14
476 23
475 44
477 22
479 11
478 36
480 14
481 35
482 20
483 20
484 26
485 20
486 20
487 29
488 23
489 20
490 41
492 20
493 17
491 44
494 23
495 23
496 14
497 17
498 20
499 17
500 23
501 29
503 14
502 32
504 20
505 14
506 11
507 26
508 20
509 17
510 23
511 31
512 23
513 23
514 26
515 26
517 14
516 29
518 20
519 17
520 26
521 23
522 20
523 20
524 17
525 23
526 32
527 26
528 20
529 20
530 35
532 14
531 34
533 25
534 22
535 14
536 11
537 26
538 17
539 29
540 23
541 16
542 26
544 23
543 47
545 23
546 26
547 14
548 25
549 29
550 23
551 20
552 23
553 23
554 26
555 17
556 26
557 32
558 37
559 32
560 23
561 26
562 20
564 20
563 44
565 23
566 23
567 37
568 23
569 26
570 29
571 35
572 23
573 28
574 26
575 14
576 20
577 23
578 26
579 32
580 23
581 20
582 23
583 14
584 14
585 23
586 32
587 26
588 29
590 17
589 44
591 23
592 26
594 20
593 39
595 26
596 20
597 26
598 23
599 20
600 23
603 17
601 45
602 29
604 32
606 23
607 17
605 42
608 37
609 26
612 17
611 29
610 50
613 29
614 26
616 20
615 42
617 23
618 20
619 23
621 14
622 23
623 17
624 26
620 70
625 26
627 23
628 14
626 44
630 17
629 29
631 36
634 17
632 39
633 38
635 20
636 17
637 23
638 26
639 26
640 33
641 20
642 17
643 17
645 20
644 40
646 23
647 17
648 34
649 23
650 35
651 20
653 12
652 34
654 38
655 23
656 26
657 23
658 23
659 29
660 26
661 23
662 23
663 26
664 26
665 29
666 32
667 20
668 17
669 26
671 26
670 47
673 14
672 29
674 36
676 14
675 48
677 20
678 23
679 23
680 23
682 23
681 43
683 22
684 26
687 8
685 29
686 29
688 14
689 17
690 29
691 26
692 26
693 23
694 17
695 20
696 20
697 23
698 36
699 29
700 33
701 20
702 32
703 20
704 20
705 26
706 26
707 38
709 20
708 43
710 20
711 20
712 20
713 23
715 20
714 40
716 29
717 26
718 26
719 17
720 23
721 20
722 38
723 32
724 26
726 23
728 8
725 47
727 20
729 32
730 20
731 26
732 20
733 20
734 26
735 26
736 20
737 26
738 14
739 26
740 23
741 23
742 31
743 29
744 26
745 20
746 29
747 26
748 26
749 26
750 20
751 26
752 20
753 20
754 23
755 23
756 29
757 26
758 23
759 23
760 20
761 25
762 20
763 23
764 35
765 29
766 23
767 17
768 20
769 23
771 23
770 43
772 20
773 23
774 37
775 20
776 33
777 32
778 20
779 37
780 23
781 23
782 23
783 26
784 26
785 29
786 26
787 20
788 23
789 17
790 23
791 23
792 31
793 20
794 36
795 23
796 29
797 20
798 14
799 20
800 20
801 26
802 23
804 26
803 42
805 26
806 20
807 26
809 20
810 14
808 40
812 20
811 45
813 23
814 20
815 20
816 29
817 20
818 23
820 17
819 29
821 36
822 23
823 30
825 17
826 14
824 42
827 23
828 17
829 14
831 23
832 14
830 43
833 29
834 23
836 26
835 47
837 23
838 23
839 23
840 26
841 26
842 20
843 23
844 20
845 37
846 26
847 26
848 23
849 23
850 39
852 26
853 17
851 39
854 20
855 20
856 23
858 26
859 14
857 41
860 17
861 20
862 14
863 23
864 17
865 23
866 20
867 29
868 23
869 29
870 20
871 17
872 23
873 20
874 17
875 14
876 23
877 17
878 37
879 20
880 29
881 20
882 38
883 29
884 23
886 23
885 46
887 29
888 26
889 14
890 29
891 26
892 23
893 20
894 32
895 20
897 17
896 29
899 26
898 40
900 23
901 20
902 23
903 20
905 17
904 42
906 26
908 20
907 42
909 23
910 26
911 17
912 37
913 27
914 26
915 32
916 20
917 23
918 14
919 20
920 23
921 20
922 11
923 20
924 26
925 37
926 23
927 23
928 23
929 26
930 29
932 26
931 50
933 29
934 20
935 20
936 32
937 26
938 23
940 17
939 45
941 20
942 17
943 26
944 26
945 27
946 23
947 23
948 35
949 23
950 23
951 26
952 23
953 36
954 29
956 36
955 53
958 26
957 44
959 32
960 26
962 17
961 31
963 17
964 26
965 23
966 17
967 23
968 23
969 23
970 20
971 17
972 29
973 26
974 29
975 26
976 29
977 29
978 23
979 38
981 23
980 44
983 23
982 47
984 39
986 27
985 39
987 26
988 20
989 31
990 23
991 29
993 26
994 14
992 39
995 26
996 26
997 20
998 23
999 32
1000 23
1002 23
1001 45
1003 23
1004 20
1005 26
1006 33
1007 23
1008 29
1009 38
1010 26
1011 23
1012 23
1013 23
1014 23
1015 23
1016 26
1017 22
1018 20
1019 23
1020 14
1021 17
1022 20
1023 23
1024 23
1025 23
1026 25
1027 17
1028 20
1029 23
1030 20
1031 20
1033 24
1032 40
1034 29
1035 29
1037 17
1036 33
1039 17
1038 29
1040 23
1041 35
1042 26
1043 20
1044 17
1045 38
1046 39
1047 29
1048 26
1051 17
1049 40
1050 29
1052 20
1053 29
1054 23
1055 23
1056 20
1057 20
1058 26
1059 17
1060 20
1061 20
1062 26
1063 23
1064 23
1065 20
1066 29
1067 28
1068 23
1069 17
1070 8
1071 23
1072 20
1073 20
1074 29
1075 26
1077 23
1076 41
1078 20
1079 23
1080 17
1081 17
1082 29
1083 20
1084 17
1085 26
1086 20
1087 23
1088 20
1089 35
1090 29
1091 29
1092 23
1093 20
1094 26
1095 23
1096 23
1097 17
1098 23
1099 17
1100 20
1101 26
1102 23
1103 23
1104 23
1105 20
1106 26
1107 20
1108 26
1109 32
1110 26
1111 23
1112 23
1113 29
1114 20
1115 14
1116 32
1117 23
1118 20
1119 35
1120 26
1121 39
1122 29
1123 26
1124 14
1125 26
1126 26
1127 26
1128 29
1129 23
1130 20
1131 26
1132 20
1133 20
1134 23
1135 23
1136 11
1137 23
1138 29
1139 23
1140 17
1141 17
1142 23
1143 20
1144 23
1145 20
1146 26
1147 17
1148 20
1149 31
1150 34
1151 26
1152 23
1153 20
1154 27
1155 17
1156 23
1158 26
1159 20
1160 17
1157 49
1161 32
1162 20
1163 26
1164 23
1165 26
1166 26
1169 17
1168 29
1167 52
1170 29
1171 23
1172 29
1173 20
1174 46
1175 29
1176 26
1178 11
1179 17
1177 41
1180 23
1181 23
1182 23
1183 17
1184 29
1186 17
1185 38
1187 20
1188 45
1189 29
1190 26
1191 26
1192 30
1193 29
1194 30
1195 23
1196 20
1197 23
1198 29
1199 20
1200 37
1201 26
1202 29
1203 23
1204 23
1205 26
1206 26
1207 26
1209 26
1210 17
1208 44
1211 29
1212 34
1213 29
1214 20
1215 26
1216 20
1218 17
1219 17
1217 42
1220 20
1221 17
1222 26
1224 20
1225 17
1223 41
1226 20
1227 23
1228 23
1229 29
1230 38
1231 27
1232 17
1234 17
1233 29
1235 28
1236 34
1237 23
1238 23
1239 11
1240 23
1241 20
1242 29
1243 23
1245 26
1244 44
1246 23
1247 29
1248 23
1249 20
1250 23
1251 20
1252 26
1253 11
1254 29
1255 23
1256 17
1257 23
1258 23
1259 29
1261 17
1260 32
1262 26
1263 20
1264 23
1265 23
1266 26
1267 32
1268 26
1269 32
1270 29
1271 20
1272 20
1273 29
1274 29
1275 29
1276 20
1277 29
1278 29
1279 23
1280 25
1281 29
1283 20
1282 42
1284 20
1285 23
1286 32
1287 20
1288 17
1289 23
1290 23
1291 47
1292 29
1293 34
1294 20
1295 29
1296 23
1297 20
1299 14
1298 29
1300 23
1301 27
1302 20
1303 29
1305 17
1304 29
1306 26
1307 29
1308 23
1309 20
1310 20
1311 23
1312 23
1313 26
1314 17
1315 14
1316 26
1318 36
1319 26
1317 52
1320 32
1323 17
1321 45
1322 29
1324 20
1326 26
1327 14
1325 46
1328 20
1329 20
1330 20
1332 14
1331 29
1333 17
1335 26
1336 17
1334 48
1337 20
1338 26
1339 23
1340 34
1342 26
1343 26
1341 52
1344 34
1345 29
1346 29
1347 26
1348 20
1350 14
1349 29
1351 20
1352 28
1353 20
1354 17
1355 29
1356 29
1357 23
1358 20
1359 32
1360 38
1361 29
1362 26
1363 26
1364 20
1365 23
1366 23
1367 20
1368 23
1369 26
1370 26
1371 35
1372 26
1373 23
1374 17
1375 32
1376 23
1377 17
1379 26
1378 40
1380 23
1381 20
1382 34
1384 17
1383 29
1385 23
1386 20
1387 23
1389 17
1390 17
1388 46
1391 29
1392 23
1393 23
1394 17
1395 32
1396 23
1397 31
1398 23
1399 20
1400 20
1401 26
1402 32
1403 20
1404 26
1405 35
1406 20
1407 29
1408 23
1409 23
1410 23
1411 26
1412 29
1413 35
1414 26
1416 20
1415 55
1417 31
1418 29
1419 29
1420 23
1421 26
1422 38
1423 20
1424 29
1425 20
1426 29
1427 20
1428 26
1429 26
1430 14
1432 23
1431 46
1433 26
1434 17
1435 20
1436 20
1437 26
1438 38
1439 29
1440 20
1441 39
1442 30
1444 14
1443 29
1445 34
1446 20
1447 35
1448 37
1449 20
1450 20
1451 26
1453 23
1452 45
1454 26
1455 29
1456 41
1457 38
1458 23
1459 23
1461 23
1460 45
1462 20
1463 26
1464 20
1465 36
1466 23
1467 26
1468 29
1469 26
1471 20
1470 41
1472 23
1474 14
1473 29
1475 26
1476 29
1477 20
1478 26
1479 37
1480 26
1482 26
1481 41
1483 29
1484 32
1486 26
1485 46
1487 23
1488 23
1490 26
1489 39
1491 23
1492 29
1493 23
1494 23
1495 26
1496 32
1497 20
1498 30
1499 31
1500 23
1501 32
1502 26
1503 17
1504 32
1505 23
1506 20
1507 23
1508 26
1509 26
1510 17
1511 34
1512 20
1513 17
1514 17
1516 23
1515 40
1517 26
1518 23
1519 26
1520 26
1522 27
1524 23
1521 60
1523 39
1525 20
1526 20
1527 23
1529 26
1528 40
1530 39
1531 44
1533 29
1534 26
1532 51
1535 20
1537 23
1536 57
1539 23
1540 23
1538 55
1541 40
1542 44
1543 45
1546 17
1544 53
1545 40
1547 23
1548 29
1550 36
1549 54
1551 29
1552 23
1553 30
1554 41
1555 30
1556 23
1557 34
1558 39
1559 29
1560 20
1561 47
1563 23
1562 41
1564 23
1565 35
1566 32
1569 17
1567 51
1568 47
1570 34
1571 26
1572 26
1574 23
1575 40
1576 29
1577 20
1579 8
1573 77
1578 23
1580 41
1582 30
1581 51
1583 29
1585 17
1584 46
1586 27
1587 26
1589 23
1590 20
1588 58
1592 26
1591 39
1593 37
1594 35
1595 23
1596 39
1597 34
1598 33
1599 31
1600 27
1601 31
1602 32
1603 24
1604 25
1606 18
1605 32
1607 39
1608 30
1609 28
1611 14
1610 33
1612 16
1613 27
1614 22
1615 22
1616 22
1617 28
1618 19
1619 28
1620 30
1621 26
1622 26
1623 22
1624 27
1625 17
1626 34
1627 34
1628 20
1629 17
1630 26
1631 31
1632 27
1633 15
1635 16
1634 29
1636 28
1637 19
1639 23
1638 42
1640 27
1641 32
1642 28
1644 26
1643 39
1645 31
1646 34
1647 19
1648 28
1649 17
1650 23
1651 26
1652 29
1653 32
1654 26
1655 23
1656 31
1658 17
1657 29
1659 29
1661 26
1662 26
1660 52
1663 20
1664 14
1665 20
1666 22
1667 29
1668 33
1669 32
1670 25
1671 17
1672 25
1673 38
1675 25
1674 41
1676 20
1677 29
1678 26
1681 17
1679 44
1680 29
1682 26
1683 26
1684 33
1685 19
1686 26
1687 20
1688 22
1689 26
1690 23
1691 26
1693 22
1692 40
1694 22
1695 56
1696 48
1697 29
1698 26
1699 26
1700 26
1701 26
1702 14
1703 38
1704 20
1705 23
1706 26
1708 25
1707 44
1709 23
1710 23
1712 25
1711 47
1715 17
1713 40
1714 43
1717 14
1716 36
1718 25
1719 30
1720 27
1721 26
1722 38
1723 32
1724 23
1725 26
1726 23
1727 26
1728 31
1729 26
1730 32
1731 23
1732 26
1733 26
1735 20
1734 39
1736 23
1737 32
1738 29
1739 26
1740 35
1741 23
1742 23
1743 20
1744 22
1745 28
1746 20
1747 17
1748 23
1749 23
1750 35
1751 20
1752 26
1753 29
1754 20
1756 14
1755 41
1757 20
1759 17
1758 29
1760 23
1761 38
1762 26
1763 23
1765 26
1766 17
1764 44
1767 20
1768 29
1769 26
1770 28
1771 29
1772 32
1773 26
1774 23
1775 20
1776 28
1777 32
1779 22
1778 42
1780 20
1781 35
1782 34
1783 32
1784 26
1785 26
1786 17
1787 23
1788 20
1789 28
1790 29
1791 32
1792 23
1793 17
1794 26
1795 20
1796 23
1797 27
1798 17
1799 23
1800 23
1801 26
1802 23
1803 26
1804 23
1805 26
1806 23
1807 29
1808 25
1809 32
1810 33
1811 20
1812 26
1813 23
1814 26
1815 25
1816 33
1817 23
1818 29
1819 26
1820 26
1821 14
1822 23
1823 26
1824 17
1825 32
1827 26
1826 44
1828 32
1829 32
1831 26
1830 44
1832 29
1833 43
1835 20
1834 39
1836 22
1837 26
1839 17
1838 40
1840 23
1841 23
1842 26
1843 26
1844 26
1845 26
1846 20
1847 26
1848 37
1849 20
1850 29
1851 20
1853 28
1852 45
1854 32
1855 26
1856 28
1857 29
1858 32
1859 25
1860 17
1861 17
1863 20
1862 39
1864 23
1865 17
1867 17
1866 34
1868 23
1869 33
1870 22
1871 14
1872 23
1873 20
1874 20
1876 26
1875 46
1877 26
1878 26
1879 20
1880 23
1881 25
1882 26
1883 23
1884 23
1886 26
1885 45
1887 26
1888 25
1889 35
1890 26
1891 32
1892 23
1893 26
1894 23
1896 17
1895 31
1898 17
1897 55
1901 25
1899 57
1900 40
1902 22
1903 17
1904 37
1906 17
1905 32
1907 26
1908 20
1909 20
1910 31
1911 20
1912 17
1913 23
1915 17
1914 44
1917 23
1916 44
1918 23
1919 20
1920 23
1921 26
1922 20
1923 23
1924 26
1925 36
1926 26
1928 26
1929 17
1927 41
1930 32
1931 29
1932 26
1933 29
1934 23
1935 20
1936 23
1937 25
1938 35
1939 23
1941 23
1940 53
1942 29
1943 31
1944 28
1945 26
1946 26
1947 26
1948 23
1950 17
1949 30
1951 23
1952 23
1953 26
1954 20
1955 34
1956 26
1959 26
1958 41
1957 64
1960 29
1961 29
1962 26
1963 32
1964 26
1965 20
1966 23
1967 23
1968 26
1969 23
1970 23
1971 26
1972 23
1973 23
1974 29
1975 28
1976 23
1977 22
1978 18
1979 35
1980 20
1981 35
1982 32
1983 22
1984 23
1985 17
1986 27
1987 23
1988 35
1989 29
1990 29
1991 26
1993 26
1992 44
1994 37
1995 32
1997 31
1998 26
1996 52
1999 26
2000 26
2001 26
2002 14
2004 22
2003 42
2006 26
2007 17
2008 38
2009 20
2005 75
2010 23
2011 23
2012 17
2013 38
2014 34
2015 34
2016 19
2017 32
2018 29
2020 23
2021 28
2019 50
2022 33
2023 35
2024 23
2025 23
2026 20
2027 23
2028 20
2029 28
2030 20
2031 20
2032 25
2033 35
2034 28
2035 20
2036 26
2037 26
2038 26
2040 28
2039 40
2041 23
2042 35
2043 20
2044 26
2045 20
2046 35
2048 14
2047 31
2049 29
2050 23
2051 26
2052 31
2053 32
2054 29
2055 26
2056 20
2057 17
2059 23
2058 41
2060 32
2061 29
2062 36
2065 26
2063 52
2064 39
2066 26
2067 20
2068 26
2069 32
2070 22
2071 25
2072 17
2073 23
2074 32
2075 28
2076 28
2079 17
2077 47
2078 36
2080 32
2081 23
2082 26
2083 22
2084 23
2085 20
2086 26
2087 26
2088 28
2089 29
2090 20
2091 26
2092 20
2093 17
2094 26
2095 20
2096 31
2097 23
2099 26
2098 40
2100 20
2101 23
2102 20
2103 26
2104 29
2105 30
2106 37
2107 32
2108 25
2109 25
2110 23
2111 20
2112 25
2114 17
2115 29
2116 26
2118 23
2113 87
2119 25
2117 56
2120 34
2121 22
2122 13
2123 29
2124 23
2125 36
2126 26
2127 26
2128 20
2129 20
2130 26
2131 23
2132 23
2133 25
2135 23
2136 26
2134 53
2137 20
2138 26
2140 17
2139 29
2141 26
2142 17
2143 26
2145 23
2146 26
2144 52
2147 29
2148 26
2149 23
2150 19
2151 26
2152 29
2153 28
2154 29
2155 19
2156 25
2157 32
2158 26
2159 22
2160 31
2161 26
2162 20
2163 41
2164 29
2166 17
2167 17
2168 23
2165 59
2169 20
2170 20
2171 23
2172 29
2174 26
2173 43
2175 29
2176 25
2177 14
2178 26
2179 26
2180 32
2181 32
2182 32
2183 29
2184 29
2185 28
2186 23
2187 20
2188 17
2189 23
2190 37
2191 23
2192 29
2193 23
2194 47
2195 32
2196 23
2197 26
2198 29
2199 26
2200 29
2201 26
2202 20
2203 26
2204 32
2205 20
2206 26
2207 20
2208 27
2209 26
2210 26
2211 23
2212 35
2213 26
2214 36
2215 42
2216 34
2217 26
2218 26
2219 20
2220 36
2221 27
2222 45
2223 29
2224 47
2225 32
2226 20
2227 26
2228 32
2230 17
2229 29
2231 23
2232 32
2234 29
2233 51
2235 44
2236 29
2237 26
2238 29
2239 34
2240 32
2241 32
2242 26
2243 26
2244 45
2248 8
2245 45
2246 32
2247 29
2249 14
2250 27
2251 26
2252 25
2254 23
2253 43
2255 20
2256 29
2258 22
2257 48
2259 31
2260 29
2261 20
2262 20
2263 26
2264 29
2266 28
2265 48
2267 23
2268 17
2269 23
2270 23
2271 23
2272 26
2274 26
2273 39
2275 28
2276 26
2277 23
2279 20
2278 45
2280 23
2281 36
2282 23
2283 42
2284 32
2285 20
2286 31
2288 26
2287 40
2289 20
2290 23
2291 26
2292 29
2294 17
2293 52
2295 38
2296 23
2297 20
2298 14
2299 20
2300 20
2301 26
2302 26
2303 28
2304 26
2306 20
2305 43
2307 22
2308 29
2309 31
2310 22
2311 36
2312 26
2313 23
2314 23
2315 20
2316 28
2317 23
2318 20
2320 17
2319 32
2321 26
2322 29
2323 26
2324 41
2326 26
2325 45
2327 28
2328 20
2329 26
2330 36
2331 36
2332 23
2333 17
2334 29
2335 28
2336 26
2337 32
2338 23
2339 20
2340 20
2342 33
2343 23
2341 53
2344 28
2345 29
2346 29
2347 26
2348 26
2349 32
2350 29
2352 23
2353 17
2351 47
2354 23
2355 20
2356 17
2358 26
2359 25
2357 50
2360 34
2361 23
2365 17
2362 54
2363 39
2364 31
2366 20
2367 23
2368 17
2369 29
2371 26
2370 39
2372 29
2373 26
2374 33
2375 32
2377 25
2376 45
2378 26
2379 14
2380 26
2381 20
2382 29
2383 26
2384 29
2385 20
2386 18
2388 20
2389 17
2387 44
2390 32
2392 23
2393 23
2394 14
2391 50
2395 29
2396 26
2397 30
2398 25
2399 28
2400 32
2401 26
2402 26
2403 23
2405 26
2404 39
2406 23
2408 20
2407 42
2409 23
2410 23
2411 17
2412 20
2413 17
2414 17
2415 29
2416 38
2417 20
2418 32
2419 29
2420 23
2421 26
2422 29
2423 23
2424 36
2426 20
2425 41
2427 26
2428 20
2429 23
2430 23
2431 23
2432 23
2433 23
2434 23
2435 26
2436 20
2437 23
2438 20
2439 22
2441 23
2440 42
2442 29
2444 17
2443 29
2445 16
2446 29
2447 28
2448 20
2449 23
2450 29
2451 32
2452 32
2454 17
2453 35
2455 23
2456 29
2457 29
2458 23
2459 17
2461 14
2460 32
2462 29
2464 23
2463 43
2465 32
2466 23
2467 23
2468 29
2469 33
2470 35
2471 33
2472 29
2473 38
2474 23
2475 23
2476 29
2477 26
2478 29
2479 20
2480 26
2481 23
2482 22
2483 30
2484 20
2485 28
2486 29
2487 27
2488 20
2489 23
2490 20
2492 17
2491 29
2493 17
2494 17
2495 29
2497 23
2496 45
2498 23
2499 26
2500 23
2502 26
2503 22
2501 59
2504 35
2505 20
2506 20
2507 20
2508 20
2509 29
2510 32
2512 17
2511 40
2513 26
2514 23
2515 37
2516 29
2517 39
2518 44
2519 39
2520 29
2522 17
2521 29
2524 20
2523 46
2525 26
2526 23
2527 31
2529 17
2528 48
2530 26
2531 23
2532 35
2533 20
2534 28
2535 20
2537 25
2536 45
2538 36
2539 20
2540 31
2541 26
2542 29
2544 17
2543 29
2545 17
2546 26
2547 23
2549 20
2548 46
2550 29
2551 20
2553 14
2552 51
2554 37
2555 29
2556 29
2557 26
2558 26
2559 29
2560 29
2561 23
2562 29
2563 44
2564 36
2565 35
2566 32
2567 23
2568 17
2569 37
2570 30
2571 20
2572 20
2573 29
2574 23
2575 29
2576 23
2577 33
2580 25
2579 42
2578 61
2581 33
2582 20
2583 20
2585 21
2586 17
2584 44
2587 28
2589 29
2591 23
2588 68
2590 44
2592 34
2593 32
2594 26
2595 25
2596 26
2597 29
2598 37
2599 26
2600 26
2601 28
2602 23
2603 26
2604 29
2605 26
2606 20
2607 26
2608 20
2609 20
2610 26
2611 32
2612 29
2613 32
2614 26
2616 27
2617 26
2615 53
2618 24
2619 23
2620 32
2621 36
2622 32
2623 26
2624 17
2625 20
2626 17
2627 41
2628 31
2629 28
2630 29
2631 28
2632 26
2633 31
2635 20
2634 44
2636 26
2637 29
2638 20
2639 23
2640 29
2642 14
2641 33
2643 22
2644 17
2645 37
2646 30
2647 32
2648 29
2649 35
2650 23
2651 32
2652 19
2654 25
2653 51
2655 31
2656 20
2657 26
2658 23
2659 26
2660 32
2662 34
2661 65
2663 40
2665 25
2664 45
2666 23
2667 22
2668 26
2669 27
2670 26
2671 26
2672 36
2673 28
2674 26
2675 34
2676 20
2678 26
2677 41
2680 26
2681 23
2679 53
2682 25
2683 20
2684 32
2685 32
2686 20
2687 29
2688 20
2690 14
2689 31
2691 14
2692 26
2693 23
2694 31
2695 29
2697 23
2698 14
2696 39
2699 23
2700 28
2701 19
2702 23
2704 26
2703 42
2705 36
2706 20
2708 20
2709 23
2707 52
2710 26
2711 26
2712 23
2713 30
2714 26
2715 36
2716 23
2717 29
2718 20
2719 17
2721 22
2720 52
2723 23
2724 37
2725 26
2722 69
2726 29
2727 19
2728 29
2729 23
2731 26
2730 40
2732 23
2733 23
2734 23
2735 17
2737 32
2736 55
2738 29
2739 32
2740 23
2741 34
2742 23
2743 29
2744 29
2745 23
2746 26
2747 17
2748 29
2750 28
2749 43
2751 26
2752 32
2754 17
2753 29
2755 32
2757 23
2756 42
2758 26
2759 26
2760 17
2761 33
2762 26
2763 29
2764 20
2765 17
2766 26
2767 26
2768 29
2769 51
2771 29
2770 50
2772 30
2773 23
2774 35
2775 26
2776 34
2777 31
2778 46
2779 34
2780 33
2781 20
2783 23
2782 42
2784 20
2785 23
2787 17
2786 31
2789 20
2790 29
2791 20
2792 25
2788 73
2793 26
2794 20
2795 35
2796 23
2797 16
2798 26
2799 20
2800 26
2801 31
2803 20
2804 26
2802 49
2805 20
2806 23
2807 29
2808 23
2809 26
2810 26
2811 26
2812 26
2813 44
2814 29
2815 26
2816 23
2817 20
2818 22
2819 23
2820 28
2821 26
2822 30
2823 31
2824 29
2825 26
2826 23
2827 22
2828 29
2829 23
2830 20
2831 38
2832 32
2833 20
2834 26
2835 28
2836 45
2837 29
2838 29
2839 26
2840 29
2841 26
2842 23
2843 29
2844 29
2845 29
2846 31
2847 26
2848 41
2849 36
2850 20
2851 20
2852 23
2853 32
2854 32
2855 26
2856 22
2857 23
2858 34
2859 23
2860 20
2862 17
2861 29
2863 25
2864 26
2865 31
2866 29
2867 23
2868 20
2869 29
2870 23
2871 20
2872 26
2873 23
2874 28
2875 29
2876 23
2877 26
2878 14
2879 35
2880 25
2881 22
2882 30
2883 35
2884 32
2885 26
2886 20
2887 20
2888 33
2889 45
2890 32
2891 19
2892 19
2893 37
2894 28
2895 35
2896 23
2897 32
2898 45
2899 29
2900 20
2901 26
2902 23
2903 29
2904 38
2905 26
2906 30
2907 40
2908 43
2910 26
2911 23
2909 50
2912 26
2914 28
2913 41
2915 35
2916 23
2917 30
2918 26
2919 23
2920 17
2921 34
2922 29
2923 23
2924 31
2925 20
2927 23
2926 41
2929 17
2930 23
2931 23
2928 60
2933 23
2932 44
2934 40
2935 42
2937 20
2938 20
2939 17
2936 82
2940 42
2941 38
2943 26
2942 48
2945 26
2944 49
2946 29
2947 26
2948 20
2949 17
2950 25
2951 27
2952 20
2954 28
2953 46
2955 26
2956 20
2958 26
2957 41
2959 40
2961 28
2960 44
2962 26
2963 23
2964 29
2965 29
2966 29
2967 26
2969 35
2970 26
2968 50
2971 23
2972 20
2973 14
2974 23
2977 23
2975 58
2976 48
2978 36
2979 26
2981 26
2982 23
2980 58
2983 23
2985 26
2986 32
2987 23
2984 61
2988 47
2989 33
2991 23
2990 40
2992 52
2994 29
2993 61
2995 40
2996 31
2997 36
2998 29
2999 25
3001 20
3000 39
3003 29
3004 25
3002 55
3005 20
3007 42
3008 33
3009 26
3006 59
3010 22
3012 16
3013 26
3014 14
3011 54
3016 23
3018 14
3015 68
3017 41
3019 23
3020 28
3022 26
3021 40
3023 29
3024 35
3025 26
3026 34
3027 23
3028 23
3029 26
3030 21
3031 29
3032 28
3033 37
3034 31
3035 36
3037 28
3036 43
3039 17
3038 46
3040 20
3041 23
3042 29
3043 23
3044 34
3046 16
3045 32
3048 17
3047 34
3049 23
3050 34
3051 23
3053 23
3054 23
3052 51
3055 26
3057 25
3056 46
3059 29
3060 27
3061 14
3058 52
3062 26
3063 26
3064 29
3065 28
3066 20
3067 29
3069 30
3070 26
3068 58
3071 28
3072 26
3073 23
3074 34
3075 43
3076 35
3077 29
3078 28
3079 26
3080 38
3081 23
3082 31
3084 20
3083 40
3085 21
3087 20
3086 40
3088 20
3089 34
3090 31
3091 20
3092 45
3094 34
3093 53
3095 29
3097 34
3096 52
3098 34
3100 23
3099 45
3102 17
3101 54
3103 32
3104 24
3105 26
3106 32
3107 32
3108 43
3110 26
3109 45
3111 26
3112 23
3113 31
3114 29
3115 26
3116 25
3117 29
3118 32
3119 35
3120 27
3121 32
3122 23
3123 14
3124 17
3125 23
3127 17
3126 33
3128 31
3130 16
3129 44
3131 27
3133 27
3132 43
3134 22
3136 29
3137 23
3138 26
3135 65
3139 26
3141 28
3142 14
3140 41
3143 36
3144 26
3145 34
3146 23
3147 29
3148 30
3149 29
3150 29
3151 31
3152 32
3153 22
3154 20
3155 41
3156 33
3157 26
3158 23
3160 27
3159 46
3162 27
3163 23
3161 51
3164 26
3165 28
3167 26
3166 51
3169 22
3168 45
3170 29
3171 35
3172 31
3173 34
3174 32
3175 31
3176 26
3177 26
3178 25
3179 20
3180 23
3181 36
3182 26
3183 14
3184 20
3185 31
3186 29
3187 20
3188 20
3189 41
3190 29
3191 19
3192 26
3193 20
3195 20
3194 54
3196 48
3197 32
3199 22
3198 39
3200 29
3201 23
3202 24
3203 32
3205 23
3206 23
3207 23
3204 67
3208 20
3209 26
3211 14
3210 46
3212 35
3213 27
3214 29
3215 30
3217 31
3216 55
3219 26
3218 45
3220 26
3221 26
3222 26
3223 29
3224 34
3225 32
3226 23
3227 23
3228 20
3229 20
3230 26
3231 25
3232 26
3233 32
3234 28
3235 23
3236 17
3237 21
3239 17
3238 38
3240 19
3241 26
3242 23
3243 23
3244 32
3246 22
3245 47
3247 32
3248 29
3249 25
3250 26
3251 31
3252 47
3253 34
3254 37
3256 17
3255 32
3257 41
3258 34
3259 23
3260 26
3261 36
3262 26
3263 26
3264 31
3265 22
3266 32
3267 22
3268 26
3269 27
3270 20
3271 20
3272 30
3273 26
3274 34
3275 23
3276 29
3277 22
3278 37
3279 31
3280 31
3281 26
3282 26
3283 20
3284 35
3285 26
3286 26
3287 36
3288 24
3289 26
3290 26
3291 23
3292 29
3293 23
3294 26
3295 29
3296 25
3297 32
3298 23
3299 17
3300 26
3301 31
3302 43
3303 37
3304 38
3305 25
3306 20
3307 26
3308 20
3309 23
3310 32
3311 37
3312 23
3313 29
3314 20
3316 26
3315 42
3317 38
3318 29
3319 26
3320 20
3321 26
3322 26
3323 38
3324 28
3325 23
3326 26
3327 17
3328 26
3330 17
3329 31
3331 28
3332 29
3333 29
3334 23
3335 31
3336 35
3337 19
3338 23
3339 29
3340 23
3341 26
3342 11
3344 31
3346 17
3343 52
3345 32
3347 29
3348 29
3349 22
3350 23
3351 26
3352 26
3353 26
3355 28
3356 31
3357 23
3354 63
3358 29
3359 32
3362 26
3360 53
3363 28
3361 51
3364 29
3365 29
3366 35
3367 40
3368 34
3369 34
3370 25
3371 26
3372 26
3373 26
3374 26
3375 28
3376 26
3377 29
3378 32
3379 26
3381 19
3380 39
3382 33
3384 23
3383 53
3385 29
3386 26
3387 23
3388 43
3390 29
3392 20
3389 59
3391 45
3393 20
3394 23
3395 23
3396 34
3397 26
3398 26
3400 38
3399 55
3401 31
3402 23
3403 14
3404 17
3405 26
3406 20
3407 20
3408 23
3409 26
3410 29
3412 26
3411 41
3413 35
3414 28
3415 20
3416 26
3417 17
3418 29
3419 23
3420 17
3421 29
3422 35
3424 34
3425 23
3426 24
3423 60
3427 20
3429 25
3428 49
3430 37
3432 28
3431 57
3433 40
3435 26
3434 55
3436 32
3437 23
3438 34
3439 38
3440 23
3441 37
3443 29
3444 26
3442 68
3448 6
3445 44
3446 37
3447 26
3450 29
3451 23
3449 57
3452 27
3453 35
3454 26
3455 36
3456 31
3458 37
3457 53
3459 29
3460 45
3461 35
3462 20
3463 33
3465 31
3466 29
3464 59
3467 39
3468 32
3469 20
3470 34
3471 23
3472 32
3473 26
3475 17
3474 39
3476 20
3477 34
3478 26
3479 26
3480 29
3482 20
3483 35
3484 26
3485 23
3481 77
3486 26
3487 26
3488 29
3489 51
3490 40
3491 36
3493 22
3492 46
3494 27
3495 29
3496 26
3498 20
3497 47
3499 29
3500 32
3501 25
3502 23
3503 23
3504 30
3505 32
3506 31
3507 20
3508 30
3509 25
3510 26
3511 37
3512 25
3513 28
3514 22
3515 20
3516 30
3517 21
3518 20
3519 25
3520 20
3521 37
3522 29
3523 26
3524 28
3525 32
3526 20
3527 48
3528 38
3529 26
3530 34
3532 23
3531 41
3533 20
3534 28
3535 20
3536 16
3537 43
3538 32
3539 23
3541 24
3540 55
3542 29
3543 32
3544 26
3545 43
3546 29
3548 20
3547 43
3549 30
3550 29
3551 23
3552 19
3553 35
3554 30
3555 20
3556 26
3557 17
3558 26
3560 26
3559 42
3562 23
3561 39
3563 32
3564 20
3565 40
3566 33
3567 36
3568 34
3569 34
3570 26
3571 23
3573 23
3572 43
3574 25
3575 20
3576 26
3578 29
3577 53
3579 43
3580 32
3581 45
3583 26
3584 25
3585 23
3582 65
3586 29
3587 26
3589 27
3588 56
3591 26
3590 43
3592 38
3593 23
3594 20
3595 20
3597 17
3596 43
3598 20
3599 29
3600 36
3602 34
3603 19
3601 52
3604 26
3605 20
3607 26
3606 46
3608 29
3609 30
3612 17
3610 39
3611 63
3614 29
3615 19
3616 29
3613 72
3617 29
3618 32
3619 27
3620 14
3622 19
3621 42
3623 29
3624 29
3625 20
3626 20
3627 23
3628 33
3629 28
3631 28
3632 35
3633 20
3634 26
3630 78
3635 33
3636 29
3637 29
3638 20
3639 20
3640 26
3641 24
3642 33
3643 26
3644 34
3645 32
3646 25
3647 26
3648 26
3650 34
3649 53
3652 24
3651 43
3653 37
3654 29
3655 27
3656 41
3658 35
3659 20
3657 50
3660 28
3661 44
3662 38
3663 23
3665 23
3664 48
3666 21
3667 26
3668 25
3669 23
3670 17
3671 28
3672 37
3673 26
3674 23
3676 17
3675 32
3677 32
3678 26
3679 29
3680 43
3681 34
3682 28
3683 25
3684 31
3685 26
3686 32
3688 26
3689 23
3687 50
3690 33
3691 36
3692 23
3693 23
3695 17
3694 29
3696 39
3697 41
3699 23
3700 26
3701 23
3698 60
3703 27
3702 47
3704 20
3705 23
3706 26
3707 29
3708 32
3709 26
3710 17
3711 34
3712 31
3713 22
3715 19
3714 56
3716 33
3718 17
3717 29
3719 31
3720 20
3721 23
3722 31
3723 28
3724 26
3726 38
3725 56
3727 43
3728 40
3729 35
3732 17
3730 39
3731 29
3733 32
3734 31
3735 28
3736 26
3737 30
3738 36
3740 26
3739 43
3741 29
3743 17
3742 29
3744 26
3745 26
3746 35
3747 23
3748 26
3749 31
3750 23
3751 31
3752 24
3753 29
3754 32
3755 37
3756 23
3757 45
3759 25
3760 26
3758 50
3761 31
3762 32
3763 34
3766 20
3764 50
3765 55
3768 26
3767 49
3769 41
3771 23
3772 29
3770 59
3773 39
3774 38
3775 35
3777 20
3776 48
3778 28
3779 25
3780 31
3781 20
3782 23
3785 26
3786 17
3783 57
3784 42
3787 26
3789 20
3788 41
3790 26
3791 23
3792 17
3793 23
3794 29
3797 16
3798 17
3795 51
3796 64
3799 32
3801 26
3800 49
3802 29
3803 23
3804 49
3808 26
3805 65
3809 26
3806 64
3811 17
3807 63
3810 29
3812 26
3813 26
3814 14
3816 26
3815 54
3817 43
3818 32
3819 30
3821 14
3820 44
3822 23
3824 21
3825 29
3827 14
3823 59
3826 29
3828 35
3829 33
3830 35
3833 28
3831 51
3832 63
3834 58
3835 39
3836 29
3837 29
3838 31
3839 50
3841 37
3842 20
3843 26
3840 67
3844 29
3846 29
3847 25
3848 26
3850 38
3852 28
3845 99
3849 65
3851 51
3853 47
3854 29
3855 20
3856 35
3857 22
3858 26
3859 37
3860 57
3861 45
3863 23
3864 23
3866 17
3862 63
3865 29
3867 26
3868 23
3869 33
3870 48
3871 40
3872 29
3873 38
3874 29
3875 26
3876 23
3877 20
3878 35
3879 20
3880 29
3881 24
3882 35
3883 29
3886 20
3885 46
3887 26
3884 61
3889 26
3888 43
3890 37
3891 26
3892 17
3893 49
3894 43
3895 29
3896 26
3897 32
3899 19
3898 48
3901 44
3902 37
3903 19
3904 46
3900 90
3905 44
3907 26
3906 40
3908 20
3910 28
3909 41
3911 40
3912 39
3913 37
3915 17
3914 38
3916 11
3917 26
3918 31
3919 26
3920 25
3921 42
3922 36
3924 25
3923 46
3925 33
3926 31
3927 32
3928 26
3929 19
3930 25
3931 31
3932 20
3933 26
3934 36
3935 29
3936 48
3938 28
3937 51
3939 34
3940 29
3941 35
3942 29
3943 29
3945 17
3944 38
3946 23
3947 46
3949 37
3950 23
3948 51
3951 26
3952 26
3954 25
3953 47
3956 26
3955 48
3957 29
3958 32
3960 32
3961 26
3959 63
3962 38
3963 35
3965 20
3964 49
3966 34
3967 43
3968 39
3969 36
3970 36
3971 32
3972 32
3973 23
3974 31
3975 32
3976 40
3977 29
3978 32
3979 40
3980 29
3981 35
3983 23
3984 20
3982 55
3985 26
3986 26
3987 31
3988 42
3990 29
3989 55
3991 30
3992 22
3993 34
3994 34
3995 46
3996 34
3997 19
3998 29
3999 20
4001 17
4000 29
4002 20
4003 29
4004 28
4005 28
4006 26
4007 23
4008 22
4009 29
4010 28
4011 32
4013 17
4012 31
4014 25
4015 11
4016 29
4017 26
4018 25
4019 23
4021 20
4020 55
4022 42
4024 26
4023 46
4025 36
4026 32
4028 17
4027 29
4029 26
4031 29
4030 51
4032 29
4033 22
4034 28
4035 31
4036 22
4037 23
4038 23
4039 33
4040 24
4041 23
4042 29
4043 26
4044 32
4046 28
4045 45
4047 20
4048 34
4049 22
4050 20
4051 34
4052 20
4054 29
4055 27
4053 56
4056 23
4057 29
4058 26
4059 26
4060 32
4061 26
4062 20
4063 28
4065 27
4064 41
4066 23
4067 22
4068 20
4069 20
4070 26
4071 17
4072 39
4073 35
4074 26
4075 47
4076 32
4077 28
4078 29
4079 29
4080 32
4081 40
4083 20
4084 17
4082 40
4087 14
4086 35
4085 51
4088 23
4089 37
4090 26
4092 32
4091 54
4093 34
4094 54
4095 40
4096 31
4097 22
4098 35
4102 17
4099 49
4100 48
4101 29
4103 38
4104 37
4105 20
4106 23
4108 26
4109 26
4107 53
4110 28
4111 26
4112 29
4113 29
4114 28
4115 23
4116 38
4117 44
4118 29
4120 26
4119 52
4121 32
4122 26
4123 26
4124 26
4125 20
4126 23
4127 26
4128 26
4129 29
4130 40
4131 37
4132 26
4133 41
4135 37
4136 20
4137 17
4134 49
4138 38
4140 23
4139 40
4141 22
4142 38
4144 26
4143 45
4145 26
4146 26
4147 23
4149 20
4150 25
4148 50
4152 28
4151 41
4153 26
4154 22
4155 22
4156 27
4157 35
4158 23
4159 26
4160 20
4161 22
4162 35
4163 55
4165 29
4166 26
4164 53
4168 37
4167 52
4169 29
4170 29
4171 26
4172 26
4173 29
4174 29
4175 32
4176 31
4177 33
4178 23
4179 26
4182 17
4180 46
4181 29
4183 23
4184 17
4185 25
4186 32
4187 24
4188 23
4189 41
4191 23
4190 49
4192 29
4193 20
4194 28
4195 22
4196 32
4197 23
4198 34
4199 23
4200 28
4201 32
4202 26
4203 28
4204 19
4205 29
4206 29
4207 22
4208 39
4209 32
4210 26
4211 29
4213 17
4212 36
4214 21
4215 32
4216 29
4217 30
4219 19
4218 47
4220 29
4222 17
4221 32
4223 27
4224 29
4226 23
4225 45
4227 32
4228 20
4229 33
4230 20
4231 26
4232 23
4233 26
4234 32
4235 28
4236 23
4238 26
4237 45
4239 26
4240 26
4241 23
4242 23
4243 32
4244 29
4245 26
4246 26
4247 29
4248 26
4250 34
4251 29
4252 29
4253 28
4249 72
4254 29
4256 17
4255 37
4257 20
4258 29
4259 25
4260 37
4262 32
4261 53
4265 17
4263 45
4264 35
4266 23
4267 11
4268 20
4269 29
4270 23
4272 26
4271 43
4273 28
4274 32
4275 26
4277 20
4276 46
4278 50
4279 43
4282 35
4280 68
4283 32
4287 8
4281 71
4285 35
4284 59
4286 45
4288 35
4289 32
4290 26
4291 37
4292 26
4293 23
4294 29
4295 23
4296 17
4298 23
4297 47
4299 26
4300 20
4301 48
4302 32
4303 29
4304 28
4306 28
4307 23
4305 53
4309 20
4308 54
4310 31
4311 29
4312 29
4313 40
4316 17
4314 54
4315 44
4317 23
4318 29
4319 41
4321 23
4320 47
4323 23
4322 47
4324 44
4326 28
4325 43
4327 20
4328 48
4329 32
4330 23
4331 26
4332 26
4333 26
4334 23
4335 28
4336 32
4337 23
4338 29
4340 45
4341 37
4342 26
4343 28
4339 77
4344 29
4346 22
4345 55
4347 31
4348 23
4349 20
4350 31
4352 31
4353 25
4354 24
4351 65
4355 23
4356 32
4357 31
4359 29
4360 23
4358 58
4361 28
4362 34
4363 28
4364 23
4365 23
4366 16
4368 26
4369 26
4367 52
4370 28
4371 28
4373 22
4374 23
4372 59
4375 38
4376 23
4377 31
4378 23
4379 28
4380 20
4381 54
4383 29
4382 49
4384 32
4385 32
4386 23
4387 32
4388 26
4389 26
4390 26
4391 36
4392 29
4393 37
4395 26
4396 26
4394 49
4397 26
4399 23
4398 40
4401 26
4402 23
4400 51
4404 17
4403 34
4406 32
4408 38
4407 55
4409 35
4405 87
4411 29
4412 32
4413 29
4410 76
4414 31
4416 45
4417 29
4415 67
4419 25
4418 41
4420 26
4421 31
4422 30
4424 22
4423 39
4425 25
4426 32
4427 26
4428 23
4429 37
4430 24
4431 44
4432 32
4436 17
4433 58
4434 40
4435 35
4438 33
4439 20
4437 50
4440 31
4441 35
4442 23
4444 25
4443 50
4446 26
4445 61
4448 35
4447 55
4449 40
4451 20
4452 25
4450 54
4453 26
4454 29
4455 37
4456 38
4457 29
4458 42
4461 26
4459 57
4462 25
4460 54
4463 23
4464 31
4465 28
4466 28
4467 29
4469 20
4468 59
4471 35
4470 58
4474 20
4473 47
4472 62
4475 35
4476 40
4477 32
4478 23
4481 38
4480 56
4479 72
4483 35
4482 54
4484 37
4485 32
4486 35
4487 35
4488 29
4490 17
4489 31
4491 41
4492 29
4493 32
4494 29
4495 33
4496 38
4498 20
4497 57
4500 23
4501 26
4499 50
4502 40
4504 26
4503 48
4505 26
4506 23
4507 26
4508 25
4509 36
4510 32
4511 28
4513 36
4514 26
4512 66
4515 29
4518 27
4516 55
4517 52
4520 25
4519 48
4521 36
4522 38
4523 43
4524 37
4525 29
4526 36
4527 26
4529 28
4528 50
4531 26
4532 23
4530 59
4534 26
4535 26
4536 35
4537 20
4533 82
4538 40
4539 32
4540 23
4541 23
4542 20
4543 32
4545 22
4546 17
4544 39
4547 44
4548 31
4549 34
4550 23
4551 23
4552 29
4553 23
4554 47
4555 29
4556 36
4557 29
4558 26
4559 15
4560 23
4561 28
4562 14
4563 29
4564 38
4565 41
4566 31
4567 38
4570 16
4568 45
4569 44
4571 32
4572 47
4574 28
4573 46
4575 32
4576 26
4577 29
4578 20
4579 46
4580 32
4581 38
4582 37
4583 28
4584 25
4586 22
4585 58
4587 32
4588 23
4589 41
4591 23
4592 26
4590 60
4594 36
4595 20
4596 29
4597 26
4593 74
4600 25
4598 50
4601 29
4602 22
4599 64
4604 29
4605 25
4606 35
4603 78
4607 41
4608 32
4609 44
4610 38
4611 46
4614 27
4612 58
4613 42
4615 26
4616 35
4617 32
4618 26
4619 31
4620 44
4622 29
4621 55
4624 29
4626 18
4623 50
4625 29
4627 20
4628 30
4629 34
4630 30
4632 14
4631 31
4634 17
4633 32
4635 20
4636 34
4637 22
4640 25
4639 41
4642 32
4643 28
4641 55
4638 98
4645 37
4644 49
4646 29
4647 36
4648 36
4649 29
4650 29
4651 34
4652 24
4653 32
4654 25
4655 32
4656 26
4659 28
4657 51
4660 20
4661 26
4662 23
4658 102
4663 57
4664 39
4665 52
4666 47
4667 31
4668 29
4669 38
4670 35
4671 26
4672 20
4673 18
4674 26
4675 25
4676 35
4677 31
4678 26
4679 32
4680 26
4681 26
4682 20
4684 25
4683 55
4685 29
4686 27
4687 28
4688 17
4689 38
4691 30
4692 28
4690 51
4693 35
4694 23
4695 31
4696 19
4697 29
4699 23
4698 39
4700 36
4701 26
4702 48
4703 29
4704 26
4705 33
4706 32
4707 37
4708 32
4709 29
4710 30
4711 23
4712 20
4714 28
4713 41
4716 20
4717 20
4715 59
4718 34
4720 23
4719 45
4721 42
4722 36
4723 31
4724 23
4725 29
4727 29
4728 27
4726 59
4729 29
4730 29
4731 41
4733 28
4732 47
4735 20
4734 48
4736 29
4738 14
4737 49
4739 43
4740 38
4741 26
4742 26
4743 34
4745 23
4747 35
4748 25
4746 49
4744 79
4749 32
4750 22
4751 28
4752 32
4753 29
4754 22
4755 27
4756 32
4758 28
4757 43
4759 32
4761 22
4760 40
4762 29
4763 34
4764 32
4765 25
4766 26
4767 28
4769 25
4770 25
4768 50
4772 37
4774 17
4771 58
4773 43
4775 23
4776 28
4777 26
4778 20
4779 19
4780 25
4781 36
4782 34
4784 20
4785 26
4783 50
4786 26
4787 35
4788 20
4789 22
4790 32
4791 29
4792 37
4793 48
4794 35
4795 37
4796 32
4798 26
4797 40
4799 23
4800 35
4801 35
4802 23
4803 26
4804 38
4805 25
4806 27
4807 35
4808 37
4809 23
4810 22
4811 35
4812 22
4813 35
4814 37
4815 31
4816 29
4818 20
4817 43
4819 23
4820 29
4821 29
4822 34
4823 35
4824 31
4825 29
4826 26
4827 29
4828 29
4829 38
4830 19
4832 23
4831 49
4833 30
4834 32
4835 33
4837 26
4836 51
4838 32
4839 20
4840 26
4842 17
4841 48
4843 29
4844 29
4845 32
4847 27
4848 17
4846 47
4849 23
4851 14
4852 26
4850 50
4853 27
4854 26
4855 38
4856 29
4857 28
4858 32
4859 23
4861 26
4860 39
4862 31
4863 20
4864 31
4865 26
4866 33
4867 26
4868 23
4869 21
4870 11
4871 26
4872 32
4873 38
4874 27
4875 23
4877 17
4876 32
4878 36
4879 19
4880 27
4881 34
4882 26
4883 29
4884 24
4885 23
4886 32
4887 20
4888 29
4889 36
4891 26
4890 40
4892 32
4893 26
4894 28
4895 17
4896 20
4897 30
4898 26
4899 32
4900 29
4901 23
4903 20
4902 53
4904 30
4906 35
4905 53
4908 29
4907 55
4910 36
4909 53
4912 28
4911 41
4913 23
4914 30
4915 34
4916 23
4917 37
4918 29
4919 19
4920 23
4921 28
4924 16
4922 45
4923 33
4925 32
4926 23
4927 29
4928 29
4929 38
4930 44
4931 37
4932 38
4934 27
4933 48
4935 26
4937 23
4936 48
4938 28
4939 34
4941 29
4942 23
4940 58
4943 26
4944 20
4945 28
4946 34
4947 29
4948 37
4949 26
4950 35
4951 20
4952 31
4953 33
4954 26
4955 34
4956 30
4957 25
4958 32
4959 26
4960 28
4961 26
4962 23
4963 25
4964 43
4965 29
4966 29
4967 29
4968 31
4969 26
4970 32
4972 20
4971 54
4973 29
4975 22
4974 41
4976 23
4977 29
4978 31
4979 32
4980 20
4981 28
4982 28
4983 32
4984 23
4985 26
4986 32
4987 27
4988 26
4989 14
4990 20
4991 26
4992 37
4993 35
4994 26
4995 32
4996 20
4997 31
4998 24
4999 30
5001 28
5000 54
5002 35
5003 26
5004 32
5005 32
5006 28
5007 23
5008 29
5009 32
5010 40
5011 29
5012 32
5013 32
5015 26
5014 44
5018 17
5017 31
5016 58
5019 32
5020 23
5021 32
5023 23
5022 39
5024 23
5026 28
5025 40
5027 35
5028 29
5029 31
5030 46
5032 26
5033 26
5031 58
5034 26
5035 23
5036 29
5037 29
5039 26
5038 40
5040 23
5041 32
5042 26
5043 20
5044 26
5045 23
5046 26
5048 26
5049 23
5047 65
5050 29
5051 30
5052 36
5053 32
5054 26
5055 23
5056 35
5058 26
5057 56
5059 31
5060 35
5061 22
5062 26
5063 23
5064 30
5065 29
5067 25
5068 27
5066 50
5070 24
5069 40
5071 27
5072 44
5073 29
5074 26
5075 26
5077 35
5076 51
5078 42
5079 36
5080 29
5081 26
5082 37
5083 23
5084 28
5086 26
5085 46
5087 32
5088 33
5089 31
5090 25
5091 29
5092 29
5093 28
5094 25
5095 38
5096 23
5097 29
5099 26
5100 20
5098 51
5102 23
5101 41
5103 20
5104 26
5105 36
5106 31
5107 42
5108 37
5110 23
5109 55
5112 26
5111 54
5114 32
5113 55
5115 29
5116 26
5117 26
5118 30
5119 29
5120 26
5122 23
5123 25
5121 59
5124 29
5125 32
5126 29
5127 26
5129 23
5128 45
5131 20
5130 53
5132 29
5133 29
5134 26
5135 20
5136 23
5137 17
5138 25
5139 25
5140 35
5141 28
5142 35
5143 29
5144 29
5145 29
5146 34
5147 31
5149 20
5148 51
5151 26
5150 40
5152 26
5153 35
5154 26
5155 23
5156 17
5157 32
5158 29
5159 32
5160 34
5161 22
5162 34
5163 25
5165 23
5164 52
5166 29
5167 26
5168 36
5170 36
5171 35
5172 32
5173 26
5169 78
5174 28
5176 22
5175 39
5177 26
5178 23
5179 31
5180 23
5181 40
5183 26
5182 41
5185 25
5184 49
5186 43
5187 29
5188 26
5189 14
5190 23
5191 31
5192 29
5193 25
5194 35
5195 43
5196 32
5197 34
5198 28
5199 25
5200 23
5201 46
5202 41
5203 31
5204 29
5206 23
5205 39
5207 29
5208 28
5209 26
5210 35
5211 38
5213 18
5212 29
5214 26
5215 37
5216 29
5217 29
5218 29
5219 36
5221 29
5222 25
5220 59
5223 33
5224 29
5225 29
5226 26
5227 39
5228 29
5231 26
5229 50
5230 43
5232 26
5233 45
5234 30
5235 23
5236 32
5237 23
5238 28
5239 35
5240 23
5241 24
5243 20
5242 48
5244 29
5245 44
5246 34
5247 29
5248 20
5250 35
5251 29
5252 38
5249 73
5253 32
5255 28
5256 23
5254 54
5257 36
5259 17
5258 29
5260 26
5261 23
5263 31
5262 57
5264 32
5265 28
5266 20
5267 31
5269 25
5268 61
5271 31
5270 62
5272 49
5273 49
5274 44
5275 32
5276 20
5277 25
5278 35
5279 26
5280 28
5281 29
5282 28
5283 32
5284 22
5285 32
5286 23
5287 27
5288 32
5290 26
5289 45
5291 47
5292 31
5293 46
5294 31
5295 39
5296 32
5297 20
5298 26
5299 26
5300 23
5301 31
5302 25
5304 23
5305 17
5303 39
5307 17
5306 29
5308 26
5309 26
5310 26
5311 35
5312 27
5313 24
5314 32
5315 38
5316 28
5317 38
5318 32
5319 20
5320 28
5321 45
5323 28
5322 43
5325 28
5326 25
5324 54
5327 26
5328 23
5329 29
5330 20
5331 34
5332 29
5333 30
5335 26
5336 19
5334 55
5337 31
5338 26
5339 32
5340 37
5341 46
5342 32
5343 35
5344 32
5345 22
5346 23
5347 32
5348 22
5350 23
5351 29
5352 26
5349 65
5354 17
5353 32
5355 31
5356 23
5357 35
5358 20
5359 23
5360 32
5361 29
5362 27
5363 31
5364 29
5365 29
5366 39
5369 28
5367 50
5368 46
5370 23
5371 32
5372 26
5374 14
5373 32
5375 29
5377 23
5378 17
5376 48
5380 26
5379 47
5381 31
5382 26
5383 26
5384 26
5387 17
5385 43
5388 20
5386 58
5390 20
5389 40
5392 23
5391 43
5393 20
5394 17
5395 33
5397 40
5398 34
5396 66
5399 32
5400 25
5401 30
5402 26
5403 31
5404 44
5405 48
5406 32
5407 33
5409 28
5411 17
5408 62
5410 44
5412 35
5413 41
5414 46
5415 36
5416 31
5417 26
5418 29
5419 23
5420 23
5421 57
5422 45
5423 35
5425 37
5426 23
5424 55
5427 29
5428 19
5429 27
5430 36
5431 26
5432 27
5433 26
5434 33
5435 28
5436 23
5437 31
5438 38
5440 20
5441 26
5439 54
5442 32
5444 23
5443 47
5445 54
5446 39
5448 25
5447 54
5450 33
5452 32
5449 70
5451 54
5453 32
5456 26
5454 60
5455 58
5458 23
5459 45
5460 29
5461 29
5462 26
5457 81
5463 26
5465 20
5466 29
5467 28
5464 61
5468 29
5469 39
5470 34
5471 29
5472 39
5473 44
5474 34
5475 28
5476 45
5478 34
5479 31
5480 26
5477 62
5482 37
5483 26
5481 58
5484 20
5485 26
5486 35
5487 38
5488 22
5489 26
5490 14
5491 35
5492 26
5493 29
5494 38
5495 23
5496 31
5497 35
5498 33
5499 31
5500 33
5501 33
5502 29
5503 29
5504 26
5505 23
5506 20
5507 28
5508 26
5509 22
5510 35
5511 25
5513 23
5512 39
5514 23
5515 38
5516 32
5517 42
5518 35
5519 32
5520 30
5521 27
5522 34
5523 28
5524 28
5527 17
5525 45
5526 29
5528 23
5529 20
5530 35
5531 37
5532 42
5535 20
5533 49
5536 26
5534 55
5537 29
5538 37
5539 25
5541 23
5540 45
5542 23
5543 33
5544 33
5545 25
5546 38
5548 20
5547 51
5549 35
5550 36
5551 35
5552 26
5554 23
5553 46
5555 26
5557 23
5556 52
5558 35
5559 30
5560 40
5561 29
5562 25
5563 26
5564 34
5566 43
5567 41
5568 44
5569 31
5570 23
5565 86
5571 23
5572 29
5573 22
5574 20
5575 33
5577 27
5576 44
5579 16
5578 45
5581 31
5580 52
5582 31
5583 26
5584 35
5585 48
5587 25
5586 52
5588 29
5589 25
5591 20
5590 41
5592 23
5594 17
5593 29
5595 34
5596 46
5598 23
5599 19
5597 55
5600 43
5601 32
5602 28
5603 20
5604 38
5605 26
5606 26
5607 17
5608 32
5609 29
5610 23
5611 31
5613 26
5612 40
5614 22
5615 20
5616 26
5618 23
5617 44
5619 38
5620 30
5621 23
5622 23
5623 29
5624 23
5625 20
5626 26
5627 26
5628 23
5629 33
5630 38
5632 25
5631 39
5633 20
5634 29
5635 23
5636 33
5637 26
5638 28
5639 31
5640 26
5642 26
5643 26
5641 64
5644 32
5645 24
5646 23
5648 23
5647 46
5649 30
5650 19
5651 31
5652 28
5653 32
5654 20
5655 32
5656 29
5657 32
5658 20
5660 28
5659 41
5661 26
5662 29
5663 26
5664 37
5666 26
5665 39
5667 20
5668 26
5669 26
5670 22
5671 28
5673 14
5674 25
5672 53
5675 34
5676 38
5677 22
5678 26
5679 32
5680 29
5681 29
5682 23
5683 26
5684 29
5685 26
5686 16
5687 26
5688 26
5689 26
5690 32
5691 26
5692 29
5693 23
5694 26
5697 17
5695 44
5696 36
5698 26
5699 17
5700 30
5701 22
5703 35
5704 32
5705 29
5706 23
5702 69
5707 32
5708 34
5709 29
5710 43
5711 35
5712 20
5713 26
5714 23
5715 28
5716 26
5717 23
5718 32
5719 32
5720 23
5722 16
5721 35
5723 35
5724 32
5725 28
5726 28
5727 25
5728 23
5729 35
5730 22
5731 25
5732 29
5733 32
5734 23
5735 24
5736 32
5737 32
5738 23
5739 22
5741 23
5742 28
5740 53
5744 31
5745 26
5743 52
5746 32
5747 32
5748 26
5749 26
5750 25
5752 20
5753 23
5751 55
5754 20
5755 35
5756 30
5757 25
5758 31
5759 21
5760 32
5761 23
5762 19
5763 20
5765 29
5764 56
5766 34
5768 20
5767 50
5770 23
5771 31
5769 60
5772 48
5773 34
5774 32
5776 26
5775 45
5777 19
5778 25
5779 38
5780 26
5781 26
5782 28
5783 25
5785 34
5784 49
5787 28
5788 19
5786 55
5789 23
5791 23
5792 26
5790 55
5794 23
5795 28
5793 66
5797 38
5798 20
5796 56
5799 29
5800 22
5801 26
5803 24
5805 17
5802 49
5804 32
5806 26
5807 27
5808 35
5809 26
5810 35
5811 29
5812 20
5813 37
5814 32
5815 31
5816 32
5817 29
5818 29
5819 29
5820 23
5821 40
5822 29
5823 29
5825 20
5824 61
5827 32
5828 26
5826 57
5829 23
5830 26
5831 38
5832 38
5833 20
5834 29
5835 31
5836 26
5837 26
5838 29
5839 39
5840 31
5841 26
5842 28
5843 44
5844 33
5845 45
5846 30
5847 23
5848 31
5849 26
5850 31
5851 29
5852 29
5853 26
5854 26
5855 29
5856 23
5857 33
5858 23
5859 17
5861 16
5860 29
5862 32
5863 32
5864 32
5865 41
5866 42
5867 31
5868 23
5869 29
5870 23
5872 36
5871 50
5873 33
5874 26
5875 34
5876 23
5877 26
5878 26
5880 28
5879 49
5881 32
5882 29
5883 25
5884 22
5885 26
5886 31
5887 30
5889 19
5888 43
5890 32
5891 32
5892 29
5893 38
5894 20
5895 29
5896 32
5897 43
5898 32
5899 26
5900 23
5902 20
5901 48
5903 29
5904 34
5905 33
5907 29
5906 55
5908 47
5909 37
5910 32
5911 40
5913 26
5912 43
5914 32
5915 32
5916 26
5918 28
5919 26
5917 56
5920 33
5921 35
5923 17
5922 32
5924 26
5925 28
5926 26
5927 33
5928 20
5929 23
5930 32
5931 25
5932 29
5933 26
5934 29
5935 32
5936 32
5937 21
5938 45
5940 29
5939 57
5942 19
5941 49
5944 23
5943 40
5945 23
5946 20
5947 40
5948 29
5949 28
5951 26
5950 46
5952 32
5953 23
5954 29
5955 23
5956 23
5957 26
5958 42
5959 37
5960 26
5961 27
5962 29
5963 23
5964 23
5965 26
5966 29
5967 23
5968 29
5969 29
5970 26
5971 30
5972 26
5973 29
5974 20
5975 25
5976 23
5977 24
5978 23
5979 26
5980 14
5981 23
5982 38
5983 25
5985 32
5984 52
5986 29
5987 26
5989 25
5990 26
5988 57
5991 47
5992 44
5993 29
5994 30
5995 41
5996 38
5997 35
5998 34
5999 29
6000 26
6002 11
6001 43
6003 29
6004 25
6005 23
6006 34
6007 29
6008 29
6009 26
6010 32
6012 37
6014 26
6011 60
6015 31
6013 59
6016 46
6017 44
6018 32
6019 23
6020 29
6021 23
6022 32
6023 34
6025 25
6026 25
6024 55
6027 32
6028 31
6030 35
6031 26
6029 49
6032 32
6033 22
6035 20
6034 48
6036 20
6038 26
6037 63
6039 48
6040 35
6041 36
6043 17
6044 34
6042 61
6045 34
6046 35
6047 37
6048 28
6049 20
6050 30
6051 25
6052 26
6053 29
6056 27
6054 53
6057 23
6055 52
6058 45
6060 23
6059 46
6061 29
6063 23
6062 39
6064 35
6065 23
6066 20
6067 45
6068 29
6070 19
6069 50
6071 32
6073 26
6074 22
6072 50
6075 23
6076 28
6077 23
6078 20
6080 23
6079 46
6081 28
6082 32
6085 28
6083 56
6086 33
6084 60
6088 35
6089 26
6090 23
6087 64
6091 32
6092 33
6094 28
6093 40
6095 25
6096 26
6097 20
6100 23
6101 26
6102 29
6103 23
6098 81
6099 77
6104 23
6105 42
6106 35
6109 17
6107 44
6110 27
6108 50
6111 31
6112 31
6113 20
6114 23
6115 32
6116 23
6117 33
6119 23
6118 49
6120 29
6121 29
6122 25
6123 32
6124 26
6125 31
6126 23
6127 36
6128 29
6129 45
6130 35
6131 26
6133 31
6132 49
6134 31
6135 26
6136 23
6137 26
6138 46
6139 29
6140 27
6141 39
6142 31
6143 32
6145 29
6144 57
6146 29
6147 23
6148 37
6149 23
6150 32
6151 33
6152 35
6153 29
6154 32
6155 29
6156 26
6157 29
6160 9
6159 33
6158 55
6162 25
6163 28
6161 49
6164 29
6165 24
6166 35
6167 48
6169 20
6168 51
6170 45
6171 31
6172 26
6173 20
6174 29
6175 26
6176 20
6177 29
6178 35
6179 20
6181 33
6182 26
6183 23
6184 26
6180 76
6186 26
6185 54
6188 24
6187 46
6189 26
6190 36
6191 33
6193 28
6192 39
6194 29
6195 48
6196 39
6197 34
6199 32
6200 22
6201 17
6198 54
6202 23
6203 26
6204 29
6206 26
6205 53
6207 36
6208 34
6209 29
6210 26
6211 32
6212 20
6213 19
6214 23
6215 23
6216 29
6217 35
6218 29
6219 33
6220 30
6221 20
6222 27
6223 31
6224 26
6225 32
6226 29
6227 21
6228 29
6229 28
6230 43
6232 25
6233 20
6231 56
6235 31
6234 63
6236 42
6237 31
6238 37
6239 35
6240 32
6241 26
6242 20
6243 33
6244 31
6245 32
6246 23
6247 29
6248 26
6249 30
6250 48
6251 31
6252 20
6253 38
6254 26
6255 36
6256 29
6257 34
6258 35
6259 32
6260 38
6261 38
6262 31
6263 32
6264 27
6265 23
6266 26
6267 29
6268 22
6269 23
6270 20
6271 28
6273 22
6272 42
6274 23
6275 26
6276 29
6277 33
6278 23
6279 26
6280 20
6282 28
6283 26
6281 49
6284 23
6286 25
6287 17
6288 23
6285 62
6289 38
6290 30
6291 30
6292 28
6293 35
6295 26
6294 50
6296 35
6297 29
6298 32
6299 30
6300 29
6301 23
6302 38
6303 26
6305 35
6304 55
6306 48
6309 17
6308 35
6307 63
6310 42
6311 32
6312 32
6313 29
6314 29
6315 32
6316 26
6318 22
6319 35
6317 59
6320 33
6321 40
6322 38
6324 26
6325 23
6323 51
6326 29
6327 38
6328 23
6329 29
6330 35
6331 38
6332 23
6333 28
6334 45
6335 42
6337 23
6336 39
6338 31
6339 26
6340 26
6341 35
6342 24
6343 31
6344 23
6345 34
6346 29
6347 24
6348 23
6350 22
6349 49
6351 43
6354 26
6352 55
6353 39
6355 46
6356 35
6360 23
6357 66
6359 40
6361 26
6358 66
6362 22
6363 30
6364 28
6365 29
6366 26
6367 39
6368 29
6370 31
6369 53
6371 35
6372 24
6373 17
6374 20
6375 26
6376 35
6377 23
6378 25
6379 38
6380 22
6381 34
6382 25
6383 29
6384 20
6385 29
6386 40
6387 35
6388 23
6390 25
6391 14
6389 41
6392 33
6394 20
6393 52
6395 37
6396 34
6398 26
6397 39
6399 29
6400 37
6401 28
6402 32
6403 32
6405 19
6404 50
6406 32
6407 26
6408 20
6409 32
6410 32
6411 29
6412 25
6413 23
6414 23
6415 26
6416 22
6417 24
6418 17
6419 27
6420 32
6421 44
6422 44
6423 49
6424 40
6425 29
6426 36
6427 26
6428 32
6429 23
6430 29
6431 26
6432 31
6433 23
6435 25
6436 14
6434 47
6437 35
6438 29
6439 23
6440 34
6441 27
6442 20
6443 29
6444 29
6445 35
6446 25
6447 44
6448 36
6449 32
6450 26
6451 23
6452 29
6454 28
6453 53
6455 38
6456 37
6457 29
6458 29
6459 29
6460 29
6461 39
6462 52
6464 29
6465 28
6463 49
6466 29
6468 23
6469 17
6467 42
6470 29
6471 24
6472 23
6473 17
6474 25
6475 37
6476 20
6477 25
6478 33
6479 26
6480 26
6481 23
6482 34
6483 30
6484 34
6486 23
6485 40
6487 35
6488 32
6489 34
6490 35
6491 27
6492 26
6493 35
6494 26
6495 31
6496 34
6497 29
6499 34
6498 52
6500 32
6501 26
6502 32
6504 24
6503 42
6505 23
6506 23
6507 28
6508 23
6510 23
6509 40
6511 44
6512 32
6513 35
6514 19
6515 38
6516 26
6517 45
6518 31
6519 34
6520 44
6521 31
6522 29
6523 34
6525 31
6526 29
6524 61
6529 28
6527 65
6528 60
6531 32
6532 35
6533 29
6530 73
6534 38
6535 40
6536 38
6537 26
6538 31
6539 42
6540 35
6542 23
6544 23
6541 59
6543 39
6545 29
6546 20
6547 16
6548 35
6550 26
6551 23
6549 53
6553 11
6552 34
6554 29
6555 32
6556 25
6557 17
6558 14
6559 26
6560 31
6561 26
6562 28
6563 36
6564 23
6565 48
6566 35
6567 32
6568 27
6569 29
6570 32
6571 26
6572 34
6573 28
6574 32
6575 31
6576 26
6577 29
6578 26
6579 26
6580 32
6581 33
6582 29
6583 29
6584 29
6585 24
6586 20
6587 26
6588 23
6589 39
6591 26
6590 48
6592 29
6593 27
6594 23
6596 29
6595 49
6597 29
6598 35
6599 29
6600 35
6601 44
6602 32
6603 29
6604 32
6605 23
6606 23
6607 26
6608 36
6609 19
6610 34
6611 32
6612 23
6613 20
6614 32
6615 23
6616 24
6617 28
6618 17
6619 31
6620 30
6621 34
6622 37
6623 20
6624 20
6626 25
6625 48
6627 26
6628 32
6629 29
6630 39
6631 29
6632 26
6633 32
6634 29
6635 29
6636 35
6637 26
6638 53
6640 31
6641 23
6639 52
6642 26
6643 29
6644 31
6645 29
6646 26
6647 34
6649 26
6648 42
6650 32
6652 27
6651 57
6653 44
6654 41
6655 32
6656 29
6657 33
6658 29
6659 20
6660 51
6661 40
6662 36
6663 26
6664 29
6665 33
6666 22
6667 26
6668 29
6669 31
6670 26
6671 30
6672 25
6673 26
6674 20
6675 26
6676 38
6677 29
6678 55
6679 39
6681 27
6680 40
6682 28
6683 23
6684 34
6685 20
6686 41
6687 29
6688 26
6689 26
6691 23
6690 54
6692 31
6693 26
6695 31
6696 31
6694 62
6697 48
6698 32
6699 26
6700 32
6701 22
6702 19
6704 28
6703 43
6705 36
6706 28
6707 25
6708 35
6709 39
6710 29
6711 35
6713 23
6712 42
6714 31
6715 43
6716 31
6717 29
6719 26
6718 40
6720 36
6721 24
6722 37
6723 32
6725 23
6726 20
6727 38
6724 74
6728 32
6729 35
6730 29
6731 36
6733 23
6732 43
6734 29
6735 26
6736 25
6738 24
6737 53
6740 25
6741 38
6742 33
6743 26
6739 69
6744 37
6745 38
6746 26
6748 27
6747 45
6749 29
6750 37
6751 31
6752 26
6753 34
6754 35
6756 23
6755 40
6757 26
6758 23
6760 29
6761 23
6759 64
6762 45
6764 23
6763 57
6765 35
6766 33
6767 40
6768 34
6769 47
6770 29
6771 48
6772 32
6773 31
6774 29
6775 25
6777 26
6776 46
6778 23
6780 26
6779 52
6781 55
6783 29
6782 55
6785 26
6784 51
6786 39
6787 30
6788 32
6790 26
6791 30
6789 62
6792 39
6793 31
6794 37
6795 25
6796 35
6798 26
6799 23
6797 50
6802 8
6800 38
6801 52
6803 29
6804 29
6805 20
6806 27
6807 26
6808 31
6810 20
6809 46
6811 29
6812 31
6813 26
6814 29
6815 28
6816 20
6818 29
6819 26
6817 49
6820 22
6821 24
6822 26
6823 23
6824 29
6825 31
6826 20
6827 28
6828 29
6829 26
6830 22
6831 35
6832 29
6833 28
6834 45
6835 54
6837 34
6839 26
6836 62
6838 49
6840 38
6841 32
6842 35
6843 35
6844 23
6845 26
6846 28
6848 26
6847 52
6849 29
6850 28
6851 31
6852 29
6853 27
6855 25
6854 45
6856 23
6857 35
6858 26
6859 39
6861 26
6862 25
6860 50
6864 33
6863 54
6865 32
6866 23
6867 35
6868 20
6869 14
6870 23
6871 31
6872 32
6873 22
6874 20
6875 46
6877 34
6878 33
6879 20
6876 60
6880 26
6881 26
6882 26
6884 26
6883 47
6885 32
6886 23
6887 34
6888 48
6889 32
6890 25
6891 32
6893 13
6892 35
6894 23
6895 32
6896 34
6897 36
6898 29
6899 35
6900 32
6901 20
6902 21
6903 28
6904 48
6905 40
6906 46
6908 23
6907 41
6909 34
6911 18
6910 29
6912 25
6913 23
6914 31
6916 23
6915 46
6917 31
6918 31
6919 40
6920 31
6921 32
6922 35
6923 28
6925 30
6924 52
6926 49
6927 44
6928 29
6929 35
6930 32
6931 29
6932 29
6933 35
6934 31
6935 29
6936 23
6937 32
6938 20
6939 29
6940 22
6941 46
6942 33
6943 26
6945 34
6946 23
6944 49
6947 31
6948 27
6949 35
6951 25
6950 48
6953 32
6954 23
6952 50
6955 29
6956 23
6957 30
6958 31
6959 23
6960 23
6961 23
6962 25
6963 29
6965 31
6964 51
6966 39
6968 35
6969 26
6967 56
6970 20
6971 30
6972 33
6974 27
6976 20
6973 61
6975 43
6977 36
6978 32
6979 32
6981 21
6980 43
6982 48
6984 25
6983 41
6986 25
6985 51
6987 41
6988 48
6989 32
6990 26
6991 29
6992 32
6994 18
6993 32
6995 26
6996 24
6997 31
6998 34
6999 28
7000 28
7001 34
7002 28
7003 36
7004 26
7005 35
7006 25
7007 28
7008 33
7009 26
7011 37
7012 33
7010 63
7013 38
7014 47
7015 29
7017 28
7016 56
7018 39
7019 38
7020 36
7021 33
7022 24
7024 20
7023 43
7025 35
7027 36
7026 55
7028 29
7029 41
7030 50
7031 40
7032 40
7033 40
7034 30
7035 23
7036 23
7037 28
7038 37
7039 28
7040 34
7041 23
7042 26
7043 23
7044 27
7045 20
7046 37
7047 35
7048 26
7049 24
7050 28
7051 23
7052 29
7053 26
7054 32
7055 26
7056 29
7057 23
7058 29
7059 29
7061 35
7060 52
7062 32
7063 46
7065 23
7066 33
7064 59
7067 31
7068 26
7069 48
7070 42
7071 32
7072 20
7073 34
7074 26
7075 23
7076 28
7077 23
7078 17
7079 23
7080 22
7081 31
7082 33
7083 35
7084 34
7085 26
7086 33
7087 27
7088 47
7089 40
7090 29
7091 32
7092 23
7093 28
7094 23
7095 25
7096 32
7097 29
7098 32
7099 30
7100 32
7102 30
7103 28
7101 52
7104 44
7106 26
7105 48
7107 20
7108 35
7109 26
7110 23
7111 42
7112 32
7113 20
7114 32
7115 38
7116 22
7117 45
7118 29
7119 29
7120 35
7121 20
7122 33
7123 26
7124 35
7125 29
7126 34
7127 32
7128 29
7129 29
7130 26
7131 28
7132 32
7133 23
7134 26
7135 29
7136 31
7137 23
7138 29
7140 26
7139 39
7141 20
7142 28
7143 26
7146 26
7144 56
7147 26
7145 50
7149 23
7148 40
7150 33
7151 36
7152 29
7153 29
7154 38
7155 32
7156 26
7157 23
7158 26
7159 22
7160 31
7161 30
7162 29
7163 26
7164 33
7165 22
7166 46
7167 29
7168 41
7169 35
7170 26
7172 23
7173 26
7171 52
7174 29
7176 23
7178 25
7175 62
7177 46
7179 24
7180 48
7181 30
7183 26
7182 51
7185 31
7186 22
7184 51
7187 20
7188 34
7189 37
7190 29
7191 32
7193 23
7194 25
7192 57
7195 26
7196 31
7199 17
7198 29
7197 52
7200 32
7201 35
7202 26
7203 17
7204 25
7205 26
7206 27
7207 26
7208 23
7209 23
7211 38
7212 26
7210 49
7214 23
7215 28
7213 58
7216 32
7219 16
7217 45
7220 20
7218 49
7221 26
7222 39
7225 20
7223 58
7224 46
7226 32
7227 44
7230 23
7228 55
7229 57
7231 29
7232 35
7233 26
7234 34
7235 31
7236 26
7237 30
7238 32
7239 26
7240 29
7241 28
7242 25
7243 23
7244 20
7246 17
7245 48
7247 23
7248 37
7249 26
7250 29
7251 22
7252 20
7253 36
7254 29
7255 34
7256 29
7257 37
7258 26
7259 29
7260 29
7261 32
7262 29
7263 32
7265 26
7264 40
7266 20
7268 37
7267 57
7269 29
7271 31
7270 65
7273 29
7274 34
7275 26
7272 62
7278 26
7277 44
7279 23
7276 61
7280 40
7281 29
7283 17
7282 34
7284 25
7286 17
7287 27
7285 49
7289 23
7290 28
7288 52
7291 27
7292 31
7293 20
7294 41
7296 22
7295 49
7297 32
7298 29
7299 33
7300 23
7301 26
7302 29
7303 20
7304 20
7305 23
7306 32
7307 23
7308 32
7309 32
7310 33
7311 29
7312 36
7313 25
7314 24
7315 41
7316 35
7317 32
7318 29
7320 34
7319 58
7321 30
7322 35
7323 32
7324 31
7325 20
7326 29
7328 26
7327 51
7329 35
7331 33
7332 23
7333 36
7334 43
7335 38
7330 93
7337 23
7336 46
7338 31
7339 29
7340 29
7341 36
7342 26
7344 21
7343 40
7345 46
7346 32
7347 32
7349 27
7348 47
7350 42
7351 37
7352 25
7353 26
7354 23
7355 43
7356 32
7358 31
7359 28
7357 50
7360 20
7361 36
7362 31
7364 35
7365 23
7366 26
7367 17
7363 69
7369 17
7368 29
7370 36
7371 29
7372 20
7373 26
7374 26
7375 23
7376 20
7377 34
7380 17
7378 43
7379 45
7381 32
7382 20
7383 37
7384 29
7385 26
7386 45
7387 29
7388 47
7389 47
7390 54
7391 45
7393 26
7394 23
7392 59
7396 20
7397 29
7398 23
7395 65
7399 31
7400 32
7401 31
7402 25
7403 34
7404 35
7405 31
7406 23
7407 28
7408 20
7409 30
7410 29
7412 33
7413 27
7411 56
7414 39
7415 45
7416 38
7417 25
7419 17
7418 29
7420 29
7422 26
7421 41
7423 26
7424 17
7425 30
7426 28
7427 20
7429 28
7428 47
7430 33
7431 23
7432 21
7433 28
7434 32
7435 37
7436 48
7437 35
7438 20
7439 26
7440 25
7441 23
7442 17
7443 31
7444 38
7446 37
7447 26
7445 56
7448 26
7449 23
7450 29
7451 28
7452 31
7453 33
7455 32
7454 55
7456 33
7457 38
7458 22
7459 38
7460 36
7461 26
7462 34
7463 20
7465 26
7464 41
7466 34
7468 16
7467 40
7469 26
7470 23
7472 28
7471 53
7473 39
7474 29
7475 29
7476 35
7477 29
7478 26
7479 26
7480 32
7481 27
7482 26
7483 32
7484 32
7485 26
7486 35
7487 29
7489 23
7488 43
7490 31
7491 26
7492 16
7493 34
7494 26
7495 39
7496 33
7497 32
7498 29
7500 14
7499 33
7501 29
7502 26
7503 32
7504 27
7506 29
7505 49
7507 34
7508 31
7509 42
7510 29
7511 36
7512 20
7513 22
7514 34
7515 35
7516 32
7517 32
7518 32
7519 32
7520 34
7521 26
7522 31
7523 26
7525 17
7524 55
7526 52
7527 45
7528 32
7529 29
7530 26
7531 26
7532 37
7533 30
7534 20
7535 29
7536 27
7537 29
7538 25
7539 29
7540 32
7541 29
7542 35
7543 25
7544 29
7545 23
7546 23
7547 35
7548 37
7549 23
7550 32
7551 37
7552 37
7553 29
7554 32
7555 20
7556 32
7558 30
7559 25
7557 50
7560 32
7561 28
7562 31
7564 25
7563 39
7565 29
7566 26
7567 26
7568 23
7570 28
7569 41
7571 28
7572 31
7574 30
7575 26
7573 66
7576 38
7578 35
7577 49
7579 29
7580 23
7581 29
7582 23
7583 31
7584 35
7585 35
7586 32
7588 25
7587 40
7589 25
7590 32
7591 20
7592 44
7593 31
7594 31
7595 26
7596 42
7598 37
7597 51
7599 34
7600 26
7601 31
7602 25
7603 20
7605 17
7606 20
7604 55
7607 26
7608 23
7610 26
7609 39
7611 26
7613 29
7614 20
7612 56
7615 20
7616 23
7617 47
7620 26
7619 50
7618 77
7621 39
7622 29
7623 26
7624 28
7625 38
7627 35
7628 32
7626 65
7629 37
7630 38
7631 28
7632 26
7633 29
7634 23
7635 23
7636 26
7637 23
7638 32
7640 23
7639 46
7641 36
7642 29
7643 26
7644 23
7645 32
7646 26
7647 34
7648 23
7649 42
7650 35
7653 14
7651 40
7652 34
7655 29
7654 51
7656 34
7657 19
7658 29
7659 26
7660 31
7661 29
7663 23
7664 35
7662 61
7666 34
7668 17
7665 66
7667 39
7669 29
7670 26
7671 23
7672 32
7673 48
7674 35
7675 36
7676 25
7677 28
7678 33
7679 48
7680 32
7682 29
7684 23
7681 64
7683 54
7685 31
7687 31
7686 55
7688 29
7689 23
7690 20
7691 17
7693 20
7694 16
7692 68
7696 28
7697 26
7695 52
7699 23
7700 31
7701 20
7702 27
7698 70
7703 29
7704 26
7705 23
7706 34
7707 23
7708 29
7709 36
7711 29
7712 23
7710 59
7713 32
7714 23
7715 38
7716 32
7717 46
7718 35
7719 26
7720 28
7721 26
7722 14
7723 48
7724 29
7725 29
7726 38
7727 23
7728 29
7729 32
7730 26
7731 26
7732 26
7733 26
7734 29
7735 34
7736 30
7737 26
7738 48
7739 45
7741 29
7740 58
7742 29
7743 20
7744 14
7745 34
7746 29
7747 28
7748 20
7749 34
7750 37
7751 32
7752 35
7754 23
7753 54
7755 35
7756 20
7758 23
7757 48
7759 30
7760 28
7761 32
7762 32
7763 37
7764 30
7765 29
7766 41
7767 41
7768 29
7769 20
7770 35
7771 38
7772 20
7773 20
7774 29
7775 20
7776 32
7777 28
7778 37
7779 31
7780 36
7781 29
7782 27
7783 29
7784 29
7785 23
7786 29
7787 32
7790 17
7789 37
7788 62
7791 32
7792 26
7793 29
7794 28
7795 25
7796 29
7797 48
7798 33
7799 29
7800 31
7801 23
7802 26
7803 26
7804 33
7805 37
7806 26
7807 34
7808 23
7809 41
7810 32
7811 29
7812 26
7813 32
7814 36
7815 23
7816 23
7817 14
7818 33
7819 26
7820 31
7821 25
7822 20
7823 29
7824 26
7825 26
7826 34
7827 31
7828 29
7829 34
7830 32
7831 38
7832 34
7833 29
7834 23
7835 17
7836 27
7837 37
7838 23
7839 26
7840 22
7841 28
7842 31
7843 19
7844 14
7845 22
7846 17
7847 30
7848 30
7851 26
7850 44
7849 67
7852 32
7853 37
7854 31
7855 54
7856 41
7857 32
7858 26
7859 20
7860 22
7861 29
7863 29
7862 49
7864 37
7865 26
7866 31
7867 24
7868 31
7869 25
7870 31
7871 27
7872 32
7873 33
7874 32
7875 26
7876 28
7877 35
7878 23
7879 44
7880 31
7881 23
7882 17
7883 29
7884 25
7885 34
7886 35
7887 26
7889 28
7888 39
7890 34
7891 26
7892 23
7894 32
7895 21
7893 65
7896 32
7897 30
7898 26
7899 26
7900 20
7901 29
7902 45
7903 45
7904 36
7905 31
7906 32
7908 29
7907 49
7909 34
7910 23
7912 17
7911 29
7913 34
7914 23
7915 32
7916 35
7918 23
7917 54
7919 29
7920 29
7921 33
7922 31
7923 29
7924 21
7925 35
7926 24
7928 20
7927 45
7929 28
7930 32
7932 24
7931 40
7933 25
7934 26
7935 28
7936 35
7937 19
7938 48
7939 48
7941 25
7940 44
7942 33
7943 23
7944 31
7945 32
7947 27
7946 39
7948 26
7949 26
7950 26
7951 26
7953 38
7954 28
7952 56
7955 26
7956 17
7957 31
7959 26
7958 45
7960 26
7961 23
7962 38
7963 19
7964 23
7965 29
7967 23
7966 43
7968 23
7969 17
7970 34
7971 32
7973 23
7972 53
7974 34
7975 35
7976 32
7977 35
7978 29
7979 31
7980 23
7981 29
7982 32
7983 32
7984 26
7986 17
7985 32
7987 38
7988 35
7989 23
7990 26
7991 28
7992 24
7993 46
7994 45
7995 32
7996 26
7997 31
7998 32
7999 34
8000 32
8001 26
8002 34
8003 23
8004 31
8005 28
8006 26
8007 20
8008 27
8009 29
8010 22
8011 32
8012 32
8013 29
8014 29
8015 26
8016 29
8017 29
8018 28
8019 31
8020 20
8021 20
8022 44
8023 29
8024 48
8025 31
8026 35
8027 20
8028 29
8030 20
8029 53
8032 25
8031 48
8033 34
8034 32
8035 26
8036 23
8037 41
8038 32
8039 29
8040 20
8042 17
8041 29
8043 43
8044 31
8045 35
8046 27
8047 23
8048 40
8049 35
8050 28
8051 26
8052 25
8053 33
8054 28
8055 23
8056 35
8057 23
8058 20
8059 42
8060 40
8062 26
8061 42
8063 23
8064 35
8065 26
8067 27
8066 50
8068 29
8069 32
8070 25
8071 26
8072 22
8073 43
8074 31
8075 28
8076 31
8077 37
8078 28
8079 33
8080 36
8081 23
8083 26
8082 43
8084 32
8085 20
8086 46
8088 23
8089 28
8090 20
8087 68
8091 23
8092 38
8093 23
8094 35
8097 23
8095 49
8096 55
8098 29
8099 29
8100 26
8102 29
8103 26
8104 26
8101 66
8105 25
8106 32
8107 35
8108 29
8109 22
8110 28
8111 32
8112 42
8113 38
8115 26
8114 39
8116 38
8117 25
8118 28
8119 32
8120 27
8122 17
8121 37
8123 24
8124 29
8126 17
8125 38
8127 31
8128 26
8129 34
8130 26
8131 28
8132 26
8134 35
8133 54
8136 22
8135 44
8137 37
8138 28
8140 26
8139 42
8141 36
8142 25
8143 47
8144 37
8145 32
8146 36
8147 36
8148 25
8149 32
8150 26
8151 32
8153 28
8152 44
8154 28
8155 26
8156 28
8157 20
8158 41
8159 45
8160 31
8161 23
8162 23
8163 32
8164 31
8166 35
8165 52
8168 23
8169 32
8170 29
8167 72
8171 38
8172 36
8174 26
8175 26
8173 59
8176 37
8177 38
8178 26
8179 20
8180 23
8181 32
8182 25
8183 31
8185 32
8186 26
8184 54
8187 29
8188 40
8189 31
8190 29
8191 23
8192 32
8193 34
8194 23
8195 32
8196 26
8197 20
8198 29
8199 26
8200 25
8201 36
8202 23
8203 35
8204 32
8205 26
8207 32
8208 29
8209 28
8206 72
8211 29
8210 51
8212 42
8213 32
8214 29
8215 34
8216 45
8218 28
8217 41
8219 23
8220 19
8221 28
8223 20
8222 45
8224 23
8225 27
8226 29
8227 25
8228 39
8229 35
8230 31
8231 27
8232 30
8234 29
8235 20
8236 23
8233 61
8237 28
8238 16
8239 35
8241 31
8240 57
8244 33
8245 26
8242 60
8246 26
8243 61
8247 23
8248 30
8249 28
8250 35
8252 28
8254 17
8251 58
8253 32
8255 28
8256 17
8257 29
8258 40
8259 38
8260 23
8261 23
8262 30
8263 26
8264 32
8265 27
8266 37
8267 30
8268 29
8269 26
8270 26
8272 23
8271 42
8273 43
8274 33
8275 22
8276 25
8277 25
8278 30
8281 25
8280 44
8282 26
8279 78
8283 33
8284 25
8285 44
8286 31
8287 29
8288 25
8289 17
8290 22
8291 39
8292 31
8293 20
8294 45
8295 53
8296 42
8298 27
8299 25
8297 56
8300 20
8301 31
8302 26
8303 45
8304 32
8305 26
8306 38
8307 29
8308 36
8309 20
8310 35
8311 20
8312 27
8313 37
8314 26
8315 46
8316 34
8317 29
8318 36
8319 29
8320 40
8321 29
8322 28
8323 26
8324 26
8326 43
8327 30
8329 26
8325 70
8330 44
8328 69
8331 53
8332 43
8334 27
8336 24
8333 62
8335 49
8337 37
8339 29
8340 29
8342 34
8338 87
8341 77
8343 50
8344 52
8345 46
8346 45
8348 36
8349 26
8347 56
8351 29
8350 54
8352 37
8353 36
8354 37
8355 25
8356 22
8357 35
8358 26
8359 32
8360 31
8361 30
8362 26
8363 29
8364 20
8365 31
8366 34
8367 20
8368 32
8369 28
8370 26
8371 48
8373 28
8372 40
8374 33
8375 43
8376 53
8377 43
8378 31
8379 31
8380 23
8381 33
8382 34
8383 35
8384 35
8386 20
8385 48
8387 32
8388 29
8390 26
8389 39
8391 22
8392 32
8393 44
8394 32
8395 23
8396 28
8397 17
8398 29
8399 25
8400 29
8401 35
8402 22
8404 17
8405 29
8406 25
8403 66
8407 26
8408 32
8409 33
8410 27
8411 37
8413 25
8412 40
8414 29
8415 37
8416 33
8417 29
8418 20
8419 20
8420 20
8421 34
8422 45
8423 32
8424 31
8425 23
8426 26
8427 32
8428 33
8429 35
8430 26
8431 29
8433 28
8432 54
8435 22
8434 46
8436 47
8437 32
8438 26
8439 21
8440 23
8441 38
8443 27
8442 45
8444 31
8446 26
8445 46
8447 39
8448 43
8449 30
8450 29
8451 26
8452 67
8453 52
8454 50
8455 41
8456 29
8457 25
8459 26
8460 29
8458 64
8461 34
8462 39
8463 41
8464 58
8466 33
8465 56
8467 40
8468 42
8470 35
8471 34
8469 68
8472 32
8474 20
8473 41
8475 34
8476 41
8478 28
8477 39
8479 30
8480 23
8481 39
8482 43
8484 23
8483 46
8485 33
8486 32
8488 22
8487 41
8489 25
8490 37
8492 35
8491 67
8493 42
8495 26
8494 44
8496 24
8497 26
8498 33
8499 26
8500 32
8501 29
8502 41
8503 37
8504 36
8505 29
8506 38
8507 32
8508 29
8509 35
8510 32
8511 28
8512 26
8513 27
8514 29
8515 22
8517 38
8518 23
8516 52
8520 29
8519 50
8521 29
8522 25
8523 23
8524 29
8525 26
8526 37
8527 32
8528 20
8529 26
8530 28
8532 36
8531 53
8534 26
8533 53
8535 29
8536 52
8537 42
8538 31
8539 30
8540 33
8541 25
8544 29
8542 59
8545 31
8546 23
8543 63
8547 35
8548 33
8549 19
8550 29
8551 26
8552 34
8553 27
8554 26
8555 23
8556 31
8557 25
8558 26
8560 28
8559 43
8561 47
8562 32
8563 23
8564 17
8566 24
8565 40
8567 27
8568 29
8569 32
8571 17
8570 41
8572 29
8574 28
8573 47
8576 32
8575 53
8577 32
8578 33
8579 38
8581 23
8582 20
8583 17
8580 63
8584 28
8586 30
8587 29
8588 25
8585 70
8589 38
8590 26
8591 31
8592 32
8593 23
8594 23
8595 37
8596 25
8597 32
8599 29
8598 51
8600 35
8601 28
8602 31
8603 38
8604 26
8605 28
8606 30
8607 23
8608 39
8609 47
8610 32
8611 29
8612 35
8613 25
8614 17
8615 23
8616 32
8617 29
8618 35
8619 35
8620 31
8621 35
8623 20
8622 56
8624 35
8625 32
8626 31
8627 28
8628 23
8629 43
8630 29
8632 26
8631 43
8633 23
8634 25
8635 34
8638 28
8636 56
8637 54
8639 29
8640 23
8641 26
8642 35
8643 32
8644 32
8645 33
8646 22
8648 23
8649 22
8647 54
8650 30
8651 34
8652 26
8653 29
8654 25
8655 35
8656 28
8657 46
8659 26
8660 27
8658 58
8661 48
8662 48
8663 36
8664 20
8665 47
8666 32
8667 28
8668 23
8670 32
8671 20
8669 54
8672 29
8673 26
8674 25
8675 31
8676 32
8678 26
8677 48
8679 20
8680 25
8681 32
8682 19
8683 29
8684 34
8685 23
8686 19
8687 43
8688 29
8689 35
8690 26
8691 35
8692 29
8693 39
8694 47
8695 29
8696 36
8697 26
8698 25
8699 25
8700 35
8702 26
8701 43
8703 29
8704 23
8705 29
8706 35
8707 28
8708 38
8709 26
8710 38
8711 34
8712 33
8713 29
8714 28
8715 33
8716 25
8717 26
8718 26
8719 34
8720 26
8721 35
8722 33
8723 34
8724 22
8725 23
8726 19
8727 32
8728 29
8730 26
8729 46
8731 29
8732 30
8734 23
8735 26
8733 52
8736 23
8737 24
8738 37
8739 36
8740 23
8741 32
8742 23
8743 35
8744 29
8745 23
8746 35
8747 35
8748 25
8749 17
8750 42
8753 17
8751 47
8752 32
8754 28
8755 32
8756 28
8757 24
8758 20
8759 28
8760 28
8761 22
8762 29
8763 26
8764 24
8765 17
8766 23
8767 26
8768 23
8769 32
8770 31
8771 23
8772 36
8773 29
8774 29
8775 30
8776 32
8777 25
8778 28
8779 35
8780 37
8781 29
8782 30
8784 26
8783 51
8785 29
8786 29
8787 23
8788 26
8789 44
8791 30
8790 49
8792 29
8793 34
8794 35
8795 26
8796 29
8797 37
8798 34
8799 20
8800 20
8801 29
8802 23
8803 29
8804 32
8805 28
8806 31
8809 22
8807 49
8810 32
8811 26
8812 26
8808 69
8813 26
8814 32
8815 20
8816 32
8817 23
8819 23
8820 36
8821 21
8818 64
8822 25
8824 29
8825 22
8826 26
8827 23
8823 79
8828 37
8829 33
8830 28
8831 26
8832 25
8833 34
8834 37
8835 23
8836 32
8837 28
8838 37
8839 31
8841 31
8840 53
8842 39
8844 28
8843 48
8845 29
8846 27
8848 26
8847 44
8849 34
8850 35
8851 26
8852 23
8853 32
8854 26
8855 32
8856 23
8857 45
8859 20
8858 43
8860 26
8861 35
8862 23
8863 26
8864 26
8865 24
8866 19
8867 27
8869 29
8868 56
8870 43
8871 39
8872 38
8873 41
8874 29
8875 28
8877 26
8876 57
8878 38
8879 29
8880 20
8881 26
8882 26
8883 20
8884 26
8886 23
8885 48
8887 20
8888 28
8889 38
8890 38
8891 24
8892 29
8893 32
8894 23
8895 26
8896 37
8897 40
8898 35
8899 19
8900 28
8901 29
8902 25
8903 33
8904 26
8905 32
8906 29
8907 24
8908 26
8909 32
8910 23
8911 32
8912 32
8913 32
8914 33
8915 27
8916 34
8917 42
8918 35
8920 27
8919 57
8921 33
8923 32
8922 56
8924 29
8926 14
8925 35
8928 20
8927 42
8929 28
8931 16
8930 39
8932 30
8933 32
8935 17
8934 36
8936 29
8937 28
8938 19
8939 22
8940 22
8941 34
8942 43
8943 35
8944 31
8946 17
8945 32
8947 31
8948 45
8949 32
8950 34
8951 31
8952 33
8953 34
8954 31
8955 26
8957 36
8958 29
8959 23
8956 62
8960 28
8961 32
8962 32
8963 32
8964 29
8965 36
8967 36
8966 56
8968 35
8969 26
8971 26
8970 47
8972 35
8973 23
8974 31
8975 26
8976 25
8977 38
8978 31
8980 23
8981 17
8979 47
8982 32
8983 32
8984 26
8985 26
8986 26
8987 26
8988 43
8990 33
8989 55
8991 33
8993 26
8992 62
8995 35
8996 23
8994 53
8997 26
8998 35
8999 29
9000 24
9001 26
9002 30
9004 31
9003 56
9006 25
9007 25
9005 49
9008 20
9009 23
9010 26
9011 32
9012 31
9013 26
9014 25
9016 26
9015 40
9017 32
9018 22
9020 27
9019 48
9021 45
9022 52
9024 32
9026 23
9023 59
9025 51
9027 40
9028 40
9029 45
9030 38
9031 26
9032 22
9033 27
9034 39
9035 33
9036 26
9037 37
9038 23
9039 22
9040 20
9041 43
9042 35
9043 42
9045 32
9046 25
9044 52
9047 28
9048 29
9050 26
9049 52
9051 35
9052 26
9053 25
9054 29
9056 23
9055 52
9057 32
9058 44
9060 32
9061 23
9062 19
9059 67
9063 29
9065 25
9066 26
9064 52
9067 26
9068 17
9070 32
9069 63
9071 49
9072 57
9074 29
9075 27
9073 51
9076 26
9077 28
9078 20
9079 20
9080 32
9081 24
9082 24
9083 23
9084 20
9085 29
9086 31
9087 35
9088 29
9089 29
9090 23
9091 32
9092 27
9093 35
9094 26
9095 16
9096 32
9097 25
9098 20
9099 32
9100 28
9101 25
9102 23
9103 29
9104 25
9105 36
9106 43
9107 32
9109 23
9108 39
9110 28
9111 32
9112 45
9114 29
9116 26
9115 53
9117 30
9113 83
9118 32
9119 29
9120 35
9121 30
9122 26
9123 29
9124 36
9125 25
9126 27
9127 32
9128 29
9129 28
9130 35
9131 38
9132 35
9133 34
9134 20
9135 17
9136 26
9140 26
9137 59
9139 39
9138 66
9141 34
9142 37
9143 26
9144 34
9145 25
9146 34
9147 29
9148 35
9149 25
9150 33
9151 38
9152 39
9153 32
9154 36
9156 26
9157 20
9155 57
9159 20
9158 51
9161 28
9160 44
9162 25
9163 20
9164 32
9165 32
9166 23
9167 30
9168 32
9169 41
9171 37
9170 52
9173 23
9172 39
9174 28
9175 20
9176 35
9177 28
9178 48
9179 35
9180 23
9181 29
9182 28
9183 28
9185 26
9184 39
9186 34
9187 25
9189 30
9188 50
9190 32
9191 20
9192 35
9193 35
9194 30
9195 27
9196 30
9197 23
9198 29
9199 32
9200 20
9201 29
9202 26
9203 33
9204 26
9205 34
9206 19
9207 32
9208 31
9209 23
9210 25
9211 31
9212 25
9213 26
9215 35
9216 20
9214 52
9217 35
9218 32
9220 26
9219 41
9221 25
9222 35
9223 31
9224 29
9225 26
9227 26
9226 44
9228 29
9230 23
9229 41
9231 20
9232 26
9233 26
9234 39
9235 31
9236 23
9237 26
9238 23
9239 30
9240 35
9241 36
9242 37
9243 31
9244 29
9245 34
9246 32
9247 32
9248 32
9249 41
9251 26
9250 55
9252 30
9253 23
9254 35
9255 29
9256 32
9257 26
9258 26
9260 23
9259 39
9262 36
9263 28
9264 23
9261 64
9265 34
9266 38
9267 40
9268 29
9269 28
9271 35
9270 57
9273 26
9274 28
9272 56
9275 29
9276 36
9277 47
9278 44
9279 32
9281 27
9282 29
9283 28
9280 66
9284 25
9285 20
9286 33
9287 22
9288 30
9290 23
9289 40
9291 33
9292 38
9293 31
9294 30
9295 29
9296 31
9298 30
9297 55
9299 35
9300 21
9301 58
9303 43
9304 31
9302 66
9307 17
9305 43
9306 30
9308 34
9309 34
9310 26
9311 26
9313 23
9312 57
9314 35
9315 34
9316 30
9317 23
9320 32
9321 19
9318 67
9319 49
9323 32
9322 49
9324 32
9325 37
9326 45
9327 29
9328 23
9329 26
9331 34
9332 34
9333 20
9330 63
9335 17
9334 32
9336 20
9337 32
9338 20
9339 39
9340 54
9341 42
9343 32
9342 57
9344 32
9345 26
9347 26
9346 41
9348 29
9350 20
9349 51
9351 34
9352 35
9354 33
9353 52
9355 29
9356 22
9357 26
9358 31
9359 31
9360 29
9361 23
9362 23
9363 43
9364 42
9365 29
9366 32
9367 23
9368 35
9369 45
9370 32
9371 38
9372 23
9373 23
9374 23
9375 26
9376 28
9377 29
9378 29
9379 32
9380 31
9382 26
9383 23
9381 61
9385 26
9386 26
9384 51
9387 36
9389 23
9390 17
9388 44
9391 46
9392 32
9393 34
9394 29
9395 26
9398 26
9396 52
9397 47
9399 32
9400 26
9401 34
9402 37
9403 25
9404 33
9405 28
9406 44
9408 32
9409 23
9410 22
9407 78
9411 31
9412 33
9413 26
9415 29
9414 56
9416 29
9417 23
9418 29
9419 23
9420 57
9422 29
9421 50
9423 38
9424 23
9425 35
9427 16
9426 39
9429 14
9428 35
9430 35
9431 29
9432 31
9434 35
9433 65
9435 45
9437 33
9438 32
9439 26
9436 78
9440 32
9441 26
9442 24
9443 29
9444 40
9445 38
9447 35
9448 25
9446 58
9449 28
9450 39
9451 33
9452 28
9453 29
9454 35
9455 37
9456 27
9457 25
9458 23
9459 57
9460 42
9461 29
9462 26
9463 23
9464 25
9465 14
9466 34
9467 34
9468 41
9469 42
9471 27
9470 42
9473 20
9472 43
9474 37
9477 28
9476 44
9478 23
9479 19
9475 95
9482 25
9481 48
9480 68
9483 53
9486 33
9487 35
9484 75
9485 60
9489 26
9488 40
9490 26
9492 31
9493 28
9491 52
9494 29
9495 29
9496 35
9497 20
9498 31
9499 34
9500 33
9501 28
9502 29
9503 32
9506 17
9504 46
9505 32
9507 43
9508 34
9509 46
9510 36
9511 22
9512 21
9513 26
9514 35
9515 41
9518 36
9516 63
9517 58
9519 36
9520 35
9521 44
9522 29
9523 23
9525 23
9524 51
9526 29
9527 36
9528 26
9529 37
9531 35
9532 32
9533 19
9530 64
9534 22
9535 30
9536 21
9537 34
9538 36
9540 31
9539 51
9541 45
9542 31
9543 29
9544 39
9545 29
9546 33
9547 37
9548 32
9549 45
9550 33
9551 21
9552 23
9554 17
9553 29
9555 43
9556 37
9557 29
9558 35
9559 34
9560 37
9561 36
9562 39
9564 25
9565 28
9563 55
9567 26
9568 25
9566 59
9569 29
9570 23
9571 34
9572 23
9573 34
9574 28
9575 32
9576 26
9577 19
9579 31
9578 60
9581 29
9582 38
9583 23
9580 62
9584 40
9585 33
9586 47
9587 32
9588 37
9589 33
9590 31
9591 35
9592 32
9594 36
9593 57
9595 30
9596 33
9597 30
9598 32
9599 29
9600 24
9601 20
9603 23
9602 45
9604 29
9605 26
9606 27
9607 38
9608 30
9609 25
9610 32
9611 30
9613 28
9612 43
9615 26
9614 44
9616 29
9617 38
9618 23
9620 26
9619 40
9621 22
9622 35
9623 29
9626 26
9624 49
9627 35
9628 26
9625 62
9629 38
9630 21
9631 17
9632 36
9633 29
9635 38
9634 55
9636 53
9637 40
9638 35
9639 31
9642 20
9640 51
9641 41
9643 23
9645 25
9646 25
9644 56
9647 25
9648 29
9649 29
9650 38
9651 34
9652 35
9653 24
9654 43
9655 36
9656 36
9657 36
9658 28
9659 30
9660 44
9661 34
9662 28
9663 40
9665 34
9666 21
9664 55
9668 34
9667 58
9669 35
9670 28
9671 28
9672 29
9673 26
9674 32
9675 38
9676 37
9677 36
9679 26
9678 46
9680 34
9681 25
9682 36
9683 30
9684 32
9685 33
9686 32
9687 34
9688 45
9689 29
9690 21
9691 22
9692 32
9694 29
9693 64
9696 29
9695 49
9697 37
9698 25
9699 31
9701 35
9700 49
9702 39
9703 34
9704 28
9706 26
9705 42
9707 42
9708 32
9710 26
9709 56
9712 26
9711 52
9713 31
9714 23
9715 26
9716 39
9717 30
9718 34
9719 29
9720 31
9721 32
9722 25
9723 18
9724 29
9725 33
9726 35
9727 37
9728 34
9730 23
9729 48
9731 32
9732 35
9733 29
9734 35
9735 30
9736 29
9737 29
9738 32
9739 45
9740 29
9741 35
9742 36
9743 38
9744 34
9745 26
9746 44
9747 29
9748 29
9749 26
9751 11
9750 35
9752 29
9753 29
9754 43
9755 29
9756 32
9757 29
9758 36
9759 26
9760 23
9762 11
9761 38
9763 29
9764 29
9765 34
9766 33
9767 35
9769 23
9768 41
9770 31
9771 25
9773 37
9772 55
9774 29
9775 23
9777 23
9776 47
9778 26
9779 29
9780 29
9781 20
9782 32
9783 30
9784 32
9785 37
9786 32
9787 23
9789 14
9788 35
9790 26
9791 29
9792 29
9793 26
9794 33
9795 31
9796 26
9797 35
9798 27
9799 34
9800 32
9802 20
9801 54
9803 31
9804 29
9805 32
9806 35
9807 44
9808 34
9809 25
9810 29
9811 22
9812 46
9813 32
9814 26
9815 23
9816 25
9817 23
9818 29
9819 35
9820 27
9821 20
9822 29
9823 25
9826 23
9824 57
9825 46
9827 26
9829 29
9828 51
9830 46
9831 34
9832 32
9833 38
9834 20
9835 32
9836 32
9837 26
9838 25
9839 34
9840 20
9841 26
9842 39
9843 43
9844 37
9845 20
9846 34
9847 26
9848 14
9849 26
9850 28
9851 30
9852 35
9853 23
9854 35
9855 37
9856 38
9857 42
9858 30
9859 41
9860 29
9862 14
9861 33
9863 35
9864 28
9866 22
9865 45
9867 26
9868 27
9869 28
9870 27
9871 37
9872 35
9873 39
9875 29
9874 58
9876 35
9877 25
9878 32
9880 17
9879 40
9881 32
9882 29
9883 23
9884 26
9885 28
9886 37
9887 30
9888 32
9889 29
9890 26
9891 35
9892 32
9894 23
9893 71
9895 57
9896 46
9897 35
9898 57
9900 38
9899 50
9901 32
9902 20
9903 31
9904 23
9905 17
9906 42
9907 34
9908 36
9909 28
9910 46
9911 34
9912 29
9913 38
9914 32
9915 32
9916 42
9918 28
9919 28
9917 51
9920 32
9921 23
9922 37
9923 36
9925 31
9924 55
9926 43
9927 31
9928 35
9931 23
9929 63
9930 59
9934 24
9932 50
9933 57
9935 48
9937 46
9938 35
9939 27
9936 61
9940 36
9941 22
9942 36
9943 31
9944 35
9947 25
9945 58
9946 48
9948 44
9949 35
9950 31
9952 20
9953 31
9951 61
9955 23
9954 46
9956 20
9957 48
9958 31
9959 33
9960 20
9961 41
9962 40
9963 38
9966 29
9967 25
9964 59
9965 55
9968 20
9969 34
9970 32
9971 28
9972 35
9973 46
9974 29
9975 34
9976 40
9977 46
9979 28
9978 41
9980 23
9981 54
9982 41
9984 26
9983 41
9985 37
9987 27
9986 40
9988 39
9989 32
9990 32
9991 34
9992 23
9993 23
9994 31
9995 38
9996 37
9997 34
9998 29
9999 26
10000 23
10001 40
10002 32
10003 22
10004 29
10005 29
10006 35
10007 33
10009 26
10008 39
10010 34
10011 26
10012 38
10014 29
10015 37
10016 28
10013 63
10018 32
10017 57
10019 35
10020 28
10022 36
10021 52
10024 29
10023 52
10026 32
10025 58
10028 20
10027 40
10030 25
10031 29
10029 60
10032 30
10033 25
10034 51
10036 32
10037 28
10035 53
10038 25
10039 33
10041 27
10040 48
10042 29
10044 23
10043 40
10045 33
10046 25
10047 33
10048 25
10049 31
10050 56
10051 41
10052 32
10053 32
10054 44
10055 36
10057 28
10056 40
10058 35
10059 37
10060 33
10061 33
10062 26
10063 31
10064 23
10066 20
10065 40
10067 25
10068 35
10069 42
10070 29
10071 24
10072 34
10073 37
10074 26
10075 34
10076 23
10078 26
10080 17
10077 50
10079 32
10081 39
10082 32
10083 46
10084 37
10086 31
10085 56
10088 23
10089 26
10087 52
10090 29
10091 37
10092 22
10093 27
10094 26
10096 28
10095 43
10098 24
10097 44
10099 27
