104 17
105 16
102 20
100 23
101 24
103 32
108 27
109 28
115 23
106 34
107 33
116 24
110 33
112 32
125 19
118 28
121 26
124 23
113 35
120 28
123 25
111 38
114 37
127 24
132 19
117 35
146 8
122 33
126 29
130 25
138 17
141 14
119 38
137 20
140 17
129 29
134 24
131 28
136 23
142 17
143 17
135 26
152 9
154 7
133 31
148 17
159 6
157 9
128 39
144 23
151 16
150 18
147 22
149 20
145 26
139 33
162 12
158 17
164 11
155 21
160 17
161 17
166 14
163 20
169 15
179 8
168 20
175 13
153 36
156 34
170 20
173 17
165 26
167 25
171 23
172 22
183 11
182 13
176 20
177 19
180 17
184 14
178 22
186 17
181 23
185 20
174 32
190 17
187 22
189 20
188 23
194 17
191 21
192 20
193 22
198 17
197 19
200 16
199 20
203 17
195 26
204 17
201 23
202 23
207 20
206 23
209 20
212 17
196 34
210 20
213 17
208 23
211 20
216 17
219 14
214 20
218 17
221 14
205 31
215 23
220 23
230 14
222 23
226 20
217 32
223 26
229 20
227 23
233 17
235 15
232 20
234 18
239 17
231 26
241 16
242 16
243 17
228 33
224 38
225 38
236 28
244 20
245 20
240 26
247 23
253 17
238 33
248 23
252 20
250 23
254 20
237 41
261 17
246 37
255 35
249 42
251 40
264 28
272 20
276 17
258 38
259 38
260 37
262 35
275 22
273 26
257 43
280 20
270 32
288 14
256 47
267 37
268 36
271 33
287 17
274 31
283 22
263 43
265 41
266 42
290 20
293 17
294 17
269 43
292 20
281 32
278 36
295 23
299 19
277 42
279 40
296 23
298 21
282 38
300 20
284 37
297 24
285 37
304 19
305 19
291 35
286 43
309 20
315 14
289 43
310 22
321 11
313 20
319 14
314 20
301 35
318 18
322 14
303 37
311 29
323 17
326 14
328 14
317 26
302 44
329 17
306 41
330 17
307 41
332 17
308 42
316 34
340 10
325 26
334 17
312 40
324 28
338 14
320 34
331 23
335 19
333 23
327 31
341 17
337 23
344 17
336 26
343 20
342 23
347 20
346 23
350 20
356 14
339 32
351 20
348 25
359 14
354 20
367 7
362 15
349 29
358 20
345 34
363 17
365 17
360 23
355 30
361 26
353 37
376 14
368 23
371 20
372 20
352 42
357 38
377 20
380 17
369 29
378 20
373 26
382 17
364 37
375 26
390 13
386 20
387 20
370 38
385 23
366 43
384 26
374 37
391 20
395 17
404 8
392 23
398 17
393 23
383 34
389 29
379 40
397 23
400 20
396 26
403 20
401 23
413 11
415 10
410 17
381 47
406 23
408 23
411 20
388 44
399 33
409 23
418 17
394 42
416 20
412 28
414 26
417 23
426 17
402 42
407 37
421 23
405 40
422 23
431 14
423 23
424 23
430 20
436 14
428 23
429 22
420 33
434 20
427 28
432 23
425 32
440 20
445 17
419 44
449 14
447 17
442 23
451 14
448 20
433 39
435 39
443 32
438 38
459 17
465 11
455 23
446 33
450 29
453 26
437 43
444 36
454 26
460 20
458 23
461 20
456 26
439 46
441 44
463 26
452 38
464 27
478 13
468 26
469 26
475 21
457 40
470 29
473 28
484 17
462 40
471 31
492 10
474 29
479 26
467 40
466 43
489 20
491 20
480 33
493 20
497 17
482 33
472 44
483 35
495 23
501 17
496 23
476 44
477 44
487 35
485 39
481 45
506 22
486 43
509 20
510 20
490 43
488 46
508 26
511 23
519 17
514 23
498 40
494 45
516 23
499 41
502 38
515 26
503 41
518 26
505 40
525 20
531 14
500 46
507 39
517 29
520 26
521 26
527 20
504 45
513 37
528 23
534 17
532 20
524 29
512 42
537 17
522 33
533 23
536 20
523 34
542 17
545 14
529 32
526 36
553 9
538 25
541 23
546 20
544 23
539 29
530 39
540 29
543 26
558 11
550 20
555 17
547 26
535 39
548 26
554 26
564 17
557 26
563 20
551 35
560 26
561 26
567 20
559 30
569 21
549 43
552 41
571 23
572 24
565 34
566 33
581 20
584 17
582 20
556 47
594 9
568 37
562 44
596 10
590 17
583 26
585 24
574 38
577 35
579 34
593 20
588 26
595 20
578 39
580 37
586 31
570 48
592 26
575 44
573 48
601 20
587 36
576 49
589 36
591 34
609 20
598 32
613 17
602 29
608 23
597 35
610 23
614 20
600 36
607 29
619 17
611 26
621 17
599 40
620 20
606 35
616 26
625 17
605 40
628 17
615 32
604 45
631 18
603 47
612 38
634 17
627 26
630 23
633 20
618 36
638 17
640 17
636 23
642 17
624 36
623 40
617 47
643 22
645 20
622 44
626 41
635 33
646 23
637 33
649 22
656 15
652 20
629 44
648 26
653 22
632 45
651 26
644 35
650 29
641 41
663 20
672 11
639 45
658 26
661 23
659 26
657 29
660 26
669 17
664 23
667 20
670 20
668 23
666 26
677 17
647 49
679 17
654 43
673 26
674 26
688 14
683 20
655 49
681 23
687 17
680 26
690 17
694 14
662 48
685 26
691 20
665 47
686 26
689 23
671 43
675 39
676 39
695 20
702 14
678 43
684 38
703 20
704 20
705 19
682 43
692 33
697 29
712 14
701 29
710 20
714 17
696 36
709 23
711 21
693 40
713 20
708 26
719 17
698 39
700 37
718 20
716 23
723 16
699 41
725 17
717 26
720 23
726 17
722 23
728 17
729 17
721 26
707 41
706 43
727 23
735 17
724 29
731 23
740 14
738 20
715 44
749 16
732 34
734 33
744 23
746 26
747 26
730 44
737 37
752 23
753 23
751 26
757 20
736 42
733 46
759 20
739 41
754 26
761 20
760 22
743 40
745 38
764 20
741 44
762 23
772 14
769 18
742 46
750 39
763 26
766 23
770 20
758 34
773 20
780 14
748 47
755 41
765 35
767 33
768 32
771 29
775 26
774 29
776 27
756 48
784 20
779 26
785 20
783 23
790 17
788 20
778 34
789 23
800 14
804 11
792 25
803 14
777 41
795 23
782 37
786 33
797 23
794 27
798 23
791 33
781 44
793 32
810 17
787 42
799 31
807 23
812 20
813 20
809 26
805 31
817 20
821 16
801 40
815 26
818 23
828 14
824 20
806 39
823 23
826 20
796 51
825 23
827 23
830 20
831 20
829 23
833 20
808 46
816 38
802 53
832 23
811 45
814 45
836 23
834 26
835 26
838 23
837 26
819 45
843 21
847 17
840 26
846 20
820 48
822 46
845 23
852 17
844 26
856 14
848 23
861 13
839 36
855 20
841 37
853 26
854 26
864 17
867 14
859 23
860 23
866 17
842 43
871 14
850 36
862 26
872 17
875 17
849 44
874 20
851 46
858 40
870 29
876 23
879 20
877 23
878 23
869 34
883 20
863 41
873 32
868 38
857 51
886 23
887 23
884 29
865 49
885 29
888 26
880 35
882 33
895 20
896 23
902 17
894 26
897 23
899 22
891 35
900 26
898 29
913 14
907 23
881 50
892 39
905 26
906 26
916 17
912 23
910 26
890 48
903 35
915 23
893 46
914 26
920 20
904 37
930 11
889 53
918 26
925 20
911 37
926 23
923 28
901 51
932 20
927 26
928 26
931 23
936 20
909 48
945 12
922 36
938 20
917 42
939 20
908 52
937 23
940 20
946 14
943 20
949 14
944 20
950 14
919 48
921 47
942 26
948 20
929 41
924 48
933 41
941 33
935 40
954 23
934 44
961 17
953 26
957 23
963 17
958 26
964 20
956 29
965 20
972 17
973 17
947 45
968 26
971 23
967 29
970 26
955 43
985 14
952 48
960 40
989 11
951 50
959 43
982 20
977 26
986 17
981 23
969 36
976 29
974 34
962 48
966 45
984 27
993 20
975 42
995 23
1001 17
990 29
1002 17
998 23
983 39
987 35
1004 20
996 30
978 51
980 49
979 51
1010 20
992 39
1008 23
1011 20
1003 29
1009 23
988 45
994 39
1005 29
1000 35
1007 29
1019 17
997 40
1012 26
991 48
1022 17
1020 21
1028 14
1015 32
999 50
1023 26
1030 20
1033 17
1006 46
1013 42
1027 29
1041 17
1039 20
1044 17
1042 20
1016 47
1017 46
1018 45
1032 32
1024 41
1021 45
1040 26
1025 43
1045 23
1029 40
1043 26
1046 23
1026 44
1050 20
1057 14
1053 20
1014 60
1035 39
1054 20
1056 20
1051 26
1047 31
1031 48
1036 46
1065 17
1034 49
1063 20
1058 26
1038 47
1037 49
1060 26
1059 29
1062 26
1049 41
1067 23
1068 23
1048 44
1061 32
1076 17
1071 23
1069 26
1072 23
1075 20
1070 26
1073 23
1083 14
1079 20
1052 48
1080 20
1084 17
1064 38
1088 14
1074 29
1077 26
1081 23
1055 50
1082 23
1066 40
1091 20
1096 17
1094 20
1089 26
1111 6
1093 26
1107 14
1090 33
1097 26
1112 11
1104 20
1102 23
1087 39
1098 28
1103 24
1078 50
1095 33
1106 23
1086 44
1101 29
1085 47
1100 32
1110 23
1092 42
1108 26
1115 23
1116 23
1120 20
1119 23
1105 39
1118 26
1121 23
1122 23
1131 14
1099 47
1113 34
1130 20
1125 26
1138 17
1109 47
1133 23
1117 40
1137 20
1134 26
1114 47
1140 23
1123 42
1128 37
1145 20
1141 26
1150 17
1124 45
1126 43
1127 42
1132 37
1129 41
1136 34
1144 26
1147 23
1146 26
1149 23
1142 31
1156 17
1148 26
1155 19
1154 22
1151 26
1135 47
1162 20
1157 26
1165 18
1164 20
1171 14
1139 47
1160 26
1143 44
1161 26
1159 29
1168 20
1169 20
1152 40
1163 29
1173 20
1174 20
1170 26
1172 26
1185 14
1177 23
1180 20
1158 43
1178 23
1182 19
1153 50
1181 26
1166 43
1167 42
1190 20
1188 23
1194 17
1183 29
1189 23
1187 26
1179 37
1193 23
1186 32
1201 17
1175 44
1196 23
1202 17
1184 39
1204 20
1205 20
1176 50
1212 17
1191 41
1213 23
1197 40
1208 29
1217 20
1192 46
1216 22
1221 17
1222 17
1231 8
1211 29
1224 17
1195 47
1199 43
1203 41
1214 32
1210 37
1227 20
1233 14
1198 51
1223 26
1206 44
1207 43
1236 14
1200 51
1209 43
1220 32
1229 23
1239 15
1230 26
1215 44
1218 41
1219 40
1234 26
1235 26
1241 20
1251 12
1245 20
1226 40
1237 29
1243 26
1225 45
1244 26
1248 23
1250 23
1228 46
1258 17
1232 44
1247 29
1260 17
1253 26
1238 43
1246 35
1267 14
1262 20
1240 43
1257 26
1261 23
1254 32
1263 23
1255 32
1274 14
1242 47
1249 41
1276 14
1256 35
1268 23
1277 14
1252 40
1272 20
1273 20
1266 29
1280 17
1269 29
1275 26
1278 23
1284 17
1271 34
1279 26
1282 23
1297 11
1289 20
1259 52
1286 26
1295 17
1265 49
1270 44
1292 23
1264 52
1293 23
1298 20
1300 20
1294 29
1306 17
1304 20
1299 26
1305 20
1308 17
1281 45
1285 43
1296 32
1283 46
1303 26
1315 14
1288 44
1309 23
1307 26
1290 46
1311 26
1287 51
1321 17
1324 14
1320 23
1301 44
1313 32
1322 23
1323 23
1291 57
1319 29
1302 47
1310 39
1330 20
1325 26
1326 26
1333 20
1342 11
1312 42
1328 26
1329 25
1331 23
1334 20
1317 38
1338 17
1318 40
1336 23
1343 17
1314 47
1316 45
1335 26
1341 20
1337 26
1340 23
1339 26
1346 26
1349 23
1345 29
1351 23
1327 49
1353 23
1356 20
1344 33
1354 23
1332 47
1350 29
1361 20
1365 17
1348 35
1366 17
1359 26
1360 26
1362 26
1347 43
1358 32
1364 26
1363 29
1355 39
1368 26
1378 18
1357 40
1369 29
1375 23
1352 47
1373 26
1379 20
1372 29
1381 20
1387 20
1390 20
1393 17
1371 41
1389 23
1386 27
1367 47
1388 26
1397 19
1374 43
1376 41
1391 26
1394 23
1370 48
1395 23
1398 20
1377 42
1402 20
1383 44
1382 46
1405 23
1411 17
1413 15
1384 45
1385 44
1400 29
1392 38
1407 23
1410 20
1408 23
1380 52
1401 32
1404 29
1406 29
1421 14
1417 20
1416 23
1412 29
1420 23
1435 11
1424 23
1403 45
1419 29
1422 26
1423 26
1429 20
1396 55
1414 37
1431 20
1409 43
1399 54
1427 26
1433 20
1426 29
1436 23
1415 45
1438 23
1447 14
1418 44
1437 26
1425 39
1441 23
1442 26
1432 37
1434 37
1451 20
1430 44
1452 23
1458 17
1456 20
1428 49
1446 32
1449 29
1453 26
1463 17
1440 41
1439 44
1454 29
1455 29
1443 42
1460 26
1462 26
1465 23
1444 45
1445 44
1464 26
1467 23
1459 32
1471 20
1472 20
1470 23
1468 26
1477 17
1448 48
1473 23
1450 48
1478 20
1482 17
1480 20
1481 20
1476 26
1474 29
1483 20
1461 43
1486 18
1457 48
1485 20
1484 23
1479 29
1475 35
1492 20
1466 47
1493 20
1496 17
1491 26
1500 17
1469 52
1494 28
1499 23
1509 14
1497 32
1498 32
1513 17
1502 29
1514 17
1503 29
1505 27
1515 17
1490 43
1488 46
1511 23
1495 40
1501 37
1512 26
1510 29
1487 53
1521 20
1519 23
1517 26
1524 20
1489 56
1520 26
1504 43
1518 29
1522 26
1529 23
1506 47
1508 45
1533 20
1507 48
1530 26
1532 25
1537 20
1542 17
1531 29
1534 26
1540 20
1535 26
1541 20
1536 26
1516 49
1527 38
1539 26
1546 20
1538 29
1525 43
1523 47
1526 44
1528 42
1555 17
1550 23
1545 29
1551 23
1543 35
1559 20
1565 17
1558 26
1561 23
1568 17
1544 45
1548 42
1564 26
1567 23
1547 47
1563 32
1566 29
1575 20
1560 37
1554 44
1573 26
1552 49
1580 23
1578 26
1581 23
1582 23
1572 34
1583 23
1549 58
1553 54
1556 51
1557 51
1585 23
1562 47
1586 23
1584 26
1571 41
1570 43
1593 20
1587 29
1588 29
1594 23
1574 45
1577 43
1597 23
1576 45
1601 20
1569 53
1591 32
1579 48
1602 26
1589 41
1590 41
1595 37
1603 29
1611 23
1592 46
1606 32
1612 26
1616 23
1598 42
1613 28
1619 23
1596 48
1618 26
1621 23
1608 38
1626 20
1632 14
1599 48
1605 42
1607 40
1604 45
1609 40
1620 29
1630 20
1633 17
1622 29
1625 26
1623 29
1629 23
1614 39
1600 54
1638 17
1624 35
1639 20
1617 43
1610 51
1636 29
1615 51
1640 26
1641 26
1647 20
1642 26
1645 23
1648 20
1646 23
1653 17
1651 20
1631 42
1644 29
1628 47
1652 23
1650 26
1659 17
1634 44
1627 52
1658 23
1661 20
1657 26
1635 49
1665 20
1637 49
1643 43
1663 23
1666 20
1662 26
1656 33
1660 29
1670 20
1676 14
1668 23
1671 20
1669 23
1667 26
1673 20
1649 45
1674 23
1672 26
1655 44
1677 23
1678 23
1680 23
1681 23
1654 51
1679 26
1686 20
1664 46
1675 35
1687 23
1682 29
1689 23
1692 20
1684 29
1685 29
1683 32
1701 14
1693 23
1696 20
1694 23
1690 29
1691 29
1703 23
1706 20
1712 14
1704 23
1711 16
1702 26
1710 20
1716 14
1700 32
1698 37
1707 29
1713 23
1705 32
1688 50
1699 41
1720 20
1721 20
1695 47
1697 45
1722 20
1724 23
1727 20
1708 41
1719 32
1734 17
1745 6
1726 26
1733 20
1730 26
1715 43
1717 41
1709 50
1739 20
1714 47
1732 29
1742 20
1718 45
1736 29
1728 38
1729 38
1735 32
1725 43
1749 20
1731 39
1744 26
1723 48
1743 29
1747 26
1751 23
1752 23
1760 17
1755 23
1757 23
1758 26
1767 17
1737 48
1738 47
1740 46
1766 20
1741 46
1764 23
1770 17
1762 26
1768 20
1763 26
1748 42
1769 23
1773 20
1774 20
1772 23
1746 50
1777 20
1776 23
1750 50
1754 46
1771 30
1781 20
1756 46
1780 23
1753 51
1765 39
1761 45
1783 23
1775 32
1786 21
1759 49
1778 32
1784 29
1785 29
1791 23
1794 20
1790 27
1800 17
1779 39
1801 17
1797 23
1795 26
1798 23
1796 26
1802 23
1806 20
1799 29
1809 23
1812 20
1788 45
1816 17
1782 53
1787 48
1792 43
1793 42
1814 23
1789 49
1805 37
1819 23
1818 26
1824 20
1817 29
1808 39
1803 45
1825 23
1827 23
1820 32
1829 23
1830 23
1807 47
1831 23
1834 20
1837 17
1811 47
1833 26
1804 56
1840 20
1835 26
1838 23
1841 20
1836 26
1810 55
1813 52
1842 23
1815 51
1843 26
1821 49
1847 23
1822 49
1854 17
1823 49
1826 47
1828 45
1848 26
1832 43
1852 26
1858 20
1856 23
1846 35
1849 32
1867 14
1862 22
1853 32
1857 29
1860 26
1839 48
1861 26
1864 23
1844 47
1845 47
1850 42
1865 29
1863 32
1851 46
1877 20
1875 23
1878 20
1866 35
1872 29
1881 20
1859 43
1893 11
1873 32
1876 29
1879 29
1885 23
1883 26
1886 23
1855 55
1870 40
1884 26
1889 23
1871 42
1887 26
1897 17
1898 17
1868 48
1874 43
1882 35
1892 26
1902 17
1909 12
1869 53
1896 26
1894 29
1903 20
1895 32
1900 30
1907 23
1880 51
1888 43
1908 23
1912 20
1913 20
1914 20
1891 44
1918 17
1916 20
1890 48
1899 44
1911 32
1910 35
1901 45
1924 23
1919 29
1925 23
1920 29
1923 26
1931 23
1906 49
1917 38
1926 29
1904 52
1905 51
1927 29
1939 20
1930 30
1915 47
1921 41
1936 26
1922 42
1935 29
1933 32
1940 26
1949 17
1952 14
1941 26
1947 20
1929 39
1934 42
1932 45
1948 29
1928 50
1950 29
1956 23
1955 26
1953 29
1937 48
1943 42
1968 17
1961 26
1946 42
1959 29
1962 26
1938 52
1951 40
1942 51
1964 29
1944 50
1965 29
1963 32
1966 29
1967 29
1958 40
1980 20
1983 17
1945 56
1954 47
1978 23
1957 47
1977 29
1986 20
1975 32
1987 20
1960 48
1982 26
1985 23
1984 26
1988 23
1969 45
1991 23
1994 20
2003 11
1989 26
1995 20
1996 20
1979 38
2004 14
1972 48
1973 48
1992 29
1997 26
1970 54
1998 26
1999 26
2005 20
1971 55
1974 52
2012 14
2007 20
1981 49
2010 20
1976 55
2011 23
1990 45
2017 20
2006 32
2016 23
2014 26
2023 17
2002 39
2001 41
2018 24
1993 50
2008 35
2025 20
2000 46
2021 26
2028 20
2009 41
2027 23
2029 23
2015 39
2031 23
2040 14
2032 23
2038 17
2030 26
2026 32
2036 23
2034 26
2013 48
2020 41
2045 17
2035 29
2024 41
2019 49
2039 29
2048 20
2022 48
2042 29
2046 26
2044 29
2037 38
2033 44
2049 29
2059 20
2052 29
2058 23
2056 26
2060 23
2051 33
2061 23
2057 29
2069 17
2068 20
2041 48
2043 46
2067 23
2050 42
2063 29
2066 26
2078 14
2081 12
2054 40
2065 29
2077 17
2047 48
2055 41
2070 26
2076 20
2079 17
2074 26
2083 17
2075 26
2073 29
2085 20
2053 53
2080 26
2064 43
2087 23
2062 50
2098 14
2088 26
2072 43
2091 26
2094 23
2086 32
2089 29
2093 26
2090 30
2097 23
2096 26
2102 20
2071 52
2100 23
2084 44
2106 23
2095 35
2099 32
2108 23
2082 50
2103 29
2109 23
2101 32
2110 23
2113 20
2092 42
2111 23
2104 32
2121 17
2116 23
2114 26
2120 20
2112 29
2125 17
2105 41
2123 23
2128 20
2117 32
2124 26
2127 26
2134 20
2126 29
2132 23
2118 38
2130 26
2135 23
2136 23
2131 29
2141 20
2107 56
2137 26
2140 23
2115 50
2122 44
2150 20
2142 32
2119 56
2129 46
2155 20
2151 26
2154 23
2160 17
2159 20
2139 43
2148 37
2162 23
2138 48
2144 42
2158 29
2133 55
2168 20
2171 17
2166 23
2164 26
2143 48
2174 17
2145 47
2149 47
2156 40
2170 26
2146 51
2152 45
2147 51
2175 23
2153 46
2178 23
2161 41
2173 29
2176 26
2179 23
2181 23
2184 20
2185 20
2191 14
2188 20
2189 20
2157 53
2163 47
2190 20
2165 46
2182 29
2194 20
2169 46
2172 43
2183 32
2177 41
2202 17
2167 53
2200 20
2180 41
2195 26
2186 38
2192 32
2198 29
2204 26
2187 44
2203 29
2207 26
2205 29
2208 26
2211 23
2214 23
2217 20
2193 45
2197 42
2215 26
2206 36
2213 29
2199 44
2229 14
2212 32
2218 26
2221 23
2224 20
2227 17
2216 29
2222 23
2201 46
2210 38
2228 20
2220 29
2226 23
2232 20
2196 57
2233 20
2209 46
2239 20
2234 26
2237 23
2235 26
2238 23
2236 26
2223 40
2240 26
2241 26
2247 20
2245 23
2251 20
2243 29
2249 23
2242 32
2230 45
2219 58
2260 17
2255 23
2246 35
2225 57
2253 30
2231 53
2268 17
2248 38
2259 29
2265 23
2273 15
2254 35
2258 32
2269 23
2250 43
2252 41
2270 23
2272 23
2274 21
2244 52
2264 32
2267 29
2276 20
2266 32
2278 20
2257 42
2261 38
2279 20
2281 20
2285 17
2263 40
2280 23
2284 20
2256 49
2271 35
2275 34
2277 32
2262 48
2291 20
2283 29
2282 32
2294 20
2286 29
2287 29
2296 20
2289 29
2288 32
2292 29
2298 23
2307 14
2300 23
2301 23
2299 26
2306 20
2304 23
2302 29
2309 23
2312 20
2295 40
2293 43
2319 17
2311 26
2314 23
2320 17
2290 48
2315 23
2310 31
2321 21
2316 29
2318 29
2297 51
2322 26
2308 41
2317 32
2303 48
2325 26
2337 14
2323 29
2327 26
2333 20
2330 26
2305 52
2328 29
2331 26
2346 14
2332 29
2341 20
2313 49
2336 26
2342 20
2347 17
2335 30
2343 23
2338 29
2353 14
2326 43
2329 41
2344 26
2354 17
2324 48
2348 26
2345 32
2351 26
2349 29
2352 26
2350 29
2334 47
2361 20
2359 23
2371 11
2358 26
2340 45
2362 23
2365 20
2366 20
2339 53
2363 29
2356 37
2364 29
2367 26
2368 26
2372 23
2370 26
2355 42
2374 23
2373 26
2381 20
2357 46
2360 43
2386 17
2375 29
2379 26
2380 26
2369 38
2387 20
2376 32
2383 26
2377 34
2384 29
2378 39
2388 29
2391 26
2392 26
2395 23
2397 23
2389 32
2398 23
2404 17
2393 29
2396 26
2400 23
2403 23
2390 40
2407 23
2413 17
2402 29
2382 51
2385 48
2401 32
2410 23
2408 26
2411 23
2409 26
2416 20
2414 23
2415 23
2419 20
2405 35
2418 23
2394 48
2420 23
2425 20
2423 23
2412 35
2427 20
2399 49
2406 43
2421 29
2436 14
2422 29
2437 17
2435 20
2417 41
2426 32
2429 29
2441 17
2430 29
2439 20
2428 32
2431 29
2443 17
2433 28
2434 29
2432 32
2450 14
2442 23
2444 23
2440 29
2446 23
2445 26
2448 23
2447 29
2424 54
2460 20
2458 23
2451 32
2454 29
2459 26
2462 23
2461 26
2463 26
2466 23
2467 23
2438 55
2453 40
2464 29
2449 45
2452 42
2468 26
2456 39
2457 38
2472 23
2465 32
2471 26
2477 20
2455 43
2469 29
2476 23
2478 23
2482 20
2474 29
2475 29
2473 32
2479 26
2483 23
2486 23
2484 26
2487 23
2488 26
2491 23
2470 45
2489 26
2485 32
2490 29
2493 26
2480 41
2481 40
2501 20
2499 23
2500 23
2503 20
2504 20
2494 32
2507 20
2496 32
2498 32
2516 14
2502 29
2508 23
2506 26
2509 23
2519 13
2510 23
2512 23
2513 23
2505 32
2492 46
2514 26
2497 45
2524 20
2520 26
2495 52
2515 33
2522 26
2531 20
2534 17
2523 29
2518 36
2528 26
2526 29
2511 46
2533 26
2540 20
2527 35
2530 32
2545 17
2543 20
2538 26
2541 23
2539 26
2542 23
2537 29
2517 53
2536 36
2555 17
2525 48
2550 23
2521 53
2551 23
2546 29
2529 47
2548 29
2549 29
2532 47
2562 17
2552 29
2553 29
2556 26
2559 23
2554 29
2557 26
2560 23
2558 26
2535 51
2561 26
2565 23
2568 20
2544 45
2567 23
2547 44
2566 26
2572 20
2574 20
2580 14
2575 20
2590 8
2582 17
2571 29
2569 32
2563 39
2578 26
2585 20
2577 29
2581 26
2579 29
2588 20
2595 14
2564 47
2584 27
2576 36
2586 26
2583 32
2570 46
2589 29
2599 20
2598 23
2594 29
2601 23
2604 20
2587 38
2593 32
2573 53
2591 35
2602 26
2603 26
2596 35
2605 26
2609 26
2607 29
2608 29
2614 23
2592 47
2613 29
2611 32
2621 23
2610 35
2623 23
2632 14
2618 29
2606 42
2597 52
2620 29
2619 32
2622 29
2600 52
2615 37
2627 26
2633 20
2625 29
2647 7
2646 9
2630 26
2631 26
2626 33
2642 17
2616 44
2628 32
2643 17
2635 26
2617 46
2612 52
2638 26
2636 29
2639 26
2641 26
2651 17
2624 45
2640 32
2629 44
2644 29
2634 40
2654 20
2649 26
2653 23
2652 26
2655 23
2656 23
2660 20
2658 23
2661 20
2650 32
2659 26
2648 38
2666 20
2637 50
2662 26
2669 20
2645 45
2665 29
2668 26
2671 23
2674 20
2670 26
2676 20
2663 35
2673 26
2672 29
2685 17
2677 26
2683 20
2681 23
2678 27
2682 23
2680 26
2686 20
2687 20
2667 41
2679 29
2657 52
2675 35
2664 47
2695 17
2694 20
2688 29
2697 20
2690 29
2699 20
2691 29
2703 17
2696 26
2684 42
2700 26
2701 26
2692 36
2702 26
2704 26
2705 26
2715 17
2714 20
2709 26
2718 17
2707 29
2720 17
2712 26
2689 50
2716 23
2711 29
2717 23
2693 49
2723 20
2721 23
2724 20
2727 17
2698 47
2719 26
2722 23
2706 42
2725 23
2729 20
2728 23
2731 20
2737 14
2708 44
2733 20
2710 45
2732 23
2713 43
2738 20
2736 23
2735 26
2734 29
2743 23
2749 17
2747 20
2741 29
2730 42
2746 26
2750 23
2745 29
2748 26
2753 23
2726 51
2752 26
2755 23
2744 36
2751 29
2739 42
2756 29
2759 26
2762 23
2742 45
2770 17
2773 15
2740 49
2766 23
2754 36
2757 33
2767 23
2760 32
2769 23
2765 29
2763 32
2764 32
2768 29
2774 23
2783 14
2775 23
2776 23
2780 20
2772 29
2758 44
2779 23
2786 17
2781 23
2782 23
2771 35
2777 29
2784 23
2785 23
2788 20
2787 26
2790 23
2761 55
2799 20
2789 32
2801 20
2793 29
2796 26
2797 26
2811 14
2792 35
2795 32
2798 29
2778 50
2802 26
2791 38
2803 26
2810 20
2814 17
2804 28
2806 26
2813 20
2805 29
2808 26
2794 46
2815 26
2818 23
2819 23
2817 26
2822 23
2821 26
2824 23
2825 23
2832 17
2800 50
2830 20
2834 17
2820 32
2823 29
2835 17
2827 26
2828 26
2809 47
2836 20
2807 51
2829 30
2812 49
2816 46
2839 26
2840 26
2843 23
2848 19
2833 37
2844 26
2842 29
2831 41
2846 26
2853 20
2845 32
2857 20
2826 52
2847 31
2855 23
2838 41
2850 29
2849 32
2864 17
2859 23
2852 32
2837 49
2860 26
2863 23
2865 23
2854 35
2856 33
2841 51
2866 26
2861 32
2868 26
2871 23
2869 26
2858 38
2867 29
2870 26
2876 20
2874 23
2878 20
2851 49
2877 23
2880 20
2872 29
2873 29
2879 23
2862 41
2887 17
2884 23
2883 26
2890 20
2888 23
2897 14
2875 37
2886 26
2889 23
2882 32
2885 29
2891 26
2892 26
2881 38
2900 20
2898 23
2893 29
2894 29
2895 29
2899 26
2902 23
2908 17
2904 23
2907 20
2905 23
2896 33
2903 29
2906 26
2901 32
2910 23
2913 20
2914 20
2912 26
2911 29
2916 24
2920 20
2909 32
2915 26
2918 23
2923 20
2927 20
2922 26
2928 20
2917 32
2929 20
2937 14
2921 34
2926 29
2944 14
2930 29
2936 23
2934 26
2932 29
2933 29
2939 23
2945 17
2940 23
2935 29
2938 26
2950 17
2919 51
2925 45
2942 29
2954 17
2943 29
2952 20
2924 50
2948 26
2946 29
2931 45
2957 20
2960 17
2958 20
2956 23
2955 26
2949 35
2953 32
2966 20
2968 20
2971 17
2967 23
2941 50
2959 32
2962 29
2963 29
2964 29
2965 29
2969 26
2982 14
2974 23
2972 26
2975 23
2951 48
2970 29
2973 26
2947 54
2978 23
2981 20
2979 23
2980 23
2983 20
2985 23
2988 20
2989 20
2984 26
2990 20
2961 52
2995 20
2977 40
2992 29
2998 23
2993 29
2996 26
2999 23
2991 32
2997 26
2986 38
2976 50
3000 26
3003 26
3001 29
3002 29
2987 45
2994 38
3012 20
3004 29
3007 26
3008 26
3011 23
3020 14
3009 26
3016 20
3024 12
3006 32
3013 26
3005 35
3017 23
3023 17
3018 23
3010 32
3025 17
3035 8
3028 17
3014 32
3027 20
3019 29
3022 26
3034 17
3021 32
3031 23
3029 26
3037 20
3040 17
3015 43
3030 29
3033 26
3036 23
3039 20
3046 14
3042 20
3043 20
3032 38
3050 20
3045 26
3051 20
3041 32
3047 26
3044 30
3038 37
3052 26
3055 23
3056 23
3067 14
3026 56
3048 35
3054 29
3066 17
3049 35
3058 26
3053 32
3059 26
3062 23
3057 32
3063 26
3061 29
3064 26
3068 23
3071 20
3069 23
3070 23
3075 20
3076 20
3065 32
3073 26
3079 20
3081 23
3087 17
3074 32
3077 29
3080 26
3082 29
3085 26
3060 52
3089 23
3084 29
3088 26
3086 29
3072 45
3091 26
3094 23
3090 29
3099 20
3105 14
3078 43
3092 29
3098 23
3093 29
3102 20
3096 29
3095 32
3111 17
3083 46
3103 26
3106 26
3109 23
3112 20
3104 29
3097 37
3108 26
3113 27
3114 26
3100 41
3121 20
3116 26
3128 14
3115 29
3101 45
3117 29
3120 26
3123 23
3125 23
3118 32
3107 45
3127 29
3132 24
3143 14
3119 40
3130 29
3126 35
3138 23
3133 29
3134 28
3145 17
3124 39
3131 32
3141 23
3136 29
3110 56
3137 29
3140 29
3144 26
3147 23
3150 20
3146 26
3149 24
3122 53
3152 23
3159 17
3129 48
3148 29
3154 23
3153 26
3135 45
3151 29
3157 26
3163 20
3162 23
3139 47
3160 26
3156 32
3171 17
3142 48
3158 32
3161 29
3167 23
3170 20
3166 26
3172 20
3165 29
3174 20
3169 26
3164 32
3168 29
3177 20
3178 20
3184 17
3179 24
3155 49
3181 23
3180 26
3188 20
3191 17
3173 36
3192 17
3175 36
3182 29
3183 28
3187 26
3193 20
3194 20
3186 29
3189 26
3199 17
3196 23
3200 20
3185 36
3195 26
3198 23
3190 32
3205 17
3197 26
3203 23
3201 26
3204 23
3207 20
3202 26
3206 23
3212 17
3208 23
3176 61
3214 23
3218 20
3210 29
3216 23
3213 29
3215 29
3221 23
3211 37
3219 29
3222 26
3220 29
3229 20
3225 26
3234 20
3217 38
3226 29
3235 20
3224 32
3230 26
3236 20
3231 26
3237 20
3228 32
3209 52
3232 29
3233 29
3242 20
3239 26
3246 20
3243 24
3227 41
3250 20
3241 32
3253 20
3254 20
3252 23
3223 53
3251 26
3255 23
3257 23
3238 43
3247 34
3249 32
3262 20
3261 23
3240 46
3260 26
3258 29
3259 29
3266 23
3265 26
3267 26
3268 26
3271 23
3274 20
3269 26
3278 17
3270 26
3273 23
3244 53
3277 20
3245 53
3282 17
3279 23
3263 40
3275 29
3281 23
3276 29
3248 59
3264 43
3272 35
3284 23
3288 20
3256 54
3287 23
3280 32
3293 20
3294 20
3292 23
3291 26
3289 29
3296 23
3300 20
3298 23
3304 17
3297 26
3295 29
3290 35
3299 26
3309 20
3301 29
3302 29
3283 54
3285 52
3311 26
3307 32
3319 20
3317 23
3315 26
3310 32
3316 26
3322 20
3305 38
3308 35
3320 23
3306 38
3312 32
3286 60
3318 29
3321 26
3324 23
3325 23
3332 17
3327 23
3323 29
3326 26
3303 51
3328 26
3335 20
3313 43
3329 29
3336 23
3331 29
3337 23
3314 48
3334 29
3340 23
3339 26
3338 29
3347 20
3350 17
3333 35
3345 23
3348 23
3344 29
3330 44
3360 14
3363 14
3342 36
3353 26
3351 29
3349 32
3362 20
3357 26
3355 29
3354 32
3369 17
3341 47
3361 29
3359 32
3364 29
3346 48
3365 29
3371 23
3374 20
3352 44
3367 29
3356 41
3373 26
3366 35
3375 26
3358 44
3368 35
3383 20
3378 26
3387 17
3382 23
3343 64
3381 26
3376 32
3385 23
3380 29
3393 17
3379 32
3377 35
3396 17
3389 26
3391 27
3372 47
3384 35
3394 26
3392 29
3402 20
3397 26
3400 23
3403 20
3370 56
3395 32
3401 26
3411 17
3404 26
3407 23
3417 14
3410 23
3413 20
3408 26
3412 23
3388 49
3399 38
3405 32
3386 52
3406 32
3422 17
3420 20
3418 23
3415 29
3421 23
3416 29
3414 32
3398 49
3427 20
3390 59
3424 26
3433 20
3426 29
3425 32
3434 23
3429 29
3432 26
3409 52
3435 26
3438 23
3436 26
3419 44
3440 23
3443 20
3446 17
3431 33
3444 20
3437 29
3449 17
3453 13
3423 45
3445 23
3441 29
3442 29
3428 44
3447 26
3451 23
3452 23
3430 46
3450 26
3457 20
3448 32
3454 26
3463 17
3458 23
3461 20
3455 29
3459 26
3469 16
3460 26
3462 26
3439 50
3464 26
3466 26
3456 37
3470 23
3468 29
3477 20
3475 23
3467 32
3479 20
3465 35
3474 26
3473 29
3480 23
3481 23
3476 29
3482 23
3472 35
3484 23
3488 20
3491 17
3483 29
3489 23
3471 42
3487 26
3485 29
3490 26
3493 26
3496 23
3494 26
3500 20
3495 26
3505 17
3503 20
3492 32
3504 23
3502 26
3498 32
3478 55
3486 47
3507 26
3508 26
3511 23
3514 20
3506 29
3516 20
3518 18
3509 29
3521 17
3510 29
3517 23
3515 26
3497 45
3522 20
3499 44
3512 32
3524 20
3534 10
3501 44
3525 20
3529 17
3519 29
3523 26
3528 23
3520 32
3526 26
3530 23
3533 20
3531 23
3527 29
3532 26
3535 26
3513 49
3539 23
3542 20
3537 26
3540 26
3538 29
3541 26
3544 26
3536 35
3554 17
3547 26
3548 26
3555 20
3553 23
3545 33
3552 26
3546 35
3549 32
3559 23
3557 26
3551 33
3564 20
3560 26
3558 29
3567 20
3556 32
3563 26
3562 29
3566 26
3575 17
3550 44
3565 29
3568 26
3543 52
3571 26
3574 23
3578 20
3561 38
3569 32
3570 32
3576 26
3580 23
3584 20
3597 8
3589 17
3581 26
3583 26
3572 38
3596 17
3582 32
3588 26
3577 38
3587 29
3586 35
3593 28
3590 32
3594 29
3601 23
3592 33
3599 26
3600 26
3573 54
3604 23
3595 33
3602 26
3603 26
3591 40
3606 26
3579 54
3613 20
3598 36
3605 29
3608 26
3617 17
3585 50
3607 29
3616 20
3614 23
3609 29
3615 23
3610 29
3611 29
3620 20
3612 29
3623 20
3618 26
3621 26
3624 23
3625 23
3626 26
3619 35
3628 26
3630 26
3629 29
3636 23
3631 29
3634 26
3638 26
3642 23
3637 29
3652 14
3633 36
3649 20
3646 25
3648 23
3654 17
3643 29
3622 51
3627 46
3647 26
3632 43
3635 40
3650 29
3653 26
3667 14
3644 38
3656 26
3651 32
3657 26
3640 44
3655 29
3665 20
3666 20
3645 42
3664 23
3641 47
3660 30
3676 14
3639 52
3659 32
3674 17
3663 29
3669 23
3678 17
3661 35
3668 29
3671 26
3679 20
3677 23
3672 29
3683 20
3686 17
3673 32
3682 23
3685 20
3680 26
3670 38
3662 47
3675 35
3681 29
3687 26
3690 23
3688 26
3692 23
3695 23
3691 29
3694 26
3699 23
3658 66
3698 26
3702 23
3706 20
3701 26
3705 23
3697 32
3700 29
3703 26
3704 26
3714 17
3693 39
3713 20
3718 15
3711 23
3684 51
3715 20
3707 29
3689 48
3712 26
3710 29
3716 23
3717 23
3709 32
3721 20
3722 20
3696 49
3719 26
3724 23
3731 17
3723 26
3730 20
3725 26
3728 23
3720 32
3726 26
3708 45
3727 26
3735 20
3733 23
3738 20
3734 26
3736 26
3742 20
3737 26
3739 26
3732 34
3740 26
3729 38
3749 20
3752 17
3753 17
3745 26
3748 23
3743 29
3744 29
3746 29
3747 29
3751 26
3754 23
3750 29
3756 23
3762 20
3741 42
3757 29
3760 26
3755 32
3761 26
3766 23
3770 20
3768 23
3771 20
3769 23
3765 32
3785 14
3772 29
3759 43
3767 35
3776 26
3764 39
3780 23
3782 23
3774 32
3777 29
3758 49
3781 26
3763 45
3779 32
3791 20
3783 29
3786 26
3787 26
3775 39
3788 26
3789 26
3784 32
3797 20
3795 23
3773 46
3790 29
3793 26
3798 23
3801 21
3794 31
3803 23
3807 23
3810 20
3805 26
3806 26
3799 34
3808 26
3811 23
3800 35
3804 32
3816 20
3814 23
3809 29
3815 23
3778 62
3792 48
3802 39
3796 50
3820 26
3818 29
3819 29
3817 32
3824 26
3828 23
3837 14
3823 29
3832 20
3821 32
3834 20
3827 29
3829 29
3838 20
3830 29
3825 35
3839 23
3842 20
3813 51
3835 29
3840 25
3841 26
3833 35
3848 20
3812 58
3822 50
3843 29
3846 26
3844 29
3847 26
3859 17
3826 52
3836 44
3861 20
3853 29
3854 29
3855 29
3867 17
3856 29
3862 23
3851 35
3860 26
3831 56
3849 38
3864 23
3845 43
3857 32
3863 26
3858 32
3869 23
3865 29
3872 26
3875 23
3870 29
3868 34
3850 53
3871 32
3874 29
3883 20
3886 17
3878 29
3852 57
3881 29
3885 26
3889 23
3884 29
3879 35
3888 26
3891 23
3892 23
3890 26
3882 35
3866 52
3895 23
3880 39
3873 47
3887 35
3876 47
3894 29
3906 17
3893 32
3914 11
3900 26
3877 50
3898 29
3910 17
3921 11
3904 29
3907 26
3903 31
3901 35
3899 38
3912 26
3908 32
3918 23
3925 17
3924 20
3896 49
3897 49
3917 29
3919 29
3909 40
3902 48
3905 45
3936 14
3922 29
3923 29
3929 23
3911 42
3927 26
3948 8
3915 42
3938 20
3935 26
3913 49
3930 32
3928 35
3926 38
3916 50
3946 20
3941 26
3920 48
3942 26
3945 23
3937 32
3933 37
3944 26
3934 37
3951 20
3932 40
3947 26
3954 23
3949 29
3952 26
3955 23
3958 20
3931 49
3953 29
3957 26
3962 23
3960 26
3963 23
3950 37
3939 49
3964 26
3959 32
3971 20
3940 52
3967 26
3943 53
3961 35
3976 20
3965 32
3968 29
3974 23
3969 29
3972 26
3978 23
3966 37
3975 29
3981 23
3977 29
3983 23
3986 23
3979 31
3984 26
3985 26
3956 56
3973 39
3980 32
3987 26
3992 23
3982 35
3988 29
3970 48
3989 29
3995 26
4001 20
3990 32
3993 29
4007 17
4011 14
3991 35
3997 29
4000 26
4006 20
4010 17
3996 32
3994 35
4003 26
3998 32
4004 26
3999 32
4009 23
4012 20
4015 17
4013 20
4005 29
4014 29
4002 42
4018 26
4022 23
4033 12
4019 27
4021 26
4025 26
4020 32
4032 20
4024 29
4036 17
4026 29
4030 26
4028 29
4040 17
4029 29
4038 20
4027 32
4008 53
4035 26
4039 23
4034 29
4041 23
4023 42
4037 29
4048 20
4016 53
4017 52
4043 26
4044 26
4045 26
4050 23
4046 29
4052 23
4047 29
4053 23
4042 35
4049 29
4055 23
4031 48
4058 23
4059 23
4051 32
4068 15
4062 23
4056 32
4065 23
4054 35
4063 26
4069 20
4060 32
4070 23
4072 23
4073 23
4057 40
4064 35
4067 32
4071 32
4074 29
4075 29
4077 29
4080 26
4086 20
4066 41
4061 48
4083 26
4081 29
4076 35
4082 29
4091 20
4084 29
4085 29
4089 29
4101 17
4099 20
4097 23
4087 35
4096 26
4078 45
4095 29
4088 38
4094 32
4092 35
4098 29
4106 23
4104 26
4110 20
4105 26
4114 17
4079 53
4093 40
4108 26
4102 33
4119 17
4090 47
4111 26
4117 20
4112 26
4121 17
4109 30
4100 40
4113 29
4103 40
4116 29
4122 23
4125 20
4115 32
4124 23
4132 20
4107 46
4128 26
4126 29
4130 26
4131 26
4120 38
4123 35
4137 26
4135 29
4138 26
4141 23
4139 26
4118 48
4143 23
4146 20
4149 17
4136 32
4151 17
4134 35
4140 29
4144 26
4153 17
4127 46
4156 17
4129 45
4155 20
4150 26
4148 29
4152 26
4164 15
4154 26
4160 23
4133 52
4157 29
4145 42
4158 29
4161 29
4163 29
4167 26
4162 32
4165 29
4169 26
4168 29
4180 17
4172 26
4173 26
4179 20
4182 17
4166 35
4142 60
4175 29
4178 26
4176 29
4171 35
4159 48
4188 23
4170 43
4181 32
4174 41
4192 23
4195 20
4147 69
4196 20
4202 14
4185 32
4197 20
4193 26
4190 31
4187 35
4194 29
4189 35
4199 26
4204 21
4183 43
4184 43
4206 23
4205 26
4203 29
4201 32
4207 26
4209 26
4208 29
4214 23
4213 26
4211 29
4177 64
4215 26
4218 23
4210 32
4216 26
4219 23
4212 35
4221 26
4224 23
4227 20
4198 50
4225 23
4191 58
4217 32
4226 23
4220 30
4228 23
4234 17
4223 30
4230 23
4200 54
4231 23
4229 26
4232 23
4240 17
4238 20
4233 26
4239 20
4186 75
4222 43
4236 29
4251 17
4243 26
4235 35
4241 29
4244 26
4247 23
4246 29
4256 20
4242 35
4245 32
4252 26
4255 26
4259 23
4237 46
4257 26
4263 20
4250 35
4253 32
4270 17
4262 26
4260 29
4261 29
4269 23
4272 20
4267 26
4265 29
4282 15
4248 50
4249 49
4281 17
4264 35
4258 43
4273 29
4268 35
4280 23
4275 29
4279 25
4285 20
4288 20
4291 17
4254 55
4283 26
4286 23
4284 26
4266 45
4274 37
4276 35
4277 38
4293 23
4302 14
4287 30
4292 26
4290 29
4271 49
4297 23
4278 43
4294 29
4295 29
4306 20
4298 32
4311 20
4299 33
4303 29
4309 23
4289 44
4296 38
4305 29
4308 26
4304 32
4310 26
4314 23
4300 38
4307 32
4301 39
4312 29
4313 29
4316 26
4322 26
4325 23
4323 26
4326 23
4332 17
4318 32
4327 23
4328 23
4320 32
4335 17
4324 32
4330 26
4338 20
4321 39
4315 46
4319 42
4336 26
4334 29
4337 26
4317 49
4347 20
4329 40
4340 29
4343 26
4346 23
4341 29
4339 32
4342 29
4354 20
4333 42
4345 32
4349 29
4355 23
4357 23
4356 26
4362 20
4331 52
4348 35
4360 23
4366 17
4358 26
4359 29
4369 20
4344 46
4361 29
4353 38
4368 23
4377 14
4363 29
4364 29
4370 23
4351 45
4350 47
4371 26
4367 32
4352 48
4380 23
4372 32
4378 26
4376 29
4383 23
4387 20
4374 35
4384 26
4392 20
4382 32
4391 23
4386 29
4381 35
4393 23
4389 29
4373 46
4375 44
4365 55
4398 23
4396 26
4394 29
4401 23
4406 20
4404 23
4390 38
4399 29
4405 23
4397 32
4400 29
4395 35
4407 23
4414 17
4388 44
4379 56
4415 20
4420 15
4402 35
4408 29
4417 20
4412 26
4416 23
4385 57
4426 16
4424 20
4409 36
4413 32
4432 14
4410 38
4423 26
4430 20
4425 26
4418 35
4427 26
4419 35
4429 26
4435 20
4437 20
4421 37
4403 56
4439 20
4422 38
4431 29
4436 24
4433 29
4434 29
4441 23
4445 20
4440 29
4443 26
4438 32
4442 29
4444 29
4453 20
4451 23
4454 20
4411 64
4449 26
4428 50
4457 23
4450 32
4452 31
4455 29
4461 23
4456 29
4459 26
4466 20
4469 17
4472 14
4464 23
4467 20
4447 44
4468 23
4460 32
4458 36
4462 32
4463 32
4476 20
4471 29
4448 53
4475 26
4465 37
4479 23
4480 23
4481 23
4473 32
4482 23
4474 32
4477 29
4492 14
4483 26
4446 66
4470 42
4489 23
4487 26
4485 29
4488 26
4490 24
4491 23
4478 37
4486 29
4496 20
4484 36
4494 26
4493 29
4503 20
4506 17
4497 29
4500 26
4512 14
4498 29
4507 20
4499 29
4502 30
4501 32
4504 29
4510 23
4505 32
4517 20
4509 29
4513 26
4516 23
4495 46
4518 26
4521 23
4528 20
4514 35
4515 35
4520 32
4523 29
4522 32
4531 23
4532 23
4534 23
4530 29
4538 23
4527 35
4519 44
4537 26
4525 39
4541 23
4511 56
4536 32
4540 29
4543 26
4549 20
4529 41
4535 35
4508 63
4544 29
4547 26
4548 26
4556 20
4545 32
4546 32
4550 29
4533 47
4524 58
4554 29
4557 26
4566 17
4539 45
4552 32
4553 32
4560 26
4555 35
4558 32
4559 32
4565 26
4563 29
4575 17
4564 29
4526 69
4562 33
4569 26
4567 29
4577 20
4581 17
4568 32
4574 26
4580 20
4570 32
4582 20
4571 32
4561 44
4573 32
4591 14
4572 34
4551 56
4578 29
4542 66
4576 32
4588 20
4583 26
4587 23
4579 32
4585 29
4586 29
4592 23
4595 23
4584 35
4596 23
4599 23
4597 26
4601 23
4604 20
4603 23
4612 14
4607 20
4594 35
4614 17
4610 23
4589 45
4608 26
4609 26
4602 35
4605 32
4613 26
4590 50
4621 20
4593 49
4620 23
4627 17
4611 35
4624 23
4619 29
4617 32
4598 53
4616 35
4622 29
4606 46
4615 38
4618 35
4600 54
4628 26
4629 26
4635 20
4638 17
4623 35
4630 29
4634 26
4643 20
4637 29
4640 26
4652 17
4625 47
4650 23
4651 23
4657 20
4660 17
4649 29
4655 23
4653 26
4659 20
4633 48
4658 23
4631 52
4632 52
4661 23
4645 40
4647 38
4639 47
4666 20
4646 42
4663 26
4668 23
4669 23
4641 52
4626 69
4636 61
4644 53
4648 51
4664 35
4665 34
4673 26
4671 29
4674 26
4677 23
4642 59
4654 47
4672 29
4678 23
4676 26
4679 26
4682 23
4680 26
4681 25
4675 32
4688 20
4686 23
4670 40
4695 17
4656 57
4685 29
4683 32
4684 32
4689 29
4691 29
4667 54
4662 60
4693 29
4692 32
4698 26
4707 17
4687 38
4697 29
4704 23
4705 23
4706 23
4702 29
4700 32
4710 23
4703 32
4712 26
4715 23
4690 49
4722 17
4725 14
4711 29
4709 32
4718 23
4713 29
4736 6
4708 35
4714 29
4721 23
4724 20
4694 51
4716 29
4728 17
4720 26
4730 17
4699 50
4723 26
4729 20
4738 11
4719 32
4717 35
4734 20
4701 55
4726 30
4731 26
4740 17
4735 26
4733 29
4742 20
4743 20
4696 68
4745 20
4741 26
4744 23
4732 36
4739 29
4737 35
4746 26
4750 23
4751 23
4747 32
4753 26
4758 23
4761 20
4759 23
4748 35
4754 29
4760 23
4727 57
4749 35
4756 29
4779 7
4772 17
4774 17
4766 26
4769 26
4773 23
4762 35
4768 29
4755 43
4757 42
4764 35
4780 20
4775 26
4752 50
4770 32
4771 32
4792 11
4763 43
4777 29
4778 29
4776 32
4783 26
4791 20
4800 11
4765 48
4789 27
4786 32
4788 32
4794 26
4797 23
4803 17
4767 56
4798 26
4811 13
4790 35
4796 29
4805 20
4808 17
4784 42
4781 46
4799 29
4802 26
4793 37
4804 26
4785 46
4782 50
4806 26
4809 26
4812 23
4810 26
4818 20
4795 44
4819 20
4820 20
4807 35
4816 26
4814 29
4787 59
4817 29
4830 17
4823 26
4801 49
4821 29
4822 29
4825 26
4826 26
4831 23
4829 26
4824 32
4827 29
4833 26
4832 29
4835 26
4838 23
4842 20
4828 35
4837 26
4843 20
4844 20
4847 20
4851 17
4834 35
4840 29
4841 29
4839 32
4845 26
4850 23
4853 20
4846 29
4855 20
4857 20
4815 63
4836 43
4813 69
4862 20
4863 20
4854 31
4856 29
4859 26
4867 20
4852 37
4860 29
4875 14
4858 32
4865 26
4872 20
4848 46
4868 26
4861 35
4876 20
4882 17
4880 20
4849 52
4866 35
4869 32
4885 17
4871 32
4888 17
4864 43
4873 34
4878 29
4884 23
4887 23
4879 32
4874 38
4889 23
4881 32
4883 32
4891 26
4892 26
4895 23
4896 23
4886 35
4893 29
4877 46
4894 29
4902 23
4900 26
4870 57
4901 26
4890 38
4905 23
4903 26
4897 33
4904 26
4906 26
4909 23
4915 17
4908 26
4907 29
4910 26
4916 20
4898 44
4913 29
4912 32
4918 26
4921 23
4919 26
4911 35
4899 50
4917 32
4929 20
4922 28
4920 32
4927 26
4928 25
4926 29
4925 32
4914 44
4923 35
4930 29
4933 26
4936 23
4934 26
4932 29
4935 26
4924 38
4942 20
4937 29
4939 27
4940 29
4941 29
4953 17
4947 26
4948 26
4954 20
4955 20
4951 26
4943 35
4949 29
4952 26
4944 35
4945 35
4963 17
4938 44
4950 32
4957 26
4961 23
4970 14
4931 55
4958 29
4956 32
4959 32
4962 29
4974 17
4960 32
4965 29
4975 20
4964 32
4946 51
4971 26
4966 32
4973 26
4968 32
4969 32
4967 35
4976 26
4980 23
4972 32
4987 17
4985 23
4978 32
4982 29
4988 23
4991 20
4983 29
4981 32
4984 29
4996 17
4994 20
4997 17
4977 38
4989 26
4979 37
5000 26
4998 29
5001 26
4986 42
5004 26
4999 32
5002 29
5011 20
5003 29
5005 29
5014 20
5009 26
5007 29
5010 26
5008 29
4990 48
5012 26
5013 26
5017 23
5006 35
5018 23
4992 52
4993 53
4995 51
5020 26
5023 23
5024 23
5028 20
5030 20
5016 35
5025 26
5021 32
5027 26
5019 35
5022 32
5033 26
5036 23
5031 29
5037 23
5026 35
5044 20
5040 29
5043 26
5034 38
5029 44
5038 35
5041 32
5032 42
5039 35
5042 32
5048 26
5054 20
5015 61
5050 26
5051 26
5052 26
5061 17
5053 26
5059 23
5057 26
5035 49
5055 29
5056 32
5062 26
5063 26
5064 26
5047 45
5069 23
5049 45
5068 26
5045 50
5067 29
5071 26
5070 29
5076 23
5046 54
5065 35
5072 29
5073 29
5079 23
5078 26
5060 46
5074 32
5080 26
5075 32
5091 17
5086 23
5084 26
5087 23
5058 53
5083 29
5088 24
5081 32
5082 32
5085 29
5089 26
5094 23
5097 20
5077 41
5099 20
5066 54
5093 29
5098 26
5090 35
5096 32
5105 23
5092 38
5101 32
5100 35
5103 32
5112 23
5107 29
5109 27
5110 26
5108 29
5121 17
5104 35
5117 23
5120 20
5116 26
5102 42
5118 26
5115 32
5095 53
5119 29
5123 26
5127 23
5130 20
5122 29
5134 17
5129 23
5106 47
5113 40
5135 20
5138 17
5133 26
5139 20
5111 49
5128 35
5137 26
5114 50
5132 32
5145 20
5124 42
5143 23
5147 20
5140 28
5142 26
5152 17
5125 45
5126 44
5148 23
5151 20
5149 23
5141 32
5156 17
5155 20
5154 23
5146 34
5158 23
5163 20
5131 53
5164 20
5157 29
5159 29
5162 26
5165 23
5168 20
5166 26
5169 23
5144 49
5170 23
5167 27
5174 20
5136 60
5173 26
5179 20
5150 50
5160 40
5178 23
5182 20
5171 32
5172 32
5153 53
5177 29
5161 48
5176 33
5180 32
5188 26
5189 26
5187 29
5196 20
5185 32
5194 23
5198 20
5193 26
5191 29
5197 23
5190 32
5175 48
5195 29
5181 45
5184 42
5201 26
5199 29
5202 26
5192 37
5205 26
5208 23
5203 29
5206 26
5209 23
5204 29
5200 35
5183 54
5186 51
5211 26
5212 26
5207 32
5210 29
5213 26
5216 26
5229 14
5215 29
5217 29
5221 26
5223 25
5219 32
5227 26
5231 23
5224 32
5236 20
5225 32
5226 32
5242 16
5218 41
5230 29
5233 26
5228 32
5238 23
5250 11
5214 51
5240 26
5243 23
5235 32
5241 26
5239 29
5244 26
5220 51
5246 25
5258 14
5255 20
5245 32
5254 23
5248 32
5251 29
5222 59
5249 32
5261 20
5232 50
5259 26
5257 29
5267 20
5270 17
5237 54
5265 29
5268 26
5272 23
5264 32
5279 17
5262 35
5260 38
5275 23
5280 20
5247 55
5234 70
5253 51
5263 41
5269 35
5278 26
5284 20
5273 32
5291 14
5276 30
5281 26
5285 23
5256 53
5274 35
5289 20
5252 58
5295 17
5290 23
5282 32
5266 51
5297 20
5292 26
5301 17
5293 26
5299 20
5271 50
5286 35
5277 46
5288 35
5287 38
5302 23
5294 32
5304 23
5311 20
5317 17
5303 32
5307 29
5305 32
5283 55
5300 38
5309 29
5318 20
5310 29
5308 32
5314 26
5306 35
5321 20
5313 32
5322 23
5328 17
5298 49
5327 20
5316 32
5319 29
5323 26
5312 38
5320 32
5296 57
5324 29
5325 29
5326 32
5329 29
5330 29
5331 29
5333 29
5345 17
5337 26
5341 23
5339 26
5334 32
5340 26
5332 35
5338 29
5335 33
5336 32
5342 26
5344 24
5348 20
5356 14
5346 26
5315 58
5347 27
5343 32
5350 26
5362 14
5351 26
5353 26
5354 26
5357 23
5360 23
5349 35
5355 29
5358 26
5365 20
5366 20
5352 36
5361 29
5368 23
5374 17
5369 26
5367 29
5372 26
5375 23
5378 20
5373 26
5370 32
5376 26
5379 26
5382 23
5371 35
5377 29
5380 26
5381 32
5386 27
5397 17
5383 32
5359 57
5384 32
5388 29
5391 26
5400 17
5395 23
5398 20
5393 26
5396 23
5363 61
5392 32
5385 40
5402 23
5387 41
5399 29
5405 23
5403 26
5406 23
5389 41
5401 29
5404 26
5410 20
5364 69
5394 39
5407 26
5408 26
5411 23
5390 46
5423 14
5412 26
5420 20
5413 32
5419 26
5417 29
5418 29
5429 20
5421 29
5416 35
5414 38
5427 26
5433 20
5422 32
5425 29
5431 23
5439 17
5426 32
5438 20
5409 51
5428 32
5436 26
5435 29
5441 23
5442 23
5432 35
5415 53
5430 38
5445 23
5437 32
5443 26
5444 26
5451 20
5440 32
5457 17
5424 51
5461 14
5447 29
5453 23
5448 29
5450 29
5456 23
5446 35
5449 32
5452 29
5460 23
5455 29
5459 26
5434 52
5463 23
5464 23
5467 20
5465 23
5458 32
5462 29
5466 26
5470 23
5469 29
5475 23
5473 26
5476 23
5472 29
5482 20
5479 26
5454 52
5471 35
5474 32
5481 26
5485 23
5483 26
5489 23
5484 29
5487 26
5496 17
5491 23
5477 38
5490 26
5492 26
5493 26
5500 20
5468 53
5486 35
5498 23
5502 20
5505 17
5478 47
5497 29
5495 32
5510 17
5499 29
5509 20
5501 29
5480 52
5506 26
5508 26
5503 33
5504 32
5515 23
5521 17
5488 52
5514 26
5507 35
5513 29
5511 32
5518 29
5519 29
5531 17
5522 29
5525 26
5523 29
5526 26
5533 20
5524 32
5528 29
5529 29
5512 47
5520 39
5527 32
5536 23
5535 26
5530 32
5516 48
5534 32
5539 29
5542 26
5545 23
5517 52
5537 32
5540 29
5543 26
5552 17
5494 76
5547 23
5548 23
5538 35
5541 32
5546 29
5553 23
5556 20
5558 20
5549 32
5550 32
5554 29
5557 26
5561 23
5567 17
5532 53
5565 20
5551 37
5560 29
5559 32
5562 29
5544 48
5555 37
5568 26
5566 29
5570 26
5571 26
5563 35
5569 29
5584 14
5573 26
5579 20
5577 23
5574 29
5586 17
5572 32
5575 29
5581 23
5580 26
5578 29
5582 26
5588 20
5591 17
5587 23
5585 29
5601 17
5564 55
5593 26
5596 23
5597 23
5603 17
5592 29
5595 26
5590 32
5594 29
5576 48
5605 20
5583 44
5589 38
5607 20
5600 29
5604 26
5602 29
5599 34
5617 17
5609 26
5614 26
5615 26
5610 32
5616 26
5611 32
5620 23
5618 29
5621 26
5627 20
5619 29
5598 51
5630 20
5625 26
5629 23
5613 40
5624 29
5623 32
5631 26
5634 23
5626 32
5632 26
5633 26
5606 54
5612 49
5635 26
5638 23
5639 23
5637 26
5643 20
5646 17
5608 56
5636 29
5645 20
5650 17
5644 26
5642 29
5651 20
5641 32
5649 26
5648 29
5628 50
5655 23
5647 32
5656 23
5640 40
5667 14
5622 61
5654 29
5666 17
5658 26
5661 23
5653 32
5660 26
5663 23
5664 23
5662 26
5665 23
5668 23
5684 14
5673 26
5671 29
5674 26
5677 23
5675 26
5681 20
5657 46
5669 35
5672 32
5670 35
5680 26
5683 23
5678 29
5690 17
5676 32
5679 29
5652 57
5686 26
5693 20
5682 32
5659 56
5689 26
5700 17
5687 32
5688 32
5694 26
5691 32
5692 32
5704 20
5699 26
5698 29
5707 20
5706 23
5709 20
5712 17
5705 26
5714 17
5696 36
5702 32
5711 23
5703 32
5710 26
5713 23
5715 26
5721 20
5685 57
5697 45
5719 23
5722 20
5716 32
5695 55
5718 32
5730 20
5724 29
5727 26
5720 34
5725 29
5734 21
5735 20
5728 28
5739 20
5726 35
5729 32
5732 29
5717 45
5733 29
5740 23
5701 64
5736 29
5742 23
5747 18
5731 35
5741 26
5750 17
5723 45
5743 26
5738 32
5753 20
5737 40
5745 32
5751 26
5757 20
5756 23
5708 72
5748 32
5752 29
5755 26
5762 20
5763 20
5765 23
5764 26
5776 14
5746 47
5766 27
5770 23
5768 26
5760 35
5769 26
5744 53
5754 43
5772 26
5778 20
5749 50
5767 32
5779 20
5759 41
5774 26
5781 20
5789 14
5782 23
5758 49
5773 35
5771 38
5777 32
5780 29
5784 26
5785 26
5787 26
5790 23
5761 53
5791 23
5792 23
5796 23
5788 32
5802 20
5800 23
5798 26
5775 52
5783 45
5799 29
5806 23
5809 26
5786 50
5804 32
5810 26
5816 20
5803 35
5815 23
5801 39
5808 32
5817 23
5793 48
5794 48
5795 48
5814 29
5820 23
5823 20
5812 32
5818 26
5821 23
5797 50
5807 40
5824 23
5813 35
5819 29
5831 23
5826 29
5829 26
5830 26
5825 32
5805 53
5827 32
5832 29
5838 23
5833 29
5836 26
5839 23
5828 35
5835 29
5811 55
5834 32
5841 29
5822 49
5846 26
5845 29
5840 35
5843 32
5849 26
5853 23
5856 20
5858 20
5844 35
5847 32
5848 32
5854 26
5842 42
5855 29
5850 35
5861 26
5859 29
5857 32
5866 23
5867 23
5870 20
5862 29
5837 55
5860 32
5869 26
5879 17
5868 29
5877 20
5872 26
5875 23
5864 35
5851 49
5878 23
5876 26
5885 17
5883 20
5884 20
5873 32
5852 54
5874 32
5886 20
5880 29
5881 29
5888 23
5871 41
5863 51
5889 26
5892 23
5895 20
5890 26
5882 35
5891 26
5893 24
5894 23
5887 32
5896 23
5903 17
5865 58
5901 23
5904 20
5900 26
5909 20
5899 32
5902 29
5912 20
5915 17
5910 23
5905 29
5897 39
5907 29
5908 29
5914 23
5923 14
5898 43
5913 29
5916 26
5911 32
5918 26
5919 29
5921 29
5925 26
5931 20
5920 32
5924 29
5927 26
5929 26
5928 29
5934 23
5940 17
5917 41
5926 32
5922 38
5932 29
5936 26
5938 26
5930 35
5939 26
5937 29
5943 23
5942 26
5949 20
5947 23
5906 67
5944 31
5946 32
5961 17
5950 29
5951 29
5933 48
5952 29
5954 29
5965 18
5955 29
5958 26
5935 50
5956 29
5948 38
5960 26
5963 23
5953 35
5959 29
5945 44
5957 32
5964 29
5966 29
5969 26
5941 55
5967 29
5962 35
5968 29
5974 23
5975 23
5973 26
5972 29
5978 23
5981 20
5977 26
5979 26
5982 23
5986 20
5984 23
5971 37
5976 32
5985 23
5987 26
5994 20
5989 29
5999 20
5997 23
5990 32
5991 32
5995 29
6001 23
5996 29
6005 20
6008 17
5992 35
6007 20
6012 17
5980 50
5998 32
6013 17
6006 27
6010 23
5970 64
6003 32
6015 20
6004 32
5988 49
6002 35
6011 26
6009 32
6014 29
5993 51
6018 26
6029 17
6021 26
6022 26
6025 23
6017 32
6027 23
6000 51
6020 32
6026 26
6024 29
6028 26
6019 36
5983 73
6016 44
6037 23
6040 20
6032 29
6035 26
6023 39
6034 30
6041 23
6042 23
6031 35
6043 23
6038 29
6033 35
6030 39
6046 23
6049 20
6050 20
6039 32
6045 26
6058 17
6048 29
6044 35
6047 32
6051 32
6054 29
6036 48
6052 33
6057 29
6060 26
6055 32
6061 26
6063 26
6071 20
6066 26
6069 23
6065 29
6068 26
6067 29
6070 26
6059 38
6053 46
6081 20
6062 40
6073 29
6075 29
6078 26
6072 35
6085 23
6056 53
6080 29
6079 32
6082 29
6064 48
6074 41
6087 29
6096 20
6076 41
6091 26
6094 23
6101 17
6084 37
6086 35
6089 32
6092 29
6100 23
6077 47
6098 26
6099 26
6112 14
6095 32
6090 38
6088 42
6102 29
6097 35
6104 29
6083 51
6106 29
6105 32
6111 26
6120 17
6093 45
6115 23
6116 23
6114 26
6109 32
6118 23
6113 32
6117 29
6110 38
6127 23
6125 26
6108 44
6124 29
6130 23
6119 35
6131 23
6126 29
6132 23
6103 53
6107 50
6133 26
6128 32
6134 26
6144 17
6142 20
6140 23
6135 29
6123 42
6136 32
6139 29
6137 32
6141 29
6145 26
6148 23
6122 50
6143 29
6152 20
6129 44
6138 37
6147 29
6146 32
6153 27
6154 26
6149 32
6150 31
6158 23
6163 20
6156 29
6157 29
6121 66
6166 23
6164 26
6159 32
6172 20
6167 26
6170 23
6165 29
6168 26
6177 17
6155 42
6180 17
6169 29
6178 20
6176 23
6171 29
6173 29
6185 17
6161 42
6183 20
6174 30
6179 26
6182 23
6151 55
6162 46
6175 35
6181 29
6184 26
6190 20
6191 20
6194 17
6160 52
6193 20
6188 26
6200 17
6189 29
6198 20
6203 17
6201 20
6187 35
6186 38
6206 20
6195 32
6204 23
6199 29
6205 23
6197 32
6208 23
6196 38
6209 29
6212 26
6215 23
6192 47
6214 26
6202 39
6207 35
6210 32
6218 26
6222 23
6223 23
6224 23
6217 32
6221 29
6216 35
6219 32
6225 26
6211 41
6220 32
6228 26
6231 23
6226 29
6238 17
6227 29
6239 18
6230 29
6234 26
6237 26
6243 20
6246 17
6244 20
6233 32
6242 23
6213 54
6252 17
6232 38
6250 20
6236 35
6240 32
6248 26
6251 23
6247 29
6254 23
6249 29
6229 51
6235 45
6245 35
6255 26
6253 29
6256 29
6241 46
6261 26
6264 23
6259 29
6260 29
6258 32
6267 23
6268 23
6257 35
6266 26
6262 32
6265 29
6270 26
6263 35
6282 17
6277 23
6272 29
6278 23
6289 12
6276 26
6271 32
6275 29
6290 14
6273 32
6279 26
6269 37
6285 23
6288 23
6280 32
6284 29
6296 17
6297 17
6283 32
6292 23
6294 23
6298 20
6286 33
6287 35
6295 29
6300 26
6301 26
6307 20
6274 54
6291 37
6293 35
6304 26
6299 32
6303 29
6306 26
6308 26
6310 26
6305 32
6311 26
6309 29
6312 26
6314 26
6315 26
6318 23
6317 26
6323 20
6281 64
6322 23
6302 46
6313 35
6316 32
6319 29
6326 23
6329 20
6324 26
6321 32
6339 14
6331 23
6334 20
6335 20
6327 29
6332 26
6325 34
6330 29
6336 23
6342 17
6343 17
6345 17
6333 31
6337 32
6346 23
6352 17
6328 42
6338 32
6341 29
6356 14
6320 52
6349 23
6357 20
6347 32
6350 29
6348 32
6365 17
6361 23
6353 32
6362 23
6344 42
6351 35
6354 32
6355 32
6368 19
6364 26
6340 51
6358 35
6359 35
6360 35
6363 32
6369 26
6370 26
6371 26
6367 32
6376 23
6374 26
6377 23
6381 20
6382 20
6375 29
6378 26
6384 23
6379 29
6387 23
6385 26
6366 47
6383 32
6386 29
6392 23
6388 29
6391 26
6394 23
6389 29
6395 23
6398 23
6390 32
6396 26
6399 26
6400 26
6406 20
6373 55
6402 26
6405 23
6411 17
6401 29
6372 59
6393 38
6397 35
6403 29
6404 29
6417 17
6420 20
6412 29
6407 35
6413 29
6419 23
6380 64
6422 23
6421 26
6427 20
6408 41
6423 26
6418 32
6437 14
6424 29
6428 26
6409 46
6430 26
6425 32
6414 44
6426 32
6429 29
6410 49
6438 23
6441 23
6446 20
6415 54
6416 53
6444 26
6436 35
6442 29
6445 26
6440 32
6443 29
6455 17
6458 14
6447 26
6432 45
6448 29
6449 28
6456 23
6454 26
6433 49
6439 43
6450 32
6452 32
6434 52
6457 29
6469 17
6459 29
6465 23
6451 38
6460 29
6463 26
6461 29
6473 20
6453 41
6466 29
6470 26
6474 23
6477 20
6435 63
6431 68
6476 23
6468 32
6480 20
6472 29
6482 20
6486 17
6462 43
6485 20
6481 26
6488 20
6478 32
6484 26
6487 23
6479 32
6467 45
6483 29
6490 23
6489 26
6494 23
6464 55
6475 45
6496 26
6499 23
6492 32
6493 32
6491 35
6497 29
6500 26
6471 56
6495 32
6501 26
6514 14
6503 26
6519 11
6505 26
6506 26
6504 29
6517 17
6509 26
6507 29
6510 26
6513 23
6508 29
6512 26
6498 41
6522 20
6511 32
6515 29
6516 35
6526 26
6520 33
6521 32
6528 26
6531 23
6502 53
6527 29
6529 29
6532 26
6530 29
6539 20
6535 26
6538 23
6553 8
6518 45
6525 41
6524 44
6536 32
6556 14
6549 23
6550 23
6548 26
6543 32
6546 29
6555 20
6541 35
6533 44
6540 38
6547 32
6559 20
6545 35
6554 26
6558 23
6537 45
6560 23
6563 20
6552 32
6561 23
6562 23
6534 52
6551 35
6542 45
6523 66
6544 46
6564 26
6567 23
6571 20
6585 6
6557 35
6566 26
6575 17
6579 14
6569 27
6570 26
6568 29
6574 23
6577 20
6583 17
6572 29
6578 23
6582 20
6586 17
6576 29
6581 29
6584 26
6587 23
6565 48
6590 26
6593 23
6591 26
6594 23
6595 26
6599 23
6588 35
6589 35
6605 20
6608 17
6580 47
6592 35
6598 29
6604 23
6597 32
6600 29
6606 23
6596 35
6607 26
6613 20
6611 23
6614 23
6601 37
6616 23
6610 32
6617 26
6609 35
6618 26
6573 72
6627 20
6602 46
6619 29
6622 26
6620 29
6603 47
6621 29
6623 29
6625 29
6628 26
6612 44
6630 26
6636 20
6637 23
6626 35
6629 32
6615 48
6635 29
6633 32
6639 26
6645 23
6651 17
6634 35
6640 29
6643 26
6642 29
6648 23
6652 20
6650 23
6632 43
6646 29
6647 29
6624 54
6660 18
6656 23
6655 26
6653 29
6662 20
6654 29
6657 26
6631 53
6658 26
6659 26
6666 20
6641 46
6638 51
6669 20
6663 29
6644 49
6667 26
6665 29
6668 29
6680 17
6672 26
6673 26
6671 29
6674 26
6681 20
6661 42
6689 14
6675 29
6678 26
6687 17
6649 56
6679 26
6682 26
6686 23
6677 33
6684 26
6690 20
6693 17
6676 35
6670 42
6683 29
6685 29
6692 26
6664 56
6700 20
6688 35
6691 32
6704 20
6699 26
6696 32
6702 26
6711 17
6701 29
6716 14
6697 35
6707 26
6710 23
6712 23
6694 42
6713 23
6705 32
6708 29
6709 29
6714 26
6725 17
6720 23
6695 49
6706 38
6718 26
6721 23
6728 18
6715 32
6698 53
6719 32
6703 49
6723 32
6726 29
6735 20
6717 39
6724 32
6722 35
6727 32
6732 29
6731 32
6741 23
6734 32
6738 29
6744 26
6740 32
6730 43
6747 26
6739 35
6742 32
6736 39
6737 38
6743 32
6753 23
6751 26
6752 26
6758 23
6733 49
6750 32
6756 26
6762 20
6745 38
6748 35
6729 55
6749 35
6767 17
6765 20
6755 32
6770 17
6759 29
6754 35
6757 32
6760 29
6763 26
6746 46
6761 32
6764 29
6781 14
6782 14
6768 29
6766 32
6772 26
6784 14
6771 29
6778 23
6774 29
6769 35
6785 20
6776 32
6780 29
6783 26
6789 20
6775 35
6773 41
6788 26
6787 29
6777 40
6786 32
6790 29
6793 26
6792 29
6791 32
6800 26
6807 20
6802 26
6809 20
6779 51
6795 35
6799 32
6812 20
6805 29
6808 26
6811 23
6794 41
6806 29
6801 35
6804 32
6796 42
6818 20
6813 26
6798 44
6810 32
6797 48
6816 29
6819 29
6825 23
6814 35
6803 47
6821 29
6824 26
6823 29
6826 26
6832 20
6815 39
6817 37
6828 27
6827 29
6842 17
6822 38
6831 29
6847 14
6837 26
6840 23
6835 29
6851 14
6843 23
6820 47
6829 38
6841 26
6833 36
6838 32
6834 38
6830 43
6844 29
6839 35
6845 29
6846 29
6852 23
6850 26
6849 29
6870 8
6872 8
6859 23
6857 26
6848 38
6836 51
6864 23
6853 35
6862 26
6854 35
6856 33
6855 35
6858 32
6868 23
6863 29
6876 20
6866 32
6879 20
6860 40
6885 17
6874 29
6869 35
6873 32
6871 38
6865 46
6861 52
6886 27
6882 32
6888 26
6897 17
6892 23
6875 42
6887 30
6891 26
6883 35
6889 29
6901 17
6880 40
6877 44
6867 55
6884 38
6893 29
6896 26
6894 29
6899 26
6902 23
6878 48
6881 45
6890 36
6895 32
6898 29
6904 26
6905 26
6900 32
6912 20
6915 17
6911 23
6907 29
6913 23
6903 35
6906 32
6909 29
6918 20
6914 26
6924 17
6908 35
6917 26
6920 23
6925 23
6910 39
6921 29
6922 29
6923 29
6929 23
6931 23
6926 29
6934 23
6938 20
6936 23
6928 33
6930 32
6937 26
6927 37
6935 29
6916 49
6933 32
6939 26
6941 26
6950 17
6942 26
6945 23
6919 50
6943 26
6952 20
6944 29
6947 26
6948 26
6946 29
6953 23
6954 23
6960 17
6940 38
6951 29
6957 23
6949 32
6956 26
6932 53
6964 23
6962 26
6958 32
6963 29
6955 38
6961 32
6965 29
6966 29
6967 32
6968 32
6972 29
6975 26
6978 29
6959 51
6976 35
6979 32
6988 23
6977 35
6983 29
6986 26
6973 40
6990 23
6969 45
6971 43
6984 30
6995 20
7009 6
6981 35
6987 29
6970 48
6996 23
7002 17
7000 20
6980 41
6999 23
6997 26
6989 35
6992 32
7001 23
6991 34
7008 17
6974 52
6985 41
6994 35
7006 23
7004 26
7010 20
7019 11
6993 38
7016 17
7012 23
7007 29
7013 23
7003 35
6982 58
7018 23
7024 23
7014 35
7034 17
7023 29
7022 31
7031 23
7035 20
7037 20
7020 38
7005 54
7027 32
7030 29
7028 32
7029 32
7048 13
7036 26
7039 23
7011 52
7032 32
7038 26
6998 67
7033 32
7015 52
7044 23
7047 20
7042 26
7051 17
7040 29
7041 29
7017 54
7045 26
7052 20
7026 47
7021 54
7025 50
7046 29
7054 23
7053 26
7063 17
7049 32
7043 41
7058 26
7059 26
7050 36
7056 32
7060 29
7055 35
7061 29
7057 34
7062 29
7066 29
7067 29
7070 26
7064 33
7065 32
7068 29
7069 29
7072 29
7087 14
7077 26
7075 29
7081 23
7079 26
7083 23
7073 35
7080 29
7086 23
7092 17
7091 20
7082 32
7085 29
7093 22
7084 32
7090 26
7094 23
7071 47
7089 29
7103 20
7098 26
7095 30
7096 29
7099 26
7088 38
7100 26
7106 20
7076 52
7078 52
7104 26
7101 32
7105 29
7109 26
7110 26
7111 26
7097 44
7115 26
7121 20
7113 29
7119 23
7108 35
7129 14
7074 71
7107 40
7127 20
7116 32
7122 26
7117 32
7118 32
7124 26
7123 29
7132 21
7112 45
7131 26
7102 57
7136 23
7125 35
7135 26
7134 29
7137 26
7138 26
7141 23
7130 35
7142 23
7143 23
7146 20
7140 29
7150 20
7148 23
7149 23
7152 20
7147 26
7128 49
7145 32
7120 58
7158 20
7126 54
7151 29
7160 20
7155 26
7153 29
7144 39
7154 29
7157 26
7159 26
7162 23
7133 54
7161 26
7156 32
7167 23
7163 29
7139 54
7169 26
7172 23
7170 26
7173 23
7168 29
7175 23
7181 17
7114 85
7174 26
7165 37
7164 40
7179 26
7171 35
7191 17
7180 29
7178 32
7184 32
7187 29
7182 35
7185 32
7186 32
7192 26
7176 43
7177 42
7190 29
7194 26
7197 23
7198 23
7166 56
7199 23
7183 40
7200 26
7201 29
7206 26
7202 32
7205 29
7203 32
7209 26
7207 29
7216 20
7189 49
7211 27
7204 35
7210 29
7213 26
7193 47
7208 32
7218 23
7217 26
7215 29
7188 57
7219 26
7214 32
7223 23
7221 26
7196 52
7222 26
7195 54
7226 23
7229 20
7224 26
7227 23
7220 32
7228 26
7236 20
7231 29
7241 20
7244 17
7212 50
7240 23
7225 41
7245 23
7243 26
7246 23
7232 38
7235 35
7253 17
7239 32
7234 38
7249 23
7233 41
7248 26
7238 37
7250 26
7242 35
7254 23
7252 26
7260 20
7230 51
7251 32
7263 20
7237 48
7259 26
7266 20
7258 29
7247 41
7262 26
7255 35
7267 23
7256 35
7268 23
7271 20
7274 20
7269 26
7278 17
7275 23
7265 35
7280 20
7272 29
7273 29
7286 17
7257 47
7264 40
7277 29
7281 26
7287 20
7282 26
7285 23
7289 20
7292 19
7283 29
7270 43
7288 26
7276 40
7284 32
7293 23
7302 14
7261 58
7290 29
7291 29
7300 20
7294 29
7295 29
7296 29
7298 29
7305 23
7279 53
7297 35
7299 35
7303 32
7309 26
7310 26
7308 29
7324 14
7304 35
7313 26
7307 35
7327 17
7316 29
7314 32
7330 17
7320 29
7321 29
7301 50
7323 29
7329 23
7335 17
7322 32
7326 29
7338 17
7315 41
7325 32
7333 26
7341 20
7319 43
7317 46
7328 35
7306 58
7312 53
7336 29
7339 26
7331 35
7337 29
7318 51
7351 20
7340 32
7346 26
7349 26
7352 23
7347 29
7350 26
7342 35
7358 20
7344 35
7345 35
7355 26
7311 71
7362 20
7348 35
7354 29
7334 50
7343 43
7357 29
7361 26
7359 29
7332 58
7364 26
7365 26
7360 32
7363 29
7356 39
7369 26
7378 17
7353 43
7370 26
7366 32
7368 32
7382 20
7374 29
7377 29
7381 29
7379 32
7380 32
7383 29
7390 23
7385 29
7393 23
7371 46
7401 17
7388 32
7391 29
7367 54
7375 46
7389 32
7398 23
7396 26
7394 29
7373 51
7407 17
7399 26
7408 17
7397 29
7395 32
7404 23
7372 57
7387 42
7403 26
7402 29
7384 50
7409 26
7405 32
7411 26
7376 62
7392 47
7413 26
7386 56
7410 32
7416 26
7417 26
7423 20
7406 38
7424 20
7414 32
7412 35
7427 20
7420 29
7422 29
7425 26
7421 32
7400 54
7419 35
7431 29
7440 20
7429 32
7432 29
7435 26
7430 32
7433 29
7428 35
7446 17
7436 29
7434 32
7441 26
7415 53
7438 32
7442 29
7445 26
7448 23
7418 55
7439 38
7451 26
7443 35
7452 26
7450 29
7444 36
7457 23
7458 23
7459 23
7437 47
7455 29
7468 17
7426 60
7453 35
7463 26
7456 35
7465 26
7460 32
7469 24
7449 46
7466 29
7462 34
7474 23
7447 51
7472 26
7454 45
7467 35
7470 32
7473 29
7477 26
7475 29
7479 26
7484 23
7461 47
7464 44
7482 26
7480 29
7492 20
7478 35
7481 32
7476 38
7485 29
7491 23
7487 29
7493 23
7494 23
7483 35
7489 29
7488 32
7498 23
7500 23
7495 29
7490 35
7501 26
7507 20
7499 29
7502 26
7503 26
7471 59
7504 26
7496 35
7505 26
7497 35
7506 26
7511 23
7520 14
7486 50
7513 23
7521 17
7519 20
7514 26
7517 23
7510 32
7530 14
7516 29
7522 23
7508 38
7518 32
7527 23
7532 20
7524 29
7509 48
7531 26
7534 23
7533 26
7529 35
7547 17
7535 30
7539 26
7542 23
7546 20
7538 29
7543 26
7512 58
7515 55
7540 32
7544 29
7560 14
7523 52
7526 50
7537 39
7551 26
7554 23
7557 20
7525 53
7528 50
7549 29
7536 43
7541 38
7545 35
7553 29
7556 26
7565 17
7567 17
7550 37
7555 32
7558 29
7566 23
7561 32
7564 29
7576 17
7571 23
7548 47
7569 26
7574 23
7572 29
7575 26
7573 29
7580 23
7578 26
7570 35
7577 29
7562 46
7583 26
7581 29
7588 23
7586 26
7584 29
7589 26
7593 23
7591 26
7559 60
7587 32
7579 41
7585 35
7594 26
7597 23
7606 14
7568 53
7601 20
7582 40
7595 29
7563 62
7590 35
7600 26
7592 35
7596 32
7599 29
7602 26
7605 24
7552 78
7598 32
7607 23
7611 20
7603 32
7614 23
7612 26
7615 23
7620 20
7604 38
7610 32
7625 20
7617 29
7622 26
7632 17
7621 29
7624 26
7627 23
7616 35
7626 29
7633 23
7637 20
7630 29
7631 29
7634 26
7629 32
7635 26
7609 53
7608 55
7640 23
7638 26
7618 48
7619 48
7642 26
7645 23
7643 26
7641 29
7639 32
7646 26
7644 29
7647 26
7648 26
7651 24
7650 26
7613 64
7655 23
7654 26
7623 59
7628 54
7653 29
7663 20
7669 17
7664 23
7636 53
7657 32
7660 29
7661 29
7670 20
7665 26
7659 35
7662 32
7674 20
7672 23
7668 29
7676 23
7649 51
7652 49
7658 44
7667 35
7688 14
7683 20
7677 29
7681 26
7679 32
7680 32
7692 20
7675 38
7682 32
7685 29
7697 17
7693 23
7671 46
7678 41
7691 29
7673 48
7689 32
7700 23
7656 69
7702 23
7706 20
7687 40
7695 32
7701 26
7704 23
7703 26
7698 32
7686 45
7699 32
7715 17
7690 44
7696 38
7705 29
7711 23
7717 17
7707 29
7719 17
7709 32
7721 20
7716 26
7666 77
7708 35
7724 20
7713 32
7725 20
7714 32
7720 26
7694 53
7718 29
7722 26
7723 26
7726 23
7727 23
7729 23
7731 23
7684 71
7736 20
7733 26
7738 26
7741 23
7710 56
7734 32
7740 26
7732 35
7735 32
7743 26
7746 23
7744 26
7750 20
7742 29
7745 29
7754 20
7730 45
7749 26
7728 48
7737 41
7747 32
7748 32
7752 29
7756 26
7757 26
7755 29
7758 26
7764 20
7712 73
7762 23
7765 20
7751 35
7753 33
7763 23
7767 20
7759 31
7761 29
7766 26
7772 20
7739 54
7774 20
7773 23
7768 29
7771 29
7775 26
7776 26
7769 35
7779 26
7777 29
7778 29
7760 48
7796 13
7781 29
7782 29
7780 32
7784 29
7785 29
7786 29
7789 26
7792 23
7798 20
7790 29
7783 37
7795 26
7799 23
7788 35
7791 32
7770 57
7794 35
7797 32
7800 29
7802 29
7805 26
7803 29
7804 29
7806 29
7808 29
7811 26
7809 29
7812 26
7813 26
7815 26
7810 32
7816 26
7793 50
7801 42
7820 23
7814 32
7821 26
7819 29
7818 32
7824 29
7825 29
7828 26
7807 48
7823 32
7829 26
7840 17
7827 32
7830 29
7831 29
7837 23
7832 29
7835 26
7817 45
7834 29
7843 20
7838 29
7833 35
7842 26
7845 23
7844 26
7787 84
7846 26
7852 20
7822 51
7850 23
7857 17
7826 49
7841 35
7847 29
7849 29
7858 20
7859 20
7862 20
7848 35
7854 29
7866 17
7855 29
7836 50
7867 20
7853 35
7856 32
7860 29
7869 20
7863 29
7872 20
7874 18
7861 32
7839 55
7878 17
7851 47
7865 35
7868 32
7870 32
7873 29
7882 20
7879 29
7885 23
7864 46
7890 20
7876 35
7877 35
7887 26
7871 43
7888 26
7883 32
7892 23
7881 35
7884 35
7900 20
7895 26
7899 23
7875 48
7891 32
7896 29
7897 29
7880 47
7901 26
7886 42
7894 35
7898 33
7906 26
7909 23
7893 41
7902 32
7905 29
7911 26
7923 14
7904 35
7889 51
7914 26
7912 29
7919 23
7908 35
7921 23
7903 42
7913 32
7922 23
7917 29
7920 26
7916 32
7915 35
7932 20
7939 14
7926 29
7931 26
7935 23
7907 52
7936 23
7928 35
7918 46
7910 55
7927 38
7933 32
7942 23
7944 23
7929 39
7948 20
7924 45
7934 35
7940 29
7941 29
7952 20
7945 29
7946 29
7947 29
7954 23
7960 17
7953 25
7938 41
7925 55
7951 29
7949 32
7958 23
7961 20
7964 17
7950 32
7937 47
7970 14
7956 29
7943 43
7955 32
7962 26
7968 20
7959 32
7930 62
7963 29
7966 26
7972 20
7967 26
7973 23
7981 20
7957 47
7976 29
7987 20
7979 29
7983 26
7982 29
7988 23
7965 47
7978 35
7969 46
7989 26
7990 26
8000 17
7986 32
7975 44
7994 26
7971 51
7993 29
7996 26
7999 23
7977 46
7980 43
8004 20
7984 41
8002 23
7991 35
8001 26
7995 33
7997 32
8006 23
7998 32
8008 26
8011 23
8017 17
8009 26
8010 26
8012 26
8015 23
8005 35
8014 26
8007 35
8016 26
7974 70
8018 26
8013 32
8020 26
7992 56
8022 26
8023 26
7985 66
8019 32
8028 26
8031 23
8024 32
8036 20
8029 29
8032 26
8035 26
8038 23
8047 17
8033 32
8039 26
8037 29
8043 23
8003 64
8045 23
8034 35
8040 29
8021 50
8030 41
8027 46
8026 49
8052 23
8041 35
8025 52
8042 35
8053 26
8062 17
8048 32
8051 29
8049 32
8061 20
8054 29
8056 29
8065 20
8057 29
8064 23
8068 20
8063 26
8066 26
8069 23
8044 49
8060 33
8077 17
8079 17
8071 26
8078 20
8067 32
8070 29
8050 50
8074 26
8075 26
8080 23
8059 45
8046 59
8058 48
8055 52
8076 32
8082 26
8072 41
8091 23
8097 17
8086 29
8084 32
8090 26
8093 23
8085 32
8088 29
8073 45
8092 26
8081 38
8087 32
8094 26
8095 26
8089 35
8103 21
8083 42
8102 23
8098 29
8104 23
8099 29
8100 29
8096 35
8107 26
8111 23
8106 29
8119 20
8105 35
8109 32
8125 16
8113 29
8112 32
8121 23
8110 35
8117 29
8122 26
8101 48
8114 35
8120 29
8118 32
8133 20
8123 32
8126 29
8129 26
8127 29
8131 29
8134 26
8130 32
8108 56
8115 49
8124 40
8128 39
8138 29
8116 53
8149 20
8136 34
8150 20
8148 23
8143 29
8145 29
8146 29
8144 32
8137 40
8142 35
8139 39
8152 26
8135 44
8140 40
8151 29
8155 26
8156 26
8158 26
8153 32
8161 26
8165 23
8171 17
8132 57
8167 26
8170 23
8173 20
8162 32
8177 17
8160 35
8169 26
8164 32
8168 29
8157 41
8141 58
8175 26
8178 23
8147 55
8166 38
8172 32
8176 29
8179 29
8181 29
8190 20
8184 27
8159 53
8186 26
8195 17
8154 60
8163 51
8185 29
8183 32
8187 29
8188 29
8194 23
8191 29
8200 20
8189 32
8192 29
8205 17
8197 26
8193 35
8196 32
8174 55
8198 32
8201 29
8207 23
8206 26
8180 53
8202 32
8208 26
8215 20
8211 26
8209 29
8218 23
8204 38
8210 32
8216 26
8182 61
8225 20
8220 26
8212 35
8222 26
8214 35
8217 32
8223 26
8229 23
8232 20
8199 55
8203 52
8227 29
8233 23
8226 32
8238 20
8230 29
8213 47
8228 32
8231 32
8241 23
8237 29
8219 49
8236 32
8244 26
8250 20
8224 48
8253 20
8245 29
8263 11
8235 41
8239 38
8248 29
8252 26
8257 23
8249 32
8255 26
8259 23
8251 32
8266 17
8234 51
8256 29
8221 65
8260 26
8262 26
8254 35
8272 17
8242 48
8267 23
8265 26
8268 23
8269 23
8240 53
8264 29
8273 23
8243 55
8246 54
8276 26
8247 56
8275 29
8278 26
8271 35
8280 26
8283 23
8284 23
8281 27
8282 26
8274 35
8277 32
8286 23
8292 17
8290 20
8288 23
8258 55
8287 26
8285 29
8261 55
8293 23
8291 26
8289 29
8298 20
8299 20
8295 26
8294 29
8270 55
8297 29
8300 26
8315 14
8296 34
8303 29
8309 23
8308 29
8301 39
8279 62
8311 32
8319 26
8321 26
8313 35
8316 32
8314 35
8304 46
8318 32
8327 23
8325 26
8317 35
8323 29
8326 26
8306 48
8302 53
8305 50
8329 26
8332 23
8324 32
8336 20
8322 35
8312 46
8335 23
8330 29
8328 32
8331 32
8307 57
8338 26
8353 11
8333 32
8334 32
8349 17
8337 32
8340 29
8343 26
8346 23
8339 32
8348 23
8310 64
8342 32
8345 29
8358 17
8320 58
8347 32
8354 26
8352 29
8363 20
8355 29
8344 41
8359 26
8362 23
8360 29
8361 29
8366 26
8364 29
8341 54
8369 26
8372 26
8381 17
8367 32
8368 32
8350 51
8351 51
8356 46
8379 23
8382 20
8371 32
8374 29
8380 23
8378 26
8370 35
8376 29
8377 29
8384 23
8357 53
8385 26
8383 29
8386 26
8375 44
8387 32
8365 55
8373 47
8388 32
8402 20
8394 29
8395 29
8398 26
8396 29
8389 37
8397 29
8404 23
8407 20
8391 41
8412 20
8392 41
8405 29
8414 20
8400 35
8403 32
8409 26
8399 38
8408 29
8406 32
8411 29
8415 26
8413 29
8419 23
8417 26
8426 17
8418 29
8390 59
8401 48
8438 11
8416 35
8422 29
8393 59
8423 29
8420 35
8432 23
8424 32
8425 32
8427 32
8433 26
8428 32
8434 26
8429 32
8435 26
8437 26
8421 43
8436 29
8439 26
8442 23
8410 57
8441 26
8447 20
8446 23
8444 26
8449 23
8453 23
8445 32
8450 29
8431 49
8443 37
8448 32
8454 26
8452 29
8462 20
8469 14
8455 29
8440 45
8456 29
8468 17
8457 29
8463 23
8458 29
8430 58
8466 23
8465 26
8472 20
8464 29
8467 26
8461 35
8470 26
8459 38
8471 26
8460 38
8478 20
8473 26
8477 23
8479 23
8483 23
8475 32
8476 32
8482 26
8488 23
8480 32
8481 32
8484 29
8487 26
8451 63
8492 23
8490 26
8474 44
8493 26
8491 29
8503 17
8489 32
8495 26
8496 29
8505 20
8498 29
8494 35
8497 32
8500 29
8506 23
8509 20
8504 26
8499 32
8502 32
8508 26
8501 35
8507 29
8510 26
8511 26
8514 23
8515 23
8513 26
8517 23
8520 20
8486 56
8523 20
8518 26
8485 60
8522 23
8512 35
8521 26
8524 23
8516 35
8528 23
8526 26
8534 20
8527 29
8530 26
8536 20
8533 26
8537 23
8540 20
8529 32
8539 23
8531 32
8543 20
8535 29
8541 26
8544 23
8542 26
8546 23
8555 14
8545 26
8519 54
8538 35
8556 17
8551 23
8548 29
8549 29
8553 26
8558 23
8561 20
8547 35
8550 32
8532 51
8554 29
8559 26
8525 62
8568 23
8571 20
8560 32
8570 23
8563 32
8569 26
8567 29
8574 23
8572 26
8576 23
8580 20
8566 35
8577 26
8565 41
8578 29
8591 20
8586 26
8552 61
8557 57
8562 52
8579 35
8585 29
8588 26
8587 29
8575 42
8582 35
8594 26
8564 57
8596 26
8597 26
8600 23
8603 20
8592 32
8595 29
8593 32
8599 26
8573 54
8604 23
8605 23
8608 20
8584 46
8606 26
8598 35
8607 26
8610 23
8602 32
8611 23
8614 20
8612 23
8615 23
8589 50
8613 26
8581 59
8583 57
8621 20
8622 20
8617 29
8618 29
8609 39
8616 32
8627 23
8619 32
8620 32
8623 29
8626 26
8629 26
8630 25
8632 23
8590 66
8625 32
8628 29
8631 26
8635 23
8636 23
8641 18
8633 29
8640 23
8601 64
8645 20
8647 20
8651 16
8643 26
8648 23
8652 20
8638 35
8639 34
8624 50
8646 29
8649 26
8654 23
8650 29
8653 26
8637 44
8655 26
8659 23
8634 50
8663 23
8665 23
8657 32
8666 23
8667 23
8656 35
8668 23
8671 20
8660 32
8658 35
8669 26
8661 35
8676 20
8644 53
8662 35
8675 23
8673 26
8679 20
8642 58
8674 26
8672 29
8681 23
8678 29
8682 26
8677 32
8686 23
8690 23
8680 36
8685 32
8688 29
8692 26
8695 23
8693 26
8702 17
8691 29
8700 20
8687 35
8664 59
8697 26
8689 35
8670 55
8696 29
8698 29
8701 26
8705 23
8694 35
8703 29
8707 26
8710 23
8706 29
8718 17
8716 20
8719 17
8711 26
8714 23
8704 35
8724 16
8699 44
8708 35
8713 30
8726 17
8684 63
8715 32
8683 65
8717 32
8721 29
8722 29
8725 26
8709 43
8720 32
8728 26
8723 32
8732 26
8727 32
8734 26
8712 50
8730 32
8737 26
8750 14
8733 32
8739 26
8738 29
8747 20
8740 32
8729 45
8746 29
8741 35
8745 32
8735 44
8753 26
8756 23
8759 20
8742 38
8744 36
8751 29
8768 13
8757 26
8749 35
8752 32
8755 32
8731 57
8736 55
8762 29
8763 29
8769 23
8758 35
8761 32
8764 29
8743 51
8765 29
8767 29
8773 23
8777 20
8760 38
8766 32
8778 20
8774 26
8771 32
8775 29
8748 57
8776 29
8783 23
8772 38
8784 26
8787 23
8754 57
8779 32
8780 32
8793 20
8790 26
8785 32
8791 26
8770 48
8800 18
8792 29
8801 20
8796 26
8794 29
8804 20
8802 23
8781 46
8789 38
8782 46
8799 29
8803 26
8795 35
8797 35
8806 26
8798 35
8786 49
8809 26
8805 32
8810 29
8816 23
8808 32
8811 29
8817 23
8812 32
8823 23
8826 20
8824 23
8822 26
8788 64
8829 23
8832 20
8818 35
8807 47
8819 35
8828 26
8820 35
8814 42
8821 35
8825 32
8831 26
8834 23
8837 23
8827 35
8813 51
8815 49
8835 29
8839 26
8840 26
8838 29
8830 38
8852 17
8844 26
8847 23
8845 26
8849 23
8833 40
8842 32
8848 26
8846 29
8841 35
8856 23
8843 38
8853 29
8836 48
8854 32
8867 20
8860 32
8872 20
8861 32
8864 29
8862 32
8874 20
8863 32
8868 29
8869 29
8865 35
8871 29
8855 46
8850 53
8880 23
8859 46
8875 32
8884 23
8892 15
8873 35
8879 29
8889 20
8876 35
8885 26
8886 26
8857 56
8878 35
8858 58
8887 29
8866 51
8891 26
8851 67
8883 35
8882 37
8890 29
8894 26
8900 20
8895 26
8898 23
8877 45
8899 23
8897 26
8870 54
8888 37
8893 32
8902 23
8901 26
8912 17
8881 50
8908 23
8904 30
8905 29
8911 23
8914 20
8906 29
8909 26
8907 29
8910 26
8903 35
8923 17
8919 23
8921 23
8924 20
8913 32
8896 50
8915 32
8927 20
8925 23
8928 20
8920 29
8922 29
8926 26
8918 35
8933 23
8916 43
8932 29
8935 26
8930 32
8936 26
8931 32
8934 29
8937 26
8938 26
8939 26
8917 49
8929 38
8948 20
8940 29
8942 29
8945 26
8946 26
8941 32
8951 23
8949 26
8944 32
8950 29
8953 26
8954 26
8943 38
8947 35
8960 23
8952 32
8961 23
8959 26
8957 29
8955 32
8962 26
8958 32
8964 26
8956 35
8965 26
8973 20
8968 26
8970 24
8977 17
8988 6
8971 29
8963 38
8966 35
8982 19
8967 36
8974 29
8969 35
8972 35
8984 23
8976 32
8978 32
8979 32
8983 29
8989 23
8990 23
8985 29
8997 17
8980 35
8986 29
8992 23
8987 29
8993 26
8996 23
8991 29
9003 17
8981 41
9002 23
8994 32
9006 20
9001 26
9005 23
9000 29
8975 56
9004 29
9010 23
9007 29
9023 14
9016 23
9011 29
8999 42
8998 44
9019 23
9008 35
9014 29
9012 32
9015 29
9013 32
8995 51
9018 29
9021 26
9022 26
9028 23
9020 32
9026 26
9030 23
9029 26
9024 35
9036 23
9025 35
9031 29
9035 26
9027 35
9033 29
9034 29
9044 20
9009 57
9037 29
9039 27
9040 26
9043 23
9017 50
9032 38
9038 32
9041 32
9050 23
9048 26
9046 29
9049 29
9059 20
9060 20
9055 29
9052 35
9062 26
9068 20
9063 26
9042 48
9053 38
9065 26
9051 41
9057 35
9066 26
9058 35
9061 32
9075 20
9074 23
9073 26
9072 29
9047 55
9064 38
9067 35
9070 32
9076 26
9056 48
9069 35
9079 26
9078 29
9097 11
9071 38
9083 26
9089 20
9082 29
9085 26
9054 60
9094 20
9080 35
9045 71
9088 29
9086 32
9081 38
9087 32
9091 29
9092 29
9104 17
9090 32
9096 26
9084 39
9103 20
9095 29
9100 29
9112 17
9101 29
9099 32
9114 17
9077 58
9106 29
9118 17
9110 26
9109 29
9107 32
9108 32
9111 32
9126 17
9117 27
9121 23
9116 29
9120 26
9115 32
9098 50
9102 46
9093 56
9124 26
9122 29
9105 50
9128 29
9134 23
9127 32
9130 29
9131 29
9129 32
9136 26
9133 32
9139 26
9123 43
9113 54
9132 35
9138 29
9137 32
9148 23
9125 47
9147 26
9142 32
9135 40
9140 35
9143 32
9146 29
9149 26
9152 23
9141 35
9153 23
9156 20
9151 26
9159 20
9154 26
9119 62
9144 38
9157 26
9163 20
9160 26
9162 26
9158 32
9164 26
9167 23
9150 41
9165 26
9168 26
9171 23
9175 20
9170 26
9173 23
9145 53
9166 32
9180 20
9169 32
9174 28
9189 14
9172 32
9184 20
9176 29
9182 23
9181 26
9190 17
9179 29
9185 23
9188 23
9183 29
9155 58
9187 26
9161 55
9186 32
9192 26
9193 29
9200 23
9198 26
9194 32
9195 31
9201 26
9207 20
9196 32
9199 29
9177 52
9203 26
9178 53
9204 29
9191 43
9202 32
9205 29
9214 20
9213 26
9218 23
9221 20
9210 32
9216 26
9219 23
9206 37
9211 32
9217 32
9220 29
9233 17
9222 29
9215 37
9230 23
9236 17
9212 42
9225 29
9197 58
9226 29
9208 48
9235 23
9224 35
9227 32
9231 29
9223 38
9237 26
9243 20
9246 17
9209 55
9241 23
9234 32
9238 29
9239 29
9240 29
9248 23
9229 45
9245 29
9249 26
9247 29
9242 35
9252 26
9258 23
9256 26
9262 23
9257 29
9261 26
9259 29
9228 61
9268 23
9255 38
9232 64
9250 46
9251 45
9265 32
9254 44
9266 32
9270 29
9273 26
9279 20
9244 57
9263 38
9281 20
9260 42
9267 35
9276 26
9277 26
9278 26
9282 23
9253 53
9275 32
9264 45
9271 38
9274 35
9272 38
9284 29
9287 26
9290 23
9283 32
9280 38
9285 35
9286 35
9304 17
9293 29
9300 23
9295 29
9288 38
9294 32
9269 59
9302 26
9303 26
9298 32
9296 35
9299 32
9305 26
9312 20
9301 32
9291 45
9306 32
9289 50
9297 42
9308 32
9311 29
9315 26
9310 32
9292 53
9313 32
9316 29
9318 29
9322 26
9334 14
9307 44
9309 42
9319 32
9325 26
9317 35
9323 29
9326 26
9321 32
9324 29
9328 26
9327 29
9333 23
9320 38
9332 26
9336 23
9330 32
9331 32
9337 26
9329 35
9338 26
9339 26
9340 26
9350 17
9348 20
9344 26
9345 26
9349 23
9335 39
9342 32
9346 29
9351 26
9357 20
9314 64
9343 35
9353 26
9356 23
9359 20
9352 32
9355 29
9358 26
9354 32
9360 26
9367 20
9362 26
9363 26
9361 29
9370 20
9372 20
9364 29
9373 23
9365 32
9341 57
9369 30
9366 35
9347 55
9376 26
9382 20
9371 32
9377 26
9380 23
9378 26
9385 20
9383 23
9375 32
9381 26
9379 29
9368 41
9384 26
9387 23
9374 38
9393 23
9388 29
9386 32
9394 26
9392 29
9390 32
9396 26
9391 32
9389 35
9395 29
9401 23
9400 26
9397 32
9412 17
9402 29
9409 23
9415 20
9413 23
9398 39
9417 20
9403 35
9404 35
9408 32
9411 29
9414 26
9419 23
9418 26
9399 47
9410 38
9428 20
9420 29
9423 26
9424 26
9422 29
9407 45
9405 50
9426 29
9427 29
9406 52
9435 23
9430 29
9439 20
9431 29
9425 36
9432 29
9436 26
9421 43
9433 32
9442 23
9429 39
9451 17
9449 20
9441 29
9448 23
9452 20
9444 29
9454 20
9446 29
9438 39
9416 62
9440 38
9443 35
9456 23
9453 29
9459 23
9434 49
9455 29
9458 26
9457 29
9460 26
9466 20
9461 26
9467 20
9450 38
9469 20
9447 43
9464 26
9437 55
9472 23
9475 23
9471 29
9473 28
9476 26
9479 23
9480 23
9482 23
9465 41
9474 32
9463 45
9483 26
9489 20
9477 35
9492 20
9478 35
9470 44
9486 29
9487 29
9490 26
9493 23
9462 57
9496 23
9488 32
9494 26
9497 23
9485 36
9445 81
9495 32
9498 29
9502 26
9503 29
9468 65
9504 29
9499 35
9500 35
9510 26
9501 36
9505 32
9511 26
9506 32
9515 23
9516 23
9517 23
9481 60
9519 23
9521 23
9491 54
9513 32
9522 23
9508 38
9509 38
9518 29
9507 41
9529 20
9520 32
9524 29
9512 43
9523 32
9526 29
9535 20
9525 32
9527 32
9530 29
9537 23
9540 20
9536 26
9484 79
9534 29
9555 8
9533 32
9543 23
9532 35
9538 29
9541 29
9514 57
9551 20
9528 45
9553 20
9542 32
9546 29
9550 26
9548 29
9531 48
9556 23
9554 26
9552 29
9544 38
9547 35
9539 50
9557 32
9560 29
9561 29
9549 42
9563 29
9564 29
9562 32
9565 29
9545 53
9575 23
9567 32
9570 29
9573 26
9577 23
9579 23
9571 32
9574 29
9583 21
9588 20
9559 50
9558 52
9578 32
9590 20
9576 35
9582 29
9566 46
9568 44
9580 32
9584 29
9593 20
9585 29
9581 34
9595 20
9600 17
9597 23
9586 35
9596 26
9592 32
9598 26
9605 20
9591 35
9589 38
9604 23
9599 29
9572 57
9601 29
9607 23
9594 38
9602 32
9613 26
9608 32
9620 20
9569 72
9611 32
9587 57
9616 29
9614 32
9623 23
9615 32
9621 26
9619 29
9622 29
9609 43
9633 19
9606 49
9617 38
9629 26
9638 17
9603 54
9625 32
9628 29
9631 26
9634 23
9624 35
9632 29
9627 35
9630 32
9636 26
9637 26
9626 38
9610 57
9635 32
9639 29
9641 29
9612 59
9646 26
9642 32
9645 29
9640 35
9643 32
9649 26
9652 23
9647 29
9648 29
9650 32
9653 29
9651 32
9655 29
9665 20
9618 69
9661 26
9644 44
9656 32
9659 32
9654 38
9660 32
9658 35
9664 29
9662 32
9663 32
9677 23
9666 35
9669 32
9672 29
9670 32
9673 29
9676 27
9668 36
9678 26
9675 32
9681 26
9679 29
9682 26
9691 17
9657 52
9695 15
9699 13
9671 42
9683 32
9692 23
9684 32
9687 29
9690 26
9688 29
9667 51
9680 38
9686 32
9689 29
9698 20
9694 29
9697 26
9702 23
9708 17
9693 35
9685 46
9674 58
9700 32
9707 26
9710 23
9696 38
9706 29
9709 26
9701 35
9714 23
9704 35
9705 35
9711 29
9716 26
9715 29
9721 23
9713 32
9728 17
9712 35
9719 29
9703 48
9722 29
9737 14
9717 35
9723 29
9726 26
9732 20
9725 29
9724 32
9731 26
9720 38
9727 32
9736 23
9738 23
9740 23
9729 35
9744 20
9730 35
9739 26
9734 32
9718 52
9735 35
9742 30
9747 29
9750 26
9745 32
9748 29
9741 38
9753 26
9756 26
9743 42
9751 35
9749 38
9758 29
9767 20
9759 29
9762 26
9757 32
9763 26
9755 35
9761 29
9754 38
9746 47
9764 29
9760 35
9765 32
9771 26
9766 32
9781 17
9768 32
9769 32
9733 69
9777 26
9775 29
9773 32
9776 29
9770 36
9774 32
9778 29
9787 20
9779 29
9782 26
9783 26
9786 23
9772 38
9785 26
9780 32
9784 29
9752 68
9789 32
9790 32
9799 23
9797 26
9800 23
9795 29
9798 26
9793 35
9801 29
9808 23
9806 26
9804 29
9796 38
9805 29
9807 29
9794 43
9802 35
9811 26
9788 50
9803 35
9816 23
9809 32
9792 50
9810 32
9813 29
9812 32
9815 29
9814 32
9821 26
9824 23
9827 20
9791 57
9819 29
9818 32
9822 29
9831 23
9834 20
9817 38
9838 17
9825 32
9833 26
9826 35
9839 23
9835 28
9845 20
9823 43
9828 38
9837 29
9830 38
9836 32
9843 26
9849 20
9832 38
9829 42
9842 29
9851 20
9847 26
9850 23
9820 54
9840 35
9855 20
9841 35
9848 29
9844 35
9853 26
9860 20
9852 29
9854 29
9859 26
9862 23
9846 40
9861 26
9858 32
9856 35
9868 23
9871 20
9869 23
9867 26
9863 32
9870 26
9875 23
9882 20
9857 47
9878 26
9884 23
9877 32
9886 23
9874 38
9880 32
9890 23
9864 51
9866 49
9873 42
9893 23
9888 29
9887 32
9896 23
9897 23
9883 38
9892 29
9895 26
9894 29
9865 60
9872 53
9891 35
9899 29
9889 40
9903 26
9876 54
9885 45
9898 32
9904 26
9908 23
9879 53
9900 32
9909 23
9912 20
9907 26
9905 32
9914 23
9906 32
9881 59
9901 40
9913 29
9902 42
9921 23
9911 35
9917 29
9915 32
9918 29
9924 23
9919 29
9922 26
9925 23
9928 23
9910 44
9929 26
9923 35
9935 23
9930 29
9932 29
9936 26
9920 43
9943 20
9938 26
9934 32
9937 29
9940 26
9947 23
9945 26
9926 46
9949 23
9944 29
9939 35
9942 32
9946 29
9948 29
9954 23
9950 29
9916 65
9952 29
9955 26
9953 29
9931 53
9933 51
9961 23
9927 59
9957 29
9964 23
9956 32
9965 23
9941 50
9963 29
9969 23
9967 26
9959 35
9962 32
9971 23
9975 20
9958 39
9977 20
9978 20
9960 41
9966 35
9970 32
9968 35
9974 29
9972 32
9984 20
9979 26
9982 23
9988 17
9951 55
9981 26
9973 35
9987 23
9976 35
9986 26
9989 26
9995 20
9991 29
9983 38
9992 29
10004 17
9985 39
10001 23
9990 35
9996 29
9997 29
10000 26
10010 17
10003 26
9993 38
9999 32
10002 32
10008 26
9998 37
10009 26
10015 20
10005 32
9980 58
10006 35
10012 29
10021 20
10007 35
9994 49
10016 30
10020 26
10023 23
10013 35
10022 29
10025 26
10011 41
10017 35
10024 29
10027 26
10028 26
10018 39
10034 23
10037 20
10026 32
10019 42
10032 29
10014 48
10030 32
10031 32
10035 29
10036 29
10033 35
10040 29
10046 23
10038 32
10041 29
10051 20
10043 29
10044 29
10039 35
10047 29
10045 32
10048 29
10061 20
10050 32
10056 26
10029 54
10042 41
10054 29
10060 23
10058 26
10059 26
10049 38
10052 35
10055 32
10064 23
10057 32
10063 26
10069 20
10072 23
10073 23
10065 32
10068 32
10066 35
10078 23
10062 41
10077 26
10080 23
10070 35
10079 29
10071 38
10074 35
10075 35
10082 29
10085 26
10083 29
10084 29
10091 23
10086 29
10093 23
10053 64
10088 29
10089 29
10087 32
10095 26
10096 26
10098 26
10090 35
10094 32
10076 51
10081 46
10067 61
10099 29
10097 38
10092 49
