100 23
101 15
102 15
103 14
104 30
105 28
106 26
107 27
108 26
109 24
110 17
111 13
112 17
113 17
114 20
115 22
116 17
117 22
118 20
119 14
120 23
121 33
122 30
123 20
124 30
125 33
126 19
127 20
128 20
129 17
130 20
131 17
132 31
133 20
134 28
135 28
136 23
137 23
138 17
139 34
140 20
142 17
141 31
143 23
144 28
145 26
146 19
147 35
148 19
149 19
150 32
151 26
152 18
153 40
154 30
155 19
156 19
157 17
159 17
158 35
160 32
161 20
162 29
163 30
164 20
165 23
166 20
167 17
169 16
168 34
170 14
172 26
171 39
175 17
173 42
174 37
176 17
177 17
178 26
179 26
180 14
181 23
183 17
182 36
184 17
185 23
186 28
188 17
187 30
189 23
190 23
192 14
191 35
193 35
194 20
195 17
196 32
197 26
198 14
199 29
200 30
201 26
202 23
203 31
204 36
205 20
206 26
207 26
208 20
209 17
210 32
212 17
211 37
215 14
213 41
214 38
216 17
217 23
218 27
219 14
220 26
221 30
222 20
223 17
224 17
225 23
226 34
227 37
229 17
228 35
230 17
231 14
232 14
233 17
234 23
235 17
236 36
237 20
238 14
239 23
240 20
241 20
242 32
243 23
244 23
245 23
246 22
247 23
248 20
249 20
250 31
252 17
251 38
254 17
253 39
255 38
256 23
257 20
258 22
259 27
260 20
261 11
262 20
263 20
264 14
265 34
266 26
267 34
269 17
268 37
272 17
270 40
271 36
273 14
275 14
274 33
276 14
277 17
279 23
278 41
280 19
281 33
282 29
283 24
285 17
284 32
286 17
287 20
288 38
289 20
290 26
291 17
292 20
293 14
294 26
295 20
296 37
297 20
298 29
300 25
299 41
301 20
302 20
303 26
304 23
305 17
306 8
307 26
308 23
309 23
310 23
311 21
312 23
314 17
313 31
315 26
316 20
317 26
318 23
319 20
320 21
321 26
322 23
323 20
325 17
324 38
326 17
327 17
329 20
328 45
330 23
331 20
332 20
334 23
333 48
336 17
335 31
337 20
338 39
339 35
340 27
342 17
341 36
343 23
344 23
345 35
346 29
347 23
349 23
348 40
350 23
352 17
351 35
353 23
354 31
355 20
356 14
357 20
358 25
359 20
360 14
362 11
363 17
361 44
364 26
365 20
366 23
367 20
368 17
369 34
370 33
371 23
372 20
373 20
374 15
375 20
376 17
377 23
378 22
379 14
381 23
380 41
383 17
382 38
384 23
385 23
386 14
387 23
388 20
389 23
390 20
391 26
392 14
393 34
394 20
395 23
396 17
397 29
398 23
399 17
400 28
402 14
401 36
403 17
404 26
405 20
406 20
407 23
408 23
409 26
410 17
411 23
412 20
414 23
413 40
415 26
416 26
417 20
418 20
419 26
420 20
421 37
422 36
423 26
424 38
425 20
426 20
427 23
428 17
429 17
431 11
430 48
432 20
433 20
434 20
435 11
436 23
438 11
437 48
439 20
440 23
441 23
442 17
443 23
444 20
445 26
446 23
447 14
449 23
450 11
448 40
451 23
452 23
453 20
454 29
455 20
456 20
457 20
458 23
459 20
460 23
461 19
462 37
463 20
464 20
465 23
466 20
467 20
469 17
468 40
470 23
471 20
472 17
473 26
474 23
475 26
476 29
477 26
478 29
480 17
479 42
481 20
482 14
483 33
484 26
485 26
486 23
487 23
488 25
489 20
490 38
491 20
492 20
493 20
494 14
495 14
496 20
497 23
498 20
499 26
500 23
501 23
502 23
503 23
504 23
505 20
506 26
507 30
508 23
509 20
510 20
511 26
512 20
513 20
514 22
515 17
516 14
517 23
518 23
519 20
520 11
521 20
522 17
524 26
523 40
525 20
526 23
527 32
528 23
529 35
530 26
531 23
532 20
533 14
534 25
535 20
536 17
537 23
538 24
539 26
540 27
542 17
541 33
543 23
544 34
545 20
546 17
547 20
548 20
549 29
550 26
551 23
552 14
553 17
554 17
555 20
556 35
557 23
558 33
559 29
561 17
560 38
562 28
563 23
565 20
564 44
566 23
567 17
568 20
569 17
570 34
571 29
573 23
572 39
574 20
575 17
576 26
577 26
578 33
579 20
580 23
581 20
582 17
583 26
584 20
585 23
586 23
587 26
588 23
589 23
590 17
591 20
592 20
593 17
594 31
595 20
596 32
597 20
598 23
599 29
600 23
601 34
602 20
603 23
604 17
605 26
606 20
607 27
609 17
608 38
610 23
611 17
612 26
613 14
614 14
616 26
615 40
617 20
618 26
619 29
620 20
621 23
622 14
623 14
624 32
625 19
626 23
627 23
629 14
628 46
630 23
631 20
632 26
633 26
634 23
636 23
637 14
635 39
638 17
640 14
639 40
641 20
642 26
643 14
644 14
645 17
646 14
647 17
648 26
650 17
649 29
651 17
652 20
653 20
654 23
656 20
655 41
657 20
658 26
659 20
660 26
661 23
662 20
663 26
664 23
665 29
667 23
666 41
668 23
669 20
670 23
671 17
672 20
673 26
675 17
674 32
676 20
677 26
678 20
679 37
680 20
681 26
682 20
683 23
684 20
686 17
685 29
687 14
688 29
689 26
690 17
691 29
692 23
693 17
694 20
695 23
697 17
696 36
698 31
699 20
700 23
702 11
701 29
704 26
703 41
705 26
706 20
707 14
708 29
709 23
710 31
711 38
712 23
713 26
714 14
715 23
716 14
717 20
718 32
719 26
720 23
721 17
722 20
723 23
724 35
725 20
726 29
727 23
728 20
730 17
729 29
731 19
732 14
733 20
734 23
735 23
736 20
737 20
739 11
738 32
740 17
741 33
742 31
743 25
745 20
746 26
744 51
747 23
749 14
748 33
750 22
751 23
753 20
752 48
754 26
755 23
756 26
757 20
758 23
760 17
759 42
761 26
762 29
763 23
764 14
765 17
767 26
766 39
768 23
769 26
770 17
771 23
772 17
773 26
774 40
775 32
776 23
777 26
778 23
779 26
780 26
781 17
782 23
783 17
784 23
785 29
786 31
787 37
788 20
789 17
790 23
792 23
791 47
793 32
794 23
795 17
796 23
797 26
798 20
799 23
801 14
800 32
802 20
803 26
804 17
805 23
806 20
807 26
808 26
809 20
810 23
811 20
812 23
813 23
814 26
816 17
815 29
817 20
818 20
819 37
820 26
821 23
822 20
823 31
824 23
825 26
826 23
827 23
828 23
829 17
831 23
830 42
832 32
833 26
834 20
835 32
836 23
837 26
838 29
839 20
840 23
841 23
843 17
842 30
844 26
845 20
846 26
847 29
848 23
849 20
850 20
851 23
852 26
853 26
854 23
855 20
856 26
857 26
858 20
859 23
860 17
861 17
862 31
863 23
864 17
865 26
866 20
867 23
868 17
869 26
870 23
871 20
872 26
873 29
874 20
875 26
876 20
878 27
877 39
880 26
879 45
881 23
882 26
884 23
883 42
885 26
886 32
887 23
889 17
888 32
890 17
891 17
892 23
893 23
894 23
895 23
896 29
897 32
898 26
899 23
900 26
901 26
902 17
903 20
904 20
906 26
907 17
905 42
908 17
909 23
910 34
911 23
912 20
913 26
914 17
915 33
916 20
917 29
918 37
919 20
921 23
920 40
922 20
923 20
924 17
925 23
926 23
927 17
928 29
930 18
929 36
931 17
933 17
932 47
934 26
935 29
936 21
937 23
939 23
938 41
940 23
941 20
942 26
943 29
944 33
945 20
946 31
947 32
948 29
949 20
950 33
951 44
952 37
953 20
954 20
955 23
956 26
957 20
958 23
959 26
960 20
961 29
962 23
963 17
964 32
965 26
966 28
967 20
968 29
969 23
971 26
970 43
972 23
973 23
974 17
976 26
975 44
977 26
978 23
979 23
980 26
982 38
983 23
981 50
984 23
985 17
986 23
988 17
987 40
989 26
990 26
991 20
992 23
994 17
993 41
995 26
996 17
997 35
998 23
1000 17
999 31
1001 26
1002 23
1004 26
1005 17
1003 45
1006 26
1007 23
1008 23
1010 20
1011 17
1009 42
1012 17
1013 41
1015 23
1014 43
1016 20
1017 23
1018 23
1019 20
1020 35
1021 32
1022 20
1023 26
1024 26
1026 17
1025 29
1027 29
1028 23
1029 36
1030 23
1031 20
1032 17
1033 45
1034 29
1035 20
1036 23
1037 11
1038 29
1039 23
1041 11
1040 29
1042 17
1043 17
1044 17
1045 20
1046 20
1048 20
1049 20
1047 49
1050 20
1051 23
1053 17
1054 17
1052 39
1055 26
1056 23
1057 17
1058 17
1059 35
1061 17
1060 40
1062 20
1063 20
1064 20
1065 23
1066 17
1067 23
1068 20
1070 23
1071 17
1069 40
1072 26
1073 26
1075 23
1074 43
1076 23
1077 33
1078 26
1079 26
1081 26
1080 41
1082 20
1083 26
1084 17
1085 20
1086 17
1087 32
1088 29
1089 26
1090 27
1091 20
1092 26
1093 42
1094 30
1095 32
1096 23
1097 26
1098 23
1099 34
1100 29
1102 23
1101 40
1104 17
1103 32
1105 26
1106 35
1107 20
1108 23
1109 17
1110 20
1111 26
1112 23
1113 20
1114 23
1115 26
1116 29
1117 26
1118 17
1119 23
1120 26
1121 23
1122 21
1123 26
1124 23
1125 17
1126 30
1127 20
1129 20
1130 23
1128 50
1131 20
1133 20
1132 45
1134 23
1135 26
1136 20
1137 17
1138 27
1139 17
1140 23
1141 23
1142 26
1143 23
1144 26
1145 23
1146 23
1147 26
1148 20
1149 29
1151 17
1150 32
1152 23
1153 23
1154 26
1155 20
1156 17
1157 20
1158 33
1159 32
1160 23
1161 20
1162 20
1163 20
1164 32
1165 26
1167 17
1166 29
1168 28
1169 36
1170 36
1171 23
1172 42
1173 31
1174 20
1176 23
1175 44
1177 23
1178 23
1179 45
1180 29
1181 20
1182 14
1183 26
1184 20
1186 14
1187 17
1185 40
1188 17
1189 26
1190 20
1191 26
1192 26
1193 20
1194 31
1195 27
1196 26
1197 36
1198 26
1199 20
1200 35
1201 20
1202 26
1204 20
1205 17
1203 47
1206 32
1208 17
1207 32
1209 26
1210 23
1211 37
1213 17
1212 29
1215 20
1214 44
1216 23
1218 17
1217 40
1219 20
1220 29
1221 23
1222 20
1224 17
1223 29
1225 31
1226 32
1228 23
1227 49
1229 29
1230 23
1231 26
1232 26
1233 26
1235 20
1234 49
1237 26
1236 42
1238 20
1240 26
1239 45
1241 23
1242 26
1243 23
1244 17
1245 23
1246 34
1247 31
1248 20
1249 20
1250 26
1251 31
1252 23
1253 29
1254 20
1255 26
1256 17
1257 20
1258 14
1259 44
1261 23
1260 43
1263 20
1262 43
1264 26
1266 17
1265 29
1267 17
1268 23
1269 23
1270 17
1271 23
1274 17
1272 40
1273 29
1275 20
1276 14
1277 17
1279 23
1280 17
1278 49
1281 26
1282 23
1283 32
1284 23
1285 26
1286 26
1287 23
1288 17
1289 26
1291 23
1290 45
1292 29
1293 26
1294 29
1295 23
1296 29
1297 20
1298 23
1300 23
1299 57
1301 29
1302 23
1303 17
1304 26
1305 20
1306 20
1307 29
1308 26
1310 17
1309 29
1311 17
1312 20
1313 29
1314 20
1315 20
1316 20
1317 20
1318 20
1319 23
1320 20
1321 26
1322 26
1323 23
1324 17
1325 26
1326 17
1327 33
1328 26
1329 23
1330 26
1331 15
1332 29
1333 20
1334 23
1335 17
1336 29
1337 44
1338 35
1339 29
1342 17
1340 42
1341 44
1343 23
1344 23
1345 43
1346 35
1347 38
1348 23
1349 42
1350 29
1351 23
1352 23
1353 20
1355 17
1354 29
1356 32
1357 23
1358 17
1359 23
1360 20
1361 23
1362 14
1363 23
1364 20
1365 23
1366 17
1367 20
1368 20
1369 23
1370 29
1371 38
1372 29
1373 26
1375 17
1374 29
1376 29
1377 23
1378 23
1379 20
1380 23
1381 17
1382 29
1383 26
1384 20
1385 35
1386 26
1387 34
1388 20
1389 14
1390 33
1391 23
1393 26
1392 43
1394 29
1395 28
1396 32
1397 23
1398 26
1399 20
1400 20
1401 26
1402 20
1403 20
1404 20
1405 20
1406 23
1407 17
1408 26
1409 26
1410 23
1411 26
1412 32
1413 30
1414 34
1415 32
1416 23
1417 23
1418 29
1419 26
1420 44
1421 35
1422 23
1424 26
1425 26
1423 53
1426 29
1427 23
1428 32
1430 19
1431 17
1429 40
1433 17
1432 43
1434 23
1435 32
1436 20
1437 34
1439 26
1438 45
1440 23
1441 29
1442 23
1443 17
1445 17
1446 8
1444 29
1447 20
1448 20
1449 44
1450 29
1451 23
1452 23
1453 38
1454 23
1456 14
1455 32
1457 23
1459 29
1458 51
1461 23
1460 44
1462 20
1463 48
1464 32
1465 20
1467 23
1466 44
1468 26
1469 20
1470 23
1471 35
1472 26
1473 32
1474 23
1475 51
1476 44
1477 32
1479 23
1478 55
1480 29
1481 20
1482 23
1483 23
1484 29
1485 29
1486 20
1487 26
1488 14
1489 32
1490 20
1492 23
1491 40
1493 29
1494 23
1495 38
1496 20
1497 23
1499 14
1498 29
1500 38
1501 31
1502 34
1503 26
1504 17
1505 20
1506 17
1507 32
1508 32
1510 20
1509 47
1511 29
1512 23
1513 23
1514 29
1515 32
1517 26
1516 48
1518 32
1519 20
1520 36
1521 26
1522 14
1523 20
1524 23
1525 23
1526 44
1527 35
1528 29
1529 26
1530 23
1531 28
1533 20
1534 17
1532 48
1536 20
1535 49
1537 32
1539 17
1538 29
1541 23
1540 39
1542 38
1543 29
1544 26
1545 29
1546 32
1547 34
1548 20
1549 26
1550 17
1551 29
1552 26
1553 17
1554 24
1555 20
1556 15
1557 29
1559 20
1558 39
1560 38
1561 23
1562 43
1564 23
1565 23
1563 50
1566 29
1567 29
1568 20
1569 47
1570 33
1571 35
1572 20
1573 23
1575 23
1574 48
1576 33
1577 34
1578 32
1579 23
1580 46
1581 29
1582 26
1584 17
1583 35
1585 29
1586 26
1587 47
1588 29
1589 23
1590 14
1591 23
1592 23
1593 26
1594 26
1595 37
1596 20
1597 36
1599 20
1598 50
1600 33
1601 32
1602 29
1603 26
1604 25
1605 29
1607 23
1606 45
1608 20
1609 43
1611 25
1612 17
1610 49
1613 31
1614 28
1615 16
1616 29
1618 17
1617 54
1620 24
1619 45
1621 19
1622 17
1623 20
1624 42
1625 33
1626 31
1627 32
1629 23
1628 43
1630 29
1631 23
1632 26
1633 17
1634 17
1635 16
1636 24
1637 35
1638 35
1639 32
1640 37
1641 27
1643 26
1644 23
1642 54
1645 26
1646 26
1647 40
1649 20
1648 44
1650 29
1652 17
1651 39
1654 23
1653 42
1655 26
1656 24
1657 22
1658 20
1659 28
1660 26
1662 17
1661 40
1663 20
1664 20
1665 26
1666 17
1667 32
1669 25
1668 43
1670 28
1672 24
1671 51
1673 33
1674 37
1675 26
1676 37
1677 20
1678 24
1679 17
1680 28
1681 14
1682 26
1683 20
1684 31
1685 26
1686 23
1687 24
1688 20
1689 26
1690 20
1691 20
1692 29
1693 28
1694 26
1696 26
1697 20
1695 56
1698 23
1699 30
1700 20
1701 34
1703 35
1704 23
1702 51
1705 20
1706 23
1707 29
1709 17
1708 43
1710 23
1711 35
1712 53
1713 49
1715 36
1714 54
1716 34
1717 38
1718 20
1719 26
1720 26
1721 17
1722 26
1723 25
1724 30
1725 34
1726 20
1727 17
1728 20
1729 46
1731 20
1730 40
1732 32
1734 26
1733 46
1736 19
1735 47
1739 20
1737 57
1740 32
1741 23
1738 65
1742 20
1744 25
1743 45
1745 28
1746 20
1748 34
1749 26
1750 17
1747 55
1751 20
1752 47
1753 38
1754 48
1756 23
1755 40
1758 23
1757 42
1760 32
1762 17
1759 55
1761 35
1763 26
1764 14
1765 29
1766 46
1767 46
1769 23
1768 57
1770 47
1771 30
1772 27
1773 44
1775 23
1774 42
1776 23
1777 23
1778 26
1779 28
1780 23
1781 24
1782 26
1784 23
1783 42
1785 24
1786 35
1788 20
1789 22
1790 23
1787 62
1791 20
1792 20
1794 32
1795 26
1793 53
1796 26
1797 20
1798 29
1799 40
1800 30
1801 24
1802 17
1803 20
1804 33
1805 23
1806 29
1807 20
1809 28
1808 50
1810 35
1811 20
1813 26
1814 23
1812 53
1816 20
1817 23
1815 53
1818 27
1819 29
1821 28
1822 14
1820 39
1824 26
1823 42
1825 23
1827 23
1826 40
1828 23
1829 20
1831 29
1830 49
1832 44
1833 40
1835 26
1836 23
1834 50
1837 20
1838 26
1840 26
1839 47
1841 38
1843 23
1842 41
1844 34
1846 32
1847 23
1845 56
1848 26
1849 29
1850 29
1851 29
1852 29
1853 35
1854 29
1856 17
1855 32
1857 32
1858 23
1859 20
1861 14
1860 29
1862 30
1863 27
1864 20
1865 20
1866 17
1867 27
1868 25
1869 26
1870 20
1871 20
1872 22
1873 26
1874 38
1875 26
1876 29
1877 32
1878 20
1879 32
1880 22
1881 25
1882 29
1883 48
1884 37
1885 28
1886 22
1887 26
1888 20
1889 23
1890 26
1891 29
1892 42
1893 35
1894 26
1895 25
1896 28
1897 37
1898 23
1899 35
1901 23
1900 54
1903 27
1902 47
1904 20
1905 34
1906 29
1907 22
1908 29
1909 28
1911 26
1912 26
1910 55
1913 26
1914 20
1915 26
1916 30
1917 23
1918 34
1919 23
1920 28
1921 26
1922 26
1924 23
1923 45
1925 26
1926 32
1927 20
1929 23
1928 43
1930 20
1931 28
1932 23
1933 29
1934 25
1935 20
1936 45
1937 34
1938 23
1939 26
1940 23
1941 17
1942 17
1943 14
1945 23
1944 49
1947 23
1948 20
1946 52
1949 35
1950 20
1951 17
1952 34
1954 14
1953 31
1955 26
1956 32
1957 23
1958 23
1959 26
1960 32
1961 43
1962 32
1963 26
1964 23
1965 38
1966 23
1967 29
1968 26
1970 17
1969 39
1971 20
1972 26
1973 23
1974 13
1975 20
1976 20
1977 23
1978 26
1980 30
1981 28
1982 26
1979 63
1983 23
1984 26
1985 37
1986 20
1987 35
1990 17
1989 33
1988 57
1991 26
1992 23
1994 26
1993 39
1995 38
1996 29
1997 28
1998 20
1999 24
2000 41
2001 29
2002 25
2004 17
2005 22
2003 54
2006 23
2007 34
2008 23
2009 23
2010 26
2011 23
2012 23
2014 26
2013 41
2015 20
2016 37
2017 20
2018 23
2019 26
2020 17
2021 23
2022 17
2023 23
2024 26
2025 17
2026 28
2027 17
2028 26
2029 23
2030 23
2031 34
2032 23
2033 11
2034 29
2035 22
2036 29
2037 26
2038 23
2039 17
2040 29
2041 26
2042 27
2043 20
2044 14
2045 26
2046 14
2047 29
2048 20
2049 26
2050 13
2051 26
2052 15
2053 32
2054 26
2055 38
2056 23
2057 26
2058 42
2059 29
2060 28
2061 20
2062 26
2063 20
2064 23
2066 17
2065 32
2067 26
2068 23
2069 23
2070 14
2071 23
2072 20
2073 25
2074 26
2075 23
2076 30
2077 23
2078 20
2079 35
2080 23
2081 29
2082 26
2083 23
2084 20
2085 28
2086 35
2087 20
2088 38
2089 26
2090 20
2091 23
2092 23
2093 14
2094 46
2095 31
2097 23
2096 42
2098 26
2099 36
2101 26
2100 42
2103 22
2102 39
2104 26
2105 28
2106 17
2107 47
2109 26
2110 17
2108 48
2111 23
2112 23
2113 41
2114 46
2115 33
2117 20
2118 22
2116 53
2119 23
2120 29
2121 23
2122 23
2123 32
2124 31
2126 17
2125 29
2127 11
2129 14
2130 29
2128 60
2132 23
2131 39
2133 20
2134 23
2135 35
2137 17
2136 41
2138 41
2139 32
2140 20
2141 29
2142 40
2144 23
2145 34
2146 23
2143 61
2147 46
2148 29
2149 37
2150 32
2151 26
2152 23
2153 26
2154 25
2155 26
2156 26
2157 23
2158 20
2160 17
2159 32
2161 20
2162 23
2163 20
2164 25
2165 25
2166 26
2167 34
2169 17
2168 41
2170 30
2171 23
2172 20
2173 28
2174 23
2176 23
2175 52
2177 29
2178 32
2179 20
2180 20
2182 26
2181 53
2184 20
2183 47
2187 26
2185 49
2186 47
2188 23
2189 32
2190 47
2191 35
2193 17
2192 32
2194 20
2195 23
2196 26
2197 32
2198 36
2199 32
2200 29
2201 25
2202 26
2203 38
2204 41
2205 38
2206 23
2207 28
2208 32
2209 32
2210 36
2211 20
2212 20
2213 23
2214 37
2215 20
2216 37
2218 23
2217 48
2219 26
2220 36
2221 20
2222 38
2223 30
2224 27
2225 32
2227 17
2226 57
2229 26
2230 23
2228 55
2231 29
2232 23
2233 17
2234 31
2236 17
2235 47
2237 20
2239 20
2238 47
2241 25
2240 57
2242 32
2243 31
2244 20
2245 26
2246 20
2248 26
2247 45
2249 29
2250 29
2251 44
2252 43
2253 33
2254 28
2255 20
2256 17
2257 32
2258 29
2259 20
2260 16
2261 30
2262 26
2263 29
2264 26
2266 26
2265 39
2267 35
2269 17
2268 45
2270 25
2272 22
2271 51
2273 32
2276 24
2277 17
2274 49
2275 43
2278 23
2279 32
2280 28
2281 26
2282 17
2283 20
2284 32
2285 43
2287 25
2286 45
2289 23
2288 47
2290 26
2291 26
2292 45
2293 32
2294 23
2295 20
2296 20
2297 37
2298 29
2299 20
2300 20
2301 23
2302 29
2303 26
2305 17
2304 35
2306 20
2307 23
2308 23
2309 32
2310 29
2312 17
2311 29
2313 23
2314 20
2315 26
2316 20
2317 23
2318 20
2319 17
2320 25
2321 20
2322 28
2323 26
2324 19
2325 23
2326 26
2327 17
2328 20
2329 29
2330 26
2331 26
2332 21
2333 20
2334 31
2335 29
2338 26
2337 55
2339 29
2340 27
2341 26
2336 84
2342 20
2343 23
2345 19
2344 44
2346 29
2347 43
2348 29
2349 35
2350 32
2352 28
2351 41
2353 26
2354 20
2355 28
2356 26
2357 23
2358 35
2359 23
2360 28
2361 29
2362 34
2363 22
2364 29
2365 32
2366 20
2367 25
2369 17
2368 29
2370 23
2371 23
2372 23
2373 20
2374 26
2375 29
2376 32
2377 23
2378 26
2379 17
2380 23
2381 34
2382 48
2383 29
2384 26
2385 32
2386 42
2387 48
2388 29
2389 29
2390 25
2391 26
2392 32
2393 23
2394 32
2395 30
2396 22
2397 20
2398 23
2399 36
2400 30
2401 23
2403 23
2404 26
2402 51
2405 20
2406 37
2407 29
2408 19
2409 26
2410 29
2411 26
2412 29
2413 27
2414 23
2415 20
2416 32
2417 32
2418 23
2419 48
2420 29
2422 17
2421 39
2423 37
2424 25
2425 27
2427 26
2426 44
2428 25
2430 20
2431 17
2429 40
2432 20
2433 28
2434 23
2435 23
2436 23
2438 23
2437 42
2439 20
2440 17
2441 29
2442 32
2443 23
2444 29
2445 20
2446 44
2448 28
2447 63
2449 47
2450 29
2451 29
2452 26
2453 17
2454 23
2455 26
2456 23
2457 28
2458 23
2459 30
2460 20
2463 26
2461 51
2462 40
2464 29
2465 45
2466 32
2467 23
2468 48
2470 26
2469 45
2471 32
2472 23
2474 11
2473 38
2475 28
2476 23
2477 45
2478 38
2479 23
2480 20
2481 25
2482 20
2483 23
2484 26
2485 25
2486 32
2487 35
2488 34
2489 40
2490 29
2491 35
2492 34
2493 29
2494 20
2495 20
2496 28
2497 34
2498 29
2499 25
2500 20
2501 17
2502 35
2503 32
2504 28
2505 34
2506 42
2508 26
2507 42
2509 37
2511 17
2510 29
2512 26
2513 32
2515 20
2514 52
2516 31
2517 29
2518 20
2519 20
2521 26
2520 44
2522 23
2523 29
2524 29
2525 33
2526 29
2527 20
2529 17
2528 41
2530 29
2531 22
2532 20
2533 34
2534 34
2535 30
2536 25
2537 23
2538 23
2539 23
2540 28
2541 23
2542 20
2543 23
2544 28
2545 32
2546 26
2547 26
2548 20
2549 20
2550 29
2551 24
2552 26
2553 26
2554 29
2555 38
2556 37
2557 24
2559 23
2558 40
2561 20
2560 45
2562 25
2564 17
2563 36
2565 32
2566 29
2567 29
2568 23
2569 20
2570 20
2571 31
2572 20
2573 22
2574 26
2575 32
2576 23
2577 30
2578 39
2579 32
2580 20
2581 20
2582 18
2583 35
2584 25
2585 23
2586 23
2587 29
2588 46
2589 30
2590 20
2591 32
2592 26
2593 29
2594 26
2596 17
2595 30
2597 29
2598 26
2599 19
2601 26
2600 48
2602 32
2603 29
2604 28
2605 36
2606 26
2607 20
2608 17
2609 35
2610 27
2611 23
2612 46
2613 29
2614 23
2615 25
2616 26
2617 17
2618 23
2619 20
2621 23
2620 47
2622 29
2623 26
2624 29
2625 29
2626 30
2627 29
2628 29
2629 29
2630 34
2631 23
2632 29
2633 19
2634 29
2635 26
2636 20
2637 26
2638 23
2639 25
2640 11
2641 32
2643 29
2642 55
2644 31
2645 33
2646 26
2647 32
2648 32
2649 29
2650 26
2651 23
2652 20
2653 23
2654 20
2655 34
2656 35
2658 26
2657 52
2659 29
2660 22
2661 23
2662 32
2663 23
2664 32
2665 25
2666 29
2667 29
2669 27
2668 44
2670 29
2671 29
2672 23
2673 44
2674 32
2676 24
2675 43
2677 23
2678 26
2679 26
2680 23
2681 23
2683 26
2682 42
2684 25
2685 26
2686 20
2687 23
2688 25
2689 20
2690 29
2691 35
2692 32
2693 30
2694 23
2695 20
2697 26
2698 19
2696 68
2699 32
2701 23
2700 45
2702 27
2703 26
2704 29
2705 23
2706 23
2707 20
2709 23
2710 23
2708 50
2713 17
2711 41
2712 29
2714 24
2715 20
2716 47
2717 29
2718 29
2719 20
2720 17
2722 17
2721 39
2723 22
2724 26
2725 26
2726 29
2727 26
2728 29
2729 23
2731 26
2730 45
2732 23
2733 26
2734 52
2735 42
2736 44
2737 31
2738 28
2741 23
2740 47
2739 63
2743 26
2744 31
2745 28
2742 60
2747 23
2746 46
2748 23
2750 20
2751 23
2749 55
2752 29
2753 29
2754 23
2755 37
2756 26
2757 28
2758 20
2759 20
2760 23
2762 20
2761 45
2763 29
2764 29
2765 23
2766 32
2767 23
2768 31
2769 22
2770 23
2771 26
2772 25
2773 32
2774 31
2775 29
2776 19
2777 20
2778 29
2780 32
2779 53
2781 37
2782 31
2783 33
2784 29
2785 25
2786 25
2787 26
2788 46
2789 45
2790 35
2791 23
2792 25
2793 28
2794 32
2795 26
2796 23
2797 23
2798 26
2799 23
2800 20
2801 31
2802 20
2803 23
2805 26
2804 44
2806 38
2807 36
2808 26
2809 17
2811 17
2810 55
2812 29
2813 37
2814 37
2815 23
2816 29
2817 23
2818 29
2819 23
2820 23
2821 29
2822 20
2823 43
2824 37
2825 29
2826 32
2827 32
2828 26
2829 38
2830 26
2831 19
2832 29
2834 14
2833 39
2835 23
2836 28
2837 17
2839 27
2838 49
2840 38
2841 23
2842 32
2843 54
2845 35
2844 50
2846 46
2847 32
2848 23
2849 26
2850 19
2851 32
2853 23
2854 20
2852 55
2856 23
2855 40
2857 26
2858 30
2859 23
2860 23
2861 27
2864 6
2862 34
2863 32
2865 24
2867 8
2866 23
2868 26
2869 23
2870 23
2872 22
2871 52
2873 29
2874 31
2875 22
2876 25
2877 23
2878 20
2879 28
2880 20
2881 23
2882 26
2883 31
2884 23
2886 28
2885 58
2887 29
2888 26
2889 32
2890 32
2891 32
2893 23
2892 48
2894 29
2895 27
2897 25
2896 42
2898 26
2899 29
2900 23
2901 26
2902 26
2903 17
2904 38
2906 23
2905 47
2907 20
2908 22
2910 26
2909 46
2911 23
2912 23
2913 14
2915 26
2914 45
2916 29
2917 32
2918 23
2919 23
2920 40
2921 35
2922 29
2923 26
2924 29
2925 29
2926 35
2927 33
2930 25
2928 52
2931 31
2929 60
2933 23
2932 49
2936 25
2937 14
2934 51
2935 39
2938 34
2940 14
2939 40
2941 26
2942 29
2943 31
2944 20
2945 23
2946 32
2947 26
2948 29
2950 18
2949 29
2951 19
2952 26
2953 26
2955 20
2954 42
2956 41
2957 29
2958 25
2959 23
2960 26
2961 23
2962 23
2963 31
2964 26
2965 37
2966 28
2967 23
2968 32
2969 20
2971 17
2970 35
2972 26
2973 36
2974 23
2975 35
2976 29
2977 23
2978 31
2979 26
2981 26
2980 39
2982 23
2983 23
2984 38
2985 37
2986 26
2987 26
2988 45
2989 29
2991 29
2990 52
2992 38
2993 24
2994 27
2995 32
2996 34
2997 23
2998 32
2999 29
3001 23
3000 44
3002 29
3003 26
3004 29
3006 26
3007 23
3005 50
3008 22
3009 42
3010 29
3011 29
3012 20
3013 32
3014 26
3015 44
3016 32
3018 23
3019 25
3020 17
3017 52
3021 23
3023 23
3022 48
3024 20
3025 22
3026 26
3027 19
3028 23
3029 27
3030 26
3031 23
3032 27
3033 23
3034 26
3035 30
3036 20
3037 29
3038 29
3039 31
3040 20
3041 26
3042 35
3043 23
3045 20
3046 23
3044 57
3048 32
3047 52
3049 30
3050 29
3051 23
3052 20
3055 17
3054 29
3053 50
3056 22
3057 32
3058 29
3059 36
3060 29
3061 30
3063 20
3062 39
3064 20
3065 17
3066 20
3067 20
3068 27
3069 20
3070 32
3071 23
3072 32
3073 48
3074 29
3075 29
3077 28
3078 22
3076 52
3079 23
3080 25
3081 23
3082 53
3083 43
3084 29
3085 26
3086 22
3087 26
3088 23
3089 20
3090 30
3091 28
3093 28
3094 20
3095 23
3092 63
3096 26
3097 26
3098 30
3099 37
3100 27
3101 25
3102 33
3103 37
3104 34
3106 24
3107 18
3105 57
3108 32
3109 29
3110 29
3112 20
3111 39
3113 23
3114 32
3115 32
3116 25
3118 28
3119 23
3120 26
3117 64
3121 26
3123 26
3122 46
3124 20
3125 23
3127 29
3128 28
3126 50
3129 42
3131 20
3130 41
3132 20
3133 21
3135 23
3134 44
3136 23
3137 20
3138 25
3139 26
3140 17
3141 23
3142 26
3143 26
3144 25
3145 29
3146 29
3147 38
3148 30
3149 20
3150 36
3151 26
3152 17
3153 25
3154 28
3155 37
3156 39
3158 20
3157 46
3159 35
3160 20
3161 44
3162 48
3163 29
3164 26
3165 29
3166 35
3167 20
3168 28
3169 29
3170 43
3172 20
3171 52
3173 32
3174 25
3176 23
3175 47
3178 26
3177 46
3180 17
3179 55
3182 23
3183 23
3181 55
3184 44
3185 32
3187 23
3186 44
3188 29
3190 20
3189 44
3192 23
3191 42
3194 23
3195 27
3193 56
3196 23
3197 17
3198 42
3199 33
3200 31
3201 23
3202 29
3203 26
3204 26
3205 30
3206 32
3207 38
3208 23
3209 20
3210 25
3212 26
3211 54
3214 20
3215 17
3213 39
3217 35
3218 26
3216 49
3221 26
3219 65
3220 54
3222 35
3223 31
3224 28
3225 17
3227 28
3228 21
3226 54
3230 22
3229 55
3231 31
3232 34
3233 46
3234 44
3235 32
3237 25
3241 8
3236 74
3239 41
3238 66
3240 64
3243 37
3244 20
3242 50
3245 29
3247 33
3248 22
3249 23
3246 61
3250 30
3251 42
3253 48
3252 60
3257 17
3255 40
3256 29
3254 65
3259 17
3258 36
3260 29
3261 24
3262 32
3263 23
3264 28
3265 31
3266 22
3267 22
3268 29
3269 36
3270 20
3271 32
3272 27
3273 34
3274 25
3275 53
3276 40
3277 29
3278 23
3279 20
3281 25
3280 40
3282 30
3283 44
3284 35
3285 26
3286 23
3287 33
3288 22
3289 44
3290 30
3291 20
3292 20
3294 26
3293 48
3295 25
3296 20
3297 26
3298 23
3299 34
3300 30
3301 28
3303 26
3304 24
3302 51
3305 29
3306 28
3307 26
3308 35
3310 25
3309 47
3311 29
3312 23
3313 23
3314 32
3315 20
3316 30
3317 22
3318 27
3319 20
3320 26
3321 30
3322 29
3323 24
3325 31
3326 23
3324 58
3327 45
3328 32
3329 23
3330 26
3331 32
3332 26
3334 27
3333 39
3336 26
3335 39
3337 26
3338 23
3339 29
3340 26
3341 26
3343 25
3342 40
3344 26
3346 17
3347 23
3345 50
3348 29
3349 29
3350 26
3351 22
3352 25
3353 26
3355 37
3356 23
3354 59
3358 23
3357 42
3359 40
3360 29
3361 26
3362 29
3363 29
3364 32
3365 26
3366 26
3367 26
3369 17
3368 44
3370 26
3372 23
3371 44
3373 28
3374 29
3376 18
3375 43
3377 31
3378 32
3380 14
3379 29
3381 29
3382 35
3383 23
3384 23
3385 31
3386 37
3387 23
3389 20
3388 45
3390 31
3391 33
3392 25
3393 23
3394 31
3395 23
3396 29
3397 34
3399 20
3400 23
3398 57
3402 23
3403 25
3405 17
3401 64
3404 31
3406 28
3407 34
3408 24
3409 37
3410 20
3411 26
3412 26
3413 23
3414 38
3415 39
3417 20
3416 48
3418 29
3419 23
3420 33
3421 38
3422 23
3423 23
3424 34
3425 20
3426 26
3428 26
3427 39
3429 32
3430 29
3431 26
3432 29
3433 31
3434 46
3436 26
3437 17
3435 41
3438 35
3439 29
3440 23
3441 23
3442 17
3443 23
3445 23
3444 45
3446 33
3447 48
3448 29
3449 32
3450 29
3451 34
3452 31
3453 29
3455 11
3454 29
3456 41
3457 29
3458 29
3459 29
3460 24
3461 26
3462 14
3464 23
3465 26
3466 38
3463 70
3467 35
3468 26
3469 32
3470 32
3471 27
3472 34
3473 32
3474 42
3475 35
3476 26
3477 26
3478 22
3479 29
3480 23
3481 20
3482 29
3483 29
3485 23
3484 57
3486 29
3487 26
3488 26
3489 34
3490 23
3491 31
3492 35
3494 29
3495 28
3493 57
3496 35
3497 32
3499 28
3498 43
3500 29
3501 28
3502 49
3503 46
3504 29
3505 31
3506 20
3507 26
3508 26
3509 26
3510 29
3512 26
3511 60
3513 47
3514 29
3515 20
3516 26
3517 32
3518 26
3519 29
3520 23
3522 26
3521 41
3523 26
3524 26
3525 20
3526 23
3527 32
3528 23
3530 20
3529 39
3531 38
3532 20
3533 29
3534 26
3535 26
3537 35
3536 56
3539 26
3540 26
3538 53
3541 47
3542 36
3543 26
3544 26
3546 27
3545 51
3547 48
3549 23
3550 26
3548 50
3551 31
3552 21
3554 26
3555 20
3553 59
3556 34
3557 30
3558 20
3559 29
3561 26
3562 29
3563 26
3560 65
3564 23
3565 20
3566 26
3567 35
3568 29
3569 20
3570 26
3571 32
3572 26
3573 24
3574 17
3575 20
3576 25
3577 32
3578 29
3579 51
3580 39
3582 23
3581 49
3584 32
3585 26
3583 55
3586 29
3587 23
3588 20
3589 17
3590 23
3591 26
3592 32
3593 29
3594 23
3596 23
3595 50
3598 26
3597 41
3599 32
3600 41
3602 20
3601 42
3603 39
3604 29
3605 23
3606 32
3607 26
3608 20
3609 20
3610 17
3611 26
3612 30
3614 23
3613 42
3615 23
3616 36
3617 29
3618 20
3619 20
3620 33
3621 26
3623 14
3622 39
3624 32
3625 20
3626 42
3627 29
3628 23
3629 32
3630 29
3631 35
3633 26
3632 39
3634 23
3635 22
3636 23
3637 17
3638 16
3639 37
3640 29
3641 32
3642 23
3643 31
3644 20
3645 23
3647 19
3646 40
3648 45
3649 32
3651 25
3650 47
3652 20
3653 26
3654 20
3655 26
3656 34
3657 34
3658 25
3659 33
3661 45
3662 35
3663 20
3664 32
3666 32
3660 108
3665 50
3667 31
3668 32
3669 29
3670 23
3671 23
3673 23
3674 17
3672 40
3675 26
3676 40
3677 29
3678 26
3680 26
3679 42
3681 20
3682 17
3683 29
3684 32
3685 32
3686 31
3687 35
3688 29
3689 23
3690 26
3691 25
3693 26
3692 45
3694 26
3695 28
3697 26
3696 40
3698 25
3699 39
3700 38
3701 37
3702 29
3703 23
3704 28
3705 26
3706 22
3707 25
3708 23
3709 35
3711 26
3712 26
3710 56
3714 23
3715 20
3713 55
3716 41
3717 29
3718 23
3719 29
3721 23
3720 48
3722 34
3723 26
3725 25
3724 39
3726 27
3727 38
3728 26
3729 26
3730 30
3731 32
3732 29
3733 37
3734 38
3735 32
3736 30
3737 26
3738 28
3739 33
3740 26
3741 45
3742 31
3743 22
3744 32
3745 23
3747 25
3748 21
3746 49
3749 29
3751 26
3750 53
3753 25
3754 26
3755 20
3756 24
3752 73
3757 30
3758 29
3759 23
3761 17
3760 54
3763 28
3762 48
3764 29
3765 29
3766 35
3768 20
3767 42
3769 25
3770 36
3773 26
3771 58
3772 45
3774 34
3776 32
3777 26
3775 59
3779 23
3778 53
3780 29
3781 23
3782 35
3783 29
3784 29
3785 23
3786 35
3788 20
3787 47
3789 29
3790 32
3791 20
3792 24
3793 20
3794 32
3795 35
3796 29
3797 26
3798 29
3799 23
3800 35
3801 31
3802 29
3803 30
3804 26
3805 23
3806 26
3807 29
3808 32
3810 26
3809 56
3812 26
3811 48
3813 29
3814 26
3815 28
3816 32
3817 27
3818 23
3819 20
3820 20
3823 23
3821 53
3822 50
3826 26
3827 17
3824 49
3825 45
3828 26
3829 26
3830 31
3832 35
3833 23
3831 49
3834 41
3835 42
3837 23
3838 26
3836 52
3839 23
3840 29
3841 34
3842 29
3843 26
3844 32
3845 32
3846 29
3847 29
3849 29
3850 23
3852 17
3848 63
3851 29
3853 20
3855 29
3854 55
3856 30
3857 32
3858 23
3859 31
3860 22
3861 24
3862 23
3863 29
3864 23
3866 25
3867 20
3865 50
3869 24
3870 26
3868 53
3871 29
3872 31
3873 35
3874 25
3875 23
3877 43
3878 29
3879 29
3880 20
3876 74
3881 23
3882 31
3883 25
3884 36
3885 42
3887 26
3888 26
3886 66
3890 29
3891 28
3889 49
3892 28
3895 25
3893 51
3894 43
3896 20
3897 32
3898 23
3900 14
3899 32
3901 26
3903 17
3905 23
3902 59
3906 27
3904 49
3908 26
3909 26
3907 55
3910 40
3911 34
3912 31
3913 26
3914 25
3915 26
3916 30
3917 42
3918 45
3919 29
3922 26
3920 49
3921 43
3923 20
3924 26
3925 26
3926 20
3927 26
3928 34
3929 42
3930 31
3931 29
3933 36
3934 35
3935 29
3936 32
3932 87
3937 31
3938 23
3939 29
3940 22
3941 31
3942 23
3943 26
3944 34
3945 29
3946 26
3947 34
3948 23
3949 46
3950 42
3951 36
3952 25
3953 37
3954 29
3955 23
3956 20
3957 26
3958 45
3959 48
3961 27
3960 42
3962 28
3963 29
3964 33
3965 40
3967 32
3969 18
3971 14
3968 54
3966 81
3972 20
3970 53
3973 28
3974 32
3975 23
3976 20
3977 29
3978 26
3979 45
3980 35
3981 26
3982 23
3983 29
3984 26
3985 47
3986 29
3987 32
3988 23
3989 50
3991 32
3990 51
3992 29
3993 20
3994 32
3997 17
3995 41
3996 32
3998 20
3999 37
4000 31
4001 41
4002 45
4004 28
4005 26
4003 60
4006 34
4007 43
4008 29
4009 20
4010 35
4011 32
4012 35
4013 23
4014 27
4015 37
4016 30
4017 36
4018 35
4020 29
4019 50
4021 33
4022 20
4023 23
4024 14
4025 22
4026 34
4028 27
4027 48
4029 31
4030 42
4031 39
4032 34
4033 23
4035 35
4036 26
4034 49
4037 32
4038 22
4039 26
4041 34
4042 23
4040 57
4044 23
4043 47
4046 24
4045 49
4047 29
4048 23
4049 46
4051 21
4050 46
4052 33
4053 43
4054 41
4055 35
4056 32
4057 25
4060 26
4058 59
4059 67
4061 44
4062 30
4063 29
4064 35
4068 23
4067 47
4069 32
4070 43
4065 101
4066 101
4073 29
4074 28
4071 61
4075 30
4076 23
4072 70
4078 26
4077 51
4079 34
4080 28
4081 28
4082 31
4083 43
4084 35
4085 39
4086 30
4087 34
4088 27
4089 34
4090 27
4091 43
4092 30
4093 32
4094 48
4095 29
4096 31
4097 25
4098 26
4099 26
4100 23
4101 26
4102 22
4103 29
4105 26
4104 39
4106 23
4107 35
4109 13
4108 35
4111 26
4112 20
4110 54
4113 26
4114 22
4117 23
4115 53
4118 23
4116 50
4119 34
4120 23
4121 29
4122 25
4123 23
4124 23
4125 25
4126 28
4127 26
4128 26
4129 29
4130 26
4131 23
4132 39
4133 36
4134 45
4135 34
4136 27
4137 38
4138 25
4139 26
4140 29
4141 29
4142 29
4143 39
4144 29
4145 29
4146 22
4148 27
4147 42
4150 37
4151 29
4152 26
4149 61
4154 26
4153 51
4155 29
4157 23
4156 54
4158 32
4159 29
4160 22
4161 14
4162 26
4163 29
4164 31
4165 23
4166 34
4167 38
4168 22
4169 26
4170 32
4171 28
4172 20
4173 32
4174 32
4175 23
4176 36
4177 23
4178 23
4179 34
4180 23
4181 24
4182 23
4184 16
4183 36
4185 14
4186 26
4187 30
4189 27
4190 26
4188 50
4191 30
4192 31
4193 23
4194 23
4196 17
4195 38
4197 29
4198 26
4199 35
4200 29
4201 22
4202 35
4203 26
4204 23
4205 28
4206 23
4207 29
4208 34
4209 20
4210 23
4212 20
4211 39
4213 25
4214 26
4215 35
4216 23
4217 17
4218 29
4220 29
4221 23
4219 51
4222 22
4223 23
4224 29
4225 31
4226 31
4227 27
4228 26
4229 29
4230 25
4233 29
4232 53
4234 32
4235 32
4236 27
4231 79
4237 31
4238 25
4240 28
4239 46
4241 32
4243 35
4244 26
4245 26
4246 17
4242 61
4247 23
4248 20
4249 32
4250 23
4251 26
4252 17
4253 26
4254 22
4255 26
4256 17
4257 20
4258 20
4260 27
4261 11
4259 44
4262 30
4263 26
4264 32
4265 32
4267 25
4266 54
4269 21
4268 56
4271 21
4270 54
4272 36
4273 25
4274 21
4275 23
4276 20
4278 17
4277 38
4279 23
4280 29
4281 29
4282 24
4283 26
4284 26
4285 29
4286 32
4288 28
4287 39
4289 23
4290 23
4291 17
4292 26
4294 29
4295 22
4296 17
4293 52
4297 23
4298 26
4299 23
4300 35
4301 26
4303 25
4302 48
4304 29
4305 23
4306 29
4308 26
4309 26
4307 60
4310 31
4311 26
4312 30
4314 26
4313 43
4315 26
4316 22
4317 23
4318 23
4319 26
4320 32
4321 26
4322 14
4324 26
4325 37
4323 63
4326 29
4327 29
4328 35
4329 26
4330 35
4331 29
4332 19
4333 26
4335 14
4334 41
4336 29
4338 23
4337 41
4339 42
4340 37
4342 17
4341 38
4344 20
4343 39
4346 35
4345 57
4347 35
4348 32
4350 17
4349 42
4351 26
4352 23
4353 23
4354 40
4355 32
4356 26
4357 26
4358 29
4359 20
4360 26
4361 17
4362 23
4363 26
4364 31
4365 31
4366 29
4367 23
4368 26
4369 23
4371 20
4370 44
4372 34
4373 28
4374 20
4375 26
4377 14
4376 32
4378 23
4379 32
4380 38
4381 23
4382 35
4383 23
4384 26
4387 28
4385 51
4386 39
4389 28
4388 49
4390 29
4391 29
4392 37
4394 20
4393 39
4395 38
4396 26
4398 23
4399 14
4400 20
4397 60
4401 23
4402 28
4403 26
4404 25
4405 43
4407 27
4408 25
4406 54
4410 17
4409 40
4411 26
4412 31
4413 26
4414 26
4415 32
4416 29
4417 32
4418 23
4419 35
4420 45
4421 29
4422 35
4423 35
4424 26
4425 23
4426 26
4428 20
4427 46
4429 26
4430 26
4431 23
4433 17
4432 32
4434 26
4435 30
4436 26
4438 31
4439 25
4440 25
4437 62
4441 29
4442 28
4443 23
4445 17
4444 32
4446 26
4447 19
4448 23
4449 23
4451 22
4452 23
4450 49
4454 20
4455 17
4453 45
4457 23
4456 49
4459 29
4461 17
4458 53
4460 29
4462 20
4464 23
4463 40
4465 26
4466 19
4467 23
4468 31
4469 19
4470 36
4471 32
4473 23
4472 41
4474 37
4475 26
4476 23
4478 26
4477 48
4479 23
4480 20
4481 32
4483 20
4482 44
4484 20
4485 27
4486 47
4487 32
4488 32
4489 32
4490 29
4492 26
4493 34
4491 75
4494 52
4495 41
4496 29
4497 28
4499 20
4498 48
4500 29
4501 23
4502 23
4503 29
4504 29
4506 38
4507 26
4505 49
4508 32
4509 25
4510 29
4511 22
4512 49
4513 46
4515 29
4516 23
4514 61
4517 31
4518 29
4519 26
4520 23
4521 29
4522 26
4523 28
4524 26
4525 26
4527 23
4526 43
4528 32
4529 25
4530 45
4531 29
4532 29
4533 29
4534 32
4535 33
4536 20
4537 36
4538 26
4539 29
4540 32
4541 22
4542 32
4543 26
4544 20
4545 57
4546 45
4548 23
4549 17
4547 47
4550 23
4551 40
4552 32
4553 29
4554 32
4555 35
4556 32
4557 31
4559 29
4560 26
4561 23
4558 59
4562 35
4563 23
4564 23
4565 26
4566 22
4567 31
4569 17
4568 34
4570 26
4571 20
4572 32
4573 26
4574 32
4575 30
4576 22
4577 23
4578 26
4579 32
4580 23
4582 23
4583 23
4581 54
4584 29
4586 31
4587 23
4588 20
4589 14
4585 64
4590 26
4591 26
4592 37
4593 29
4594 29
4596 29
4595 67
4597 47
4598 40
4599 36
4600 23
4601 26
4602 26
4603 44
4604 29
4606 17
4605 32
4607 41
4608 33
4609 40
4610 29
4611 26
4613 25
4612 47
4615 29
4616 23
4617 23
4614 61
4618 34
4619 35
4620 37
4621 31
4622 29
4623 30
4624 23
4625 26
4626 31
4627 31
4628 26
4629 20
4630 26
4631 26
4632 26
4633 29
4635 26
4634 45
4637 28
4636 39
4638 48
4641 23
4642 17
4639 53
4640 57
4643 32
4644 26
4645 34
4646 33
4648 32
4647 66
4649 42
4650 32
4651 38
4652 22
4653 28
4654 46
4655 29
4657 32
4656 57
4658 49
4660 29
4661 26
4662 38
4663 23
4664 33
4659 93
4666 26
4665 41
4667 35
4668 23
4669 26
4670 28
4671 34
4672 29
4673 26
4674 20
4675 29
4676 29
4678 26
4677 43
4679 32
4680 25
4681 19
4682 29
4683 33
4684 30
4685 20
4686 17
4687 32
4688 37
4689 30
4690 32
4691 23
4692 26
4694 14
4693 30
4695 26
4696 23
4697 26
4698 26
4699 28
4700 25
4701 19
4702 32
4703 32
4704 24
4705 23
4707 17
4706 38
4709 20
4708 39
4710 29
4711 29
4713 32
4714 26
4712 74
4715 45
4716 29
4717 35
4718 20
4719 23
4720 26
4721 26
4722 34
4723 26
4724 26
4725 29
4726 23
4727 26
4728 29
4729 29
4730 23
4731 32
4732 26
4733 26
4734 32
4735 31
4736 36
4738 20
4739 17
4737 42
4740 40
4741 29
4742 23
4743 16
4745 17
4744 40
4746 31
4747 27
4748 26
4749 32
4751 25
4750 45
4752 30
4753 20
4754 32
4755 32
4757 26
4756 44
4758 30
4759 22
4761 22
4760 48
4762 26
4763 48
4764 29
4765 20
4766 31
4767 23
4768 32
4769 23
4770 29
4771 32
4772 48
4773 45
4774 33
4776 26
4775 48
4778 34
4780 16
4777 49
4779 32
4781 34
4782 26
4783 29
4784 34
4785 29
4786 46
4787 34
4788 32
4789 29
4790 26
4791 32
4792 41
4793 32
4794 20
4796 29
4795 53
4797 42
4798 29
4799 29
4800 23
4801 23
4802 38
4804 17
4803 41
4805 24
4806 32
4808 24
4807 41
4809 38
4810 19
4811 31
4812 20
4815 19
4813 55
4816 24
4814 59
4817 35
4818 29
4819 34
4820 38
4821 27
4822 40
4823 35
4824 45
4825 35
4827 23
4826 47
4828 23
4829 29
4830 29
4831 33
4832 23
4833 26
4834 29
4835 23
4836 19
4837 23
4838 28
4839 28
4841 26
4840 58
4842 32
4843 31
4844 28
4845 37
4846 29
4849 14
4847 41
4848 55
4850 33
4851 28
4852 20
4853 22
4854 31
4855 26
4856 29
4857 23
4859 14
4858 29
4860 35
4862 26
4863 23
4861 69
4867 17
4864 51
4865 49
4866 51
4869 22
4868 45
4871 19
4870 46
4873 31
4872 64
4875 37
4876 26
4874 56
4877 38
4878 34
4879 39
4880 29
4881 26
4883 26
4882 40
4885 26
4886 34
4884 60
4887 33
4888 34
4889 29
4890 29
4891 37
4892 30
4893 23
4895 20
4894 48
4896 25
4897 31
4899 26
4900 22
4898 49
4901 29
4902 20
4903 26
4904 20
4905 20
4906 38
4907 29
4908 32
4909 33
4910 26
4911 26
4913 26
4912 39
4914 29
4915 30
4916 29
4917 31
4918 31
4919 23
4920 32
4921 31
4923 28
4922 58
4925 25
4924 45
4926 26
4928 26
4927 56
4929 29
4930 25
4931 17
4932 29
4933 23
4934 35
4935 28
4937 26
4938 26
4936 49
4939 29
4940 31
4941 20
4942 26
4943 32
4944 20
4945 20
4946 26
4947 45
4948 34
4949 20
4950 23
4951 35
4952 36
4953 32
4954 24
4957 27
4958 17
4956 39
4955 59
4959 31
4960 28
4961 19
4962 26
4963 32
4964 20
4965 45
4966 31
4967 20
4970 28
4968 49
4971 22
4969 52
4972 36
4973 34
4974 20
4975 23
4976 36
4977 35
4978 32
4979 23
4980 32
4981 37
4982 26
4983 26
4984 37
4985 29
4986 31
4988 28
4987 39
4989 20
4990 20
4991 23
4992 28
4993 25
4994 35
4995 24
4996 25
4998 20
4997 44
4999 25
5000 20
5001 26
5002 31
5003 26
5004 29
5005 28
5006 29
5007 29
5008 26
5009 26
5010 26
5011 29
5013 26
5012 39
5014 29
5015 39
5016 32
5017 29
5018 47
5019 41
5020 32
5021 32
5022 26
5023 31
5024 26
5025 26
5026 32
5027 38
5028 48
5029 38
5030 32
5031 23
5032 20
5033 34
5035 28
5036 17
5034 59
5038 29
5037 52
5039 29
5040 26
5041 34
5042 20
5043 25
5045 28
5044 39
5047 29
5048 28
5050 23
5046 73
5051 25
5049 55
5052 29
5053 35
5054 35
5055 36
5056 33
5058 22
5059 17
5060 28
5057 61
5061 30
5062 36
5063 26
5064 32
5065 23
5066 29
5067 26
5068 26
5069 51
5072 26
5070 54
5073 26
5071 52
5074 26
5075 29
5076 23
5077 20
5078 11
5079 54
5080 41
5081 32
5082 23
5083 22
5084 26
5086 26
5085 41
5088 17
5087 29
5089 25
5090 26
5092 28
5091 47
5093 23
5094 25
5096 26
5095 43
5097 31
5098 26
5099 28
5100 26
5102 17
5101 39
5104 17
5103 35
5106 23
5105 47
5107 32
5108 21
5109 23
5110 19
5111 26
5112 35
5113 20
5114 23
5115 23
5116 34
5118 26
5117 47
5119 32
5120 25
5121 24
5123 29
5122 55
5124 37
5125 27
5126 20
5127 32
5128 26
5129 29
5130 28
5131 20
5133 23
5132 39
5134 25
5135 38
5136 32
5137 25
5138 23
5140 22
5141 26
5142 26
5139 59
5143 20
5144 23
5147 23
5145 55
5148 23
5146 55
5149 26
5150 26
5151 22
5152 23
5153 32
5154 33
5156 45
5157 29
5155 62
5159 23
5158 45
5160 29
5161 20
5162 28
5163 38
5164 45
5165 31
5166 35
5167 28
5168 23
5169 20
5170 26
5171 28
5172 23
5173 28
5174 26
5176 19
5175 41
5177 23
5178 26
5179 28
5180 23
5181 25
5182 31
5183 29
5184 26
5185 20
5186 23
5187 29
5188 26
5189 32
5190 30
5191 29
5192 43
5193 42
5194 33
5195 30
5196 28
5197 26
5198 24
5199 17
5200 34
5201 34
5202 30
5203 26
5204 38
5205 23
5206 23
5207 26
5208 20
5209 31
5210 42
5211 29
5212 35
5214 26
5213 41
5215 36
5216 36
5217 28
5218 30
5219 32
5220 26
5221 35
5222 32
5223 23
5224 29
5225 31
5226 28
5228 14
5227 29
5229 32
5231 17
5230 35
5232 29
5233 26
5234 28
5235 23
5236 41
5237 29
5239 26
5238 45
5240 41
5241 32
5243 20
5242 41
5244 26
5245 23
5246 23
5247 23
5248 20
5249 29
5250 23
5251 23
5252 32
5253 26
5256 26
5254 54
5257 26
5255 51
5258 19
5259 26
5260 23
5261 26
5262 29
5263 28
5264 29
5265 31
5266 34
5267 40
5268 32
5269 23
5270 23
5271 31
5273 28
5272 44
5274 20
5275 32
5277 35
5278 26
5276 50
5279 29
5280 29
5282 26
5283 26
5281 50
5284 20
5285 29
5286 23
5287 29
5288 32
5290 23
5292 17
5289 53
5293 26
5291 51
5294 32
5295 26
5296 39
5297 38
5298 26
5299 26
5300 26
5301 41
5302 37
5304 17
5303 29
5305 29
5307 34
5308 31
5309 28
5306 60
5311 17
5310 37
5312 26
5313 26
5314 25
5315 26
5316 43
5317 32
5318 32
5319 23
5320 28
5322 23
5321 46
5323 23
5324 28
5325 36
5326 25
5327 26
5328 29
5329 29
5331 25
5332 17
5330 41
5333 29
5335 17
5334 35
5336 29
5337 37
5338 32
5339 28
5340 34
5342 26
5341 54
5344 20
5345 33
5346 26
5343 63
5347 29
5348 35
5349 38
5350 29
5351 31
5352 29
5353 19
5355 27
5354 41
5356 19
5358 25
5357 47
5359 27
5361 26
5360 40
5363 19
5364 20
5362 53
5365 36
5366 26
5368 34
5367 49
5369 29
5370 29
5371 25
5372 29
5373 32
5374 29
5376 28
5375 54
5377 30
5378 28
5379 32
5380 26
5381 31
5382 23
5383 30
5384 29
5385 35
5386 23
5389 20
5387 49
5388 42
5390 32
5392 18
5391 35
5393 24
5394 22
5395 26
5396 23
5397 24
5398 32
5399 31
5400 24
5401 46
5403 25
5402 39
5404 26
5406 26
5407 17
5405 74
5409 35
5410 26
5408 58
5411 29
5412 25
5413 29
5414 20
5415 26
5416 58
5417 42
5419 23
5418 56
5422 26
5424 14
5423 41
5425 22
5421 72
5426 23
5427 26
5428 32
5420 123
5429 29
5430 22
5431 31
5433 26
5434 29
5435 23
5432 71
5437 29
5436 57
5438 44
5440 29
5439 50
5441 36
5442 34
5443 26
5445 26
5444 58
5447 20
5446 39
5449 36
5448 59
5452 23
5450 53
5453 20
5451 55
5455 16
5454 29
5456 20
5458 20
5459 31
5460 24
5457 71
5462 26
5463 23
5461 55
5464 34
5466 25
5467 29
5468 31
5465 88
5471 35
5472 38
5473 25
5469 69
5470 68
5474 41
5475 30
5476 31
5477 28
5478 26
5479 36
5480 26
5481 40
5483 28
5484 28
5482 51
5485 34
5486 34
5487 34
5491 22
5489 49
5490 39
5492 26
5488 77
5493 29
5494 25
5495 26
5496 28
5499 26
5497 60
5501 29
5502 23
5498 73
5503 35
5504 38
5505 39
5507 23
5506 41
5508 35
5500 127
5510 26
5512 23
5511 56
5513 44
5516 17
5515 33
5509 102
5514 58
5517 34
5518 26
5520 20
5519 56
5521 45
5523 23
5525 26
5527 19
5522 81
5524 60
5526 40
5528 48
5531 29
5529 59
5530 64
5532 46
5533 38
5534 29
5536 22
5535 46
5538 26
5539 20
5537 54
5540 37
5541 26
5543 30
5542 61
5545 47
5546 29
5547 48
5548 32
5544 86
5549 37
5550 38
5551 23
5552 32
5554 27
5553 51
5555 29
5556 35
5557 25
5558 37
5559 34
5561 35
5560 56
5562 34
5563 40
5564 29
5567 17
5565 43
5566 32
5568 25
5571 19
5569 53
5570 39
5572 41
5573 43
5576 42
5574 70
5575 67
5578 37
5577 49
5579 31
5581 35
5580 51
5582 37
5583 36
5584 44
5585 32
5586 28
5588 20
5587 41
5589 25
5590 28
5591 26
5592 37
5593 37
5595 31
5594 51
5596 37
5598 29
5597 51
5599 34
5600 26
5601 20
5602 29
5603 48
5605 24
5604 47
5606 28
5607 28
5608 26
5609 23
5610 29
5611 33
5612 26
5613 32
5614 30
5616 20
5615 42
5617 26
5618 26
5619 29
5620 25
5623 25
5621 52
5624 26
5625 16
5622 50
5626 28
5627 29
5628 20
5629 29
5630 25
5631 23
5633 19
5632 42
5634 23
5635 17
5636 25
5637 31
5638 28
5639 32
5640 35
5641 31
5642 31
5643 21
5645 17
5644 29
5646 23
5647 29
5648 29
5649 25
5650 26
5651 29
5652 35
5654 17
5653 32
5655 38
5656 30
5657 26
5658 20
5659 36
5660 23
5661 32
5662 23
5663 32
5664 31
5665 22
5666 26
5669 17
5667 45
5668 35
5670 29
5671 31
5673 26
5672 52
5674 30
5675 23
5676 29
5677 23
5678 20
5679 26
5680 26
5681 26
5682 17
5683 22
5684 25
5686 25
5687 26
5688 26
5685 65
5689 27
5690 22
5691 17
5692 37
5694 26
5693 39
5695 34
5697 19
5696 47
5699 19
5698 47
5700 34
5701 25
5702 20
5703 37
5705 23
5704 57
5706 32
5707 25
5708 34
5709 45
5710 35
5711 26
5712 28
5714 23
5713 47
5715 27
5716 32
5718 26
5717 40
5719 23
5721 14
5720 36
5722 29
5723 31
5724 32
5725 36
5726 34
5727 45
5728 55
5730 36
5731 26
5729 53
5732 23
5733 17
5734 26
5736 25
5737 26
5735 51
5738 32
5739 32
5740 32
5741 31
5742 23
5743 22
5744 22
5745 35
5746 31
5747 26
5748 26
5749 23
5750 32
5751 37
5752 30
5753 31
5754 33
5755 31
5756 44
5757 29
5758 35
5759 20
5760 28
5761 37
5762 37
5763 21
5764 32
5765 22
5766 26
5768 28
5769 23
5767 51
5770 34
5771 23
5772 32
5774 26
5773 41
5775 23
5777 26
5779 20
5776 59
5778 57
5780 34
5781 35
5783 28
5784 25
5785 14
5782 50
5786 34
5788 22
5787 51
5789 31
5790 47
5792 32
5791 51
5793 29
5794 40
5795 29
5796 38
5797 26
5798 33
5799 42
5800 35
5801 19
5802 29
5803 47
5804 29
5805 32
5806 32
5807 32
5808 26
5809 31
5810 23
5811 35
5812 22
5813 23
5814 29
5815 32
5817 17
5816 35
5818 23
5819 45
5820 35
5822 18
5823 20
5821 49
5825 11
5824 36
5826 30
5827 26
5828 27
5829 37
5830 23
5831 19
5832 29
5833 26
5834 32
5835 20
5836 35
5837 32
5839 22
5838 46
5840 38
5841 23
5842 37
5843 36
5844 34
5845 28
5846 29
5847 23
5848 29
5849 26
5851 14
5850 35
5852 26
5853 20
5854 20
5855 26
5856 20
5857 29
5858 20
5859 23
5861 34
5860 49
5862 29
5863 35
5864 30
5865 24
5866 32
5867 25
5868 23
5869 31
5870 26
5871 32
5872 32
5874 17
5873 32
5875 24
5876 23
5877 26
5878 28
5879 22
5880 51
5882 37
5881 51
5883 29
5884 38
5885 35
5886 25
5887 20
5888 32
5891 14
5890 32
5892 16
5889 51
5894 26
5893 48
5895 29
5896 35
5899 28
5897 49
5898 42
5901 17
5900 29
5902 35
5903 29
5904 23
5905 26
5906 26
5907 34
5908 36
5909 26
5910 31
5911 26
5912 28
5913 30
5914 31
5915 32
5916 24
5917 28
5918 26
5920 20
5919 41
5921 29
5922 41
5923 33
5924 26
5925 23
5926 23
5927 35
5928 26
5929 36
5930 20
5931 17
5932 20
5933 32
5934 29
5935 22
5937 23
5936 45
5938 29
5939 26
5940 31
5941 28
5942 23
5943 33
5944 32
5946 26
5945 44
5947 35
5948 54
5950 29
5949 51
5951 37
5952 24
5953 26
5954 55
5956 32
5957 35
5958 38
5955 76
5959 43
5960 33
5961 28
5963 23
5962 48
5965 20
5964 41
5966 25
5967 34
5968 29
5969 28
5971 14
5970 45
5972 34
5973 47
5974 35
5975 29
5976 38
5977 32
5978 31
5979 31
5980 31
5981 23
5982 29
5983 23
5984 23
5985 34
5986 32
5987 23
5989 22
5990 32
5988 59
5991 29
5992 33
5993 25
5995 14
5994 38
5996 27
5997 34
5998 20
5999 32
6000 23
6001 30
6002 31
6003 35
6004 26
6005 29
6006 38
6007 32
6009 37
6010 26
6008 54
6011 36
6012 26
6013 28
6014 32
6015 29
6016 23
6017 23
6018 17
6019 46
6021 26
6020 41
6022 35
6024 14
6023 29
6025 48
6026 32
6027 25
6028 32
6029 26
6030 20
6031 23
6032 26
6033 32
6034 26
6035 23
6036 38
6037 29
6038 23
6039 31
6040 20
6041 22
6042 23
6043 17
6046 22
6044 54
6045 50
6048 28
6047 39
6049 38
6050 21
6052 26
6051 58
6053 29
6054 34
6056 29
6057 28
6055 49
6059 17
6058 34
6060 32
6061 40
6063 22
6062 45
6065 17
6064 35
6066 34
6067 28
6068 33
6069 30
6071 29
6070 50
6072 29
6073 41
6074 29
6075 22
6076 28
6077 22
6079 17
6078 47
6080 31
6081 28
6082 25
6083 26
6085 23
6084 49
6086 50
6088 33
6087 49
6089 29
6090 47
6091 32
6093 25
6092 48
6095 26
6094 64
6096 47
6097 45
6098 32
6099 25
6100 29
6101 26
6102 29
6103 29
6104 22
6105 19
6106 20
6107 31
6109 20
6108 50
6110 47
6112 29
6113 20
6111 53
6114 32
6115 33
6116 31
6117 25
6119 25
6118 50
6120 33
6121 29
6122 29
6123 20
6124 23
6125 35
6126 20
6127 30
6128 30
6129 32
6130 29
6132 29
6131 58
6133 29
6134 29
6136 23
6135 45
6137 20
6138 21
6139 39
6141 35
6140 50
6142 35
6143 55
6145 33
6146 26
6144 53
6148 29
6150 13
6147 52
6149 32
6151 48
6152 29
6153 26
6154 31
6155 26
6156 23
6157 26
6158 29
6159 23
6161 14
6160 34
6163 25
6162 49
6164 31
6165 25
6166 31
6168 25
6167 48
6169 32
6170 28
6171 35
6172 38
6173 26
6174 38
6175 23
6176 29
6177 29
6179 25
6178 40
6180 25
6181 32
6182 32
6183 19
6184 14
6185 32
6186 26
6187 17
6188 29
6189 27
6190 26
6191 32
6192 33
6194 17
6193 32
6195 29
6197 23
6196 41
6198 35
6199 33
6200 29
6202 17
6201 29
6203 33
6204 35
6205 25
6206 29
6207 26
6208 29
6209 23
6210 32
6211 29
6212 35
6213 28
6214 37
6215 26
6216 30
6217 26
6218 27
6219 34
6220 35
6221 35
6222 29
6223 48
6224 29
6225 22
6226 32
6227 38
6228 34
6229 41
6231 29
6232 20
6230 55
6233 26
6234 23
6235 17
6236 25
6237 32
6238 32
6239 36
6240 32
6241 20
6242 33
6243 26
6244 26
6246 24
6247 20
6245 56
6249 31
6251 26
6250 41
6252 22
6248 71
6253 29
6254 28
6255 17
6256 23
6257 32
6258 29
6259 23
6260 20
6261 37
6262 35
6263 38
6264 29
6265 25
6266 26
6267 29
6268 26
6270 16
6269 29
6271 46
6273 19
6272 41
6274 30
6275 35
6276 23
6277 29
6278 26
6279 37
6280 39
6281 31
6282 26
6284 28
6283 44
6285 26
6286 20
6287 32
6288 26
6289 17
6290 26
6291 38
6292 28
6293 29
6294 28
6295 22
6297 20
6298 19
6296 50
6299 22
6300 14
6301 29
6303 29
6304 24
6305 23
6306 23
6302 69
6308 23
6311 20
6307 77
6309 52
6310 41
6312 32
6313 32
6314 21
6315 32
6316 23
6319 16
6317 39
6318 29
6320 30
6321 30
6322 22
6324 17
6323 29
6325 34
6326 28
6327 34
6328 25
6329 23
6330 22
6331 42
6332 37
6333 34
6334 20
6335 38
6336 29
6337 26
6338 26
6339 26
6340 26
6341 33
6342 39
6343 29
6344 26
6346 25
6345 39
6347 20
6348 25
6349 36
6350 28
6351 23
6352 25
6353 34
6354 20
6355 32
6356 20
6357 23
6358 29
6359 28
6361 16
6360 46
6362 33
6363 23
6364 26
6366 17
6365 29
6367 31
6368 27
6369 32
6370 23
6372 17
6371 33
6373 27
6374 31
6375 26
6376 23
6377 37
6378 26
6379 20
6382 17
6381 35
6383 28
6380 59
6385 32
6386 25
6384 53
6387 30
6388 20
6390 23
6389 48
6391 29
6392 22
6393 23
6394 26
6395 43
6396 29
6397 20
6398 25
6399 26
6400 20
6401 31
6402 29
6403 27
6404 38
6405 30
6406 47
6407 33
6408 29
6409 26
6410 20
6411 32
6412 26
6413 38
6415 31
6416 28
6414 55
6417 26
6418 29
6419 34
6420 29
6421 27
6422 25
6423 32
6424 20
6425 28
6426 23
6427 26
6428 23
6429 33
6430 20
6431 29
6432 34
6433 20
6434 25
6435 35
6436 26
6437 17
6438 37
6439 32
6440 26
6441 32
6442 38
6443 19
6444 23
6446 26
6447 20
6445 51
6448 42
6449 32
6450 25
6451 14
6452 22
6454 33
6453 60
6455 45
6456 29
6457 20
6458 26
6459 29
6460 22
6462 26
6461 41
6463 24
6464 31
6465 38
6466 29
6467 23
6468 28
6469 21
6470 26
6471 28
6472 38
6473 28
6474 33
6475 29
6476 42
6477 35
6478 23
6479 38
6480 29
6481 35
6482 48
6484 25
6483 46
6485 32
6486 26
6487 31
6488 29
6489 47
6491 20
6490 57
6492 46
6493 29
6494 32
6496 31
6497 26
6495 53
6498 32
6499 35
6500 25
6501 35
6503 34
6504 29
6505 26
6502 60
6506 35
6507 26
6508 32
6510 26
6511 17
6509 57
6512 29
6513 29
6514 34
6515 31
6516 26
6518 26
6519 20
6517 57
6520 37
6521 29
6522 23
6523 31
6524 39
6525 29
6526 26
6527 38
6528 29
6529 29
6531 32
6532 20
6530 50
6533 26
6534 26
6535 32
6536 26
6537 23
6538 33
6539 37
6540 31
6541 29
6542 38
6543 26
6544 35
6545 34
6546 23
6547 27
6548 32
6549 23
6550 26
6552 23
6551 44
6554 29
6553 50
6555 39
6556 31
6557 45
6558 29
6559 37
6560 30
6561 32
6562 35
6563 26
6564 17
6565 20
6566 38
6567 48
6568 29
6569 29
6570 28
6571 32
6572 20
6573 38
6574 28
6575 20
6576 32
6577 35
6579 23
6580 26
6578 53
6581 31
6582 37
6584 31
6583 57
6585 29
6586 25
6587 29
6588 33
6589 31
6590 19
6591 32
6592 26
6593 22
6594 17
6595 29
6596 34
6597 29
6598 25
6599 31
6600 31
6601 26
6602 27
6603 37
6604 29
6605 37
6606 20
6608 29
6609 28
6607 53
6610 26
6611 36
6612 20
6613 25
6614 26
6615 38
6616 28
6617 25
6619 28
6621 20
6618 61
6620 46
6622 23
6623 29
6625 17
6624 35
6626 23
6628 23
6630 17
6627 49
6631 26
6629 56
6632 36
6633 48
6634 34
6635 23
6636 23
6637 29
6638 39
6639 35
6640 26
6642 29
6643 26
6644 29
6645 28
6641 71
6646 36
6647 26
6648 17
6649 21
6651 23
6650 45
6652 25
6653 22
6655 17
6654 41
6656 25
6657 39
6658 29
6659 25
6660 32
6661 20
6662 26
6663 28
6664 26
6666 26
6665 42
6667 43
6668 32
6669 29
6671 17
6670 40
6673 29
6672 53
6674 32
6675 23
6676 20
6677 29
6678 26
6679 32
6680 26
6681 31
6682 20
6683 38
6684 23
6685 26
6686 17
6687 23
6688 32
6689 22
6690 24
6692 25
6691 43
6693 31
6694 22
6697 26
6695 54
6696 47
6698 26
6699 17
6700 32
6702 23
6705 17
6701 60
6704 29
6703 70
6706 43
6707 29
6708 36
6709 28
6710 20
6711 32
6712 28
6713 39
6715 40
6714 61
6716 39
6717 32
6718 26
6719 41
6720 47
6721 29
6722 24
6724 23
6725 29
6726 29
6727 23
6723 73
6728 38
6730 33
6731 23
6729 52
6732 28
6734 23
6733 46
6735 32
6736 44
6737 35
6738 26
6739 20
6740 24
6741 37
6742 29
6743 36
6744 23
6745 45
6746 34
6748 31
6747 62
6750 37
6751 20
6749 50
6752 50
6755 22
6753 53
6754 54
6758 25
6756 55
6759 23
6761 26
6757 69
6760 41
6762 34
6763 30
6764 31
6766 25
6765 48
6767 41
6768 29
6769 32
6770 31
6772 43
6771 76
6776 26
6774 54
6775 54
6777 35
6778 23
6779 26
6773 108
6781 48
6782 29
6783 28
6780 59
6784 29
6785 41
6786 34
6787 37
6788 22
6789 36
6790 35
6792 20
6791 46
6793 30
6794 33
6796 23
6795 48
6798 27
6797 65
6799 41
6801 28
6800 45
6802 29
6803 28
6805 28
6804 39
6806 32
6809 23
6810 27
6807 62
6808 53
6811 46
6812 56
6814 48
6816 26
6813 63
6817 32
6815 66
6818 36
6819 30
6820 40
6821 32
6822 25
6823 26
6824 31
6826 28
6825 40
6827 31
6828 29
6830 35
6831 35
6832 25
6829 62
6833 20
6834 26
6835 34
6837 23
6838 20
6836 53
6839 25
6840 34
6841 39
6842 29
6843 25
6845 23
6844 58
6846 29
6847 47
6849 26
6850 26
6851 28
6848 60
6852 36
6853 38
6854 48
6855 42
6856 47
6858 41
6861 25
6857 73
6859 49
6860 42
6862 24
6863 30
6865 37
6864 59
6866 48
6868 26
6867 44
6869 38
6870 46
6871 31
6872 47
6873 38
6874 36
6875 32
6876 35
6878 26
6880 16
6877 53
6879 44
6881 38
6884 27
6883 43
6886 18
6882 60
6885 32
6887 38
6888 19
6889 33
6890 31
6891 32
6892 34
6893 34
6894 29
6895 25
6896 31
6897 29
6898 30
6899 30
6900 25
6901 34
6902 21
6903 23
6905 28
6904 45
6906 28
6907 38
6908 33
6909 39
6910 38
6911 32
6912 33
6913 38
6914 29
6915 38
6916 23
6917 45
6918 53
6919 46
6920 30
6921 23
6922 29
6923 27
6924 23
6925 41
6926 38
6928 20
6929 19
6927 49
6930 46
6931 29
6932 29
6934 26
6933 47
6935 31
6936 35
6937 26
6938 45
6939 32
6940 23
6941 31
6942 27
6943 39
6945 26
6944 47
6946 35
6947 35
6948 32
6949 29
6950 36
6951 34
6953 20
6952 45
6954 31
6955 54
6958 26
6957 39
6956 69
6959 43
6960 42
6961 34
6962 28
6963 36
6965 25
6966 25
6964 50
6967 33
6968 24
6970 35
6969 50
6971 34
6972 29
6973 29
6974 29
6975 31
6976 31
6977 26
6980 17
6978 40
6979 31
6981 28
6983 30
6986 23
6982 76
6985 43
6984 66
6987 32
6988 29
6989 54
6991 32
6992 31
6990 72
6993 46
6994 37
6995 29
6996 35
6997 29
6998 28
7001 37
7000 49
7002 29
6999 69
7003 57
7004 45
7005 37
7006 47
7007 29
7009 17
7008 32
7010 31
7011 25
7013 27
7012 45
7015 26
7014 42
7018 29
7016 60
7017 57
7019 37
7020 35
7021 25
7023 50
7024 39
7026 27
7027 23
7022 80
7025 51
7028 27
7030 29
7029 52
7031 32
7032 31
7033 40
7034 38
7035 32
7036 25
7038 23
7037 46
7040 23
7039 67
7041 42
7044 17
7042 40
7043 52
7045 32
7048 11
7047 54
7049 36
7046 81
7050 39
7052 26
7051 51
7053 30
7054 31
7057 34
7055 65
7056 55
7059 28
7060 27
7061 31
7063 33
7058 92
7065 22
7064 41
7062 77
7066 29
7067 26
7068 32
7070 40
7071 29
7069 62
7074 33
7075 28
7072 66
7078 17
7077 32
7079 31
7073 101
7076 95
7081 39
7080 67
7083 29
7082 60
7084 44
7085 37
7086 33
7087 38
7088 26
7090 29
7089 55
7091 29
7092 35
7093 29
7094 20
7095 42
7096 49
7097 40
7098 29
7099 25
7100 23
7102 24
7101 42
7103 22
7104 33
7105 29
7108 35
7107 58
7109 32
7110 34
7111 23
7106 90
7112 50
7113 51
7116 25
7114 55
7115 57
7118 26
7119 26
7117 49
7120 29
7123 17
7122 32
7121 58
7124 30
7125 21
7126 25
7127 28
7129 32
7130 28
7131 23
7128 62
7132 20
7133 26
7134 29
7136 34
7135 56
7137 46
7138 29
7139 26
7140 26
7142 26
7143 20
7141 55
7144 29
7145 25
7146 26
7147 21
7149 27
7148 42
7150 23
7151 23
7152 32
7153 31
7154 38
7155 20
7157 20
7156 41
7158 22
7161 17
7159 39
7160 38
7162 23
7164 26
7163 39
7165 20
7166 34
7167 26
7168 41
7169 35
7170 38
7171 37
7172 32
7174 22
7175 17
7173 40
7176 31
7177 23
7178 26
7179 25
7180 29
7181 23
7182 23
7183 25
7184 25
7185 22
7186 41
7187 32
7188 32
7189 38
7190 41
7191 38
7192 25
7194 23
7195 28
7196 18
7193 58
7197 23
7198 33
7199 27
7200 26
7201 31
7202 35
7203 31
7204 33
7205 34
7206 28
7207 26
7211 17
7208 51
7209 39
7210 32
7212 48
7213 40
7214 29
7215 23
7216 32
7217 34
7218 20
7219 27
7220 26
7221 17
7222 37
7223 29
7224 27
7225 28
7227 35
7228 26
7226 50
7229 35
7230 31
7231 22
7232 35
7233 29
7234 26
7235 42
7236 36
7237 23
7238 29
7239 26
7240 20
7241 20
7242 22
7243 38
7246 26
7244 52
7245 50
7247 37
7248 37
7249 29
7250 41
7251 45
7253 29
7254 24
7252 53
7255 37
7256 30
7257 31
7258 26
7260 20
7259 39
7262 32
7263 20
7261 66
7264 37
7266 25
7265 44
7268 18
7267 33
7269 28
7270 29
7271 32
7272 35
7273 36
7274 29
7275 33
7276 34
7277 20
7278 26
7279 26
7280 26
7281 35
7282 35
7283 48
7285 23
7286 31
7287 31
7289 20
7284 80
7288 41
7290 34
7291 23
7292 23
7293 29
7294 20
7295 31
7296 23
7297 23
7298 23
7299 28
7300 20
7302 20
7301 42
7303 43
7304 32
7305 25
7307 23
7306 58
7308 29
7309 21
7311 32
7312 29
7310 62
7313 32
7314 29
7315 35
7317 23
7316 42
7318 26
7319 20
7321 28
7322 26
7320 50
7323 29
7324 23
7325 30
7326 35
7327 44
7328 33
7330 35
7329 53
7332 36
7331 57
7333 32
7334 32
7335 34
7336 47
7337 37
7339 29
7340 27
7338 56
7341 35
7342 29
7343 29
7344 25
7345 29
7346 29
7347 23
7348 32
7349 26
7350 22
7351 40
7352 29
7353 32
7354 22
7355 26
7356 32
7357 40
7358 33
7359 26
7360 31
7361 45
7362 48
7363 38
7364 30
7365 28
7366 23
7367 20
7368 26
7369 29
7370 23
7371 26
7373 14
7372 32
7374 23
7375 26
7376 27
7377 33
7378 28
7379 26
7380 22
7382 26
7381 39
7383 29
7386 17
7384 55
7387 26
7385 57
7388 45
7389 35
7390 32
7391 32
7392 30
7393 32
7394 19
7395 48
7396 32
7397 26
7398 14
7399 29
7400 20
7401 25
7402 26
7403 32
7404 27
7405 26
7406 23
7407 35
7408 45
7409 33
7410 29
7411 30
7412 29
7413 29
7414 25
7415 20
7416 23
7417 23
7418 37
7419 33
7420 25
7421 29
7422 37
7423 31
7424 43
7425 35
7426 29
7427 29
7428 26
7429 32
7431 26
7430 45
7432 37
7433 25
7434 23
7435 31
7436 20
7437 23
7438 26
7439 29
7440 27
7441 32
7442 26
7443 25
7444 29
7445 25
7446 29
7447 32
7448 29
7449 32
7450 26
7451 34
7452 22
7453 26
7454 20
7455 29
7456 26
7457 31
7459 38
7458 51
7460 31
7461 29
7462 29
7464 20
7463 39
7465 29
7466 23
7467 34
7468 27
7469 29
7471 26
7470 51
7472 30
7473 35
7474 29
7475 31
7476 23
7477 29
7479 17
7478 30
7480 17
7481 17
7482 29
7483 23
7484 20
7485 43
7486 31
7488 16
7487 34
7489 14
7490 23
7491 26
7492 29
7494 20
7495 25
7493 57
7496 25
7497 34
7498 32
7499 28
7500 17
7501 20
7502 34
7503 20
7504 45
7505 29
7506 34
7507 25
7508 20
7509 31
7510 28
7511 25
7512 23
7513 17
7514 29
7515 27
7516 32
7517 23
7518 29
7519 26
7520 25
7521 32
7522 32
7523 23
7524 32
7525 35
7526 38
7528 23
7527 40
7529 29
7530 40
7532 20
7533 26
7531 51
7535 23
7534 41
7536 26
7537 23
7538 32
7539 26
7540 23
7541 31
7542 32
7543 30
7545 26
7546 28
7544 56
7547 37
7548 26
7549 26
7550 29
7551 22
7552 29
7553 29
7554 40
7555 31
7556 23
7557 29
7558 34
7560 25
7561 14
7559 41
7563 14
7562 29
7564 26
7565 47
7566 38
7567 44
7568 39
7569 35
7570 30
7571 35
7572 26
7573 31
7574 25
7575 29
7576 25
7577 25
7579 23
7580 23
7578 52
7581 29
7582 29
7585 25
7583 52
7584 44
7586 29
7587 29
7588 38
7590 17
7589 37
7592 27
7591 42
7593 36
7594 28
7595 31
7596 20
7597 48
7598 29
7599 29
7600 32
7601 30
7602 31
7603 48
7604 34
7606 28
7605 52
7608 38
7607 54
7609 29
7610 32
7611 21
7612 29
7614 35
7613 49
7615 30
7616 29
7619 20
7620 28
7617 67
7618 60
7621 35
7623 32
7624 32
7622 64
7627 28
7625 58
7626 48
7628 25
7629 26
7630 32
7631 31
7632 45
7633 32
7635 26
7634 48
7636 28
7637 20
7638 29
7639 29
7640 35
7641 23
7642 34
7643 31
7644 31
7645 34
7646 35
7648 26
7647 54
7649 29
7650 20
7651 39
7652 32
7653 29
7654 32
7655 35
7656 26
7657 26
7658 29
7659 36
7661 28
7662 26
7660 50
7663 25
7664 29
7665 31
7666 27
7668 25
7669 19
7667 54
7670 29
7671 33
7672 26
7673 25
7674 26
7675 31
7677 17
7676 32
7678 35
7680 23
7679 39
7681 29
7682 22
7683 26
7684 28
7685 27
7686 22
7687 29
7688 26
7689 23
7690 23
7691 23
7692 25
7693 26
7694 25
7697 13
7695 42
7698 17
7696 40
7700 31
7699 68
7701 43
7702 39
7703 37
7704 35
7705 26
7706 25
7707 31
7708 25
7709 23
7710 33
7712 31
7711 52
7713 29
7714 32
7716 28
7717 29
7718 22
7715 62
7719 25
7720 20
7721 26
7722 23
7723 20
7724 45
7725 37
7726 23
7727 20
7728 44
7729 31
7730 26
7731 17
7732 34
7734 24
7735 22
7736 20
7733 61
7737 26
7738 14
7739 29
7740 37
7741 31
7742 29
7743 35
7744 36
7745 29
7746 29
7748 29
7747 50
7749 29
7750 23
7751 26
7752 17
7753 26
7754 28
7755 25
7756 34
7757 32
7759 17
7758 29
7760 29
7761 22
7762 23
7763 34
7764 35
7765 33
7766 26
7767 26
7769 31
7770 25
7768 65
7771 29
7772 19
7774 20
7773 53
7775 29
7776 24
7777 29
7778 28
7779 33
7781 32
7782 28
7780 58
7783 29
7784 31
7785 23
7786 26
7787 26
7788 29
7789 23
7790 28
7791 23
7792 31
7793 33
7794 20
7795 29
7796 29
7797 24
7798 33
7800 17
7799 34
7801 26
7802 20
7803 20
7804 32
7805 36
7806 32
7807 26
7808 29
7809 28
7810 14
7811 29
7812 36
7813 20
7814 23
7815 39
7816 33
7817 26
7818 20
7819 29
7820 36
7821 28
7822 33
7823 32
7824 36
7825 42
7826 31
7827 26
7828 29
7829 34
7830 27
7831 34
7832 20
7833 28
7834 23
7836 29
7835 50
7837 32
7838 26
7839 34
7840 26
7841 23
7843 33
7842 55
7844 32
7845 23
7847 22
7846 42
7848 32
7850 31
7849 55
7851 38
7852 23
7853 33
7854 19
7855 32
7856 35
7857 31
7858 35
7859 32
7860 50
7862 29
7861 52
7863 35
7864 32
7865 29
7866 29
7867 20
7868 29
7869 22
7870 29
7872 26
7871 48
7873 46
7874 31
7875 38
7876 32
7877 29
7878 22
7880 28
7879 44
7881 23
7882 17
7883 37
7884 32
7885 32
7886 23
7887 20
7888 25
7889 26
7890 31
7891 35
7892 23
7893 26
7894 24
7895 26
7896 25
7898 14
7897 30
7900 27
7899 56
7902 26
7903 23
7901 49
7904 21
7905 26
7907 23
7906 53
7908 31
7909 35
7910 26
7911 23
7912 22
7913 46
7914 35
7915 26
7916 28
7917 26
7918 34
7919 23
7920 32
7921 23
7922 29
7923 23
7924 32
7925 29
7926 29
7927 23
7928 28
7929 25
7930 25
7931 19
7932 29
7933 29
7934 38
7935 23
7936 35
7937 26
7938 32
7939 37
7941 26
7940 39
7942 35
7943 27
7944 43
7945 30
7946 23
7947 26
7948 29
7949 23
7950 22
7951 46
7952 32
7953 36
7955 23
7954 46
7956 29
7957 29
7959 31
7960 31
7962 20
7958 75
7963 23
7961 54
7964 22
7965 20
7966 33
7967 25
7968 35
7969 29
7972 17
7971 38
7970 49
7974 23
7975 29
7976 20
7973 61
7977 45
7979 25
7980 29
7978 59
7982 20
7981 62
7985 25
7983 61
7987 20
7986 43
7984 72
7989 28
7990 26
7988 56
7991 32
7992 29
7993 32
7994 34
7995 23
7997 26
7998 17
7996 48
7999 29
8000 29
8001 35
8002 29
8004 28
8003 45
8005 28
8006 28
8007 28
8008 29
8009 24
8010 29
8011 38
8012 31
8013 29
8015 17
8014 37
8016 29
8017 20
8019 29
8020 22
8018 57
8021 26
8022 26
8023 14
8024 26
8025 25
8027 23
8028 31
8029 29
8026 69
8030 34
8031 24
8032 25
8033 27
8034 20
8035 23
8036 23
8037 32
8038 47
8039 35
8040 36
8041 33
8042 33
8043 35
8044 26
8045 28
8046 21
8048 35
8047 49
8049 38
8050 30
8052 26
8051 51
8053 37
8054 38
8055 19
8056 29
8057 38
8058 32
8059 32
8060 29
8061 24
8062 23
8063 33
8064 29
8065 48
8066 33
8067 38
8068 31
8069 32
8070 35
8071 23
8073 27
8074 20
8072 50
8075 33
8077 34
8078 25
8076 60
8079 29
8080 32
8081 41
8082 35
8083 41
8084 46
8085 29
8086 25
8087 28
8089 21
8088 46
8090 32
8091 22
8093 32
8092 53
8095 32
8096 28
8094 53
8097 26
8098 20
8099 29
8100 34
8101 36
8103 17
8102 32
8104 33
8105 27
8106 35
8107 32
8108 25
8109 32
8111 29
8110 53
8112 32
8113 26
8114 23
8115 26
8116 23
8117 29
8118 23
8119 23
8120 29
8121 20
8122 26
8123 17
8124 33
8125 47
8126 29
8127 35
8128 23
8129 29
8130 20
8131 29
8132 34
8133 28
8134 30
8136 20
8135 48
8137 20
8140 22
8138 51
8141 32
8142 26
8139 59
8143 33
8144 29
8145 32
8146 31
8147 25
8148 31
8149 38
8150 27
8151 31
8153 34
8152 52
8154 29
8155 35
8157 17
8156 39
8158 37
8159 29
8161 23
8163 14
8160 52
8162 39
8164 26
8165 29
8166 28
8167 32
8168 28
8169 20
8170 35
8171 26
8172 29
8174 29
8175 25
8173 49
8176 35
8177 32
8178 25
8179 29
8180 23
8181 20
8182 32
8183 29
8184 43
8185 35
8186 29
8187 29
8188 26
8189 26
8190 23
8191 23
8192 23
8193 29
8194 23
8195 32
8197 23
8196 47
8199 17
8198 37
8200 29
8201 25
8203 29
8204 23
8205 17
8202 51
8206 37
8207 26
8208 17
8209 26
8210 36
8211 20
8212 40
8214 26
8215 26
8213 50
8216 19
8217 37
8218 35
8219 22
8220 29
8221 23
8222 20
8223 22
8224 26
8226 35
8227 19
8225 61
8228 29
8229 40
8230 34
8231 23
8232 25
8233 32
8234 25
8236 23
8237 23
8235 62
8238 29
8239 26
8240 37
8242 27
8241 40
8243 33
8244 36
8245 27
8246 29
8247 31
8249 22
8248 50
8251 38
8252 32
8253 20
8250 63
8255 31
8254 60
8256 40
8257 39
8259 22
8258 48
8260 23
8261 26
8263 17
8262 31
8265 26
8267 20
8268 26
8264 69
8269 23
8266 65
8271 36
8270 50
8273 23
8275 26
8272 68
8274 41
8276 35
8277 28
8278 29
8279 23
8281 20
8282 19
8280 60
8284 27
8285 23
8283 55
8286 33
8287 36
8288 26
8289 35
8290 20
8291 32
8292 32
8294 23
8293 43
8295 32
8296 26
8297 48
8298 29
8299 34
8300 38
8301 23
8302 36
8304 25
8303 43
8306 35
8305 65
8308 48
8309 29
8307 62
8310 53
8312 35
8311 51
8313 48
8314 42
8315 33
8316 28
8317 26
8318 22
8319 40
8321 26
8322 23
8323 35
8320 86
8326 26
8324 50
8327 23
8328 26
8329 26
8330 17
8325 72
8332 27
8331 45
8333 23
8334 28
8336 14
8335 53
8337 57
8338 47
8339 34
8340 45
8341 29
8342 27
8343 44
8345 25
8344 48
8346 37
8347 32
8350 25
8348 53
8349 41
8351 29
8352 32
8353 26
8354 34
8355 58
8357 34
8356 54
8358 29
8359 26
8361 14
8360 29
8362 20
8363 33
8364 35
8365 32
8366 23
8367 48
8368 43
8370 36
8372 23
8371 39
8369 74
8374 30
8373 50
8375 38
8377 35
8379 24
8376 60
8380 33
8381 26
8378 71
8383 33
8385 26
8382 62
8384 53
8387 25
8386 43
8389 37
8390 26
8391 26
8388 61
8392 30
8393 26
8395 23
8396 28
8398 29
8399 22
8394 90
8397 63
8400 42
8401 31
8402 37
8403 33
8404 31
8405 20
8406 35
8407 25
8408 25
8411 17
8410 32
8409 54
8412 29
8414 28
8413 58
8415 41
8417 25
8416 42
8418 22
8420 27
8421 25
8419 52
8423 31
8422 66
8424 53
8425 41
8426 32
8427 33
8428 39
8429 42
8431 33
8430 53
8432 29
8435 27
8433 52
8436 20
8434 49
8437 27
8439 38
8440 27
8438 68
8441 39
8443 23
8444 32
8445 22
8442 59
8446 40
8447 31
8450 25
8448 50
8449 49
8451 33
8452 27
8453 28
8455 23
8454 53
8456 44
8457 34
8459 29
8461 22
8460 40
8458 78
8462 29
8464 26
8463 43
8465 28
8466 24
8469 37
8467 60
8468 54
8470 51
8471 39
8472 35
8474 28
8475 26
8473 51
8476 20
8477 31
8478 34
8480 28
8482 18
8479 49
8481 39
8485 30
8486 28
8484 58
8483 87
8487 46
8488 32
8489 27
8491 34
8492 24
8490 61
8494 25
8493 40
8495 26
8496 34
8497 28
8499 29
8500 33
8498 63
8502 38
8501 52
8504 35
8503 49
8505 29
8506 28
8507 37
8508 25
8509 27
8510 27
8511 38
8512 30
8513 34
8514 62
8515 56
8517 36
8518 25
8516 63
8519 29
8520 47
8521 30
8522 34
8523 26
8524 35
8527 30
8528 26
8525 59
8529 23
8530 38
8531 26
8526 97
8533 33
8532 53
8534 48
8535 31
8536 23
8537 32
8540 23
8538 54
8539 39
8541 34
8542 25
8543 66
8546 37
8547 21
8545 55
8548 25
8544 83
8549 33
8552 23
8551 44
8553 23
8550 70
8555 31
8556 29
8557 27
8554 62
8559 35
8558 58
8560 33
8561 38
8562 20
8564 26
8565 31
8567 20
8566 55
8568 36
8563 92
8569 29
8570 25
8571 40
8572 32
8574 25
8573 39
8575 46
8576 37
8577 48
8578 41
8579 35
8580 30
8581 32
8582 29
8583 31
8584 44
8585 34
8587 36
8588 22
8586 59
8589 34
8590 32
8591 26
8593 26
8592 43
8595 26
8594 45
8596 26
8597 38
8598 35
8599 36
8600 26
8601 42
8602 29
8603 37
8604 41
8605 30
8606 34
8607 26
8608 28
8609 30
8610 32
8611 28
8612 25
8613 28
8614 38
8615 31
8616 38
8617 27
8618 36
8619 23
8620 23
8621 23
8623 35
8622 56
8624 32
8625 25
8626 29
8627 39
8628 32
8630 25
8629 53
8631 38
8632 37
8633 38
8634 36
8635 26
8636 34
8638 35
8639 26
8637 51
8640 26
8641 31
8642 44
8643 38
8644 28
8645 36
8646 48
8647 38
8648 49
8649 42
8651 29
8650 51
8652 33
8653 42
8654 43
8656 22
8655 47
8657 38
8658 26
8659 33
8660 47
8661 31
8662 35
8663 26
8664 27
8666 28
8665 48
8667 38
8668 26
8669 32
8670 28
8671 29
8672 23
8673 35
8674 29
8675 32
8676 26
8678 23
8679 26
8677 50
8680 30
8682 29
8681 60
8683 55
8685 38
8686 28
8684 56
8687 34
8688 28
8689 20
8690 35
8691 31
8693 18
8692 34
8695 38
8696 20
8694 58
8698 13
8697 39
8700 20
8701 22
8699 61
8702 29
8703 38
8704 33
8705 23
8707 33
8708 20
8706 58
8709 37
8710 26
8713 28
8711 51
8712 44
8714 26
8715 33
8716 26
8717 47
8719 23
8720 23
8718 49
8721 29
8723 17
8722 29
8724 32
8725 34
8726 31
8727 35
8728 27
8729 30
8730 36
8731 35
8732 34
8733 29
8734 31
8735 23
8736 22
8737 26
8738 27
8739 26
8740 20
8741 29
8742 26
8743 25
8744 26
8745 29
8746 28
8747 26
8748 29
8749 20
8750 25
8751 36
8752 32
8753 29
8754 32
8755 26
8757 22
8756 39
8758 35
8759 27
8760 32
8761 33
8762 26
8763 23
8764 28
8766 23
8765 42
8767 22
8768 23
8769 22
8770 17
8771 22
8772 38
8773 32
8774 29
8775 29
8776 32
8777 23
8778 26
8779 31
8780 38
8781 26
8782 23
8783 28
8784 31
8785 45
8786 46
8787 29
8788 29
8789 24
8790 29
8792 33
8794 24
8796 17
8791 70
8793 58
8795 42
8797 29
8798 33
8799 31
8800 29
8802 26
8801 50
8803 29
8804 20
8805 34
8806 23
8807 25
8809 22
8808 49
8810 31
8811 26
8812 23
8813 24
8814 29
8815 32
8816 42
8817 34
8818 32
8819 20
8820 37
8822 34
8823 29
8824 23
8821 59
8826 22
8825 40
8827 48
8828 33
8829 23
8830 34
8831 52
8832 43
8834 23
8835 20
8833 51
8837 31
8836 54
8838 31
8839 30
8840 22
8841 14
8842 20
8843 24
8844 25
8845 29
8846 26
8848 26
8847 58
8849 29
8850 34
8851 48
8852 32
8853 25
8854 26
8855 26
8857 19
8856 45
8858 28
8859 25
8860 34
8861 42
8862 35
8863 45
8864 31
8865 29
8866 23
8867 14
8868 27
8869 20
8870 38
8871 33
8872 37
8873 25
8874 26
8875 32
8876 31
8877 29
8878 19
8879 20
8881 33
8882 32
8883 23
8880 61
8884 35
8885 35
8886 22
8887 23
8888 20
8890 26
8889 53
8891 37
8892 23
8893 32
8894 33
8895 29
8896 23
8897 20
8898 32
8900 23
8899 48
8901 32
8902 25
8904 20
8903 54
8905 32
8906 33
8907 42
8908 31
8909 29
8910 26
8911 30
8912 29
8913 56
8914 47
8916 35
8917 32
8915 62
8918 29
8919 35
8921 24
8920 53
8923 20
8922 48
8924 31
8925 34
8926 37
8927 26
8928 31
8929 23
8931 17
8930 53
8932 29
8934 26
8933 41
8935 34
8936 32
8937 29
8939 29
8938 54
8940 29
8942 28
8941 52
8944 23
8943 44
8945 45
8947 24
8948 26
8949 33
8950 26
8951 38
8946 98
8952 35
8953 31
8955 28
8956 20
8954 49
8958 37
8959 26
8957 52
8960 26
8961 37
8962 29
8963 37
8964 32
8965 29
8968 17
8966 39
8967 54
8969 42
8972 33
8974 17
8971 56
8973 31
8970 82
8978 38
8975 70
8979 33
8977 62
8980 38
8976 93
8981 41
8982 34
8983 27
8984 31
8985 23
8986 55
8988 29
8989 25
8987 61
8992 23
8990 61
8993 32
8991 71
8995 32
8994 62
8996 47
8999 23
8997 55
9000 26
8998 66
9003 30
9001 73
9002 63
9005 29
9006 35
9004 63
9007 31
9009 32
9010 30
9011 29
9012 28
9013 20
9008 88
9014 40
9015 33
9016 20
9018 23
9017 51
9019 29
9020 34
9021 50
9022 45
9023 33
9024 36
9025 31
9026 22
9027 30
9028 26
9029 17
9031 32
9032 20
9033 23
9030 71
9034 34
9035 29
9036 36
9037 40
9038 29
9041 19
9039 57
9040 54
9043 22
9042 39
9044 23
9045 35
9046 27
9047 23
9048 35
9050 38
9051 22
9049 54
9052 25
9053 26
9054 32
9056 29
9055 49
9058 41
9059 34
9060 20
9057 81
9062 44
9061 69
9064 48
9065 32
9066 22
9063 73
9067 41
9068 35
9070 26
9071 16
9069 67
9073 37
9074 29
9075 30
9076 25
9072 77
9077 41
9078 36
9079 42
9081 20
9080 46
9084 30
9082 61
9085 32
9083 62
9086 52
9089 26
9087 58
9088 52
9090 31
9092 33
9093 28
9091 66
9094 51
9095 41
9098 26
9099 25
9097 54
9096 76
9101 32
9102 20
9100 49
9103 26
9105 32
9104 61
9109 17
9106 68
9107 68
9111 20
9108 63
9112 27
9110 68
9113 38
9114 26
9116 35
9115 50
9118 26
9117 51
9119 29
9120 38
9121 26
9122 29
9123 32
9124 26
9126 25
9125 58
9127 31
9128 26
9129 34
9130 24
9131 17
9133 29
9134 28
9135 28
9132 59
9136 29
9137 35
9138 34
9139 26
9140 30
9141 26
9142 30
9143 47
9145 20
9144 41
9146 33
9147 31
9148 34
9149 29
9150 29
9151 35
9152 26
9153 22
9154 50
9155 40
9157 23
9156 48
9158 19
9159 24
9160 33
9161 29
9162 32
9163 28
9164 25
9165 20
9166 26
9167 31
9168 34
9169 46
9171 23
9172 23
9170 49
9173 20
9174 20
9175 27
9176 28
9177 25
9178 29
9179 32
9181 24
9182 36
9184 17
9180 64
9183 34
9185 25
9186 17
9187 32
9188 25
9189 20
9190 37
9192 23
9191 47
9193 28
9195 26
9194 47
9196 25
9198 30
9197 49
9199 31
9200 42
9202 26
9201 52
9203 29
9204 21
9205 31
9206 28
9207 29
9209 29
9208 58
9210 38
9211 32
9212 25
9213 35
9214 29
9215 28
9216 29
9217 41
9218 37
9219 36
9220 25
9221 30
9222 29
9223 29
9224 20
9225 26
9226 23
9227 29
9228 32
9229 32
9231 29
9232 26
9230 53
9233 31
9234 32
9235 33
9236 29
9237 26
9238 23
9239 23
9240 23
9241 20
9242 28
9244 29
9243 56
9245 29
9246 26
9247 20
9248 40
9249 29
9250 28
9251 38
9252 26
9253 44
9254 29
9255 20
9256 23
9257 24
9258 41
9260 26
9259 55
9261 29
9262 26
9263 29
9264 31
9265 30
9266 20
9268 27
9267 39
9269 34
9270 31
9271 25
9272 34
9273 31
9275 23
9274 41
9276 39
9278 23
9277 57
9279 38
9280 34
9281 37
9282 26
9283 20
9284 17
9285 32
9286 29
9287 29
9288 26
9289 44
9291 37
9290 49
9293 23
9292 56
9294 31
9295 28
9296 26
9297 35
9298 39
9300 35
9301 26
9299 51
9302 29
9303 26
9304 31
9305 37
9306 29
9307 30
9308 20
9309 32
9310 26
9312 23
9311 43
9314 20
9313 51
9315 38
9317 23
9316 48
9318 30
9319 23
9321 29
9322 23
9320 72
9324 29
9323 52
9325 32
9326 19
9327 31
9328 35
9329 36
9330 32
9331 29
9332 37
9333 25
9334 30
9335 35
9336 32
9337 28
9338 26
9339 29
9340 35
9341 38
9344 17
9342 43
9343 35
9345 29
9346 32
9347 35
9348 32
9349 45
9350 31
9351 30
9352 31
9353 23
9354 33
9355 29
9356 32
9357 25
9358 32
9359 23
9360 29
9361 31
9362 35
9363 30
9364 23
9365 34
9366 26
9367 20
9368 29
9369 28
9370 32
9371 42
9372 36
9373 26
9374 43
9376 34
9378 20
9379 26
9375 72
9377 59
9380 32
9382 35
9381 49
9383 31
9384 28
9386 23
9387 14
9385 52
9389 27
9388 44
9390 23
9391 32
9392 29
9393 22
9394 22
9395 36
9396 28
9397 37
9398 29
9399 31
9400 34
9402 28
9401 51
9403 45
9405 23
9404 53
9406 38
9407 29
9408 28
9409 27
9410 29
9412 17
9411 34
9413 23
9414 33
9416 20
9415 46
9417 27
9418 46
9419 29
9420 22
9421 26
9422 42
9423 34
9424 23
9425 29
9426 31
9427 26
9428 32
9429 29
9430 35
9431 23
9432 28
9433 29
9434 22
9435 23
9436 37
9437 20
9438 28
9439 29
9440 34
9441 36
9442 29
9443 35
9444 34
9445 32
9446 23
9447 52
9448 46
9449 37
9450 23
9451 29
9452 26
9453 27
9454 38
9455 28
9456 23
9457 37
9459 26
9460 35
9458 60
9461 29
9462 29
9463 32
9465 32
9466 26
9467 23
9464 68
9468 20
9469 26
9470 26
9471 22
9473 29
9474 29
9472 61
9476 23
9477 23
9475 65
9478 33
9479 28
9480 29
9481 28
9482 37
9483 32
9484 28
9485 26
9486 28
9487 34
9488 25
9489 32
9490 26
9491 35
9492 32
9493 29
9494 26
9495 17
9496 22
9497 35
9498 29
9499 23
9500 31
9501 23
9502 29
9503 28
9504 28
9505 36
9506 32
9507 43
9509 26
9508 39
9510 41
9511 35
9512 26
9513 20
9514 22
9515 32
9516 23
9517 20
9518 26
9519 26
9520 29
9521 32
9522 26
9523 42
9524 32
9525 35
9526 37
9527 26
9528 33
9529 34
9530 34
9532 33
9533 26
9531 56
9534 28
9535 22
9537 26
9536 40
9538 30
9539 23
9540 23
9541 20
9542 31
9543 40
9544 32
9545 20
9546 33
9547 29
9548 23
9549 32
9550 25
9551 45
9552 44
9554 20
9553 53
9555 36
9556 38
9557 20
9558 50
9560 29
9561 26
9559 51
9562 20
9563 23
9564 32
9565 23
9566 29
9567 31
9568 35
9569 20
9570 26
9571 23
9572 31
9573 26
9574 17
9575 17
9577 14
9576 43
9578 32
9579 26
9580 36
9581 35
9583 32
9584 23
9585 22
9582 60
9586 20
9587 26
9589 23
9590 23
9588 53
9591 29
9592 29
9593 44
9594 37
9595 31
9597 23
9596 45
9598 35
9599 26
9600 26
9601 25
9603 23
9602 43
9605 32
9606 20
9604 62
9607 29
9608 38
9609 32
9610 32
9611 32
9612 29
9614 14
9613 32
9615 32
9616 37
9618 28
9617 50
9619 29
9620 26
9621 32
9622 30
9623 23
9624 27
9625 26
9627 28
9628 31
9629 23
9626 62
9630 32
9632 17
9631 37
9635 26
9633 52
9634 40
9636 23
9637 17
9638 23
9639 29
9640 26
9642 25
9641 42
9643 41
9645 26
9644 42
9646 26
9647 31
9648 29
9649 34
9650 26
9651 25
9652 20
9653 29
9654 29
9655 26
9656 22
9657 31
9658 32
9659 30
9660 25
9661 26
9662 26
9663 26
9664 35
9665 34
9667 27
9668 29
9669 26
9666 59
9670 29
9671 26
9672 29
9673 25
9674 31
9676 36
9677 34
9675 60
9678 29
9680 20
9679 44
9681 23
9682 29
9683 29
9684 23
9685 25
9686 17
9687 28
9688 26
9689 20
9690 23
9691 38
9692 32
9693 30
9694 29
9695 27
9696 35
9697 33
9698 20
9699 29
9700 24
9701 23
9702 29
9703 31
9705 26
9704 41
9706 20
9707 25
9708 25
9709 23
9710 35
9711 38
9712 35
9713 22
9714 30
9715 41
9716 29
9717 36
9718 34
9719 32
9720 28
9721 20
9722 29
9725 18
9723 46
9724 32
9726 31
9727 29
9728 34
9729 32
9730 32
9731 37
9732 37
9733 29
9734 42
9735 29
9736 32
9737 35
9738 39
9739 32
9740 38
9741 31
9742 28
9743 23
9744 36
9745 29
9746 29
9747 29
9749 46
9748 64
9752 26
9750 51
9753 23
9751 53
9754 22
9755 28
9756 29
9757 35
9758 28
9759 32
9760 29
9761 47
9762 29
9763 29
9764 34
9765 28
9766 26
9767 23
9768 47
9769 35
9770 20
9771 28
9772 20
9773 50
9774 47
9776 31
9775 50
9777 29
9778 35
9779 27
9781 36
9782 32
9783 35
9780 71
9784 37
9785 32
9786 46
9787 42
9788 30
9789 20
9790 32
9791 48
9792 31
9793 26
9794 34
9795 30
9796 34
9798 34
9799 36
9797 59
9800 42
9802 29
9801 52
9804 26
9805 13
9803 41
9806 29
9808 26
9809 19
9807 54
9810 20
9811 29
9812 28
9813 49
9814 41
9815 34
9816 26
9818 26
9817 47
9819 20
9820 25
9822 14
9821 31
9823 33
9824 32
9825 31
9826 37
9829 38
9830 26
9827 66
9828 66
9831 29
9832 20
9833 36
9834 25
9835 25
9836 20
9837 29
9838 26
9841 23
9839 50
9842 31
9843 26
9840 62
9844 42
9846 29
9845 56
9847 35
9848 26
9849 23
9850 51
9851 44
9852 34
9853 44
9855 32
9854 50
9856 35
9857 35
9858 31
9859 35
9860 38
9861 25
9862 31
9863 29
9864 26
9865 48
9866 46
9867 35
9868 29
9869 26
9870 29
9871 23
9872 32
9873 26
9875 25
9874 39
9876 28
9877 28
9878 33
9879 35
9880 38
9881 25
9884 27
9882 53
9885 29
9883 63
9886 30
9887 35
9888 42
9889 33
9890 38
9892 37
9891 51
9893 35
9894 41
9895 32
9896 34
9897 35
9898 19
9899 38
9900 25
9901 34
9903 23
9902 40
9904 35
9905 25
9906 27
9907 25
9908 23
9909 30
9910 35
9911 46
9912 38
9913 29
9915 38
9914 50
9916 38
9917 35
9918 31
9920 28
9919 58
9921 48
9923 26
9924 28
9925 28
9922 65
9928 28
9926 51
9927 40
9929 26
9930 23
9932 25
9931 57
9933 34
9934 30
9935 39
9936 37
9937 38
9938 32
9939 54
9940 50
9942 34
9941 51
9943 52
9944 48
9945 35
9946 45
9948 32
9949 25
9947 52
9950 31
9951 29
9953 32
9952 72
9954 58
9955 50
9956 54
9958 38
9957 58
9959 41
9960 31
9961 37
9962 27
9963 29
9964 54
9965 54
9966 44
9967 31
9968 30
9970 26
9969 47
9972 17
9971 38
9973 36
9974 39
9975 34
9976 46
9977 34
9978 32
9980 20
9979 43
9981 28
9982 51
9983 44
9986 20
9985 44
9987 38
9984 71
9988 29
9990 24
9989 39
9991 22
9992 31
9994 35
9995 36
9997 23
9993 77
9998 25
9996 57
9999 26
10000 33
10001 41
10002 53
10003 47
10004 37
10005 28
10006 32
10008 23
10007 49
10010 39
10012 23
10009 66
10013 26
10011 57
10015 26
10014 39
10018 27
10016 60
10017 77
10019 53
10020 44
10022 39
10021 67
10023 47
10024 32
10025 32
10027 36
10026 58
10029 50
10032 24
10028 72
10030 52
10031 50
10033 43
10035 34
10034 64
10036 44
10037 39
10038 34
10039 35
10040 28
10042 26
10041 42
10043 30
10045 26
10046 23
10044 53
10047 37
10048 50
10049 39
10051 35
10052 44
10050 75
10053 42
10056 22
10054 54
10057 38
10055 67
10059 24
10058 40
10060 28
10061 37
10062 28
10063 56
10064 46
10065 42
10066 29
10067 23
10068 37
10069 29
10070 36
10071 33
10072 35
10073 23
10074 20
10076 22
10075 55
10077 44
10080 28
10078 65
10079 57
10081 36
10083 42
10084 30
10085 48
10086 32
10087 23
10082 86
10088 34
10090 34
10089 53
10091 46
10093 37
10094 26
10092 52
10095 26
10096 30
10097 32
10099 34
10098 49
