100 25
101 26
102 10
103 20
104 36
105 28
106 23
107 16
108 20
109 23
110 13
111 29
112 30
113 26
114 20
115 28
116 26
117 22
118 14
119 25
120 23
121 33
123 11
122 34
124 19
125 20
127 16
126 37
128 30
129 19
130 18
131 20
132 25
133 37
134 26
135 23
136 17
137 19
138 34
139 20
141 20
140 40
142 20
143 20
144 23
145 14
146 35
147 20
148 26
149 16
150 20
151 22
152 23
153 14
154 20
156 17
155 33
157 28
158 34
159 26
161 11
160 39
162 28
163 29
164 28
165 20
166 17
167 14
168 17
169 17
170 23
171 22
172 14
173 17
174 12
175 34
176 30
178 23
179 17
177 40
180 23
181 20
182 14
183 20
184 29
186 16
185 33
187 32
188 23
189 38
190 26
191 23
193 23
192 39
194 38
195 36
196 23
197 23
198 40
199 36
200 28
201 35
202 20
203 34
205 23
204 39
207 23
206 43
210 17
208 40
209 38
211 37
212 38
213 20
215 17
214 43
216 20
218 14
217 29
219 17
220 29
221 42
222 34
224 23
223 43
226 14
227 14
225 40
228 20
229 20
230 20
231 26
232 40
234 28
233 46
235 23
236 20
237 38
238 23
239 23
240 20
241 20
243 23
242 40
245 17
244 38
246 20
247 14
248 22
249 20
250 17
252 16
251 49
255 17
253 42
256 20
257 17
254 50
258 20
260 17
261 14
259 45
262 23
263 23
264 20
265 34
267 20
266 42
268 23
269 14
270 26
271 20
272 20
273 23
274 32
275 26
276 17
278 20
279 23
277 51
280 23
281 23
282 23
283 23
284 17
285 36
286 20
287 17
288 11
289 20
290 17
291 20
292 17
293 23
294 23
295 33
296 38
298 18
297 35
299 26
300 31
301 25
302 14
303 17
304 25
305 14
306 23
307 20
308 14
309 31
311 22
310 44
312 23
314 14
313 32
315 17
318 14
316 42
317 36
319 22
320 20
321 20
322 20
323 14
324 14
326 17
325 37
328 8
327 23
329 19
330 23
331 20
332 26
334 23
333 39
335 20
336 23
337 17
338 20
339 20
340 28
341 17
342 17
343 23
344 17
346 17
345 35
347 19
348 14
349 29
350 23
351 17
352 17
353 20
354 17
355 20
357 14
356 36
358 23
359 17
360 23
361 26
362 17
363 23
365 23
364 42
367 17
366 41
368 26
369 23
370 26
372 14
371 43
373 20
375 23
376 14
374 44
377 26
378 20
379 23
380 20
381 26
382 37
383 20
384 20
385 20
386 23
387 14
388 20
389 17
390 28
391 17
392 20
393 23
394 17
395 20
396 20
397 20
398 32
399 23
400 17
401 14
402 23
403 26
404 23
405 23
406 27
407 23
408 23
409 23
410 29
411 26
412 26
413 35
414 26
415 11
416 20
417 20
418 23
419 23
420 26
421 23
422 26
423 14
424 20
425 20
427 23
426 41
428 26
429 14
430 20
433 17
431 39
432 37
434 33
435 23
436 20
437 17
438 35
439 20
440 17
441 26
442 23
443 20
444 23
445 26
446 23
447 29
448 38
449 20
450 23
452 26
453 17
451 43
454 26
455 26
456 26
457 23
458 23
459 17
460 20
461 23
462 17
463 17
464 35
465 20
466 20
467 20
468 20
469 24
470 20
471 11
472 17
473 17
474 29
475 20
476 17
477 26
478 20
479 26
480 36
481 37
482 28
483 20
484 27
485 23
486 26
487 14
488 23
489 20
490 23
491 23
492 17
494 17
493 31
495 20
496 20
497 20
498 26
499 20
500 25
501 26
502 30
503 23
504 17
505 17
506 14
507 27
508 26
509 20
510 14
511 23
512 26
513 20
514 20
515 31
516 26
517 20
518 26
520 14
521 20
522 17
519 54
523 20
524 20
525 17
527 14
526 36
528 14
529 26
530 29
531 20
532 35
533 20
534 14
535 17
536 17
537 36
538 20
539 20
540 20
541 20
542 26
543 23
544 17
545 26
546 26
547 23
549 23
550 17
548 43
551 23
552 23
554 26
553 43
555 20
556 26
557 17
558 29
559 23
560 17
561 26
562 20
563 23
564 20
565 20
566 26
567 17
568 23
569 23
570 17
571 20
572 17
573 14
575 17
574 31
578 23
576 49
577 48
579 23
580 17
581 24
582 23
584 23
583 42
586 26
587 26
588 14
585 53
589 23
590 20
591 23
592 17
593 23
594 23
596 20
597 17
595 43
598 17
599 26
600 23
601 29
602 20
603 23
604 23
605 23
606 14
607 26
608 25
609 17
610 26
611 26
612 20
613 20
614 20
615 26
616 36
617 23
618 23
619 20
620 38
621 20
622 20
623 40
624 29
625 36
626 20
628 20
627 46
629 26
630 23
631 29
633 17
634 17
632 40
635 38
636 26
637 20
638 26
639 14
640 23
641 17
642 26
643 14
644 23
645 14
646 23
647 29
648 38
649 23
650 23
652 14
651 29
653 20
654 17
655 26
656 26
657 23
658 38
659 20
660 20
661 23
662 26
663 20
664 17
665 20
666 26
667 20
668 20
669 20
670 26
671 23
672 20
673 23
674 17
675 37
676 26
678 14
677 29
679 20
680 20
681 17
682 20
683 30
684 20
686 17
685 39
687 28
688 14
690 8
689 23
691 38
692 23
693 20
694 17
695 23
697 23
696 40
698 20
699 20
700 20
701 17
702 29
703 20
704 32
705 26
706 26
707 23
708 17
709 26
710 26
711 23
712 17
713 23
714 20
715 23
716 23
717 20
718 23
719 20
720 22
721 26
722 24
723 23
724 20
725 14
726 23
727 14
728 26
729 26
730 26
732 17
733 26
731 53
734 23
735 25
736 20
737 28
738 26
740 20
741 17
739 44
742 17
744 17
743 35
745 17
746 14
747 23
748 20
749 20
750 17
751 20
752 20
753 17
754 20
755 20
756 23
757 20
758 26
759 38
760 20
761 23
762 35
763 26
764 37
765 20
766 31
767 23
768 29
769 29
771 17
772 23
770 50
773 20
774 14
775 14
776 26
777 20
778 23
779 23
781 20
780 41
782 38
783 20
784 26
785 17
786 25
787 23
788 23
789 29
790 26
791 23
792 20
793 20
794 23
795 14
796 26
798 20
799 14
797 39
800 23
801 32
802 26
803 14
804 26
805 20
806 23
807 26
808 20
809 20
810 17
811 33
812 20
813 26
814 17
815 17
816 20
817 23
819 23
820 17
818 48
821 20
822 11
823 17
824 17
826 14
825 45
827 32
829 26
828 44
830 20
832 21
833 20
831 51
834 29
835 20
836 14
837 23
838 20
840 20
841 26
839 49
842 20
843 26
844 30
845 20
846 20
847 17
848 32
849 26
850 26
851 14
852 23
853 17
854 20
855 23
856 23
857 20
859 23
858 42
860 20
861 23
862 20
863 20
864 23
865 26
866 23
867 26
869 11
868 42
870 20
871 28
872 20
873 20
874 23
875 17
876 20
877 23
878 27
879 17
880 17
881 29
882 40
884 20
883 43
885 23
886 32
887 23
888 17
890 26
891 17
889 39
892 26
893 26
894 26
896 14
895 36
897 23
898 23
899 26
900 14
902 23
901 43
903 23
904 38
906 23
905 40
907 29
908 20
909 23
910 23
911 23
912 26
913 23
914 20
915 26
916 26
917 26
919 26
920 23
918 49
921 20
922 20
923 17
924 20
926 26
925 39
927 20
928 26
929 26
930 23
931 20
932 29
933 29
934 23
935 20
936 23
937 29
939 17
938 32
940 23
941 23
942 26
943 23
944 11
945 23
946 20
947 17
948 37
949 26
950 26
951 23
952 38
953 23
954 26
955 20
956 29
957 37
958 20
959 23
960 20
961 23
963 17
962 29
964 29
965 20
966 23
967 23
968 26
969 17
970 17
971 27
972 17
973 23
974 26
975 29
976 31
978 23
977 46
979 20
980 29
981 23
982 23
983 20
984 11
985 23
986 20
989 20
987 52
988 40
991 17
990 42
992 23
993 23
994 20
995 23
996 17
997 20
999 17
998 32
1000 28
1001 14
1002 26
1004 17
1003 29
1007 14
1005 41
1006 29
1008 23
1009 17
1010 29
1011 26
1013 26
1012 42
1015 17
1014 29
1016 36
1018 23
1017 47
1019 23
1020 20
1021 29
1022 43
1023 34
1025 23
1024 45
1026 23
1027 26
1028 23
1029 14
1030 41
1031 38
1032 32
1033 23
1034 29
1035 23
1036 14
1037 17
1038 29
1039 26
1040 26
1041 36
1042 23
1043 17
1044 23
1046 31
1047 23
1045 50
1049 20
1048 40
1050 20
1051 23
1052 26
1053 26
1054 23
1055 26
1056 23
1057 29
1058 20
1059 17
1060 17
1061 23
1062 15
1063 29
1064 26
1065 23
1066 26
1067 26
1068 32
1069 26
1070 20
1071 20
1072 14
1073 23
1074 20
1075 20
1076 23
1077 17
1078 14
1079 17
1080 23
1081 47
1083 23
1082 44
1084 26
1086 26
1085 56
1087 32
1088 26
1089 36
1090 23
1091 26
1092 11
1093 26
1094 39
1095 32
1096 29
1097 36
1098 34
1099 20
1100 20
1101 20
1102 30
1103 23
1104 41
1106 23
1105 39
1107 29
1108 20
1109 17
1110 23
1111 17
1112 26
1113 26
1114 37
1115 29
1117 17
1116 45
1118 20
1119 20
1120 17
1121 26
1122 26
1123 26
1124 26
1125 14
1126 20
1127 26
1128 20
1129 17
1130 23
1131 26
1132 26
1134 23
1135 20
1133 49
1136 23
1137 26
1138 33
1140 14
1139 32
1141 23
1142 23
1143 26
1144 26
1145 20
1146 29
1147 25
1148 17
1149 26
1150 14
1151 26
1152 31
1153 23
1154 17
1155 29
1156 26
1157 20
1158 23
1159 34
1160 26
1161 26
1162 26
1163 26
1165 17
1164 32
1166 17
1167 20
1168 17
1169 29
1170 38
1171 26
1172 27
1173 23
1174 23
1175 17
1176 26
1177 14
1178 23
1179 20
1180 23
1181 23
1182 20
1183 29
1184 23
1185 23
1186 23
1187 17
1188 17
1189 14
1190 32
1191 29
1192 23
1193 26
1194 23
1195 21
1196 35
1197 23
1199 23
1200 20
1198 50
1201 23
1202 26
1203 26
1204 23
1205 23
1206 20
1207 17
1208 20
1209 23
1210 29
1212 26
1211 40
1213 26
1214 23
1215 30
1216 20
1217 26
1218 26
1220 23
1219 42
1221 26
1222 20
1223 23
1224 23
1225 23
1226 26
1227 20
1228 23
1229 23
1230 29
1231 23
1232 20
1233 23
1234 47
1236 23
1235 39
1237 29
1238 26
1239 17
1241 14
1240 37
1242 17
1244 17
1243 32
1245 23
1247 17
1248 14
1246 46
1249 23
1250 17
1251 26
1252 23
1254 23
1253 42
1256 26
1255 48
1257 20
1260 17
1258 43
1259 38
1261 26
1262 17
1263 17
1264 14
1265 20
1266 26
1267 36
1268 23
1269 29
1271 17
1270 29
1272 20
1273 23
1274 29
1275 20
1276 23
1277 29
1278 20
1279 36
1281 17
1280 36
1282 23
1283 17
1285 23
1284 41
1286 20
1288 26
1287 48
1289 44
1290 40
1292 23
1293 17
1291 43
1294 28
1295 20
1296 20
1297 17
1299 11
1300 17
1298 42
1301 20
1302 32
1303 20
1304 29
1306 17
1305 32
1307 23
1308 23
1309 26
1310 26
1311 26
1312 23
1314 17
1313 32
1316 26
1317 32
1319 14
1315 63
1318 31
1320 26
1321 29
1322 29
1323 35
1324 23
1325 26
1326 23
1327 26
1328 35
1329 26
1330 20
1331 20
1332 27
1334 11
1333 29
1336 26
1337 23
1335 54
1338 29
1339 23
1340 20
1341 23
1342 26
1343 26
1344 26
1345 23
1346 20
1347 32
1348 26
1349 23
1350 29
1351 29
1352 32
1353 23
1354 26
1355 11
1356 38
1357 23
1358 32
1359 26
1360 20
1361 14
1363 14
1362 32
1364 26
1365 20
1367 17
1366 35
1368 26
1369 20
1370 23
1371 26
1372 29
1373 20
1374 20
1375 17
1376 20
1377 17
1378 20
1379 20
1380 45
1381 31
1382 26
1383 26
1384 14
1385 26
1387 20
1386 42
1389 14
1388 35
1390 17
1391 14
1392 17
1393 20
1394 29
1395 26
1396 29
1397 29
1398 23
1399 35
1401 26
1400 48
1403 26
1402 45
1404 23
1406 23
1407 14
1405 49
1409 17
1408 34
1410 23
1411 26
1412 26
1413 23
1414 17
1416 17
1415 36
1417 20
1418 29
1420 26
1419 47
1422 26
1424 14
1423 41
1421 75
1425 36
1426 36
1427 23
1428 29
1429 20
1430 36
1431 29
1432 23
1433 26
1435 17
1434 35
1436 20
1438 23
1437 48
1439 26
1441 34
1442 23
1440 51
1443 26
1444 34
1445 26
1446 26
1447 23
1448 23
1449 34
1450 26
1452 14
1451 29
1453 29
1455 20
1456 26
1457 26
1454 60
1458 20
1459 37
1460 26
1461 20
1462 20
1464 17
1463 31
1465 26
1466 20
1467 35
1468 20
1469 35
1470 26
1471 29
1472 32
1473 26
1474 26
1475 29
1476 23
1477 23
1478 14
1480 38
1481 26
1479 51
1482 20
1483 20
1484 26
1485 23
1486 20
1487 29
1488 47
1489 46
1490 39
1491 41
1492 32
1493 29
1494 23
1496 36
1497 23
1498 20
1495 59
1499 29
1501 17
1502 17
1500 43
1505 14
1504 34
1503 57
1506 23
1507 20
1508 23
1509 26
1510 38
1512 26
1513 23
1511 54
1514 29
1515 29
1516 23
1517 23
1518 26
1519 41
1521 23
1522 23
1523 23
1524 17
1520 75
1526 26
1527 23
1525 57
1528 32
1529 37
1530 32
1531 26
1532 23
1533 30
1534 23
1535 26
1536 20
1538 29
1540 17
1537 55
1541 23
1539 52
1542 20
1544 20
1543 60
1545 59
1546 49
1547 40
1548 32
1549 26
1550 42
1551 41
1552 35
1553 35
1555 26
1554 40
1556 26
1557 29
1558 26
1560 23
1559 39
1561 33
1562 46
1563 32
1565 26
1564 55
1566 29
1567 23
1568 26
1569 42
1570 36
1573 29
1574 23
1572 60
1575 29
1571 80
1576 42
1577 33
1578 43
1579 44
1580 29
1581 23
1582 34
1583 23
1584 29
1585 26
1587 26
1586 45
1589 23
1588 53
1591 31
1590 57
1593 20
1592 46
1594 41
1595 29
1596 45
1597 37
1598 33
1599 24
1600 25
1601 19
1602 23
1603 26
1604 29
1606 22
1605 42
1607 25
1608 32
1609 19
1610 19
1611 27
1612 14
1613 23
1614 34
1615 25
1616 30
1617 26
1618 34
1619 31
1620 32
1621 23
1622 25
1623 17
1625 14
1624 31
1626 20
1627 32
1628 23
1629 27
1630 41
1631 34
1632 23
1633 29
1634 26
1635 25
1636 24
1638 22
1637 39
1639 28
1640 34
1641 32
1642 38
1643 20
1644 30
1645 26
1646 24
1647 44
1648 37
1649 29
1650 23
1651 25
1652 26
1653 29
1654 33
1655 29
1656 36
1657 30
1658 25
1659 30
1660 26
1661 25
1662 31
1663 37
1664 31
1665 29
1666 24
1667 28
1669 17
1668 29
1670 34
1671 33
1672 23
1673 14
1674 20
1675 23
1676 22
1677 27
1678 29
1679 31
1680 23
1681 24
1682 34
1684 19
1683 45
1685 32
1686 23
1687 17
1688 40
1691 17
1690 30
1689 49
1692 27
1693 23
1694 28
1695 26
1696 16
1697 23
1698 29
1699 29
1700 19
1702 25
1701 47
1703 26
1704 29
1706 20
1707 24
1705 58
1708 26
1709 32
1711 16
1710 42
1713 17
1712 35
1714 23
1716 17
1717 20
1715 56
1718 34
1719 36
1720 26
1721 25
1722 32
1723 36
1724 29
1725 31
1726 24
1727 41
1728 29
1729 34
1730 26
1731 29
1732 26
1733 20
1734 31
1735 23
1736 26
1737 17
1738 26
1739 21
1740 26
1742 20
1743 26
1741 52
1744 26
1745 11
1746 28
1747 32
1749 28
1750 26
1751 17
1748 49
1752 46
1753 36
1754 25
1755 28
1756 44
1757 34
1758 23
1759 26
1760 38
1761 28
1762 25
1763 28
1764 17
1765 29
1767 28
1766 50
1769 26
1770 14
1768 40
1771 38
1772 23
1773 29
1774 32
1775 39
1776 29
1778 31
1779 22
1777 49
1781 17
1780 48
1782 29
1783 29
1784 23
1785 20
1786 29
1787 31
1788 27
1789 28
1790 35
1791 26
1793 20
1792 40
1794 28
1796 20
1795 39
1797 36
1798 40
1799 34
1800 24
1801 31
1802 32
1804 20
1803 41
1806 26
1805 45
1807 19
1808 22
1809 23
1810 20
1811 33
1812 31
1813 36
1814 22
1815 20
1816 28
1817 25
1819 17
1818 29
1821 14
1820 29
1822 23
1824 17
1823 35
1826 25
1825 46
1827 19
1828 17
1831 17
1829 40
1830 29
1832 24
1833 28
1834 20
1835 26
1836 36
1837 23
1838 17
1839 26
1840 29
1841 29
1842 28
1843 29
1844 30
1845 31
1847 23
1846 53
1848 32
1849 22
1850 22
1851 20
1853 26
1854 37
1852 64
1856 25
1855 45
1858 28
1857 44
1859 42
1860 43
1861 31
1862 20
1863 23
1864 45
1865 37
1866 23
1867 25
1868 28
1869 32
1870 32
1871 32
1872 23
1873 37
1874 56
1875 40
1876 29
1877 29
1878 26
1880 14
1882 26
1881 46
1883 23
1884 17
1879 76
1885 36
1886 37
1888 26
1887 47
1889 47
1890 35
1892 26
1891 45
1893 32
1894 26
1895 26
1896 20
1897 20
1898 20
1899 32
1900 23
1901 34
1902 43
1903 35
1905 17
1904 38
1906 26
1907 26
1908 29
1909 42
1910 38
1911 20
1912 22
1914 17
1913 30
1916 26
1915 47
1917 19
1918 32
1919 26
1920 29
1921 37
1923 17
1922 29
1924 27
1925 29
1926 29
1927 23
1928 14
1929 29
1930 37
1931 23
1932 23
1933 23
1934 40
1935 32
1936 26
1937 23
1938 32
1939 31
1940 29
1941 26
1942 26
1943 26
1944 17
1945 23
1946 23
1948 32
1950 17
1949 29
1947 66
1951 29
1952 25
1954 23
1955 23
1956 17
1953 59
1958 17
1957 42
1959 35
1960 20
1961 23
1962 24
1963 23
1964 29
1965 32
1967 34
1968 26
1969 20
1966 63
1970 20
1972 26
1971 45
1973 26
1974 29
1975 20
1976 14
1977 23
1979 17
1978 32
1980 23
1981 23
1982 32
1983 23
1984 23
1985 23
1986 32
1987 25
1990 17
1988 39
1991 17
1989 44
1992 25
1993 25
1994 20
1995 20
1997 23
1998 26
1999 26
1996 59
2000 38
2001 26
2002 29
2003 20
2004 26
2005 26
2006 23
2007 28
2008 31
2009 26
2010 31
2011 25
2012 33
2014 26
2013 41
2015 26
2016 23
2017 26
2018 26
2019 33
2020 28
2021 17
2022 26
2023 23
2024 17
2025 20
2026 26
2027 23
2028 32
2030 17
2029 42
2031 26
2032 35
2033 26
2034 23
2035 22
2037 23
2036 44
2038 20
2039 32
2040 39
2041 32
2042 32
2043 31
2044 48
2045 29
2046 32
2047 36
2048 29
2049 20
2050 32
2051 29
2052 20
2054 32
2055 23
2056 17
2053 49
2057 26
2058 28
2059 17
2061 17
2060 40
2062 34
2063 26
2064 29
2065 35
2066 32
2067 25
2068 20
2069 32
2070 23
2071 20
2072 20
2073 20
2074 28
2075 23
2076 23
2077 34
2078 26
2079 32
2080 20
2081 31
2082 23
2083 35
2084 25
2086 26
2087 16
2085 45
2088 29
2089 26
2090 22
2091 38
2092 26
2093 26
2094 23
2095 26
2096 26
2097 28
2098 23
2099 29
2100 26
2101 29
2102 35
2103 29
2104 32
2105 26
2106 29
2107 29
2108 32
2110 14
2109 43
2111 26
2112 26
2113 37
2114 26
2115 14
2116 23
2117 32
2119 23
2120 19
2121 28
2118 68
2122 23
2124 14
2123 29
2125 20
2126 17
2127 29
2129 23
2128 57
2131 28
2130 46
2132 27
2133 30
2134 23
2135 19
2136 23
2137 32
2138 26
2140 26
2141 29
2139 59
2143 23
2142 45
2144 26
2145 38
2147 17
2146 48
2149 17
2148 29
2150 26
2151 26
2152 32
2153 23
2154 17
2155 29
2156 37
2157 24
2158 38
2159 23
2160 26
2161 26
2162 20
2163 23
2164 23
2165 23
2166 29
2167 29
2168 20
2169 29
2170 23
2171 38
2172 37
2173 23
2174 23
2175 28
2176 17
2178 26
2177 45
2179 26
2180 29
2181 20
2182 29
2183 38
2184 32
2185 29
2186 26
2187 26
2189 14
2188 44
2190 20
2191 38
2192 26
2193 26
2194 23
2195 23
2197 14
2196 29
2199 17
2198 32
2201 20
2200 46
2202 26
2203 29
2204 26
2205 17
2206 25
2207 23
2208 26
2209 32
2210 20
2211 23
2214 17
2212 41
2213 35
2215 32
2216 38
2217 29
2218 26
2219 26
2220 17
2221 29
2222 38
2223 23
2225 16
2224 38
2226 26
2227 26
2229 16
2228 41
2230 23
2231 26
2232 20
2233 47
2234 31
2235 29
2236 20
2237 29
2238 34
2239 32
2240 35
2241 20
2242 20
2243 31
2244 19
2245 23
2247 16
2246 37
2248 23
2249 25
2250 44
2251 29
2252 26
2253 20
2254 32
2255 29
2256 30
2257 29
2258 29
2259 39
2260 35
2261 23
2262 40
2263 29
2264 20
2265 22
2266 26
2267 35
2268 26
2269 32
2270 26
2271 23
2272 29
2273 29
2274 28
2275 29
2276 35
2277 19
2278 17
2279 44
2281 22
2280 40
2282 33
2283 29
2284 26
2285 20
2286 38
2288 17
2287 52
2290 35
2291 32
2289 61
2292 32
2293 20
2295 14
2294 30
2296 29
2297 20
2298 34
2299 20
2300 26
2301 30
2302 36
2304 17
2303 29
2305 20
2306 29
2307 35
2308 23
2309 39
2310 39
2311 29
2312 23
2313 29
2314 24
2315 29
2317 20
2316 54
2319 35
2320 37
2321 23
2318 65
2322 23
2323 29
2324 36
2325 19
2326 26
2327 31
2328 28
2329 25
2330 26
2331 20
2332 29
2333 26
2334 29
2335 23
2336 29
2337 32
2338 23
2339 35
2340 23
2341 23
2342 23
2343 23
2344 33
2345 26
2346 20
2348 17
2347 47
2349 23
2350 23
2351 28
2352 37
2354 26
2353 50
2355 37
2356 20
2357 20
2358 45
2359 29
2361 23
2360 47
2362 23
2363 23
2364 20
2365 26
2366 34
2367 22
2368 23
2369 26
2370 37
2372 26
2371 45
2373 23
2374 17
2375 23
2376 32
2377 29
2378 32
2379 26
2380 17
2381 26
2382 47
2383 29
2384 23
2385 22
2386 26
2387 23
2388 35
2389 36
2390 23
2393 16
2391 46
2392 38
2394 23
2395 36
2397 26
2398 25
2396 50
2399 46
2400 29
2401 26
2402 17
2403 26
2404 47
2405 32
2406 26
2407 26
2408 30
2410 20
2409 49
2411 29
2412 20
2413 17
2414 29
2415 20
2416 29
2418 26
2417 41
2419 34
2420 26
2421 17
2423 23
2422 43
2424 26
2425 17
2426 17
2427 26
2429 31
2428 49
2430 36
2431 29
2432 29
2433 28
2434 38
2435 23
2438 17
2436 48
2439 11
2440 27
2437 66
2441 26
2442 25
2443 47
2444 31
2445 26
2447 23
2448 17
2446 49
2449 20
2450 23
2451 14
2452 26
2453 23
2454 41
2456 32
2457 23
2458 17
2459 20
2461 17
2455 92
2462 20
2463 32
2464 27
2460 72
2465 25
2466 20
2467 28
2468 29
2469 26
2470 29
2471 23
2472 17
2473 23
2474 32
2475 26
2476 23
2477 17
2478 25
2479 14
2480 23
2481 23
2482 32
2483 37
2484 32
2485 22
2486 26
2487 26
2488 10
2489 31
2490 33
2491 20
2492 28
2493 20
2494 20
2495 26
2496 29
2497 23
2498 20
2499 23
2501 24
2500 46
2502 22
2503 26
2504 26
2505 14
2506 23
2507 32
2508 35
2509 32
2510 26
2511 20
2512 23
2513 41
2514 32
2515 29
2516 26
2517 35
2518 25
2519 29
2520 23
2521 28
2523 17
2522 29
2524 29
2526 17
2525 29
2527 35
2528 23
2529 23
2530 30
2531 25
2532 28
2533 11
2534 29
2535 26
2536 37
2537 26
2538 20
2539 41
2540 29
2541 29
2543 23
2542 43
2544 23
2545 20
2546 23
2547 20
2548 20
2550 23
2549 47
2551 25
2552 32
2553 20
2554 32
2555 20
2556 23
2557 23
2558 26
2559 23
2560 17
2561 35
2563 23
2564 17
2562 54
2566 23
2565 40
2567 26
2568 38
2569 23
2570 20
2571 17
2573 20
2572 43
2574 33
2575 26
2576 29
2577 20
2578 26
2579 35
2580 23
2581 20
2582 28
2583 26
2584 17
2585 20
2587 20
2586 50
2588 29
2589 23
2590 31
2591 26
2592 20
2594 26
2593 42
2596 29
2597 26
2595 50
2598 42
2599 29
2600 36
2601 22
2602 29
2603 23
2605 17
2604 31
2606 26
2607 29
2608 29
2609 29
2610 22
2611 26
2612 20
2613 26
2614 31
2615 31
2616 35
2617 23
2619 26
2618 48
2620 29
2621 29
2622 26
2623 23
2624 20
2625 29
2626 26
2627 23
2628 26
2629 23
2630 25
2632 14
2631 34
2633 38
2634 20
2635 29
2637 17
2636 44
2638 23
2639 26
2640 17
2641 26
2642 20
2643 32
2644 23
2645 29
2646 31
2647 23
2649 23
2648 47
2650 24
2652 14
2651 32
2653 29
2654 32
2655 20
2656 26
2657 20
2658 41
2659 41
2660 29
2661 31
2662 19
2663 29
2664 29
2665 29
2666 25
2667 29
2668 20
2669 26
2670 11
2671 29
2672 31
2673 42
2674 29
2675 23
2676 23
2677 29
2678 23
2680 26
2679 45
2681 28
2682 20
2683 26
2684 30
2685 32
2686 20
2687 38
2689 26
2690 26
2688 49
2691 23
2692 46
2693 35
2694 31
2695 26
2696 28
2697 20
2698 29
2699 20
2700 41
2701 32
2702 23
2704 17
2705 25
2703 50
2706 26
2707 29
2708 44
2709 29
2710 43
2711 29
2712 20
2713 26
2714 23
2715 17
2716 17
2717 23
2718 17
2719 26
2720 20
2721 23
2722 23
2723 20
2724 31
2725 28
2726 35
2727 32
2728 26
2729 32
2730 23
2731 28
2732 20
2733 31
2735 17
2734 29
2736 29
2737 26
2738 26
2739 11
2740 44
2741 37
2742 26
2743 20
2745 17
2744 29
2746 36
2748 17
2747 46
2749 23
2750 26
2751 23
2752 25
2754 32
2755 29
2753 62
2756 34
2757 38
2758 23
2759 26
2760 37
2761 28
2762 28
2763 14
2764 29
2765 20
2766 29
2768 26
2767 54
2770 26
2769 46
2771 32
2772 29
2773 22
2774 32
2775 29
2776 29
2777 26
2778 20
2779 22
2780 29
2781 20
2782 14
2783 26
2784 26
2785 32
2786 24
2787 40
2788 32
2789 20
2790 23
2791 32
2792 22
2793 32
2794 23
2795 23
2796 32
2797 23
2798 23
2800 26
2799 47
2801 34
2802 29
2803 23
2804 23
2805 23
2806 26
2807 23
2808 17
2809 20
2810 13
2811 32
2813 17
2812 44
2814 23
2815 23
2816 32
2817 42
2818 29
2819 25
2820 17
2821 26
2822 26
2823 22
2824 32
2826 17
2825 29
2827 26
2828 29
2829 26
2830 23
2831 32
2832 25
2833 32
2834 29
2835 23
2836 26
2837 34
2838 26
2839 23
2840 38
2841 23
2842 29
2844 23
2846 23
2845 44
2843 71
2847 32
2848 23
2849 20
2851 14
2850 34
2852 26
2853 29
2854 23
2855 29
2856 32
2857 20
2858 26
2860 28
2859 39
2862 23
2861 56
2863 32
2864 23
2865 26
2866 29
2867 26
2868 36
2869 32
2870 23
2871 33
2872 25
2873 29
2874 29
2876 26
2875 44
2877 28
2878 26
2879 17
2880 20
2882 14
2881 29
2883 26
2884 26
2885 31
2886 20
2887 29
2888 20
2890 32
2889 55
2891 38
2892 20
2893 36
2894 29
2895 29
2896 23
2897 29
2899 20
2900 26
2898 51
2901 20
2903 17
2902 45
2904 20
2905 26
2906 35
2907 23
2908 26
2909 32
2910 20
2911 26
2912 25
2913 32
2914 23
2915 48
2916 37
2917 32
2919 26
2918 41
2920 45
2921 29
2922 26
2923 26
2924 26
2926 17
2925 32
2927 32
2929 17
2930 26
2928 68
2932 29
2931 54
2933 32
2934 23
2935 32
2936 36
2937 23
2938 23
2940 28
2939 47
2941 23
2942 25
2944 17
2943 32
2945 29
2946 23
2947 26
2948 30
2949 31
2950 27
2951 29
2952 22
2953 25
2954 29
2955 19
2956 22
2957 17
2958 32
2959 23
2960 20
2962 23
2963 23
2961 49
2964 29
2965 29
2967 38
2968 36
2969 23
2966 65
2970 26
2971 28
2972 29
2973 26
2974 26
2975 32
2976 35
2977 28
2978 44
2979 29
2980 23
2982 23
2981 40
2983 29
2985 20
2986 26
2987 26
2984 59
2988 29
2989 25
2991 26
2990 51
2993 23
2992 46
2994 32
2995 38
2996 26
2997 26
2998 46
2999 29
3000 29
3001 26
3003 14
3004 30
3005 31
3002 76
3006 29
3007 29
3008 32
3009 23
3010 23
3011 32
3012 29
3013 26
3014 20
3015 20
3016 31
3017 29
3018 26
3019 35
3020 29
3022 14
3021 45
3023 26
3024 26
3025 34
3026 23
3027 26
3028 26
3029 22
3030 23
3031 22
3032 27
3033 29
3034 25
3035 29
3036 26
3037 26
3038 30
3039 34
3040 26
3041 26
3042 35
3043 38
3044 22
3046 26
3045 40
3047 26
3048 23
3051 23
3049 51
3052 25
3050 55
3053 29
3054 26
3055 14
3056 32
3057 23
3058 28
3059 32
3060 29
3061 29
3062 26
3064 26
3063 43
3065 29
3066 19
3067 37
3068 32
3069 32
3070 32
3071 25
3072 26
3073 29
3074 23
3075 25
3076 20
3078 25
3079 20
3077 56
3080 20
3082 29
3084 14
3081 50
3083 29
3085 23
3086 26
3087 20
3088 31
3091 25
3089 54
3090 46
3092 29
3093 26
3094 20
3095 20
3096 37
3097 35
3098 45
3099 29
3100 35
3101 35
3102 32
3104 30
3105 26
3103 55
3106 34
3107 35
3109 29
3110 29
3111 35
3112 44
3113 29
3114 29
3108 102
3115 32
3116 29
3117 37
3118 33
3119 26
3120 46
3121 31
3122 32
3123 29
3124 20
3125 25
3126 20
3127 35
3128 26
3129 26
3130 38
3131 28
3132 20
3133 23
3135 14
3134 29
3137 28
3136 41
3138 33
3139 23
3140 41
3141 29
3142 23
3143 23
3144 29
3145 32
3146 41
3147 29
3148 34
3150 17
3149 29
3151 17
3153 19
3152 39
3154 29
3155 30
3156 37
3157 26
3159 31
3158 49
3161 38
3163 15
3160 49
3162 31
3164 26
3165 34
3166 32
3167 28
3168 28
3169 32
3170 35
3172 19
3171 40
3173 20
3176 28
3174 55
3175 39
3177 26
3178 30
3179 23
3180 37
3182 26
3181 54
3183 35
3184 37
3186 19
3187 22
3185 73
3189 38
3190 20
3188 54
3191 25
3192 29
3193 34
3194 28
3195 26
3196 32
3198 20
3197 42
3199 34
3201 35
3202 26
3200 56
3203 23
3206 23
3205 42
3207 32
3204 75
3208 46
3210 24
3211 28
3212 20
3209 60
3213 26
3214 33
3217 16
3215 46
3216 31
3218 17
3220 20
3219 43
3221 42
3222 35
3223 26
3224 17
3225 26
3226 29
3227 26
3228 23
3229 32
3230 36
3231 23
3232 52
3233 46
3234 52
3235 46
3236 36
3237 23
3238 29
3239 25
3240 36
3241 23
3242 32
3244 20
3243 55
3245 43
3247 23
3246 40
3248 23
3250 32
3251 27
3252 23
3249 73
3253 34
3254 40
3255 32
3257 23
3256 49
3258 35
3261 17
3259 43
3262 48
3264 23
3260 69
3263 56
3266 25
3267 26
3265 63
3269 25
3271 29
3272 23
3268 75
3270 55
3274 14
3273 29
3276 29
3275 54
3277 32
3278 21
3279 26
3280 37
3281 43
3282 32
3283 29
3284 23
3285 23
3286 36
3287 29
3288 20
3289 29
3290 26
3291 23
3294 25
3292 55
3293 53
3296 36
3295 57
3297 44
3299 25
3298 47
3301 33
3302 23
3303 30
3300 75
3304 40
3305 55
3306 46
3307 35
3308 43
3309 47
3310 34
3311 29
3312 26
3314 14
3313 41
3315 20
3318 27
3316 57
3317 67
3319 42
3321 22
3320 48
3322 47
3323 41
3324 32
3325 23
3326 23
3327 36
3329 25
3328 39
3330 32
3331 28
3332 32
3333 36
3334 38
3335 39
3338 29
3340 29
3337 76
3339 56
3336 89
3341 50
3342 39
3343 48
3344 32
3345 26
3346 39
3348 26
3347 45
3349 24
3350 20
3351 25
3352 31
3353 40
3354 46
3355 36
3356 27
3357 32
3359 21
3358 43
3361 17
3360 44
3362 27
3363 34
3364 35
3365 28
3366 26
3367 35
3368 19
3369 30
3370 28
3371 23
3372 31
3373 25
3374 35
3375 32
3376 23
3377 26
3378 32
3379 23
3380 36
3381 20
3382 45
3383 35
3384 51
3385 43
3387 27
3386 47
3389 27
3390 17
3388 43
3391 23
3392 28
3393 30
3394 36
3395 26
3396 25
3397 35
3398 32
3399 26
3400 38
3401 21
3402 25
3403 32
3404 29
3405 29
3406 24
3407 22
3408 38
3409 29
3410 29
3413 35
3412 54
3411 70
3414 40
3415 40
3416 32
3417 23
3418 17
3419 23
3420 28
3421 27
3422 26
3423 29
3424 30
3426 23
3425 41
3427 26
3428 26
3429 17
3430 27
3431 26
3432 23
3433 52
3434 42
3435 34
3436 30
3437 23
3439 28
3438 54
3440 32
3441 20
3442 42
3443 32
3444 30
3445 23
3446 32
3447 35
3449 22
3448 48
3451 15
3450 31
3452 29
3453 44
3454 32
3455 22
3456 20
3457 30
3458 24
3459 32
3460 25
3461 34
3462 20
3463 25
3464 23
3465 24
3466 33
3467 26
3468 27
3469 26
3470 20
3471 24
3472 29
3473 32
3474 36
3475 32
3477 23
3476 41
3478 30
3479 26
3480 26
3481 37
3482 23
3485 26
3483 51
3484 47
3486 35
3488 20
3487 39
3489 23
3490 26
3491 44
3492 46
3493 29
3495 25
3494 40
3497 20
3496 47
3498 26
3500 27
3499 48
3502 29
3503 30
3504 23
3501 65
3505 49
3506 39
3507 29
3508 32
3509 32
3511 29
3510 57
3512 31
3513 20
3514 44
3515 45
3516 30
3517 20
3518 32
3519 31
3520 23
3521 37
3522 20
3523 29
3524 35
3525 27
3526 29
3527 23
3528 38
3529 26
3530 29
3531 27
3532 35
3533 28
3534 32
3535 39
3536 32
3538 20
3537 42
3539 23
3541 23
3540 42
3542 23
3543 32
3544 35
3545 26
3547 23
3546 52
3548 35
3550 17
3549 34
3552 32
3551 51
3553 44
3554 32
3555 26
3556 31
3557 21
3558 29
3559 29
3560 38
3561 23
3562 31
3563 32
3565 23
3564 42
3567 20
3566 41
3568 46
3570 30
3569 51
3571 29
3572 19
3573 25
3575 17
3574 29
3576 26
3577 26
3578 17
3579 31
3580 26
3581 26
3583 29
3584 20
3582 52
3585 26
3586 29
3587 34
3588 35
3589 25
3590 29
3592 20
3591 54
3593 30
3594 26
3595 20
3596 28
3597 36
3598 23
3599 20
3600 29
3601 28
3602 29
3603 26
3605 23
3604 45
3606 23
3608 20
3607 40
3609 32
3610 32
3611 41
3613 30
3614 23
3612 49
3615 26
3617 23
3616 40
3619 17
3618 29
3620 27
3621 29
3622 30
3623 26
3624 20
3625 34
3628 29
3629 26
3626 61
3627 54
3631 32
3632 23
3630 51
3633 23
3634 29
3635 19
3636 20
3637 39
3638 44
3639 29
3640 35
3641 23
3642 22
3643 31
3644 23
3645 54
3646 39
3647 32
3648 38
3649 20
3650 23
3651 32
3652 38
3655 17
3653 40
3654 32
3656 29
3657 20
3660 31
3661 26
3658 61
3659 55
3662 25
3663 29
3664 29
3666 17
3667 22
3665 56
3669 17
3668 32
3670 26
3672 26
3671 48
3674 20
3673 39
3675 25
3676 29
3677 29
3678 30
3680 25
3681 26
3682 37
3683 26
3684 26
3679 86
3685 23
3686 37
3687 32
3689 29
3690 32
3691 39
3692 39
3688 91
3694 30
3693 51
3695 35
3697 26
3696 45
3698 26
3699 29
3701 17
3703 17
3700 56
3702 49
3704 29
3705 31
3706 26
3707 31
3708 32
3709 34
3710 23
3711 38
3712 38
3714 23
3715 23
3716 23
3713 75
3717 33
3718 26
3719 33
3720 25
3721 31
3723 45
3724 34
3722 59
3725 29
3726 26
3727 29
3729 28
3730 27
3728 50
3731 20
3732 32
3733 29
3734 26
3735 34
3736 29
3737 23
3738 29
3739 47
3742 17
3740 41
3741 37
3744 33
3745 20
3743 53
3746 36
3747 26
3749 29
3750 26
3752 17
3751 29
3748 73
3753 23
3754 39
3756 23
3757 28
3755 58
3758 20
3760 17
3759 29
3761 17
3762 26
3763 23
3765 17
3764 34
3766 20
3767 23
3768 17
3769 37
3770 19
3771 23
3772 26
3773 23
3774 25
3775 23
3776 32
3777 19
3778 21
3779 23
3780 24
3782 14
3781 31
3783 28
3784 26
3785 22
3786 14
3787 29
3788 26
3789 26
3790 33
3791 32
3792 35
3793 26
3794 23
3795 19
3796 26
3797 20
3798 23
3799 32
3800 26
3801 25
3802 32
3803 23
3804 26
3805 28
3806 29
3808 20
3807 41
3810 25
3809 45
3811 32
3812 32
3813 26
3814 17
3816 23
3817 23
3815 51
3818 23
3819 28
3820 38
3821 25
3822 29
3823 40
3824 29
3825 31
3826 32
3827 23
3828 17
3830 28
3829 55
3831 32
3833 17
3832 30
3834 36
3836 17
3835 32
3837 31
3838 26
3839 32
3841 26
3840 42
3842 29
3844 20
3843 40
3845 26
3847 31
3846 49
3848 29
3849 23
3850 31
3852 20
3851 44
3855 17
3853 45
3854 29
3856 26
3859 35
3857 62
3858 54
3860 32
3861 26
3862 26
3863 20
3866 23
3864 52
3865 52
3867 31
3868 41
3870 26
3869 41
3871 20
3872 31
3873 23
3874 32
3875 25
3876 28
3877 35
3878 31
3879 32
3880 35
3881 29
3882 35
3883 28
3884 19
3886 32
3887 23
3885 49
3888 36
3889 26
3890 29
3891 23
3892 23
3893 39
3895 19
3897 16
3894 51
3896 43
3898 26
3899 31
3900 35
3901 22
3902 20
3903 32
3904 23
3905 35
3907 20
3906 44
3909 17
3908 33
3910 23
3911 22
3912 26
3913 26
3914 29
3916 23
3917 20
3915 65
3918 29
3919 29
3921 37
3922 32
3920 67
3923 38
3924 23
3925 20
3926 43
3927 35
3928 35
3929 26
3930 37
3931 32
3932 35
3934 20
3935 25
3933 54
3936 29
3937 28
3938 22
3939 32
3940 20
3941 43
3943 26
3942 40
3944 22
3945 26
3947 29
3948 29
3949 29
3950 26
3946 71
3952 14
3951 35
3953 20
3954 29
3955 23
3956 22
3959 20
3957 56
3960 25
3958 55
3962 23
3961 39
3963 20
3966 17
3965 32
3964 68
3968 19
3967 43
3969 20
3970 50
3971 48
3973 23
3972 57
3974 37
3975 25
3976 33
3977 26
3978 23
3979 29
3980 26
3981 31
3983 29
3982 50
3984 32
3985 29
3986 26
3987 20
3988 26
3989 32
3991 17
3990 32
3992 23
3993 32
3994 31
3995 29
3996 35
3997 28
3998 29
3999 26
4001 26
4000 39
4002 26
4003 32
4005 13
4004 36
4006 40
4007 30
4008 31
4009 29
4011 17
4010 32
4012 31
4013 44
4014 29
4015 26
4016 20
4017 42
4018 31
4019 20
4020 37
4021 29
4022 33
4024 20
4023 47
4025 20
4026 26
4027 23
4028 28
4029 23
4030 26
4032 20
4031 40
4033 23
4034 31
4035 20
4037 29
4038 26
4036 53
4039 29
4040 26
4041 29
4042 29
4043 32
4044 22
4046 37
4045 50
4047 29
4048 23
4049 23
4050 32
4052 20
4053 17
4051 41
4054 32
4055 25
4056 23
4057 31
4058 23
4059 23
4060 37
4061 34
4062 28
4063 29
4064 29
4065 25
4066 47
4067 33
4068 26
4069 21
4070 17
4071 23
4072 33
4073 47
4074 34
4075 34
4076 35
4077 23
4079 32
4078 51
4080 35
4082 26
4083 23
4081 49
4084 29
4085 24
4086 40
4087 32
4089 32
4090 26
4088 58
4091 32
4093 28
4092 40
4095 10
4094 31
4096 26
4097 29
4098 26
4099 17
4100 26
4102 30
4104 17
4101 49
4105 23
4103 56
4107 20
4108 23
4106 49
4109 26
4110 20
4111 26
4112 26
4113 20
4114 20
4115 25
4116 38
4118 28
4117 39
4119 22
4120 23
4123 17
4121 46
4122 37
4124 26
4125 17
4126 32
4127 23
4128 29
4129 26
4130 32
4131 31
4132 29
4134 32
4136 17
4133 53
4135 32
4137 37
4138 41
4139 32
4140 20
4141 25
4142 23
4144 20
4143 45
4145 29
4146 45
4147 33
4149 17
4148 32
4150 25
4151 20
4152 23
4153 17
4154 28
4155 48
4156 35
4157 26
4159 38
4158 49
4160 38
4161 23
4162 35
4163 26
4164 32
4165 32
4166 26
4167 29
4168 23
4169 37
4170 23
4172 18
4171 35
4173 22
4174 34
4175 31
4176 32
4177 23
4178 17
4179 20
4180 26
4181 32
4182 29
4183 28
4184 19
4185 17
4186 23
4187 29
4188 35
4189 20
4190 47
4191 48
4192 46
4194 29
4195 26
4193 59
4196 34
4197 24
4198 46
4200 23
4199 39
4201 34
4202 21
4203 27
4204 38
4205 23
4206 33
4207 29
4208 32
4209 23
4210 23
4211 30
4212 20
4213 30
4214 39
4216 34
4217 22
4218 27
4219 37
4220 22
4221 20
4215 89
4222 26
4223 39
4224 29
4225 23
4227 17
4226 32
4228 29
4229 23
4230 31
4231 23
4232 29
4233 27
4234 35
4235 20
4237 17
4236 48
4238 23
4239 29
4240 25
4241 41
4243 34
4242 64
4244 43
4245 32
4246 35
4247 23
4248 23
4249 20
4250 25
4251 37
4252 23
4253 29
4254 30
4255 28
4256 26
4257 19
4258 25
4259 20
4260 26
4261 23
4262 32
4263 33
4264 31
4265 29
4266 32
4267 20
4269 26
4268 45
4270 43
4271 31
4272 42
4273 29
4275 14
4274 29
4276 20
4277 23
4278 38
4279 20
4280 23
4281 29
4282 35
4283 20
4285 20
4284 43
4286 23
4287 17
4288 21
4289 20
4290 14
4291 29
4292 28
4293 38
4295 17
4294 29
4296 26
4297 28
4298 25
4299 20
4300 23
4301 26
4302 29
4303 23
4304 26
4305 26
4306 16
4307 23
4308 17
4309 29
4310 23
4311 29
4312 23
4313 48
4314 44
4315 33
4316 23
4317 29
4318 33
4319 36
4321 17
4320 35
4322 29
4323 33
4324 23
4325 17
4326 26
4327 26
4328 36
4329 24
4331 35
4332 28
4330 49
4333 33
4334 29
4335 38
4337 23
4336 52
4338 34
4339 23
4340 26
4341 26
4342 25
4343 26
4344 29
4345 25
4346 17
4347 29
4349 26
4348 52
4350 32
4351 23
4353 26
4355 20
4352 60
4354 46
4356 29
4357 35
4358 26
4359 22
4360 20
4361 25
4362 23
4363 32
4364 37
4365 25
4366 23
4368 26
4369 23
4370 32
4367 74
4371 33
4372 23
4373 26
4374 23
4375 32
4376 26
4377 29
4378 20
4379 32
4382 17
4381 29
4380 50
4383 28
4384 26
4385 26
4386 29
4387 20
4388 29
4389 26
4390 25
4391 33
4392 23
4393 26
4394 28
4395 17
4396 23
4397 26
4398 37
4399 42
4400 30
4401 26
4403 23
4402 55
4405 23
4404 41
4406 35
4407 32
4408 29
4409 33
4410 26
4411 28
4412 31
4413 20
4414 26
4415 28
4416 26
4417 30
4418 31
4419 35
4420 26
4421 38
4422 26
4423 32
4424 26
4425 20
4426 23
4428 17
4427 29
4429 17
4430 35
4431 29
4432 28
4434 14
4433 47
4435 29
4436 30
4437 26
4438 32
4439 26
4440 26
4441 26
4442 29
4444 11
4443 47
4445 31
4446 29
4447 40
4448 32
4449 23
4450 22
4451 30
4452 35
4453 26
4454 23
4455 25
4456 26
4457 31
4458 20
4459 26
4460 23
4461 38
4462 29
4463 29
4464 19
4465 32
4466 32
4467 26
4468 36
4469 26
4471 14
4470 32
4472 23
4473 22
4475 33
4476 26
4477 32
4478 20
4474 73
4480 17
4479 45
4481 31
4483 26
4482 53
4484 46
4485 32
4486 51
4487 45
4489 20
4488 46
4491 16
4490 32
4492 23
4493 20
4494 25
4495 31
4496 20
4497 36
4498 29
4499 29
4501 17
4502 26
4503 22
4500 61
4504 30
4505 27
4506 20
4507 26
4508 17
4509 17
4510 14
4511 29
4512 29
4513 32
4514 20
4515 23
4516 26
4517 17
4518 20
4519 26
4521 26
4520 41
4522 26
4523 29
4524 29
4525 40
4526 29
4527 23
4528 35
4529 23
4530 26
4531 26
4532 29
4533 23
4534 20
4535 29
4536 32
4537 32
4538 26
4540 23
4539 45
4542 23
4541 51
4543 32
4544 28
4545 29
4546 19
4547 30
4548 37
4549 26
4550 29
4551 32
4552 26
4553 29
4554 29
4555 23
4556 23
4557 47
4558 41
4559 32
4560 23
4561 35
4562 26
4563 34
4564 29
4566 23
4567 20
4565 61
4568 35
4569 47
4570 29
4572 23
4573 17
4571 52
4574 32
4575 32
4576 26
4578 26
4579 28
4577 51
4580 23
4581 29
4582 39
4584 26
4583 46
4585 20
4587 14
4586 58
4588 32
4589 26
4590 29
4592 22
4591 47
4593 23
4594 29
4595 32
4596 34
4597 20
4599 17
4598 29
4600 19
4601 23
4602 32
4603 43
4604 32
4605 23
4606 29
4607 32
4609 17
4608 29
4610 47
4611 35
4612 37
4613 32
4614 23
4615 37
4616 26
4617 58
4618 40
4619 32
4620 29
4623 23
4621 49
4622 40
4624 42
4626 26
4625 41
4627 26
4628 20
4629 26
4630 26
4631 23
4632 17
4633 32
4634 23
4636 26
4635 42
4637 23
4638 30
4639 26
4640 26
4641 26
4643 17
4642 35
4644 31
4645 41
4646 42
4647 34
4648 26
4649 20
4650 32
4651 23
4652 23
4654 17
4653 42
4655 42
4656 41
4658 23
4657 48
4660 23
4659 44
4662 23
4661 50
4663 35
4664 29
4666 22
4665 51
4667 29
4668 20
4669 17
4671 38
4670 49
4672 35
4673 28
4674 34
4676 18
4675 44
4677 26
4678 26
4680 11
4679 32
4681 28
4682 26
4684 17
4685 36
4683 59
4686 32
4687 22
4688 37
4689 29
4690 26
4691 43
4692 32
4694 16
4693 31
4695 31
4696 23
4697 23
4700 26
4699 45
4701 28
4698 66
4702 19
4703 17
4704 23
4707 17
4705 39
4706 38
4708 48
4709 43
4710 35
4711 23
4713 26
4714 22
4712 49
4715 29
4716 26
4717 25
4719 26
4718 39
4720 25
4721 29
4722 31
4723 26
4724 41
4725 32
4726 25
4727 25
4728 20
4729 28
4731 28
4730 42
4732 20
4733 25
4734 30
4735 23
4736 34
4738 28
4737 42
4740 29
4739 50
4742 20
4741 47
4743 23
4744 20
4745 28
4747 23
4746 45
4748 26
4749 29
4750 29
4751 26
4752 26
4753 43
4754 34
4755 31
4756 26
4758 31
4759 23
4760 26
4757 61
4762 29
4761 49
4764 26
4763 56
4765 31
4766 35
4767 20
4768 26
4769 26
4770 34
4771 32
4772 28
4773 41
4775 26
4774 43
4776 46
4777 29
4779 28
4778 44
4780 40
4782 23
4783 26
4781 52
4784 26
4786 32
4787 26
4785 57
4788 29
4789 34
4790 20
4791 20
4792 29
4793 36
4794 35
4795 19
4796 28
4797 20
4798 29
4799 35
4800 22
4801 19
4802 35
4804 37
4805 28
4806 28
4803 67
4808 19
4807 49
4810 23
4811 26
4809 51
4813 33
4812 53
4815 21
4814 46
4816 28
4817 17
4818 20
4819 20
4820 29
4821 26
4822 28
4823 23
4824 48
4825 32
4826 26
4827 26
4828 23
4829 34
4830 23
4831 23
4832 32
4833 20
4834 44
4836 26
4837 23
4835 56
4838 26
4839 32
4840 23
4841 27
4843 23
4844 26
4845 15
4842 49
4846 35
4847 42
4850 14
4848 59
4851 32
4852 23
4853 17
4849 59
4855 26
4854 45
4856 33
4858 26
4860 20
4857 61
4859 41
4861 22
4862 45
4863 29
4864 26
4865 28
4867 32
4866 49
4868 32
4869 41
4870 32
4871 32
4872 29
4874 42
4876 20
4873 66
4877 29
4875 65
4879 29
4880 45
4878 73
4882 33
4883 28
4881 51
4884 33
4885 22
4886 26
4888 17
4887 46
4890 26
4889 39
4892 30
4891 54
4893 29
4894 29
4896 27
4897 23
4895 50
4898 23
4899 35
4900 33
4901 20
4902 33
4905 17
4904 40
4906 26
4907 20
4903 73
4908 33
4909 26
4910 26
4911 35
4913 26
4912 47
4914 35
4915 26
4916 32
4918 26
4917 49
4919 38
4920 29
4921 23
4922 29
4923 29
4925 14
4924 36
4926 20
4928 26
4927 54
4930 28
4929 43
4931 23
4932 19
4933 26
4934 26
4935 26
4936 48
4937 31
4938 29
4939 32
4940 23
4941 24
4942 37
4943 28
4944 36
4945 28
4946 28
4947 26
4948 30
4949 26
4950 23
4951 33
4952 30
4953 41
4955 26
4954 41
4956 35
4957 20
4958 36
4959 28
4960 23
4961 27
4962 23
4963 20
4964 17
4965 28
4967 25
4966 46
4968 35
4970 31
4971 23
4969 51
4972 27
4973 28
4974 26
4975 36
4976 36
4977 22
4978 33
4980 38
4981 26
4979 67
4983 20
4984 29
4986 23
4982 72
4985 45
4987 35
4988 23
4989 27
4990 29
4991 31
4993 23
4992 45
4994 27
4995 20
4996 24
4997 30
4999 26
4998 39
5001 29
5002 25
5000 50
5003 26
5004 23
5005 20
5006 23
5007 31
5008 35
5010 17
5009 52
5011 32
5012 26
5013 31
5014 38
5015 23
5016 30
5017 29
5018 36
5020 27
5021 17
5019 54
5022 28
5023 26
5024 26
5025 32
5026 32
5027 23
5028 23
5029 26
5030 29
5031 35
5032 26
5033 17
5034 29
5035 26
5037 23
5036 40
5038 23
5040 29
5039 53
5041 32
5042 48
5043 35
5044 28
5045 25
5046 29
5047 23
5048 24
5049 23
5050 29
5051 32
5052 32
5053 29
5054 29
5055 29
5057 22
5058 17
5056 60
5059 35
5060 30
5061 38
5062 27
5063 32
5064 28
5065 29
5066 20
5067 35
5068 32
5069 26
5070 39
5071 45
5072 35
5073 26
5074 20
5075 26
5076 19
5077 20
5078 23
5079 31
5080 32
5081 26
5082 26
5083 29
5084 28
5085 27
5086 25
5088 28
5087 40
5089 20
5090 35
5091 35
5092 32
5093 26
5094 32
5095 33
5096 25
5097 23
5098 26
5099 43
5100 32
5101 35
5102 28
5103 26
5104 26
5105 22
5106 37
5107 32
5108 26
5109 29
5110 20
5111 20
5112 20
5113 28
5114 36
5115 26
5116 32
5117 26
5118 28
5119 20
5120 26
5121 29
5123 17
5122 29
5124 27
5125 32
5126 26
5127 30
5128 35
5129 35
5130 22
5131 20
5132 34
5133 23
5134 26
5135 23
5136 23
5138 28
5137 47
5139 25
5140 34
5141 19
5142 24
5143 29
5144 38
5145 26
5146 34
5147 43
5148 29
5149 29
5150 23
5151 28
5152 20
5153 32
5154 26
5155 40
5156 33
5157 30
5158 23
5159 22
5160 26
5161 28
5162 31
5163 20
5164 33
5165 20
5167 14
5166 49
5168 44
5169 32
5170 20
5172 27
5171 39
5173 26
5175 37
5174 54
5176 32
5177 23
5179 28
5178 48
5180 26
5181 34
5182 26
5183 17
5184 35
5185 23
5186 26
5187 29
5189 23
5188 46
5190 20
5191 29
5192 29
5193 28
5194 25
5195 42
5196 35
5199 27
5197 53
5198 42
5200 23
5202 23
5203 17
5201 41
5204 26
5207 23
5205 58
5206 45
5209 25
5210 25
5211 17
5208 54
5212 29
5213 29
5214 26
5215 20
5216 26
5217 20
5218 30
5219 20
5220 29
5222 29
5223 20
5221 52
5224 27
5225 25
5227 23
5226 40
5228 32
5229 28
5230 29
5231 31
5232 23
5233 37
5234 26
5235 32
5236 23
5237 23
5238 29
5239 29
5241 29
5243 38
5240 69
5242 51
5244 48
5245 47
5247 26
5248 30
5249 35
5250 32
5246 83
5251 48
5253 25
5252 39
5255 25
5256 48
5257 31
5258 26
5254 70
5259 31
5262 28
5260 56
5261 45
5263 27
5264 35
5265 23
5266 38
5269 17
5267 47
5268 46
5270 23
5271 23
5272 36
5273 31
5274 26
5275 23
5278 23
5276 51
5277 51
5279 32
5280 23
5281 26
5282 22
5283 26
5284 29
5285 30
5286 20
5287 26
5288 34
5289 29
5290 22
5291 32
5292 42
5293 38
5294 46
5295 32
5296 20
5297 23
5298 43
5299 31
5300 33
5301 23
5302 32
5303 32
5304 22
5305 26
5306 28
5307 29
5308 31
5309 23
5310 26
5311 20
5312 26
5313 20
5314 32
5315 26
5316 17
5317 32
5318 26
5319 22
5320 28
5321 26
5322 29
5324 38
5325 23
5323 49
5326 20
5327 37
5328 30
5329 31
5330 33
5332 17
5331 32
5333 32
5334 32
5335 29
5336 20
5337 33
5338 26
5339 32
5341 27
5340 47
5342 31
5343 33
5344 29
5345 29
5346 35
5347 34
5349 32
5350 34
5348 65
5353 22
5352 44
5354 22
5351 75
5355 32
5356 28
5358 32
5359 23
5357 56
5360 23
5361 43
5362 29
5363 28
5364 34
5365 30
5366 38
5367 31
5368 32
5369 25
5371 17
5370 29
5372 28
5373 23
5374 17
5375 20
5376 26
5377 26
5378 27
5379 20
5380 32
5381 25
5382 24
5384 14
5383 33
5385 20
5386 32
5387 23
5388 23
5389 20
5390 22
5391 20
5392 23
5393 29
5394 33
5395 40
5397 20
5398 29
5396 64
5399 48
5400 33
5401 26
5402 26
5403 33
5404 38
5405 20
5406 23
5407 33
5408 26
5410 16
5409 39
5411 23
5412 46
5413 32
5414 23
5416 35
5415 51
5417 36
5418 21
5419 37
5421 17
5420 31
5424 31
5425 23
5422 63
5423 49
5426 32
5427 34
5428 28
5429 26
5430 26
5431 14
5432 29
5433 23
5434 25
5435 23
5436 29
5437 38
5438 26
5439 29
5440 37
5442 23
5441 49
5443 29
5444 38
5446 17
5445 39
5448 22
5447 42
5449 23
5450 32
5451 43
5452 29
5454 28
5453 59
5456 29
5457 22
5455 53
5458 26
5459 26
5461 26
5460 46
5464 26
5462 50
5463 40
5465 34
5466 29
5467 26
5468 25
5469 29
5470 20
5472 18
5471 32
5473 33
5474 29
5475 26
5476 26
5477 22
5478 22
5479 30
5480 35
5481 30
5482 26
5484 28
5483 46
5485 26
5486 27
5487 20
5489 26
5490 25
5491 26
5488 60
5492 28
5493 26
5494 29
5495 19
5496 29
5497 32
5498 31
5499 30
5500 23
5501 22
5502 29
5503 26
5504 29
5505 20
5506 26
5508 23
5509 29
5510 33
5511 26
5507 73
5512 31
5513 28
5514 48
5516 28
5515 39
5517 22
5518 23
5519 26
5520 26
5521 35
5522 26
5523 67
5524 51
5525 48
5526 29
5527 49
5529 32
5528 54
5530 38
5531 32
5532 40
5533 31
5534 37
5535 20
5536 40
5537 37
5540 17
5538 47
5539 29
5541 29
5542 37
5543 23
5544 35
5545 25
5546 38
5547 35
5548 37
5549 20
5550 31
5551 21
5552 23
5553 35
5554 29
5555 34
5556 31
5557 28
5558 22
5559 23
5560 26
5561 33
5562 32
5564 26
5563 50
5565 29
5566 28
5567 46
5569 20
5570 26
5568 59
5572 23
5573 23
5574 37
5571 78
5577 23
5575 62
5576 58
5578 36
5579 52
5580 42
5582 31
5581 53
5584 20
5583 53
5585 41
5586 45
5587 29
5589 23
5590 25
5592 17
5591 35
5588 74
5593 23
5594 20
5595 23
5597 22
5598 26
5596 53
5599 20
5600 27
5601 25
5602 26
5603 23
5604 20
5605 38
5606 20
5607 23
5608 26
5609 22
5610 22
5611 23
5613 37
5612 54
5614 34
5615 26
5616 29
5617 38
5618 26
5619 25
5621 31
5620 49
5622 36
5623 29
5624 30
5625 23
5626 25
5627 32
5628 23
5629 26
5630 20
5631 23
5632 29
5633 26
5635 23
5634 46
5636 30
5637 29
5638 32
5639 37
5640 26
5641 19
5642 23
5643 38
5644 29
5645 20
5646 23
5647 28
5649 23
5648 56
5650 31
5651 23
5652 27
5653 29
5654 31
5655 20
5656 23
5657 34
5658 37
5659 29
5661 17
5660 38
5663 26
5662 48
5664 29
5666 35
5667 26
5665 57
5668 26
5669 32
5671 17
5670 45
5672 26
5673 27
5674 29
5676 19
5675 43
5677 35
5678 26
5679 25
5680 23
5681 25
5682 38
5683 28
5684 29
5685 26
5686 29
5687 34
5689 19
5688 42
5690 26
5691 23
5692 32
5693 29
5694 30
5695 29
5696 31
5697 27
5698 26
5699 22
5700 20
5701 32
5703 28
5702 49
5704 29
5706 20
5705 51
5707 29
5708 35
5709 20
5711 19
5710 46
5712 26
5713 34
5714 35
5715 32
5716 32
5717 29
5718 25
5719 17
5720 34
5721 29
5722 26
5723 32
5724 40
5725 29
5726 25
5727 26
5728 19
5729 28
5730 35
5731 23
5732 22
5733 23
5734 26
5736 27
5735 39
5737 38
5738 25
5739 34
5740 20
5741 26
5742 29
5743 23
5744 26
5746 23
5745 42
5747 29
5748 32
5749 29
5750 29
5751 20
5752 27
5753 34
5754 32
5755 26
5756 26
5757 22
5758 34
5759 29
5760 35
5761 26
5762 29
5763 32
5765 26
5764 48
5766 36
5768 38
5769 28
5770 23
5767 59
5772 23
5773 25
5771 52
5774 35
5775 36
5776 23
5777 26
5778 23
5779 46
5780 29
5781 28
5782 34
5783 23
5784 29
5785 28
5786 20
5787 36
5788 26
5789 23
5791 26
5792 28
5790 49
5793 25
5794 35
5795 20
5796 26
5797 29
5798 25
5799 30
5800 29
5801 35
5802 38
5803 22
5804 29
5805 32
5806 23
5807 29
5808 32
5809 31
5810 35
5811 35
5812 35
5813 29
5814 36
5816 17
5815 29
5818 23
5819 25
5817 51
5820 38
5821 24
5822 26
5823 31
5824 29
5825 37
5826 28
5827 29
5829 32
5828 51
5830 29
5831 20
5832 20
5833 26
5834 30
5835 23
5837 17
5836 38
5838 23
5839 29
5840 32
5841 23
5842 29
5843 35
5844 26
5845 26
5846 26
5847 14
5848 29
5849 29
5850 26
5851 31
5852 22
5853 41
5854 32
5855 35
5857 37
5856 53
5858 32
5860 17
5859 38
5861 35
5862 32
5863 33
5864 23
5865 26
5866 17
5868 35
5867 55
5869 32
5871 20
5870 39
5872 36
5873 23
5874 20
5875 26
5877 23
5876 45
5879 19
5878 44
5880 26
5881 31
5882 26
5883 26
5885 14
5884 39
5886 26
5889 23
5887 52
5888 52
5891 26
5892 24
5890 55
5893 24
5894 29
5895 23
5896 31
5897 32
5898 25
5899 29
5900 29
5901 26
5902 26
5903 34
5904 38
5905 26
5906 22
5907 17
5908 23
5909 32
5910 29
5911 31
5912 30
5913 42
5914 36
5915 23
5917 23
5916 40
5918 23
5919 20
5920 26
5921 14
5923 32
5922 49
5924 32
5925 33
5926 29
5927 33
5928 53
5930 32
5931 27
5932 35
5929 78
5933 31
5935 41
5936 30
5937 32
5934 70
5939 31
5938 49
5940 29
5941 27
5942 37
5943 26
5944 23
5945 32
5946 23
5947 35
5948 31
5949 23
5950 26
5951 35
5953 23
5954 17
5952 40
5955 23
5956 37
5957 22
5958 38
5959 26
5960 29
5961 27
5962 31
5963 41
5964 35
5965 29
5966 31
5967 43
5968 36
5969 25
5970 26
5971 26
5972 33
5973 37
5974 26
5975 31
5976 50
5977 49
5978 48
5980 20
5979 40
5981 26
5982 23
5983 23
5984 23
5985 26
5986 26
5987 43
5988 32
5989 23
5990 19
5991 28
5992 31
5993 32
5994 42
5995 29
5996 35
5997 32
5999 26
5998 40
6000 24
6001 48
6003 26
6002 46
6004 29
6005 32
6006 38
6007 23
6009 22
6008 47
6010 29
6011 35
6012 35
6013 43
6014 29
6015 19
6016 33
6017 40
6018 34
6019 23
6020 26
6021 26
6022 37
6023 41
6024 37
6025 25
6026 34
6027 32
6028 27
6029 32
6030 32
6032 26
6031 39
6033 20
6034 26
6035 27
6037 20
6036 43
6039 29
6040 26
6038 51
6041 39
6042 35
6043 31
6044 30
6046 17
6045 40
6048 14
6049 29
6050 46
6051 29
6052 27
6047 81
6053 23
6054 46
6055 31
6056 35
6057 29
6059 17
6058 34
6060 19
6061 14
6062 28
6063 26
6064 26
6065 34
6066 23
6067 19
6068 16
6069 29
6070 19
6071 35
6072 35
6073 26
6075 44
6076 32
6077 28
6074 63
6078 31
6079 20
6080 35
6081 34
6082 29
6083 33
6084 29
6085 29
6086 29
6087 29
6088 29
6089 26
6090 28
6091 37
6092 19
6093 43
6094 29
6095 30
6097 17
6096 32
6098 32
6099 28
6100 32
6101 28
6103 32
6104 20
6102 57
6105 26
6106 33
6107 25
6108 26
6110 17
6109 32
6111 44
6112 33
6113 23
6114 43
6115 32
6116 29
6117 29
6118 23
6119 34
6120 26
6121 26
6122 26
6123 29
6124 37
6125 28
6127 23
6128 23
6126 49
6129 28
6130 22
6131 35
6132 47
6134 31
6135 26
6133 55
6136 32
6138 32
6137 58
6139 42
6141 23
6142 22
6140 57
6143 25
6144 37
6145 20
6147 26
6146 52
6148 34
6149 20
6150 25
6151 28
6153 26
6152 39
6154 20
6155 30
6156 32
6157 35
6158 23
6159 26
6162 29
6160 62
6163 38
6164 29
6161 70
6165 35
6166 43
6167 35
6168 32
6169 45
6173 6
6170 54
6172 31
6174 11
6171 53
6175 31
6176 44
6178 24
6177 47
6180 38
6179 51
6181 31
6183 23
6184 32
6182 63
6187 20
6185 49
6188 26
6186 62
6191 23
6190 41
6189 60
6192 36
6194 30
6193 56
6197 29
6198 26
6196 53
6195 72
6199 29
6200 32
6201 50
6202 44
6204 26
6203 39
6205 26
6206 26
6207 26
6208 25
6209 35
6210 32
6213 28
6212 48
6214 32
6215 28
6211 86
6216 34
6217 34
6218 29
6220 29
6219 55
6221 45
6223 26
6222 56
6225 23
6224 45
6226 28
6227 42
6228 29
6229 29
6230 20
6231 32
6232 23
6233 23
6235 20
6237 26
6234 63
6236 51
6238 30
6239 31
6240 48
6241 41
6242 29
6243 45
6245 23
6244 46
6247 14
6246 32
6248 17
6249 26
6251 21
6250 43
6252 35
6254 28
6253 54
6255 31
6256 26
6257 26
6259 26
6258 41
6260 47
6262 20
6263 24
6264 23
6261 61
6266 35
6267 25
6269 17
6268 29
6265 75
6270 32
6271 47
6274 23
6272 51
6273 46
6275 26
6276 26
6277 20
6278 26
6279 36
6281 17
6283 26
6280 60
6284 28
6286 17
6282 61
6285 31
6287 23
6288 44
6291 26
6292 26
6289 61
6290 53
6293 47
6295 20
6297 17
6294 56
6296 31
6298 28
6299 28
6300 26
6302 26
6301 39
6303 28
6304 26
6305 29
6306 21
6307 28
6308 43
6309 30
6310 24
6311 23
6312 26
6313 30
6314 41
6315 34
6316 20
6318 26
6317 42
6319 23
6320 32
6321 46
6322 32
6323 29
6324 32
6325 29
6326 47
6328 22
6329 32
6330 31
6332 23
6327 85
6331 42
6333 35
6334 32
6337 25
6335 54
6336 54
6339 41
6340 32
6341 34
6343 17
6342 29
6338 79
6344 25
6345 45
6347 26
6346 39
6348 23
6349 26
6351 43
6353 20
6350 66
6354 28
6352 53
6356 28
6355 45
6357 25
6358 17
6359 29
6360 29
6361 28
6362 41
6363 32
6365 32
6367 35
6364 71
6369 19
6368 51
6371 38
6372 31
6370 59
6374 28
6366 109
6373 42
6375 41
6376 33
6377 38
6378 19
6380 40
6379 71
6381 56
6383 29
6382 58
6386 27
6384 50
6385 39
6387 34
6388 36
6389 28
6390 32
6393 28
6391 51
6392 44
6397 22
6394 60
6395 68
6398 47
6399 33
6400 27
6396 78
6402 30
6403 37
6401 60
6404 29
6406 20
6407 17
6405 43
6408 35
6409 25
6411 20
6413 17
6410 53
6412 52
6414 32
6415 37
6416 29
6417 34
6418 38
6419 27
6420 35
6422 32
6421 51
6424 20
6423 49
6425 38
6426 20
6427 38
6428 26
6429 23
6430 48
6431 29
6432 32
6433 26
6435 23
6434 44
6436 32
6437 35
6438 37
6439 38
6440 33
6441 30
6443 22
6444 35
6442 62
6445 29
6446 25
6448 17
6447 29
6449 26
6450 28
6451 38
6452 33
6453 45
6454 29
6455 21
6457 17
6456 37
6458 23
6459 23
6460 37
6461 25
6463 16
6462 38
6464 29
6465 23
6466 26
6467 36
6468 23
6469 29
6471 28
6470 39
6472 23
6473 20
6474 17
6475 14
6477 23
6476 45
6478 29
6479 26
6480 26
6481 35
6482 29
6483 32
6484 26
6485 17
6487 25
6486 43
6488 23
6489 19
6490 28
6492 14
6491 41
6493 32
6494 50
6496 39
6497 31
6495 60
6498 35
6499 26
6500 27
6502 27
6501 53
6503 34
6504 40
6506 23
6507 26
6505 55
6509 20
6508 45
6510 31
6511 25
6512 47
6513 29
6514 23
6515 26
6516 31
6517 39
6518 32
6519 26
6520 23
6521 23
6522 29
6523 23
6524 17
6525 28
6526 20
6527 34
6528 23
6529 28
6530 29
6531 36
6532 26
6533 17
6534 33
6535 36
6536 23
6537 32
6538 35
6539 29
6540 20
6541 23
6542 29
6543 35
6544 29
6545 23
6546 44
6548 34
6547 57
6549 39
6550 31
6552 32
6551 56
6553 32
6554 27
6555 28
6556 23
6557 14
6558 33
6559 26
6560 28
6561 29
6564 26
6562 54
6563 46
6565 29
6567 26
6566 49
6568 34
6569 23
6570 32
6571 53
6572 41
6574 28
6575 23
6573 49
6576 43
6578 26
6577 39
6579 23
6581 16
6580 34
6582 41
6583 31
6585 36
6586 23
6584 57
6588 23
6587 39
6589 37
6590 35
6591 38
6592 20
6593 28
6594 31
6595 29
6596 20
6598 17
6597 54
6599 34
6600 32
6601 32
6602 28
6603 25
6604 22
6605 22
6606 32
6608 14
6607 33
6609 29
6610 31
6611 32
6612 23
6613 37
6614 19
6615 26
6616 25
6617 28
6618 28
6619 33
6620 23
6621 28
6622 32
6623 23
6624 26
6625 38
6626 26
6627 29
6628 23
6629 31
6630 23
6631 22
6632 23
6633 20
6634 30
6636 29
6635 54
6637 29
6638 30
6639 32
6640 32
6641 29
6642 30
6643 31
6644 29
6645 20
6646 28
6647 14
6648 32
6649 26
6650 35
6652 25
6651 47
6653 25
6654 26
6655 27
6656 26
6657 36
6659 29
6660 26
6658 55
6661 23
6662 30
6663 28
6664 25
6665 35
6667 26
6666 40
6668 29
6669 32
6670 23
6671 29
6672 29
6673 25
6674 34
6675 29
6676 20
6677 29
6678 29
6679 26
6680 26
6681 31
6682 34
6683 31
6684 29
6685 23
6686 26
6687 44
6688 37
6689 25
6691 23
6690 47
6692 25
6693 32
6694 23
6695 33
6696 32
6697 32
6698 20
6699 11
6700 28
6701 32
6702 23
6703 25
6704 31
6705 37
6706 23
6707 22
6708 20
6709 28
6710 20
6711 30
6712 22
6713 30
6714 28
6715 29
6716 23
6717 38
6719 20
6720 23
6718 51
6721 23
6722 29
6723 25
6724 23
6725 26
6726 31
6727 34
6728 22
6729 22
6730 26
6731 19
6732 46
6733 34
6734 32
6735 26
6736 25
6737 48
6738 32
6740 22
6739 44
6741 22
6743 26
6742 46
6744 29
6745 34
6746 23
6747 17
6748 35
6749 32
6750 32
6751 28
6752 26
6753 47
6754 38
6755 20
6756 22
6757 38
6758 23
6759 26
6760 26
6761 31
6762 28
6763 23
6764 31
6765 22
6766 28
6767 25
6768 31
6769 35
6770 34
6771 26
6772 20
6773 29
6774 22
6775 31
6776 25
6777 28
6778 38
6779 25
6780 29
6781 28
6782 31
6783 19
6784 46
6786 23
6785 42
6787 32
6789 20
6788 39
6790 29
6791 23
6793 20
6792 40
6795 17
6794 32
6796 23
6797 23
6798 22
6799 32
6800 30
6801 23
6802 25
6804 24
6803 48
6805 20
6806 29
6807 37
6808 26
6809 34
6811 17
6810 31
6812 23
6813 20
6814 46
6815 36
6816 34
6817 29
6818 23
6819 17
6820 36
6821 22
6822 24
6823 29
6824 29
6825 23
6826 46
6827 32
6828 19
6829 25
6831 31
6833 19
6832 42
6834 28
6835 20
6830 81
6836 33
6837 29
6838 26
6840 20
6841 33
6843 20
6839 72
6842 44
6844 28
6845 20
6846 34
6847 26
6848 47
6849 32
6850 26
6851 35
6852 23
6853 42
6854 32
6855 32
6856 26
6857 26
6858 48
6859 35
6860 20
6861 28
6862 33
6863 39
6864 30
6865 29
6867 37
6866 61
6868 46
6869 32
6870 20
6871 35
6872 38
6873 32
6874 20
6875 23
6876 31
6877 28
6878 35
6879 34
6880 23
6881 32
6882 28
6883 35
6884 45
6885 34
6886 22
6887 26
6888 26
6889 30
6890 20
6892 26
6891 45
6894 20
6895 23
6893 57
6896 42
6897 31
6898 22
6899 35
6900 23
6901 32
6902 29
6903 48
6904 35
6906 20
6907 21
6905 52
6908 37
6909 23
6910 26
6911 25
6914 26
6912 56
6913 46
6915 31
6916 29
6917 42
6918 32
6919 41
6921 26
6920 53
6922 35
6924 21
6923 53
6926 22
6925 53
6927 34
6928 31
6929 25
6930 29
6931 23
6932 26
6933 20
6934 25
6935 17
6936 29
6937 20
6938 42
6939 33
6940 32
6941 26
6942 23
6943 23
6944 20
6945 21
6947 16
6946 29
6948 14
6949 26
6950 29
6951 20
6952 20
6953 23
6954 26
6955 28
6956 37
6957 35
6958 23
6959 29
6960 25
6961 26
6962 20
6963 14
6964 20
6965 38
6966 20
6968 17
6967 31
6969 23
6970 26
6971 32
6972 29
6973 23
6974 32
6975 26
6976 38
6977 29
6978 23
6979 38
6980 25
6981 36
6982 26
6984 26
6983 41
6985 35
6986 25
6987 29
6988 32
6989 26
6990 23
6991 23
6992 35
6993 27
6994 20
6995 23
6997 21
6996 49
7000 26
6998 53
6999 39
7002 30
7001 54
7004 20
7003 57
7006 27
7005 49
7007 35
7008 29
7009 32
7010 36
7011 34
7012 34
7013 24
7014 32
7015 26
7016 32
7018 26
7017 41
7020 26
7021 16
7019 46
7022 31
7023 34
7024 20
7026 26
7025 56
7027 29
7028 46
7031 32
7030 56
7029 72
7033 30
7034 23
7032 50
7035 32
7036 34
7037 22
7038 23
7039 42
7040 29
7041 29
7042 26
7043 30
7045 23
7044 41
7046 35
7047 31
7048 30
7049 29
7050 29
7051 52
7052 48
7053 32
7055 26
7054 47
7056 36
7057 29
7058 27
7059 26
7060 33
7061 32
7062 22
7063 35
7065 41
7066 32
7064 62
7067 33
7068 47
7070 28
7069 57
7072 23
7071 47
7073 29
7074 48
7076 35
7075 50
7077 39
7078 43
7079 46
7080 29
7081 33
7082 48
7084 26
7083 48
7085 23
7086 23
7088 26
7087 47
7089 30
7090 35
7091 35
7092 29
7093 29
7094 25
7095 28
7096 28
7097 39
7098 32
7100 14
7099 29
7101 23
7102 29
7103 22
7104 29
7105 26
7106 26
7107 20
7108 25
7109 25
7110 16
7111 20
7112 29
7114 25
7113 39
7115 32
7117 23
7118 23
7119 17
7116 66
7120 22
7121 23
7122 29
7123 35
7124 38
7125 31
7126 26
7127 42
7129 39
7130 33
7128 62
7131 32
7132 26
7134 26
7133 39
7135 25
7136 29
7137 34
7138 42
7139 33
7140 20
7141 31
7142 20
7143 32
7144 29
7145 32
7146 31
7147 22
7148 20
7150 17
7149 51
7151 32
7152 29
7153 26
7154 28
7155 23
7156 17
7157 22
7158 32
7160 26
7161 26
7159 53
7162 28
7163 33
7164 29
7165 35
7166 24
7167 26
7168 25
7169 31
7170 34
7171 20
7172 26
7173 32
7174 35
7175 31
7177 28
7176 39
7178 37
7179 29
7180 33
7181 32
7182 28
7184 26
7183 54
7185 32
7186 40
7187 38
7188 23
7189 23
7190 33
7191 26
7192 32
7193 28
7194 30
7196 17
7195 35
7197 23
7199 26
7198 45
7200 28
7202 19
7201 42
7203 28
7205 30
7204 52
7206 42
7207 29
7208 26
7209 31
7210 27
7211 24
7212 35
7213 28
7214 28
7215 37
7216 20
7217 20
7218 35
7219 20
7220 24
7222 27
7221 40
7223 26
7224 31
7225 32
7226 36
7227 32
7228 29
7229 22
7230 22
7231 26
7232 26
7233 33
7234 29
7236 38
7235 52
7237 30
7238 28
7239 29
7240 34
7241 38
7242 35
7243 37
7244 33
7246 14
7245 29
7249 26
7247 55
7250 29
7248 59
7251 35
7252 48
7253 37
7254 26
7255 26
7256 20
7257 26
7259 35
7258 56
7261 23
7260 46
7262 38
7263 29
7264 35
7265 37
7266 35
7267 37
7268 32
7270 23
7269 40
7271 25
7272 24
7273 29
7274 26
7276 23
7277 25
7275 51
7278 26
7279 29
7280 26
7281 26
7282 31
7283 22
7284 35
7285 26
7286 38
7287 26
7288 28
7290 23
7289 50
7291 32
7292 29
7294 25
7293 39
7295 31
7297 37
7298 22
7299 25
7296 70
7300 35
7301 22
7303 23
7302 42
7304 26
7305 26
7306 29
7307 32
7308 37
7309 43
7310 31
7312 32
7311 51
7313 41
7314 31
7315 28
7316 23
7317 30
7318 41
7319 35
7320 30
7321 34
7322 34
7323 28
7324 40
7325 32
7327 32
7328 25
7329 11
7326 54
7330 32
7331 21
7333 23
7334 33
7335 35
7336 29
7338 20
7332 100
7339 47
7340 30
7337 75
7341 36
7343 14
7342 32
7344 37
7345 25
7346 33
7347 26
7349 23
7348 49
7350 30
7352 26
7351 46
7353 20
7354 20
7355 23
7356 40
7357 29
7358 30
7359 20
7360 31
7361 29
7362 29
7363 29
7364 37
7366 26
7367 23
7368 28
7365 62
7369 25
7371 20
7370 41
7373 25
7372 53
7374 32
7375 20
7376 29
7377 28
7378 28
7380 11
7379 57
7381 54
7382 40
7384 23
7383 41
7385 22
7386 21
7387 35
7388 20
7389 19
7390 30
7391 23
7392 26
7394 17
7393 31
7395 32
7396 32
7397 25
7398 23
7399 34
7400 22
7401 26
7402 27
7403 34
7404 43
7405 29
7406 36
7407 22
7408 31
7410 25
7409 39
7411 29
7412 23
7413 29
7414 26
7415 29
7416 35
7417 37
7418 29
7419 25
7420 19
7421 26
7422 26
7423 29
7424 29
7425 20
7426 34
7428 17
7427 32
7429 33
7430 27
7431 32
7432 35
7433 32
7434 20
7435 23
7436 23
7438 38
7437 50
7439 32
7440 31
7441 30
7442 28
7443 41
7444 32
7447 25
7445 51
7448 22
7449 25
7450 22
7451 20
7446 83
7452 20
7453 17
7454 23
7455 20
7456 31
7457 26
7458 40
7459 31
7461 26
7460 45
7462 30
7463 36
7464 26
7465 35
7466 29
7467 26
7468 32
7469 26
7470 23
7471 28
7472 23
7473 17
7474 20
7475 31
7476 23
7477 25
7478 27
7479 44
7480 29
7481 22
7482 36
7483 36
7484 32
7485 28
7487 39
7488 34
7486 60
7489 32
7490 38
7491 27
7492 26
7493 25
7494 32
7495 23
7496 33
7497 26
7498 26
7500 23
7499 48
7501 36
7502 30
7503 35
7504 33
7505 28
7506 36
7507 30
7508 23
7509 34
7511 22
7510 48
7512 26
7513 29
7514 37
7515 19
7516 31
7517 29
7518 32
7519 32
7520 27
7521 32
7522 29
7523 35
7524 28
7525 29
7527 23
7526 39
7528 38
7529 29
7530 35
7531 38
7532 29
7533 29
7534 23
7535 29
7537 14
7536 29
7538 32
7539 23
7540 35
7542 26
7541 41
7543 29
7544 29
7546 23
7547 14
7545 58
7549 20
7550 29
7548 66
7552 34
7551 58
7553 38
7555 23
7554 48
7556 33
7557 45
7560 18
7558 53
7561 23
7559 51
7562 31
7563 30
7564 26
7566 14
7565 32
7567 34
7569 26
7568 40
7570 32
7571 32
7572 29
7573 33
7575 17
7574 32
7576 26
7577 35
7578 47
7579 38
7581 23
7580 58
7582 32
7583 30
7584 29
7585 29
7587 21
7586 45
7588 36
7589 28
7590 31
7591 23
7593 26
7592 48
7594 34
7595 23
7596 23
7597 21
7599 31
7600 45
7601 29
7602 26
7598 79
7603 35
7604 32
7605 23
7606 32
7607 30
7608 20
7609 25
7611 17
7612 17
7610 45
7613 29
7614 29
7615 26
7616 26
7618 29
7619 26
7617 52
7620 33
7621 20
7622 25
7623 28
7625 26
7624 40
7626 26
7627 26
7628 22
7629 32
7630 26
7631 29
7632 23
7633 29
7634 29
7635 28
7636 26
7637 29
7638 27
7639 29
7640 34
7641 28
7642 27
7643 36
7644 35
7645 35
7646 26
7647 33
7648 38
7649 23
7650 26
7652 17
7651 29
7653 26
7654 17
7656 32
7657 23
7655 58
7658 27
7659 27
7660 17
7661 47
7662 48
7663 45
7664 32
7665 22
7666 27
7667 32
7668 35
7669 45
7670 34
7671 28
7672 16
7673 29
7674 29
7675 28
7676 26
7677 23
7678 54
7679 45
7680 47
7681 29
7682 32
7683 32
7684 36
7685 23
7686 35
7687 33
7689 25
7688 43
7690 25
7692 29
7693 32
7691 59
7694 29
7695 20
7696 28
7697 29
7698 35
7699 23
7700 35
7701 42
7702 29
7703 37
7704 23
7705 32
7706 35
7708 23
7709 20
7707 57
7710 25
7711 23
7713 20
7712 43
7715 29
7716 23
7717 26
7718 23
7714 69
7719 28
7720 32
7722 22
7723 28
7721 53
7724 31
7725 34
7726 29
7727 29
7728 27
7729 26
7730 25
7731 25
7732 20
7733 40
7735 23
7734 46
7736 40
7737 37
7738 28
7739 28
7741 23
7740 41
7742 20
7743 35
7745 17
7744 35
7746 26
7747 23
7749 23
7750 28
7748 53
7752 32
7753 23
7751 51
7754 25
7755 47
7757 20
7756 44
7758 34
7760 33
7759 51
7761 33
7762 29
7763 36
7764 29
7765 32
7766 23
7767 30
7768 29
7769 36
7770 34
7771 26
7772 34
7775 23
7774 43
7776 23
7773 72
7777 29
7778 33
7780 28
7779 42
7781 47
7782 29
7783 26
7784 22
7785 39
7786 29
7787 29
7788 25
7790 32
7789 51
7791 30
7794 37
7795 25
7792 70
7793 59
7797 37
7798 26
7796 51
7799 34
7801 22
7800 49
7803 34
7802 51
7804 30
7805 31
7806 41
7807 31
7808 22
7809 25
7810 29
7811 23
7812 28
7813 25
7814 32
7815 35
7816 29
7817 37
7818 29
7819 28
7820 20
7821 25
7822 29
7823 28
7824 36
7825 29
7826 23
7827 20
7828 20
7829 32
7831 28
7830 43
7832 23
7834 22
7835 26
7833 59
7837 20
7836 52
7838 29
7839 23
7840 42
7841 51
7842 43
7845 26
7843 49
7846 25
7844 54
7847 36
7851 14
7848 56
7849 47
7852 25
7850 59
7853 44
7854 29
7855 29
7856 39
7857 38
7859 17
7858 35
7860 32
7861 35
7862 29
7863 29
7865 11
7866 26
7864 58
7867 29
7868 38
7871 28
7869 55
7870 39
7872 27
7873 29
7874 25
7875 48
7877 35
7876 52
7879 26
7878 48
7881 29
7882 28
7883 29
7880 71
7884 32
7886 36
7885 49
7887 35
7888 41
7889 32
7892 35
7891 50
7893 31
7894 25
7890 77
7895 33
7897 28
7896 41
7898 20
7899 31
7900 22
7901 33
7902 20
7903 32
7904 35
7905 29
7906 28
7907 35
7908 39
7909 37
7910 23
7911 29
7912 33
7914 32
7913 52
7915 36
7916 34
7917 29
7918 28
7919 26
7920 40
7921 31
7922 23
7923 53
7926 22
7924 49
7927 32
7928 28
7925 59
7929 37
7930 31
7931 41
7933 26
7932 39
7934 47
7935 33
7936 32
7937 31
7939 23
7940 27
7938 52
7941 20
7943 28
7942 42
7944 25
7945 40
7946 47
7947 45
7948 31
7950 32
7949 59
7952 32
7951 56
7953 40
7954 38
7955 38
7956 32
7957 25
7958 47
7959 29
7960 26
7963 28
7962 39
7964 23
7961 62
7965 23
7966 38
7967 36
7969 26
7968 39
7970 20
7971 38
7972 26
7973 26
7974 31
7976 20
7975 60
7979 26
7977 58
7978 48
7980 22
7981 33
7982 30
7983 23
7984 33
7985 35
7986 42
7987 29
7988 23
7990 26
7989 39
7991 35
7992 32
7993 23
7994 20
7995 33
7997 32
7996 53
7998 32
7999 36
8000 34
8001 38
8002 23
8003 25
8005 20
8004 40
8006 33
8007 25
8008 35
8009 37
8010 38
8011 31
8012 27
8013 25
8014 25
8015 28
8016 52
8017 51
8018 45
8020 28
8019 45
8021 29
8022 33
8024 26
8025 16
8023 41
8026 34
8027 27
8028 28
8029 32
8030 19
8031 29
8032 29
8033 32
8034 32
8035 23
8036 23
8037 26
8038 31
8039 29
8040 38
8041 32
8042 36
8043 32
8044 32
8045 23
8046 29
8047 37
8048 25
8049 32
8050 34
8051 29
8052 33
8053 20
8054 34
8055 26
8056 33
8057 32
8058 41
8059 32
8060 45
8061 29
8062 23
8063 30
8064 26
8065 31
8066 31
8067 26
8068 26
8069 31
8070 26
8071 29
8072 29
8073 29
8074 38
8075 21
8076 28
8077 27
8078 32
8079 42
8080 31
8081 24
8082 35
8083 26
8084 27
8085 36
8086 34
8087 33
8088 26
8089 40
8092 22
8090 50
8091 46
8093 32
8094 26
8095 23
8096 34
8097 26
8098 26
8099 25
8101 17
8100 29
8102 33
8103 29
8104 26
8105 23
8106 32
8107 30
8108 20
8110 16
8111 26
8109 65
8112 35
8113 31
8115 25
8116 26
8114 61
8117 35
8118 29
8119 33
8120 42
8121 29
8123 17
8122 29
8124 35
8125 32
8126 20
8127 38
8128 26
8131 19
8129 53
8130 40
8132 23
8133 44
8134 29
8135 46
8136 31
8138 32
8139 28
8137 60
8140 35
8141 23
8142 26
8143 29
8144 34
8145 33
8146 47
8147 32
8148 29
8149 26
8150 47
8152 28
8151 42
8153 24
8154 26
8155 32
8156 26
8157 35
8158 34
8159 23
8160 29
8161 37
8162 20
8163 20
8164 26
8165 31
8166 32
8167 31
8168 36
8169 40
8170 32
8171 31
8172 26
8173 26
8174 28
8175 23
8176 38
8177 29
8178 26
8179 33
8180 29
8181 29
8182 32
8184 28
8183 47
8185 34
8186 23
8187 35
8188 37
8189 23
8190 39
8191 29
8192 37
8193 35
8194 26
8195 35
8197 34
8198 26
8199 17
8196 50
8200 27
8201 35
8202 26
8203 25
8204 23
8205 20
8206 26
8207 32
8208 20
8209 17
8210 28
8211 35
8212 35
8213 29
8214 29
8215 47
8216 30
8217 29
8218 32
8219 32
8220 25
8221 35
8222 26
8223 29
8224 33
8225 32
8226 25
8227 31
8229 23
8230 26
8228 59
8231 32
8232 34
8235 34
8233 65
8234 55
8238 31
8236 64
8237 55
8239 37
8240 40
8241 33
8242 20
8243 32
8244 24
8246 28
8245 43
8247 19
8249 17
8248 34
8250 33
8251 20
8252 20
8253 26
8254 25
8255 34
8256 31
8258 25
8260 17
8257 49
8259 31
8261 23
8262 29
8263 26
8264 34
8265 32
8266 26
8267 35
8268 25
8269 26
8270 35
8271 29
8272 20
8274 29
8273 55
8275 29
8276 41
8277 33
8278 24
8280 14
8279 31
8281 32
8282 23
8283 23
8284 17
8285 29
8286 29
8287 38
8288 23
8290 26
8289 39
8291 26
8292 29
8293 34
8294 25
8295 32
8296 29
8297 28
8298 35
8299 25
8300 35
8301 32
8302 23
8303 17
8304 38
8305 34
8306 22
8307 25
8308 17
8309 22
8310 28
8311 28
8313 29
8314 20
8312 54
8316 17
8315 31
8317 39
8319 28
8318 40
8321 23
8320 39
8322 26
8323 27
8324 20
8325 29
8326 30
8327 23
8328 35
8330 25
8331 32
8332 31
8333 28
8329 77
8334 40
8335 29
8337 25
8336 40
8338 25
8339 31
8340 29
8341 38
8343 32
8342 52
8344 30
8345 32
8346 23
8347 32
8348 32
8349 32
8350 28
8351 23
8352 37
8353 20
8354 28
8355 35
8356 36
8357 29
8358 23
8359 31
8360 20
8361 23
8362 41
8363 37
8364 35
8365 19
8368 17
8367 32
8366 55
8369 26
8370 24
8371 29
8372 26
8373 24
8374 21
8375 29
8376 25
8377 25
8378 29
8379 26
8380 39
8382 29
8384 23
8381 69
8385 31
8383 66
8386 29
8387 31
8388 32
8389 23
8390 28
8391 34
8392 25
8393 28
8394 32
8395 41
8397 30
8396 52
8398 33
8399 29
8400 25
8401 17
8402 20
8404 29
8405 23
8403 65
8406 32
8407 29
8408 33
8409 23
8410 31
8411 24
8412 31
8414 26
8413 50
8415 31
8416 26
8418 23
8419 20
8417 59
8421 27
8422 30
8420 60
8423 34
8424 26
8426 25
8425 40
8427 32
8428 26
8429 23
8430 28
8432 26
8431 47
8433 35
8435 29
8436 24
8434 54
8437 23
8438 24
8440 27
8439 46
8441 29
8442 26
8443 28
8444 35
8445 34
8446 20
8447 29
8448 29
8449 43
8450 40
8451 29
8452 36
8453 23
8454 26
8455 25
8456 43
8457 38
8458 31
8459 25
8460 41
8461 29
8462 26
8463 29
8464 29
8465 34
8466 26
8467 29
8468 47
8469 29
8470 26
8471 17
8472 37
8473 29
8474 31
8475 28
8477 36
8476 55
8479 23
8478 49
8480 32
8481 26
8482 26
8483 38
8484 25
8485 17
8487 36
8486 51
8488 36
8489 20
8490 20
8491 29
8492 45
8493 31
8494 23
8495 48
8496 29
8497 38
8498 29
8499 26
8500 35
8501 27
8502 26
8503 37
8504 28
8505 38
8506 26
8507 26
8508 26
8509 29
8510 33
8512 20
8511 45
8513 28
8514 38
8516 20
8515 54
8518 31
8519 23
8517 56
8520 32
8521 33
8522 29
8524 31
8525 32
8526 23
8523 66
8527 22
8528 36
8529 20
8530 46
8531 29
8532 26
8533 23
8534 29
8535 26
8536 27
8537 28
8538 34
8539 26
8540 31
8541 32
8542 25
8543 25
8544 32
8546 29
8545 51
8547 42
8548 31
8549 23
8550 17
8551 20
8552 26
8553 32
8554 20
8556 17
8555 45
8557 31
8560 17
8558 39
8559 34
8561 22
8562 38
8563 28
8564 35
8565 20
8566 31
8567 47
8568 32
8569 32
8570 39
8571 30
8572 26
8573 22
8574 24
8575 29
8576 38
8577 26
8578 32
8579 32
8580 26
8581 25
8582 26
8583 26
8584 35
8585 29
8587 26
8586 41
8588 29
8589 32
8590 23
8591 36
8592 26
8593 20
8594 27
8596 29
8597 23
8595 49
8599 20
8598 41
8600 37
8602 30
8601 58
8603 29
8604 31
8605 32
8606 26
8608 32
8609 32
8610 26
8607 59
8611 28
8612 32
8613 28
8614 26
8615 29
8616 23
8617 26
8618 44
8620 20
8619 41
8621 19
8622 27
8623 34
8624 29
8625 19
8627 31
8628 23
8626 49
8629 29
8630 26
8631 28
8633 20
8632 47
8634 22
8635 23
8636 26
8637 33
8638 28
8639 28
8640 20
8641 25
8642 20
8643 17
8644 39
8645 29
8646 25
8647 33
8648 28
8649 34
8650 33
8651 45
8652 33
8653 25
8654 40
8656 33
8655 55
8657 30
8658 31
8659 25
8661 26
8660 48
8662 29
8663 26
8664 38
8665 49
8667 30
8668 20
8666 50
8669 35
8670 29
8671 28
8673 11
8672 50
8675 28
8674 40
8676 29
8677 27
8678 36
8679 48
8680 32
8681 32
8682 32
8684 26
8683 51
8686 27
8687 31
8685 64
8688 29
8689 31
8690 26
8691 30
8692 29
8693 34
8694 21
8695 32
8696 35
8697 43
8698 31
8699 28
8700 29
8701 23
8702 31
8703 23
8704 33
8705 25
8706 29
8708 25
8707 46
8709 32
8711 20
8710 55
8712 34
8713 26
8714 32
8715 28
8716 29
8717 23
8718 25
8719 27
8720 25
8721 26
8722 39
8724 23
8723 58
8725 44
8727 53
8729 29
8730 23
8726 72
8732 18
8728 66
8731 32
8733 28
8734 29
8735 45
8736 29
8737 28
8738 32
8739 31
8741 38
8740 60
8742 45
8743 36
8744 31
8745 26
8746 29
8747 26
8749 14
8748 38
8750 34
8751 38
8752 28
8753 35
8754 23
8757 11
8756 36
8755 55
8759 40
8760 31
8761 28
8758 67
8762 35
8765 23
8763 49
8764 40
8766 25
8767 36
8768 25
8769 34
8771 28
8770 48
8774 17
8773 29
8772 54
8775 31
8776 26
8777 30
8778 31
8779 26
8780 25
8781 28
8782 25
8783 35
8784 26
8785 29
8786 30
8787 26
8788 23
8789 20
8790 20
8791 32
8792 23
8793 33
8794 29
8795 34
8796 32
8797 23
8798 26
8799 31
8800 19
8801 31
8802 26
8803 20
8804 22
8805 19
8806 35
8808 32
8809 29
8810 29
8811 25
8807 70
8812 32
8813 23
8814 35
8815 25
8816 32
8817 32
8818 25
8819 26
8820 31
8821 22
8822 29
8823 26
8824 29
8825 33
8826 33
8827 21
8828 22
8829 37
8830 23
8831 32
8832 34
8833 43
8834 29
8835 29
8836 37
8837 29
8838 28
8839 20
8841 25
8840 39
8842 26
8843 28
8844 20
8845 17
8847 25
8846 43
8848 36
8849 34
8850 26
8851 33
8852 23
8853 28
8855 23
8854 42
8856 23
8857 33
8858 35
8859 23
8860 38
8861 26
8862 33
8863 23
8864 26
8865 32
8866 30
8867 26
8868 26
8869 17
8870 22
8871 32
8872 29
8874 22
8875 28
8873 50
8876 21
8878 17
8877 30
8879 23
8880 23
8881 29
8883 28
8882 40
8884 31
8885 28
8886 22
8887 23
8888 32
8889 29
8890 31
8891 34
8892 28
8893 14
8894 39
8895 29
8896 28
8897 26
8898 37
8899 28
8900 30
8901 31
8902 31
8903 38
8904 32
8906 26
8905 40
8907 28
8908 32
8909 37
8910 36
8911 26
8912 27
8913 26
8914 51
8916 34
8915 57
8918 37
8921 28
8917 72
8920 43
8922 23
8923 14
8919 67
8924 30
8925 23
8926 23
8928 17
8927 50
8929 37
8930 39
8931 32
8932 26
8934 31
8935 26
8933 55
8936 43
8937 35
8938 26
8939 20
8940 30
8941 31
8942 26
8943 29
8944 35
8945 35
8946 23
8947 31
8948 32
8949 32
8950 23
8951 34
8952 29
8953 30
8954 31
8955 28
8957 29
8958 23
8956 63
8959 45
8960 29
8961 39
8962 32
8963 32
8964 31
8965 30
8966 32
8968 26
8967 58
8970 35
8969 53
8971 30
8972 35
8973 38
8975 22
8974 39
8977 16
8976 35
8978 25
8979 29
8980 34
8981 31
8982 20
8983 17
8984 23
8985 26
8986 36
8987 23
8988 28
8989 38
8990 36
8991 32
8992 23
8993 26
8994 29
8995 40
8996 30
8997 29
8998 26
8999 32
9000 38
9001 29
9002 40
9003 33
9004 26
9005 28
9008 17
9006 42
9009 26
9007 52
9010 23
9011 33
9012 23
9013 25
9015 20
9016 23
9014 58
9017 22
9018 28
9019 42
9021 29
9022 30
9023 20
9024 28
9020 74
9026 17
9025 29
9027 23
9028 34
9029 28
9030 25
9031 32
9032 32
9033 31
9034 48
9035 46
9036 48
9037 31
9038 22
9039 29
9040 37
9041 28
9043 31
9042 49
9044 29
9045 32
9046 34
9047 23
9048 32
9049 26
9050 25
9051 28
9052 29
9053 26
9054 29
9055 26
9056 26
9057 38
9058 35
9059 26
9060 31
9061 29
9062 24
9063 32
9064 23
9065 33
9066 28
9068 28
9067 49
9069 29
9070 41
9072 28
9073 23
9074 26
9071 64
9075 29
9076 20
9077 45
9078 39
9079 48
9080 35
9081 26
9082 37
9083 31
9085 23
9084 39
9088 20
9086 51
9089 25
9087 49
9090 32
9091 21
9092 29
9093 34
9094 29
9095 29
9096 25
9097 30
9098 35
9099 26
9100 29
9101 26
9103 26
9102 42
9104 25
9105 29
9106 32
9107 48
9108 38
9109 25
9110 29
9111 20
9112 26
9113 31
9114 23
9115 34
9116 27
9117 35
9118 32
9119 26
9121 23
9122 26
9120 53
9124 23
9123 40
9125 24
9126 34
9127 26
9129 35
9128 50
9130 48
9131 35
9132 43
9134 34
9135 23
9136 14
9133 73
9139 23
9137 49
9138 53
9140 39
9141 34
9142 45
9144 25
9145 29
9146 28
9143 69
9147 32
9148 22
9149 28
9150 29
9152 23
9151 42
9153 22
9154 34
9155 35
9156 29
9158 17
9157 33
9159 26
9161 32
9160 49
9162 42
9164 29
9163 56
9165 29
9166 34
9167 33
9168 31
9169 20
9170 28
9171 22
9172 23
9173 23
9175 30
9174 51
9177 26
9176 43
9178 26
9179 32
9180 28
9181 23
9182 28
9183 35
9185 45
9186 38
9187 26
9184 59
9188 32
9189 25
9190 23
9191 33
9192 43
9193 31
9194 20
9195 29
9196 22
9198 25
9197 39
9200 22
9199 48
9201 29
9202 33
9203 31
9204 35
9205 31
9206 23
9207 23
9208 30
9209 32
9211 23
9210 45
9213 20
9212 48
9214 31
9216 20
9215 48
9217 30
9219 23
9218 40
9220 34
9221 37
9222 36
9223 30
9227 28
9224 61
9226 39
9229 29
9225 86
9228 56
9232 17
9231 35
9230 63
9235 14
9233 48
9234 34
9236 35
9237 50
9238 49
9239 58
9240 42
9241 31
9242 24
9243 29
9244 20
9245 23
9246 38
9247 19
9248 26
9249 26
9250 32
9251 30
9252 26
9254 26
9255 31
9256 21
9253 65
9257 46
9259 19
9258 39
9261 29
9263 34
9262 53
9265 38
9266 26
9260 98
9264 50
9267 32
9268 26
9269 25
9271 41
9272 40
9273 40
9274 34
9270 84
9277 20
9276 47
9275 65
9278 35
9280 32
9281 31
9282 35
9279 69
9283 41
9285 48
9286 37
9284 59
9288 41
9289 31
9290 28
9287 59
9291 23
9292 46
9293 34
9294 34
9295 31
9296 20
9297 29
9298 37
9299 31
9300 34
9301 22
9303 28
9302 45
9304 31
9305 37
9306 20
9307 45
9308 33
9309 25
9310 47
9311 34
9312 23
9313 34
9314 26
9316 29
9318 17
9315 52
9317 32
9319 40
9320 34
9321 35
9322 29
9323 23
9325 17
9324 32
9327 36
9326 54
9328 29
9329 32
9330 33
9331 29
9332 19
9333 25
9334 23
9335 31
9337 32
9336 52
9338 41
9339 31
9340 25
9342 26
9341 40
9344 26
9343 40
9346 28
9345 60
9348 33
9347 50
9349 36
9350 38
9352 26
9351 42
9353 29
9355 29
9356 28
9354 55
9357 50
9360 29
9358 62
9361 29
9362 20
9363 35
9359 80
9364 39
9365 51
9367 32
9366 59
9368 47
9370 29
9371 26
9369 67
9374 27
9373 41
9375 37
9372 70
9378 27
9376 54
9377 44
9379 39
9380 29
9381 42
9382 39
9384 33
9383 54
9385 61
9387 41
9388 37
9386 77
9389 39
9390 35
9391 30
9393 25
9392 40
9394 35
9396 32
9397 20
9395 50
9398 33
9399 35
9401 35
9400 54
9402 34
9403 38
9404 43
9406 25
9405 48
9407 26
9408 36
9410 24
9409 39
9411 42
9412 32
9413 28
9414 24
9415 39
9416 37
9417 52
9419 29
9418 50
9420 36
9421 35
9422 32
9423 35
9424 26
9425 29
9426 38
9427 26
9428 29
9429 20
9430 25
9431 21
9432 45
9434 23
9433 39
9435 29
9436 32
9437 35
9438 31
9439 23
9440 38
9441 28
9443 35
9442 49
9445 26
9446 25
9447 26
9444 67
9448 25
9449 27
9450 25
9451 32
9452 30
9453 37
9454 20
9455 39
9456 32
9457 37
9458 29
9459 43
9460 37
9461 29
9462 36
9463 23
9465 29
9464 51
9467 28
9468 29
9466 64
9470 26
9469 40
9471 26
9472 33
9473 40
9474 41
9475 36
9476 26
9477 23
9478 31
9479 20
9480 25
9481 34
9482 21
9483 31
9484 23
9486 28
9485 43
9487 30
9488 23
9489 35
9490 30
9491 33
9492 29
9493 41
9494 31
9495 33
9496 31
9497 31
9498 33
9499 25
9501 23
9500 42
9502 29
9503 22
9504 29
9505 31
9506 23
9507 20
9508 31
9509 26
9510 26
9511 23
9512 30
9513 27
9514 28
9515 32
9517 20
9518 18
9516 48
9520 23
9519 42
9521 39
9523 30
9524 32
9525 20
9522 64
9527 26
9528 29
9526 59
9529 34
9530 29
9531 29
9533 26
9532 39
9534 20
9535 35
9536 26
9538 17
9537 38
9539 31
9540 34
9541 23
9542 29
9543 26
9545 25
9544 40
9546 39
9548 35
9549 32
9550 32
9547 78
9552 20
9551 56
9553 38
9554 31
9555 34
9556 37
9557 32
9558 51
9559 47
9560 33
9561 34
9563 29
9564 22
9562 51
9565 36
9566 24
9567 29
9568 32
9570 35
9571 28
9573 23
9574 14
9569 72
9572 41
9575 26
9576 35
9577 32
9579 28
9578 51
9580 31
9581 34
9582 26
9583 29
9584 29
9586 26
9585 44
9587 20
9589 24
9588 53
9590 31
9591 35
9592 29
9593 26
9595 28
9594 52
9596 33
9598 22
9597 53
9599 58
9601 29
9602 23
9600 52
9604 22
9603 46
9606 29
9605 58
9609 26
9607 52
9610 26
9608 54
9611 47
9612 35
9613 39
9614 29
9615 32
9616 30
9618 23
9617 47
9619 27
9620 32
9621 23
9622 34
9623 26
9625 26
9624 40
9626 42
9627 35
9628 36
9629 26
9631 25
9630 47
9632 28
9633 31
9634 35
9635 45
9636 29
9637 20
9639 21
9640 17
9638 54
9641 26
9642 26
9643 20
9644 31
9645 37
9647 32
9648 25
9646 57
9650 28
9653 16
9649 63
9652 32
9651 54
9654 33
9655 20
9659 28
9656 60
9657 51
9658 41
9660 32
9661 20
9662 32
9663 25
9664 32
9665 29
9666 28
9668 28
9667 46
9669 32
9670 20
9671 23
9672 23
9673 29
9674 35
9675 23
9676 33
9677 31
9678 27
9679 32
9681 26
9680 44
9682 29
9683 29
9684 26
9685 38
9688 28
9686 54
9687 48
9689 38
9690 29
9692 26
9693 17
9691 43
9694 17
9695 23
9696 23
9698 26
9699 29
9697 61
9700 31
9701 26
9702 35
9703 32
9705 27
9704 41
9706 29
9707 26
9708 37
9709 32
9710 23
9711 54
9712 49
9714 31
9715 23
9713 53
9716 46
9717 34
9718 20
9719 34
9720 29
9721 36
9722 23
9723 46
9724 30
9726 32
9727 26
9725 56
9728 43
9730 25
9729 42
9731 31
9732 29
9733 26
9734 17
9735 29
9736 34
9737 32
9739 18
9738 29
9740 31
9741 35
9742 32
9743 34
9744 23
9745 26
9747 28
9746 52
9748 44
9750 30
9751 46
9752 39
9754 22
9756 14
9753 53
9755 29
9749 100
9758 36
9757 51
9759 31
9760 32
9761 41
9762 37
9763 22
9764 55
9765 40
9766 38
9768 28
9769 27
9767 49
9770 26
9772 23
9773 20
9774 31
9771 73
9775 33
9777 17
9776 32
9778 34
9779 35
9780 39
9781 29
9782 26
9783 23
9784 32
9785 23
9786 26
9787 26
9788 35
9789 29
9790 34
9791 20
9792 32
9793 20
9795 34
9796 35
9794 59
9797 39
9798 32
9799 31
9800 39
9801 32
9802 38
9803 29
9805 32
9804 49
9806 29
9807 32
9808 34
9809 20
9810 31
9811 34
9812 36
9813 32
9815 14
9814 29
9816 40
9817 35
9819 16
9818 32
9820 29
9821 25
9822 28
9823 23
9824 26
9826 17
9825 34
9827 32
9828 33
9829 35
9830 34
9831 23
9832 37
9833 31
9834 49
9836 29
9835 57
9839 23
9840 26
9837 63
9838 61
9841 36
9843 23
9842 39
9844 30
9845 29
9846 33
9847 26
9848 32
9849 53
9851 29
9852 22
9850 52
9853 46
9855 32
9857 17
9854 57
9856 31
9859 31
9858 50
9860 46
9861 31
9863 26
9864 17
9862 49
9865 26
9866 34
9867 29
9868 35
9869 45
9870 37
9871 39
9872 29
9873 23
9874 29
9875 41
9876 37
9878 23
9879 23
9877 55
9880 36
9881 29
9882 27
9883 38
9884 26
9885 23
9887 33
9886 53
9888 35
9889 36
9890 21
9891 34
9892 33
9893 25
9894 23
9895 23
9896 32
9897 26
9898 32
9899 40
9901 32
9900 49
9902 33
9903 47
9904 33
9905 29
9906 34
9907 36
9908 26
9909 20
9911 26
9910 40
9912 44
9913 33
9914 25
9915 37
9916 29
9917 36
9918 22
9919 28
9921 16
9920 40
9922 40
9923 37
9924 35
9925 29
9927 22
9928 30
9929 23
9930 42
9931 33
9932 45
9933 31
9934 23
9935 32
9936 28
9938 17
9937 41
9939 26
9926 163
9940 42
9942 26
9941 39
9943 29
9944 31
9945 29
9946 28
9947 31
9948 20
9949 26
9950 26
9951 23
9952 17
9953 25
9954 37
9955 28
9956 39
9957 32
9958 23
9959 31
9960 23
9961 26
9963 31
9964 22
9962 57
9965 38
9966 24
9967 29
9968 26
9969 20
9970 26
9971 34
9972 26
9973 46
9974 29
9975 30
9976 29
9977 26
9978 25
9979 39
9980 38
9981 34
9982 31
9983 34
9984 34
9985 25
9986 32
9987 23
9988 26
9989 35
9990 36
9991 25
9992 25
9993 22
9994 32
9995 40
9996 29
9997 38
9998 38
9999 34
10000 33
10002 34
10003 23
10004 29
10005 28
10001 74
10006 27
10007 18
10008 23
10009 28
10010 36
10012 33
10013 27
10014 23
10011 63
10015 40
10016 36
10017 26
10018 23
10019 23
10021 23
10020 39
10023 32
10022 53
10024 44
10026 36
10029 14
10025 65
10027 44
10028 34
10030 34
10031 26
10032 31
10033 28
10034 32
10036 25
10035 43
10037 31
10038 32
10040 20
10041 26
10039 65
10042 40
10043 47
10044 40
10045 41
10049 17
10047 39
10048 31
10046 62
10050 21
10051 29
10052 41
10053 32
10054 43
10055 38
10056 38
10057 25
10058 29
10059 35
10060 20
10061 31
10062 20
10063 25
10064 33
10065 26
10067 26
10066 45
10069 35
10070 28
10068 61
10071 29
10072 35
10073 23
10074 23
10076 24
10075 45
10077 48
10078 35
10080 24
10079 45
10081 45
10082 38
10083 26
10084 34
10085 47
10087 25
10088 35
10089 26
10086 67
10090 26
10091 26
10095 17
10092 55
10093 45
10094 32
10096 23
10097 35
10098 36
10099 32
