100 21
101 20
102 20
103 19
104 26
105 30
106 23
108 18
107 32
109 19
110 17
111 20
112 20
113 12
114 22
115 17
116 32
117 33
118 23
119 36
120 22
121 20
122 30
123 20
124 28
125 20
126 21
127 14
128 17
129 38
130 23
131 19
132 16
133 25
134 19
135 19
136 14
137 17
138 33
139 23
140 20
141 11
142 20
143 17
144 19
145 17
146 33
147 20
149 17
148 36
150 14
151 36
152 26
153 36
155 17
154 35
156 19
157 17
158 20
159 20
160 14
161 26
162 20
163 22
164 20
165 19
166 20
167 20
168 23
169 27
170 26
171 33
172 36
173 20
175 17
174 36
176 34
178 17
177 37
179 20
180 25
182 14
181 30
183 20
184 17
185 26
186 20
187 14
188 20
189 23
190 14
191 36
192 20
193 11
194 26
195 17
196 37
197 26
198 23
199 14
200 14
201 34
202 20
203 31
204 23
205 20
206 37
207 20
208 14
209 17
211 17
210 31
212 29
213 20
215 20
214 39
216 28
217 37
218 20
219 35
221 20
220 40
222 23
223 20
224 11
226 26
225 42
228 17
227 38
229 23
230 17
231 20
232 17
233 34
234 40
236 20
235 39
237 20
238 23
239 23
240 20
241 14
243 17
242 29
244 20
245 39
246 30
247 32
248 20
249 34
250 44
251 34
252 20
253 20
254 20
255 35
256 20
257 20
258 20
259 20
260 17
261 20
262 20
263 23
265 11
264 37
266 30
268 14
267 32
269 14
271 16
270 35
272 23
273 14
274 23
276 17
275 34
277 37
278 23
279 40
280 39
281 36
282 20
283 26
284 20
285 26
286 37
287 36
289 26
288 42
290 23
291 34
292 19
293 20
295 17
297 8
294 43
296 26
298 23
299 23
300 23
301 31
302 23
303 20
304 27
305 27
306 17
307 27
309 8
310 17
308 40
311 26
312 17
313 20
315 14
314 32
317 26
316 43
319 17
318 39
320 23
321 32
322 26
323 20
324 26
325 14
326 17
328 17
327 33
329 35
330 23
331 35
332 29
333 23
334 26
335 17
336 37
337 20
338 20
341 14
339 47
340 40
342 23
343 26
344 26
346 14
345 38
347 31
349 23
348 47
350 20
351 20
352 17
353 17
354 20
355 14
356 23
357 17
358 20
359 20
360 33
361 20
362 20
363 20
364 20
366 23
365 46
367 20
368 20
369 26
370 17
371 20
372 14
373 17
374 20
377 23
375 54
376 46
378 23
379 23
380 20
381 17
382 20
383 17
384 36
385 20
386 23
387 20
388 34
389 26
390 20
392 17
393 17
391 42
394 14
395 20
396 20
397 36
398 20
399 20
400 17
401 23
403 20
402 41
405 23
406 26
404 53
407 26
408 28
410 17
409 37
411 26
412 17
413 20
414 41
415 29
416 23
417 23
418 17
420 27
422 8
419 45
421 20
424 20
423 39
425 23
428 8
426 35
427 20
429 20
430 17
431 20
433 26
432 40
434 20
435 17
437 26
436 39
438 23
439 23
441 23
442 17
440 50
443 20
445 17
446 17
444 48
447 17
448 14
449 20
450 17
451 26
452 23
453 25
455 20
454 42
456 23
457 29
458 20
459 20
460 23
461 20
462 26
463 23
464 20
465 20
466 11
467 23
468 23
469 20
470 20
471 20
472 20
473 32
474 23
475 20
476 20
478 17
477 32
479 17
480 27
482 26
483 17
481 39
484 25
485 23
486 20
487 17
488 14
489 20
490 20
491 26
492 20
493 20
494 29
496 11
497 14
495 46
499 14
498 33
500 26
501 26
502 17
503 23
504 20
505 26
506 17
507 37
508 23
509 26
510 20
511 23
512 23
514 14
513 33
515 23
516 14
517 17
518 23
519 26
520 23
521 20
522 17
523 20
524 33
525 23
526 36
527 20
528 23
529 33
530 20
531 23
532 23
533 34
534 20
535 17
536 17
538 17
537 29
539 23
540 26
541 23
543 17
542 40
544 20
545 17
546 20
547 14
548 23
549 23
550 23
552 17
551 47
553 20
554 20
555 14
556 29
557 23
558 26
559 14
560 32
561 20
562 11
563 14
564 33
565 20
566 23
567 20
568 31
569 28
570 20
571 14
572 26
573 29
574 26
575 26
576 20
577 27
578 23
579 14
580 23
581 26
582 20
583 26
584 26
585 20
586 23
587 29
588 26
590 23
589 49
591 30
592 32
593 32
594 20
595 20
596 23
597 20
598 26
599 23
600 20
601 23
602 17
603 23
604 14
606 28
605 47
607 23
608 26
609 23
610 26
611 20
612 36
613 20
614 17
615 26
616 26
617 23
618 23
619 23
620 26
621 37
622 31
623 23
624 34
626 20
625 43
627 26
628 23
629 23
630 29
631 26
632 17
633 23
634 14
635 20
636 20
637 23
638 14
639 29
640 26
641 17
642 18
643 20
644 20
645 17
647 23
646 42
648 23
649 29
650 23
651 20
653 11
652 39
654 20
655 14
656 23
658 17
657 29
659 23
660 17
661 17
662 17
663 20
664 38
665 29
666 20
667 17
668 14
669 29
670 26
671 26
672 29
673 23
675 23
676 11
674 45
677 23
679 14
678 38
680 20
681 20
682 29
683 20
685 17
686 17
687 26
684 66
688 26
689 20
690 23
692 14
691 46
693 26
694 20
695 31
696 20
697 20
698 20
699 26
700 23
701 26
703 23
702 42
705 36
706 26
704 51
707 26
708 20
709 14
710 20
711 41
713 20
712 47
714 26
715 23
716 14
717 23
718 20
719 23
720 23
721 17
722 26
723 17
724 23
725 17
728 17
726 42
727 29
730 17
729 32
732 26
733 26
734 17
731 54
735 20
736 17
737 17
738 20
739 23
740 14
741 23
742 23
743 20
744 26
745 37
746 23
747 14
748 23
749 20
750 20
751 28
752 20
753 26
754 26
755 26
756 26
757 26
758 23
759 20
760 20
761 32
762 20
763 23
764 23
765 17
766 23
767 27
768 23
769 29
770 20
771 20
772 23
773 23
774 20
775 17
776 25
777 20
779 17
778 32
780 26
781 17
782 20
783 20
784 11
785 29
786 26
787 20
788 23
789 11
790 23
791 17
792 26
793 20
794 23
795 29
796 20
797 20
798 27
799 17
800 20
801 14
802 14
803 14
805 23
804 46
806 20
807 17
808 20
809 17
810 23
812 14
811 44
813 20
814 23
815 17
816 29
817 26
818 26
819 26
820 28
821 20
822 17
824 23
823 42
825 29
826 36
827 23
828 26
829 29
830 41
832 26
831 47
833 23
834 26
835 20
836 29
839 26
837 51
838 50
840 38
841 23
842 17
843 34
844 29
845 23
847 17
846 37
848 26
849 26
850 20
851 32
852 29
853 29
854 23
855 26
856 26
857 26
858 23
859 20
860 17
861 17
862 23
863 26
864 17
865 23
866 19
867 26
868 20
870 17
869 49
871 34
872 20
873 20
874 26
875 17
876 23
877 20
878 23
879 26
880 17
881 20
882 23
883 23
884 23
885 17
886 33
887 23
888 35
889 32
890 47
892 23
891 43
893 23
894 19
895 11
896 20
897 23
898 29
899 45
900 29
902 20
901 42
903 26
904 14
905 23
906 34
907 23
908 23
909 20
910 26
911 20
912 20
913 17
914 23
915 23
916 26
917 20
918 17
920 17
919 38
921 35
922 20
923 32
924 20
925 34
926 20
927 36
928 20
929 20
930 17
931 23
934 14
932 47
933 44
935 23
936 23
937 35
938 23
939 26
940 26
941 26
942 14
943 14
945 26
944 44
946 20
948 20
947 39
949 20
950 26
951 26
952 26
953 26
954 29
955 20
956 20
957 26
958 20
959 23
960 14
961 26
962 26
963 23
964 23
965 23
966 26
967 17
968 20
969 20
970 23
971 26
973 17
972 29
974 20
975 23
976 27
977 35
978 26
979 20
980 19
981 23
984 17
982 45
983 32
985 23
986 14
987 20
989 23
988 51
990 29
991 20
992 20
993 29
994 23
995 29
996 23
997 20
998 20
999 38
1000 26
1001 20
1002 26
1003 29
1005 34
1004 58
1007 23
1006 48
1008 23
1009 14
1010 26
1011 29
1012 20
1013 26
1014 20
1015 17
1017 17
1016 50
1018 37
1019 23
1020 44
1021 29
1022 26
1023 23
1024 20
1025 17
1026 17
1027 30
1028 26
1029 32
1030 29
1031 20
1032 26
1033 26
1034 20
1035 23
1036 26
1037 26
1038 17
1039 23
1040 26
1041 35
1042 20
1043 23
1044 32
1046 26
1047 11
1045 51
1048 29
1049 26
1050 22
1051 20
1052 23
1053 26
1054 26
1055 23
1057 17
1056 29
1058 29
1059 27
1062 17
1061 29
1060 61
1064 26
1063 43
1065 26
1066 23
1067 26
1068 23
1069 17
1070 17
1071 29
1072 23
1073 34
1074 26
1075 20
1076 20
1077 23
1078 23
1079 20
1080 26
1081 29
1082 23
1083 17
1084 17
1085 37
1086 20
1087 36
1088 23
1089 20
1090 20
1091 23
1092 23
1093 23
1094 23
1095 26
1096 23
1097 17
1098 23
1099 26
1100 23
1101 29
1102 26
1103 29
1105 14
1104 29
1106 23
1107 17
1109 17
1108 29
1111 26
1110 41
1112 29
1113 44
1114 32
1115 42
1116 38
1117 29
1118 31
1119 20
1120 17
1121 29
1122 26
1123 32
1124 35
1125 20
1126 23
1127 14
1128 23
1129 23
1130 23
1132 17
1131 45
1134 22
1133 40
1135 41
1136 34
1137 20
1138 17
1140 32
1139 55
1141 36
1142 26
1143 29
1144 23
1145 11
1146 23
1147 26
1148 32
1149 26
1150 23
1151 23
1153 17
1152 29
1154 23
1155 23
1156 26
1157 26
1158 26
1159 20
1160 23
1161 26
1162 26
1163 32
1164 23
1165 26
1166 23
1167 20
1168 20
1169 23
1170 20
1171 26
1173 23
1174 26
1172 58
1175 23
1176 26
1177 32
1178 20
1179 23
1180 29
1181 25
1182 17
1183 29
1184 27
1185 23
1186 26
1187 29
1188 26
1189 17
1190 26
1191 26
1192 17
1193 23
1194 29
1195 23
1196 30
1197 26
1198 17
1199 17
1200 23
1201 23
1202 23
1203 29
1204 20
1205 23
1206 26
1207 26
1208 20
1209 23
1210 30
1211 23
1212 17
1213 29
1214 20
1215 17
1216 26
1217 29
1218 26
1219 29
1220 20
1221 23
1222 23
1223 17
1224 29
1225 29
1226 27
1227 20
1228 29
1229 23
1230 17
1231 26
1232 20
1233 26
1234 17
1235 20
1237 14
1236 47
1238 20
1239 20
1240 20
1242 20
1241 42
1243 23
1244 23
1245 17
1248 17
1246 45
1247 37
1249 29
1250 23
1251 20
1252 20
1253 17
1254 29
1255 32
1256 26
1257 20
1258 26
1259 26
1260 23
1261 29
1262 20
1263 20
1264 17
1265 20
1266 29
1267 23
1269 8
1268 23
1271 20
1270 49
1272 33
1273 29
1274 29
1275 35
1276 20
1277 23
1278 23
1279 29
1281 17
1280 29
1282 14
1283 23
1284 26
1285 23
1286 20
1287 20
1288 17
1289 14
1290 20
1292 23
1291 39
1293 29
1294 20
1295 20
1296 29
1297 20
1298 20
1299 29
1300 20
1302 26
1301 39
1303 34
1304 29
1305 32
1306 23
1307 23
1308 23
1309 20
1310 20
1311 29
1312 23
1313 20
1314 23
1315 17
1316 20
1317 23
1318 26
1319 20
1320 39
1321 29
1322 23
1323 26
1324 14
1325 26
1327 23
1326 40
1329 23
1330 17
1328 55
1332 20
1331 40
1333 20
1334 26
1335 20
1336 17
1337 26
1338 20
1339 24
1340 32
1341 23
1342 38
1343 26
1344 17
1345 17
1346 20
1347 26
1348 26
1349 20
1350 32
1352 17
1351 43
1353 29
1354 26
1355 20
1356 29
1357 26
1358 23
1359 20
1360 23
1361 29
1362 23
1364 20
1363 40
1365 26
1366 26
1367 23
1368 30
1369 20
1370 26
1371 32
1373 20
1372 39
1374 26
1376 29
1375 49
1378 20
1379 11
1377 57
1381 26
1380 41
1382 23
1383 36
1384 23
1385 35
1386 26
1388 20
1389 14
1387 43
1390 36
1391 26
1392 17
1393 35
1395 20
1394 49
1396 29
1397 32
1398 23
1399 26
1400 17
1401 32
1402 26
1404 24
1403 43
1405 23
1407 17
1406 36
1408 23
1409 29
1410 26
1411 26
1412 20
1413 32
1414 38
1415 32
1416 23
1417 29
1418 23
1420 23
1419 41
1423 20
1421 50
1422 47
1424 20
1425 36
1426 23
1427 29
1429 20
1428 46
1430 26
1431 35
1432 20
1433 31
1434 23
1435 28
1436 23
1437 43
1438 36
1439 23
1440 23
1442 20
1443 25
1441 55
1445 35
1446 20
1444 53
1448 26
1449 20
1447 53
1451 17
1450 29
1452 23
1454 20
1453 43
1455 32
1456 20
1457 20
1459 23
1458 48
1460 31
1461 26
1462 35
1463 51
1464 40
1465 32
1466 23
1467 29
1468 26
1469 46
1470 29
1473 17
1471 45
1474 20
1472 51
1475 20
1476 29
1478 20
1477 40
1479 26
1480 46
1481 35
1482 23
1483 23
1484 26
1486 26
1485 42
1488 20
1489 23
1490 14
1487 53
1491 32
1492 26
1494 23
1493 46
1495 20
1496 26
1498 17
1497 44
1499 26
1500 38
1501 23
1502 20
1503 20
1505 14
1504 43
1506 23
1507 20
1508 29
1509 32
1510 23
1512 14
1511 29
1513 21
1514 23
1515 17
1517 27
1516 45
1518 40
1519 46
1522 26
1520 55
1523 28
1524 17
1521 61
1525 24
1527 17
1526 51
1528 34
1529 29
1530 38
1532 36
1533 23
1534 23
1535 23
1536 27
1531 87
1537 20
1539 26
1540 17
1541 14
1538 57
1542 23
1544 11
1543 29
1545 26
1546 14
1547 44
1548 42
1549 41
1551 23
1550 42
1552 26
1555 17
1553 43
1554 44
1556 35
1557 29
1558 39
1560 26
1559 48
1561 29
1563 20
1562 42
1564 23
1566 17
1565 32
1567 35
1568 23
1570 17
1569 29
1571 17
1572 23
1573 26
1574 11
1575 37
1577 14
1576 30
1578 20
1581 23
1579 49
1582 23
1583 23
1580 65
1584 23
1585 36
1587 26
1586 44
1589 17
1588 45
1591 28
1590 43
1593 20
1592 45
1594 30
1595 47
1596 34
1597 25
1598 29
1599 20
1600 24
1601 32
1602 37
1603 20
1604 25
1605 31
1606 23
1607 31
1608 20
1609 31
1610 26
1611 26
1612 39
1613 29
1614 23
1615 32
1616 19
1617 26
1618 28
1619 31
1620 25
1622 19
1621 47
1623 34
1624 26
1625 28
1626 28
1627 23
1628 19
1629 32
1630 36
1631 29
1632 44
1633 29
1634 26
1635 44
1636 37
1637 36
1638 22
1640 26
1639 50
1641 29
1642 25
1643 23
1644 31
1645 20
1646 26
1647 23
1648 23
1649 23
1650 23
1651 28
1652 20
1653 23
1654 20
1655 20
1656 27
1657 36
1658 35
1659 26
1660 28
1661 20
1662 20
1663 32
1664 19
1665 22
1666 26
1667 23
1668 38
1669 28
1670 23
1671 35
1672 26
1673 28
1674 25
1675 35
1676 23
1677 36
1678 27
1679 17
1680 26
1681 29
1682 22
1683 31
1684 23
1685 38
1686 23
1687 17
1688 23
1689 11
1690 24
1691 14
1692 23
1693 25
1694 29
1695 23
1696 26
1697 42
1698 32
1699 23
1700 19
1701 26
1702 20
1703 23
1704 29
1705 23
1706 34
1707 26
1708 26
1709 23
1711 35
1712 20
1713 23
1710 68
1714 22
1716 17
1715 29
1717 20
1718 32
1719 29
1720 27
1721 26
1722 20
1723 35
1724 26
1725 29
1727 17
1726 29
1728 17
1730 28
1729 42
1731 26
1732 23
1733 26
1734 23
1735 26
1736 26
1737 28
1738 20
1739 20
1740 20
1741 23
1743 28
1742 39
1744 23
1745 26
1746 20
1747 33
1748 23
1750 17
1749 33
1751 23
1752 33
1753 19
1754 26
1755 32
1756 23
1757 20
1758 35
1759 26
1760 26
1761 20
1762 23
1763 14
1766 26
1767 17
1765 47
1764 59
1768 23
1769 25
1770 20
1771 19
1772 27
1774 26
1775 14
1773 47
1776 20
1777 23
1778 29
1779 20
1780 20
1781 23
1782 26
1783 26
1784 35
1785 23
1786 11
1787 32
1788 26
1789 26
1790 29
1791 23
1792 28
1793 32
1794 23
1795 17
1796 17
1797 23
1799 23
1798 42
1800 31
1801 28
1802 20
1803 38
1804 23
1805 26
1806 46
1807 29
1809 23
1808 48
1811 26
1810 42
1812 23
1813 23
1814 17
1815 25
1816 16
1817 29
1818 26
1819 36
1820 26
1821 20
1822 29
1823 22
1825 23
1824 48
1826 25
1827 17
1828 44
1829 37
1830 23
1831 23
1832 25
1833 22
1834 26
1835 20
1836 35
1837 22
1838 23
1839 23
1840 28
1841 22
1842 25
1843 23
1844 26
1845 35
1846 32
1847 23
1848 23
1849 37
1850 26
1851 26
1852 20
1853 20
1854 32
1855 26
1856 16
1857 20
1858 22
1859 48
1860 35
1861 23
1862 35
1863 26
1865 26
1864 43
1867 20
1866 43
1868 23
1869 23
1870 32
1871 26
1872 32
1873 48
1874 29
1875 28
1876 22
1877 35
1878 29
1879 23
1880 23
1881 23
1882 17
1883 23
1884 17
1885 23
1886 20
1888 26
1887 48
1890 14
1889 32
1891 11
1892 8
1893 20
1894 35
1895 20
1896 26
1897 20
1899 35
1900 23
1901 17
1898 55
1902 23
1903 32
1904 20
1905 47
1906 35
1907 20
1908 26
1909 31
1910 23
1911 23
1912 35
1913 23
1914 29
1915 33
1917 20
1916 39
1918 48
1919 29
1920 20
1921 32
1922 25
1923 23
1924 35
1925 23
1926 26
1927 29
1928 29
1929 22
1930 23
1931 26
1932 26
1934 19
1933 42
1935 38
1937 17
1936 29
1938 23
1939 19
1941 17
1940 31
1942 20
1943 42
1944 29
1945 23
1946 26
1948 17
1947 32
1949 22
1950 32
1951 23
1953 23
1952 43
1954 32
1955 39
1956 30
1957 32
1959 17
1958 32
1960 34
1961 23
1962 20
1963 24
1964 22
1965 29
1966 20
1967 32
1968 26
1969 26
1970 32
1971 27
1972 14
1973 20
1974 20
1975 17
1976 20
1977 20
1978 20
1980 26
1979 48
1981 20
1982 29
1983 26
1984 38
1985 26
1986 39
1987 36
1988 26
1989 20
1990 23
1991 20
1992 35
1994 16
1993 40
1995 23
1996 20
1997 32
1998 23
1999 26
2000 32
2001 23
2002 29
2003 28
2004 25
2005 29
2006 29
2008 26
2009 32
2010 20
2007 65
2011 25
2012 23
2014 45
2015 29
2016 26
2013 61
2017 22
2018 14
2019 29
2020 23
2021 19
2022 26
2023 20
2024 26
2025 20
2026 25
2027 23
2028 34
2029 20
2031 20
2030 43
2032 28
2033 32
2035 17
2036 20
2034 55
2037 26
2038 23
2039 23
2040 26
2041 35
2042 28
2043 28
2045 26
2044 51
2046 36
2047 28
2048 25
2049 26
2050 20
2051 26
2052 36
2053 30
2054 20
2055 29
2056 43
2057 31
2058 26
2059 26
2060 32
2061 26
2062 29
2063 20
2064 34
2065 29
2066 29
2067 29
2068 27
2069 23
2071 45
2070 63
2072 41
2074 26
2073 45
2075 45
2077 26
2078 23
2076 56
2080 19
2079 44
2081 20
2082 32
2083 34
2084 34
2085 32
2086 25
2087 29
2088 20
2090 26
2089 45
2092 26
2093 28
2091 52
2095 23
2096 23
2098 11
2094 66
2097 37
2099 32
2100 23
2101 26
2102 20
2103 23
2104 29
2105 29
2106 23
2107 44
2108 34
2109 23
2112 28
2110 58
2111 42
2113 22
2114 47
2115 46
2116 29
2117 32
2118 27
2119 32
2120 43
2121 29
2122 25
2123 34
2124 30
2125 23
2126 20
2127 42
2128 32
2129 32
2130 29
2131 26
2132 26
2134 14
2133 44
2135 20
2136 28
2137 22
2138 20
2139 32
2140 23
2141 23
2142 29
2143 29
2144 20
2145 29
2146 20
2147 26
2148 26
2149 28
2150 16
2152 17
2151 38
2153 31
2154 23
2157 8
2155 32
2156 32
2158 29
2159 33
2160 33
2161 25
2162 37
2163 32
2164 29
2165 39
2166 35
2167 23
2168 17
2169 29
2171 26
2170 46
2172 27
2174 24
2173 42
2175 26
2176 17
2178 26
2177 48
2179 23
2180 34
2181 23
2183 14
2182 37
2185 23
2184 44
2186 26
2187 29
2188 26
2189 26
2190 23
2193 23
2191 50
2192 48
2194 20
2196 17
2195 29
2197 26
2198 32
2199 29
2200 26
2201 25
2202 26
2203 35
2204 26
2205 26
2206 20
2207 38
2209 23
2208 40
2210 43
2211 45
2213 19
2212 39
2214 30
2217 26
2215 55
2219 17
2216 53
2220 35
2218 67
2221 51
2222 43
2223 32
2224 41
2225 43
2227 32
2226 61
2229 29
2230 24
2228 50
2231 30
2232 26
2233 47
2234 48
2235 43
2236 29
2237 38
2238 28
2239 25
2240 14
2241 20
2242 23
2243 26
2245 26
2246 17
2244 40
2247 37
2248 20
2249 29
2250 23
2251 17
2252 29
2253 32
2254 25
2255 23
2257 35
2258 19
2256 56
2259 29
2261 18
2260 31
2262 33
2263 37
2264 23
2265 20
2266 23
2267 23
2268 22
2269 29
2270 33
2271 29
2272 26
2273 29
2274 34
2275 22
2277 20
2278 23
2276 49
2279 20
2280 19
2281 44
2282 47
2283 33
2286 17
2284 39
2285 32
2287 25
2288 20
2289 34
2290 26
2291 29
2292 26
2293 17
2294 32
2295 29
2296 23
2297 29
2298 25
2299 32
2300 26
2301 26
2302 32
2303 22
2304 17
2305 17
2306 47
2307 32
2308 26
2309 26
2310 20
2311 17
2312 23
2313 26
2315 26
2316 17
2314 52
2317 44
2319 24
2318 45
2320 32
2321 23
2323 20
2322 46
2324 26
2325 28
2326 23
2327 29
2328 26
2329 38
2330 35
2331 28
2332 20
2333 29
2334 23
2336 20
2335 55
2337 31
2338 23
2339 29
2341 14
2340 29
2342 23
2343 29
2344 33
2345 20
2346 26
2347 23
2348 20
2349 34
2350 23
2351 20
2352 32
2353 29
2354 26
2355 23
2356 26
2357 24
2358 20
2359 20
2360 32
2361 26
2363 26
2362 42
2365 28
2366 17
2364 47
2367 29
2368 31
2369 22
2370 31
2371 26
2372 32
2373 20
2375 26
2376 28
2374 57
2377 20
2379 20
2378 49
2380 34
2382 25
2381 44
2383 26
2384 20
2385 23
2386 28
2387 20
2388 17
2389 29
2390 40
2391 45
2394 20
2392 58
2395 26
2393 54
2396 26
2397 32
2398 26
2399 30
2400 20
2401 26
2402 36
2403 23
2404 17
2405 19
2406 28
2407 26
2408 26
2409 20
2410 29
2411 22
2412 26
2413 44
2414 34
2415 25
2416 23
2417 25
2418 29
2419 20
2420 29
2421 26
2422 17
2424 23
2423 41
2425 26
2426 20
2427 32
2428 22
2429 23
2430 34
2431 26
2432 26
2433 20
2434 23
2435 32
2436 23
2437 29
2438 23
2439 29
2440 23
2441 29
2442 20
2443 32
2444 20
2446 17
2447 23
2448 26
2445 59
2449 29
2450 20
2451 27
2452 32
2453 20
2454 17
2455 23
2456 32
2457 25
2458 23
2459 23
2460 34
2461 29
2462 20
2463 28
2464 23
2465 44
2466 38
2467 28
2468 26
2469 26
2470 26
2471 23
2472 38
2473 35
2474 23
2475 17
2477 23
2476 42
2478 23
2479 20
2480 14
2481 47
2482 32
2483 26
2485 17
2486 23
2484 52
2489 17
2487 50
2488 39
2490 29
2491 20
2493 37
2494 23
2492 52
2495 34
2496 26
2497 23
2498 31
2499 29
2500 35
2501 23
2502 23
2504 17
2503 32
2505 26
2506 29
2507 20
2509 26
2508 39
2510 26
2511 29
2512 29
2514 17
2513 40
2516 34
2517 26
2515 54
2518 23
2519 20
2520 20
2521 23
2522 26
2524 14
2525 20
2523 55
2527 20
2528 17
2526 54
2529 35
2530 23
2531 26
2532 32
2533 26
2534 20
2535 23
2536 20
2538 23
2537 39
2539 32
2540 26
2541 29
2542 26
2543 26
2544 32
2545 36
2546 46
2548 25
2547 41
2549 29
2550 34
2551 23
2552 26
2553 20
2554 26
2555 29
2557 26
2558 28
2556 54
2559 23
2561 20
2560 41
2562 23
2563 28
2564 26
2565 30
2567 23
2566 49
2569 26
2568 40
2571 20
2570 44
2572 20
2573 26
2574 17
2575 17
2576 42
2578 26
2577 43
2579 20
2580 26
2581 32
2582 40
2584 23
2583 46
2585 25
2587 20
2586 40
2588 29
2589 23
2590 23
2591 23
2592 17
2595 17
2593 47
2596 20
2594 49
2597 23
2599 34
2600 23
2598 50
2601 26
2602 22
2603 32
2604 19
2605 20
2606 35
2608 22
2609 20
2607 61
2610 46
2611 29
2612 34
2613 26
2614 29
2615 26
2616 33
2617 32
2618 29
2619 29
2620 20
2622 28
2621 47
2623 29
2624 29
2625 35
2626 31
2627 23
2628 20
2629 28
2630 26
2631 26
2632 23
2634 14
2633 29
2635 34
2636 32
2637 23
2638 26
2639 35
2640 23
2641 29
2643 17
2642 32
2644 26
2645 41
2646 29
2647 23
2648 32
2649 26
2650 29
2651 46
2652 32
2654 26
2653 47
2655 38
2656 20
2657 29
2658 20
2659 41
2660 29
2661 39
2662 34
2663 23
2664 28
2665 40
2666 48
2667 30
2668 26
2670 14
2669 30
2671 32
2673 17
2672 32
2674 23
2675 33
2676 29
2678 26
2677 43
2679 23
2680 52
2681 44
2682 35
2683 23
2684 26
2685 29
2686 20
2688 26
2687 43
2689 29
2690 20
2691 34
2692 20
2694 17
2693 30
2696 25
2695 41
2697 23
2698 26
2699 23
2700 14
2701 35
2702 23
2704 20
2703 42
2705 26
2706 21
2708 8
2707 28
2709 32
2710 20
2711 29
2712 20
2713 14
2714 23
2716 23
2715 41
2718 25
2717 41
2719 28
2720 17
2721 29
2722 32
2723 23
2724 14
2726 23
2725 43
2728 23
2729 17
2727 45
2730 26
2731 21
2732 35
2734 14
2735 18
2733 58
2736 23
2737 32
2738 37
2739 23
2740 20
2742 26
2741 45
2744 29
2743 51
2745 29
2746 26
2747 23
2748 26
2750 14
2749 32
2751 23
2752 17
2753 29
2754 43
2755 34
2756 47
2758 28
2759 29
2760 29
2762 14
2757 80
2761 39
2763 47
2764 47
2765 31
2766 23
2768 28
2769 26
2767 63
2771 26
2770 43
2772 23
2773 29
2774 26
2775 46
2776 35
2777 33
2778 35
2780 32
2781 28
2779 51
2783 26
2782 50
2785 26
2784 47
2786 48
2787 29
2788 35
2789 23
2790 29
2792 23
2793 14
2791 40
2794 31
2795 32
2796 27
2797 20
2798 23
2799 31
2800 45
2801 36
2802 23
2803 44
2804 29
2805 32
2807 34
2808 29
2809 23
2806 65
2810 45
2811 41
2812 37
2813 32
2815 17
2814 33
2816 20
2817 30
2818 20
2819 29
2822 26
2820 53
2821 50
2823 29
2825 23
2826 17
2827 38
2828 29
2824 83
2829 32
2830 32
2831 29
2833 20
2832 57
2834 29
2835 26
2836 20
2838 28
2837 47
2839 48
2840 40
2841 38
2842 28
2843 25
2845 23
2844 43
2846 23
2847 23
2848 32
2850 35
2849 56
2851 29
2852 20
2855 17
2853 41
2854 34
2856 26
2857 20
2858 29
2859 29
2861 38
2863 17
2860 49
2862 29
2864 26
2865 31
2866 48
2867 42
2868 43
2870 23
2869 46
2872 41
2874 23
2871 60
2875 20
2873 49
2876 29
2877 29
2878 23
2879 26
2880 27
2881 29
2883 23
2884 20
2882 49
2885 32
2887 26
2886 47
2889 29
2890 37
2888 64
2893 23
2894 20
2891 66
2892 55
2895 31
2896 35
2897 37
2898 30
2899 23
2900 39
2901 37
2902 23
2903 25
2905 26
2904 57
2906 43
2907 29
2908 26
2909 25
2910 31
2911 29
2912 26
2915 26
2913 58
2914 44
2916 25
2917 32
2918 32
2919 26
2920 31
2921 20
2922 26
2923 25
2924 40
2925 36
2926 32
2927 26
2928 47
2929 38
2931 17
2930 34
2932 22
2933 33
2934 29
2935 28
2936 26
2937 34
2939 23
2940 30
2941 26
2938 59
2942 43
2943 30
2944 31
2945 27
2946 26
2947 23
2948 29
2949 31
2951 11
2950 38
2952 25
2953 17
2955 21
2954 52
2956 36
2957 23
2958 36
2959 26
2960 35
2961 23
2962 24
2964 23
2963 46
2965 27
2966 11
2967 26
2968 38
2969 30
2970 32
2971 24
2972 34
2973 32
2974 33
2975 41
2976 30
2978 28
2977 51
2980 26
2979 40
2981 23
2982 23
2983 26
2984 31
2985 23
2986 22
2987 24
2988 20
2989 30
2990 37
2992 23
2991 42
2993 28
2994 24
2995 35
2997 17
2996 29
2998 17
2999 27
3000 20
3001 23
3002 36
3003 29
3004 23
3005 26
3006 29
3007 37
3009 35
3010 20
3008 55
3011 32
3012 30
3013 20
3014 23
3015 23
3016 31
3017 36
3018 26
3020 38
3021 20
3019 62
3022 35
3023 26
3024 20
3026 26
3025 42
3028 20
3027 43
3029 29
3030 29
3031 32
3032 26
3033 29
3034 21
3035 26
3036 32
3037 23
3038 27
3039 20
3040 34
3042 26
3041 45
3043 26
3045 20
3044 41
3046 23
3047 23
3048 29
3049 29
3050 26
3051 31
3052 35
3053 27
3054 35
3056 20
3055 42
3057 23
3058 19
3059 20
3060 29
3061 23
3062 42
3063 39
3064 30
3066 26
3065 46
3067 29
3068 33
3070 23
3069 45
3071 32
3073 20
3074 23
3072 49
3075 20
3076 28
3077 40
3078 29
3079 23
3080 28
3081 31
3082 32
3083 29
3084 26
3085 38
3086 39
3087 29
3088 22
3089 23
3091 19
3090 48
3092 26
3093 22
3094 21
3095 26
3096 20
3097 32
3099 26
3098 40
3100 26
3101 26
3102 27
3103 29
3105 17
3104 32
3106 14
3107 35
3108 31
3109 36
3110 27
3112 14
3111 32
3113 29
3114 23
3116 27
3115 50
3117 45
3118 29
3119 34
3120 31
3121 32
3122 35
3123 29
3124 35
3125 26
3126 17
3127 26
3128 29
3129 31
3130 32
3131 26
3133 23
3132 45
3134 26
3135 29
3136 32
3137 23
3138 26
3139 30
3140 27
3141 32
3142 29
3143 20
3145 14
3144 32
3146 26
3147 26
3148 26
3149 38
3150 23
3151 32
3152 33
3153 46
3154 35
3155 20
3156 29
3158 17
3157 50
3159 29
3160 23
3161 38
3162 20
3163 26
3164 28
3165 23
3166 26
3167 20
3168 26
3169 20
3170 35
3171 32
3172 26
3173 22
3176 22
3174 56
3175 44
3177 29
3178 41
3179 40
3180 29
3181 20
3182 26
3183 31
3184 42
3185 32
3186 26
3188 20
3187 48
3189 49
3191 31
3192 28
3190 49
3193 25
3194 24
3195 35
3196 32
3197 23
3198 32
3199 31
3200 29
3201 29
3202 23
3203 29
3204 32
3205 20
3206 26
3207 26
3208 20
3209 32
3210 22
3211 20
3212 23
3213 20
3214 29
3215 23
3216 23
3217 26
3219 26
3220 20
3221 17
3218 56
3222 34
3223 48
3224 34
3225 26
3226 25
3228 23
3227 44
3229 26
3230 26
3231 23
3232 32
3233 20
3234 23
3235 29
3237 17
3236 45
3238 28
3239 34
3240 20
3242 26
3241 42
3243 34
3245 26
3244 52
3246 37
3247 23
3249 17
3248 32
3250 28
3251 28
3252 23
3253 23
3254 20
3256 29
3257 23
3255 51
3258 31
3259 32
3260 23
3261 32
3262 26
3263 29
3265 17
3264 29
3267 27
3266 49
3268 32
3269 29
3270 20
3271 26
3272 23
3274 14
3273 36
3275 28
3276 25
3277 26
3278 32
3279 42
3280 35
3281 26
3282 31
3284 20
3283 41
3285 29
3286 25
3287 42
3288 35
3289 20
3290 28
3291 30
3293 23
3292 41
3294 23
3295 38
3296 29
3298 23
3297 46
3299 29
3300 41
3301 32
3302 29
3303 29
3304 20
3305 26
3306 24
3307 26
3308 26
3309 26
3310 23
3311 26
3313 11
3312 52
3314 29
3315 26
3316 17
3317 14
3318 26
3319 29
3320 34
3321 26
3322 26
3323 29
3324 29
3325 35
3327 23
3326 48
3328 26
3329 29
3330 29
3331 22
3332 23
3333 22
3334 31
3336 14
3335 33
3337 25
3338 23
3339 31
3340 22
3341 31
3342 38
3343 26
3344 29
3345 38
3346 26
3347 35
3348 39
3349 29
3353 8
3352 22
3350 56
3351 54
3354 31
3356 20
3357 26
3355 50
3358 26
3359 20
3360 22
3361 23
3362 22
3363 23
3364 20
3365 26
3366 42
3368 23
3369 17
3367 47
3370 31
3371 23
3372 30
3374 20
3373 47
3375 44
3377 25
3376 44
3378 32
3379 26
3380 17
3381 44
3382 30
3383 22
3385 29
3386 25
3384 65
3387 29
3388 23
3389 23
3390 32
3391 35
3393 33
3392 51
3394 32
3395 32
3396 22
3397 26
3398 23
3399 20
3401 26
3400 41
3402 20
3405 19
3406 28
3403 62
3404 51
3407 23
3408 17
3409 49
3412 25
3410 52
3411 50
3414 23
3413 41
3415 19
3416 23
3417 30
3418 38
3419 23
3421 17
3423 17
3420 57
3422 30
3424 26
3425 46
3426 35
3427 29
3428 24
3429 26
3430 35
3431 23
3432 26
3433 31
3434 36
3435 23
3436 23
3437 46
3438 29
3440 23
3439 43
3441 26
3443 26
3442 39
3444 26
3445 25
3446 17
3447 23
3448 28
3449 29
3450 29
3451 25
3452 23
3453 26
3454 23
3455 25
3457 23
3456 52
3458 32
3459 36
3461 30
3462 23
3460 52
3463 29
3464 35
3465 32
3467 23
3466 44
3468 26
3469 48
3470 29
3471 26
3472 26
3473 29
3474 23
3475 21
3476 23
3477 23
3478 17
3479 23
3480 23
3481 26
3482 14
3483 32
3485 26
3484 45
3486 38
3488 26
3487 40
3489 32
3490 23
3491 23
3492 33
3493 29
3494 32
3495 32
3496 35
3497 20
3498 26
3499 29
3500 29
3501 26
3502 32
3503 32
3504 33
3505 32
3506 29
3507 26
3508 20
3509 23
3510 31
3511 22
3512 26
3513 24
3514 31
3515 25
3516 26
3517 20
3518 28
3521 11
3519 43
3520 43
3522 23
3523 28
3524 25
3525 46
3526 29
3527 35
3528 35
3529 23
3530 30
3531 36
3532 36
3533 23
3534 41
3536 25
3535 43
3538 25
3537 48
3539 23
3540 29
3541 25
3542 32
3543 23
3544 26
3545 23
3547 29
3546 52
3548 29
3549 26
3550 35
3551 35
3552 41
3554 28
3553 46
3555 26
3556 25
3557 23
3558 36
3559 23
3560 39
3561 29
3562 23
3563 26
3564 29
3565 26
3566 26
3567 26
3568 29
3569 29
3570 33
3571 47
3572 31
3573 20
3575 20
3574 42
3576 20
3577 41
3578 38
3579 23
3580 32
3581 29
3582 28
3583 39
3584 41
3585 40
3586 29
3589 23
3590 17
3587 51
3588 43
3591 43
3592 35
3593 23
3594 23
3595 26
3596 28
3598 23
3599 20
3597 54
3600 31
3601 22
3602 28
3603 34
3604 26
3605 31
3606 37
3608 18
3607 29
3609 23
3610 20
3611 34
3612 29
3613 42
3614 36
3615 23
3616 45
3617 36
3619 26
3618 48
3620 23
3622 26
3621 46
3623 32
3624 35
3626 21
3627 32
3628 29
3625 69
3629 29
3630 33
3632 17
3631 29
3633 23
3634 41
3637 22
3636 47
3639 20
3635 85
3640 30
3641 23
3638 64
3642 23
3643 20
3644 20
3645 20
3646 20
3647 32
3648 26
3649 37
3650 32
3651 25
3652 39
3653 36
3654 23
3655 29
3657 17
3656 29
3658 29
3659 32
3660 23
3662 23
3661 44
3663 32
3664 27
3665 29
3666 34
3668 20
3667 42
3669 22
3670 19
3672 26
3671 50
3673 32
3674 31
3676 17
3675 32
3677 23
3678 32
3680 14
3679 29
3681 20
3682 26
3683 38
3684 23
3685 26
3686 44
3687 46
3688 35
3690 28
3689 57
3691 29
3692 24
3693 20
3694 23
3695 23
3696 29
3697 26
3700 28
3698 56
3699 45
3701 20
3702 23
3703 26
3704 38
3705 26
3707 29
3706 49
3708 37
3709 29
3711 37
3712 23
3713 30
3714 26
3715 26
3710 89
3716 31
3717 26
3718 26
3720 29
3721 37
3719 62
3723 29
3724 26
3726 23
3722 73
3725 55
3728 35
3729 20
3727 58
3730 32
3731 20
3732 22
3733 20
3734 35
3735 23
3736 17
3738 35
3737 50
3739 32
3740 26
3743 26
3741 54
3742 43
3744 29
3745 28
3746 23
3747 29
3748 30
3750 26
3749 42
3751 26
3753 17
3752 30
3754 23
3755 29
3756 31
3757 45
3758 32
3759 23
3760 24
3761 23
3762 26
3763 36
3764 29
3765 26
3766 28
3767 25
3768 29
3769 31
3770 22
3771 20
3773 28
3772 46
3774 30
3775 27
3776 29
3777 29
3780 14
3778 39
3781 26
3779 50
3782 20
3783 34
3784 28
3785 27
3786 37
3788 20
3787 42
3789 30
3790 26
3792 28
3791 46
3793 32
3794 31
3795 26
3797 26
3796 44
3798 23
3799 36
3800 32
3802 16
3801 30
3803 23
3804 20
3805 37
3806 20
3807 26
3808 14
3809 29
3810 23
3811 29
3812 29
3813 38
3814 23
3815 23
3817 17
3816 42
3818 31
3820 17
3819 29
3822 19
3821 40
3823 38
3824 25
3826 26
3827 26
3825 50
3828 32
3829 29
3830 31
3832 26
3833 19
3834 26
3831 67
3835 26
3836 46
3837 29
3838 25
3840 20
3839 51
3841 29
3842 22
3843 17
3844 27
3845 26
3846 29
3847 26
3848 23
3849 32
3850 32
3851 26
3852 43
3853 40
3855 22
3854 43
3856 26
3857 29
3858 29
3860 17
3859 38
3861 20
3862 17
3863 26
3864 23
3865 25
3866 29
3867 26
3868 17
3869 38
3870 29
3871 26
3872 26
3873 32
3874 32
3875 26
3876 22
3877 37
3878 34
3879 26
3880 31
3881 25
3883 22
3882 45
3884 20
3886 23
3885 48
3887 22
3888 23
3889 27
3890 26
3892 32
3891 57
3894 26
3893 46
3895 32
3896 30
3897 31
3899 31
3898 57
3900 38
3901 25
3902 45
3905 20
3903 50
3906 29
3907 29
3909 26
3904 81
3908 46
3910 37
3911 23
3912 17
3913 29
3914 31
3915 37
3916 32
3917 19
3919 25
3918 48
3920 26
3921 26
3922 26
3923 23
3924 23
3925 23
3926 37
3928 20
3927 43
3929 38
3930 20
3932 14
3931 41
3933 33
3934 28
3935 31
3936 42
3938 32
3937 53
3939 32
3941 20
3940 40
3942 29
3943 23
3945 17
3944 29
3946 26
3947 43
3948 34
3949 26
3950 17
3952 23
3951 52
3953 43
3955 26
3956 23
3954 59
3958 28
3957 39
3959 23
3960 32
3961 29
3962 29
3963 29
3965 26
3966 23
3964 50
3967 29
3968 20
3969 29
3970 47
3972 23
3971 39
3973 32
3974 26
3975 28
3976 33
3977 20
3978 31
3979 26
3980 37
3982 20
3981 43
3983 32
3984 23
3985 20
3986 26
3987 29
3988 29
3989 26
3990 23
3992 26
3993 23
3991 50
3994 23
3996 29
3997 26
3998 23
3995 60
3999 29
4001 25
4000 42
4002 29
4004 26
4005 17
4003 53
4006 26
4007 29
4008 22
4009 43
4010 29
4011 23
4012 33
4013 19
4014 23
4015 47
4016 29
4019 26
4017 52
4020 25
4018 58
4021 32
4022 19
4024 30
4025 23
4023 55
4027 20
4026 48
4028 32
4030 26
4029 46
4031 38
4032 32
4033 22
4034 32
4035 29
4037 46
4038 29
4036 62
4039 29
4040 34
4041 27
4043 26
4044 29
4042 66
4045 42
4046 41
4047 46
4048 31
4049 55
4050 39
4051 31
4052 37
4053 29
4054 54
4057 20
4055 53
4058 20
4056 52
4060 29
4059 55
4061 33
4063 23
4062 39
4064 35
4065 23
4066 25
4067 14
4069 26
4068 47
4070 20
4071 38
4072 23
4075 6
4074 31
4076 32
4077 35
4073 86
4078 29
4079 26
4080 42
4082 20
4081 42
4085 11
4083 46
4086 20
4084 57
4087 35
4088 23
4089 35
4090 26
4091 27
4092 45
4093 29
4094 36
4096 26
4095 51
4098 23
4099 45
4100 37
4101 23
4097 86
4102 47
4103 30
4104 48
4106 26
4107 23
4105 49
4108 26
4109 31
4110 25
4112 23
4113 35
4114 24
4111 62
4115 32
4116 23
4117 28
4118 23
4119 54
4122 20
4120 50
4121 51
4123 46
4125 25
4124 44
4127 17
4126 35
4129 32
4130 29
4131 29
4132 32
4133 23
4128 81
4136 23
4134 49
4135 43
4137 24
4138 23
4139 23
4140 22
4141 34
4142 20
4144 22
4143 42
4146 29
4147 20
4150 14
4145 74
4148 54
4151 23
4152 20
4149 62
4153 29
4154 26
4155 36
4157 20
4158 36
4160 26
4161 20
4156 80
4159 56
4162 26
4163 29
4164 28
4165 25
4166 32
4167 26
4168 47
4169 35
4170 22
4172 29
4171 54
4173 40
4174 37
4175 33
4176 31
4178 26
4177 44
4180 20
4179 52
4181 31
4182 26
4183 29
4184 25
4185 38
4186 29
4187 34
4188 37
4189 33
4190 23
4191 30
4192 26
4193 37
4194 30
4195 20
4196 14
4197 17
4198 37
4199 30
4200 24
4201 29
4202 40
4203 32
4204 21
4205 23
4206 23
4208 22
4207 46
4209 38
4210 43
4212 25
4213 25
4211 56
4214 34
4215 29
4216 28
4217 30
4218 23
4219 22
4220 29
4221 35
4222 26
4223 23
4224 17
4226 29
4227 25
4225 52
4228 32
4230 23
4229 41
4231 26
4232 35
4233 26
4234 37
4235 28
4236 35
4237 36
4239 25
4240 26
4238 51
4241 24
4242 32
4243 31
4244 29
4245 36
4247 20
4246 44
4249 23
4248 48
4250 26
4251 26
4252 31
4253 23
4254 45
4255 34
4258 20
4256 55
4257 39
4259 29
4260 31
4261 34
4263 32
4265 16
4262 52
4264 32
4266 44
4268 29
4267 58
4269 31
4270 47
4271 31
4273 16
4272 34
4274 26
4275 29
4276 29
4277 25
4278 20
4279 29
4280 23
4281 29
4282 29
4283 23
4284 20
4286 23
4285 53
4288 20
4287 43
4289 38
4290 39
4291 35
4292 29
4293 34
4294 48
4295 29
4296 34
4297 35
4298 29
4299 32
4300 32
4301 26
4302 33
4303 36
4304 34
4305 22
4306 34
4308 32
4307 51
4309 31
4311 23
4310 44
4312 42
4313 32
4314 35
4316 26
4315 41
4318 33
4317 55
4319 35
4320 41
4321 36
4323 29
4324 23
4325 20
4322 65
4326 32
4327 26
4328 32
4329 29
4330 20
4331 26
4332 28
4333 29
4334 38
4335 32
4336 29
4337 20
4338 38
4339 37
4340 28
4341 23
4342 28
4344 14
4343 46
4345 20
4346 29
4348 23
4347 57
4349 33
4350 20
4351 28
4352 26
4353 36
4354 32
4356 22
4355 44
4357 26
4358 37
4359 29
4360 23
4361 29
4362 31
4364 28
4363 54
4365 36
4366 29
4367 26
4368 26
4369 38
4371 26
4370 48
4372 23
4373 17
4374 29
4375 23
4377 26
4378 38
4376 68
4380 26
4382 17
4379 54
4381 39
4383 36
4384 29
4385 28
4386 20
4387 34
4388 38
4389 20
4390 23
4391 37
4392 37
4393 20
4394 32
4395 20
4396 31
4397 23
4399 28
4398 39
4401 26
4400 50
4402 31
4404 23
4403 44
4405 29
4407 17
4406 44
4408 20
4410 22
4409 39
4411 29
4412 20
4413 29
4414 32
4415 35
4416 31
4417 26
4418 45
4419 35
4420 23
4421 33
4422 29
4423 20
4424 29
4425 26
4426 26
4427 14
4428 35
4429 23
4431 32
4432 29
4434 25
4430 78
4435 29
4436 23
4437 29
4433 87
4439 23
4438 39
4440 25
4441 41
4442 39
4444 36
4445 28
4443 52
4446 28
4447 31
4448 47
4449 37
4450 26
4451 25
4452 35
4453 33
4454 48
4455 32
4456 26
4458 31
4457 58
4460 23
4461 23
4459 52
4462 48
4464 35
4463 57
4465 37
4466 26
4467 26
4468 36
4469 21
4471 28
4470 40
4472 30
4474 20
4475 23
4473 52
4478 23
4476 57
4477 39
4480 24
4479 53
4482 29
4481 50
4483 35
4484 26
4485 37
4486 23
4487 20
4488 20
4489 34
4490 34
4491 20
4493 20
4492 47
4494 28
4495 25
4496 19
4497 29
4498 28
4499 25
4500 14
4501 32
4502 34
4503 23
4504 29
4506 25
4507 14
4505 41
4508 42
4509 29
4510 26
4511 26
4514 17
4512 43
4513 31
4515 45
4517 23
4516 39
4518 39
4519 32
4520 25
4521 31
4522 26
4523 29
4524 26
4525 32
4527 23
4526 55
4528 37
4529 20
4530 32
4531 29
4532 26
4533 30
4534 26
4535 31
4536 26
4537 26
4538 23
4539 23
4540 31
4541 26
4542 20
4543 26
4544 23
4546 25
4545 40
4547 38
4548 26
4549 29
4550 29
4551 26
4552 22
4553 20
4554 23
4556 28
4555 48
4557 23
4558 23
4559 20
4560 26
4561 25
4562 23
4563 28
4565 23
4564 55
4566 34
4567 23
4569 29
4570 20
4568 54
4571 28
4572 14
4573 23
4574 29
4575 31
4576 22
4577 30
4578 23
4580 20
4581 23
4579 49
4582 36
4583 26
4584 38
4585 26
4586 26
4587 28
4588 17
4589 26
4590 26
4591 23
4592 22
4593 26
4594 41
4595 35
4596 23
4597 23
4598 17
4599 23
4600 31
4601 28
4602 23
4603 23
4604 26
4605 23
4607 17
4606 29
4608 26
4610 20
4609 39
4611 32
4612 28
4614 17
4613 29
4615 23
4617 33
4618 20
4616 50
4619 23
4620 23
4621 32
4623 25
4622 57
4624 29
4625 29
4626 31
4627 25
4628 35
4629 31
4630 26
4631 31
4632 20
4633 32
4636 17
4635 40
4637 20
4634 66
4640 23
4638 50
4639 55
4641 29
4642 23
4643 20
4644 23
4645 38
4646 25
4647 23
4648 34
4650 29
4651 28
4652 17
4649 53
4653 32
4654 26
4655 31
4656 47
4657 38
4659 17
4658 34
4660 23
4661 33
4662 29
4664 23
4663 49
4667 17
4665 46
4666 29
4669 17
4668 29
4670 26
4671 23
4672 28
4673 32
4675 20
4676 20
4674 60
4677 29
4678 28
4679 35
4681 16
4682 17
4680 48
4683 23
4684 26
4685 20
4686 20
4687 23
4689 26
4690 17
4688 52
4691 32
4692 23
4693 34
4694 29
4695 29
4696 23
4697 29
4698 26
4699 20
4700 26
4701 35
4702 20
4703 26
4704 23
4705 26
4707 22
4706 42
4708 20
4709 23
4710 27
4711 23
4712 20
4713 26
4714 35
4715 29
4716 25
4717 28
4718 35
4719 34
4720 34
4721 32
4723 28
4724 34
4722 67
4725 29
4727 29
4726 49
4728 32
4729 33
4730 20
4732 23
4731 40
4733 35
4734 29
4735 29
4737 27
4738 23
4736 71
4740 34
4739 53
4741 46
4743 23
4742 50
4744 29
4745 29
4746 31
4747 26
4748 26
4749 35
4750 28
4751 23
4752 30
4753 23
4754 17
4755 22
4756 20
4757 26
4758 35
4759 26
4761 28
4762 17
4760 45
4764 17
4763 38
4765 26
4766 23
4768 20
4767 43
4769 40
4770 35
4771 35
4772 23
4773 29
4774 29
4775 32
4776 33
4777 29
4778 23
4779 29
4780 26
4781 26
4782 25
4783 22
4784 42
4785 34
4787 26
4786 50
4788 46
4790 29
4789 52
4791 34
4792 23
4793 26
4794 35
4795 35
4796 23
4797 26
4798 19
4799 23
4800 20
4801 20
4802 34
4803 19
4804 26
4806 14
4805 35
4807 34
4808 29
4809 20
4810 29
4811 31
4812 23
4813 23
4814 26
4815 32
4816 32
4817 29
4819 20
4818 39
4820 26
4822 32
4823 28
4824 23
4821 67
4825 33
4826 29
4827 26
4828 34
4829 26
4830 23
4831 26
4832 23
4833 32
4834 38
4836 35
4837 30
4838 38
4839 24
4835 71
4841 17
4840 38
4842 31
4843 23
4844 26
4845 28
4846 33
4847 28
4848 26
4849 42
4850 33
4851 32
4853 26
4852 48
4854 26
4855 20
4856 20
4857 22
4858 26
4859 23
4860 20
4861 32
4862 34
4863 34
4865 32
4864 50
4866 33
4867 33
4868 45
4869 32
4870 20
4871 26
4873 29
4872 62
4875 34
4876 27
4874 49
4879 17
4877 42
4878 32
4880 26
4881 29
4882 20
4883 25
4884 35
4885 26
4886 25
4887 23
4888 29
4889 23
4890 20
4891 23
4892 26
4893 29
4894 27
4895 26
4896 31
4897 29
4898 29
4899 37
4900 26
4901 26
4902 32
4903 33
4904 29
4905 29
4906 23
4907 26
4908 32
4909 26
4911 38
4910 56
4912 29
4914 32
4913 68
4915 40
4916 41
4918 26
4919 17
4917 50
4922 23
4920 49
4921 41
4923 29
4924 23
4925 26
4926 22
4927 27
4930 17
4928 42
4929 29
4931 23
4932 26
4934 32
4935 28
4933 59
4938 39
4939 37
4937 63
4940 46
4941 32
4942 25
4936 96
4943 26
4944 23
4945 20
4946 25
4947 32
4948 32
4950 28
4949 46
4951 23
4952 26
4953 32
4954 37
4956 29
4955 52
4957 37
4958 47
4960 36
4961 29
4959 62
4962 35
4963 29
4964 26
4965 38
4966 31
4967 36
4969 31
4968 52
4970 46
4971 29
4973 26
4974 20
4972 56
4975 32
4976 26
4977 28
4978 48
4979 35
4980 23
4981 20
4982 25
4983 25
4984 32
4985 26
4986 38
4987 29
4988 29
4989 23
4990 26
4991 29
4992 28
4993 28
4995 17
4994 32
4997 26
4996 39
4998 31
4999 33
5000 32
5001 23
5002 28
5003 26
5004 26
5005 20
5006 20
5007 34
5008 26
5009 31
5010 28
5011 33
5013 29
5014 26
5012 53
5015 37
5016 40
5018 23
5017 43
5019 32
5020 42
5021 35
5022 26
5023 31
5025 19
5024 45
5026 31
5027 23
5028 20
5029 23
5030 32
5031 26
5032 34
5034 28
5033 45
5035 20
5036 28
5038 14
5037 29
5039 33
5040 47
5041 35
5042 23
5043 28
5044 29
5045 45
5046 29
5047 29
5049 16
5048 42
5050 20
5051 26
5053 26
5052 42
5054 23
5056 20
5058 23
5057 44
5059 20
5055 71
5061 20
5060 46
5062 36
5063 39
5064 36
5065 25
5066 35
5067 32
5068 26
5071 37
5072 35
5073 20
5069 71
5070 60
5074 32
5075 68
5076 49
5077 42
5078 35
5080 26
5081 14
5079 65
5082 30
5083 34
5084 26
5085 26
5086 47
5087 29
5088 26
5090 22
5091 27
5089 51
5093 26
5094 26
5092 53
5096 32
5095 54
5097 32
5098 38
5099 29
5100 37
5101 20
5102 22
5103 32
5104 25
5106 23
5105 39
5107 20
5109 18
5108 32
5110 26
5111 28
5112 23
5113 26
5114 22
5115 30
5116 34
5117 32
5118 35
5119 23
5120 43
5121 44
5122 29
5123 41
5125 28
5124 39
5126 31
5128 32
5129 26
5127 58
5130 31
5131 29
5132 23
5133 26
5134 32
5135 26
5138 23
5136 50
5137 41
5139 41
5140 51
5141 45
5143 20
5142 42
5144 23
5145 48
5146 31
5147 28
5148 19
5149 24
5150 44
5151 32
5152 30
5153 26
5155 23
5156 26
5154 59
5157 34
5159 31
5160 23
5158 52
5162 31
5163 26
5161 54
5164 39
5165 37
5166 29
5167 29
5168 34
5169 31
5171 47
5172 30
5170 60
5173 34
5174 33
5175 40
5176 29
5177 22
5178 29
5179 47
5180 29
5181 55
5183 35
5184 29
5185 26
5186 25
5182 78
5188 29
5189 37
5187 68
5190 31
5191 45
5192 29
5193 23
5194 34
5195 29
5196 37
5197 49
5198 45
5199 31
5200 39
5201 32
5204 23
5202 51
5203 42
5205 22
5206 23
5207 44
5210 24
5209 51
5211 32
5208 69
5213 39
5214 30
5212 61
5216 43
5217 32
5215 68
5218 32
5219 20
5221 23
5220 47
5222 27
5223 48
5225 27
5224 39
5226 41
5227 31
5228 23
5229 26
5230 43
5231 29
5232 37
5233 29
5234 36
5235 28
5236 32
5237 36
5238 47
5239 36
5240 36
5242 25
5241 42
5243 35
5244 40
5245 31
5246 32
5247 28
5249 36
5248 49
5250 34
5251 43
5252 38
5253 29
5254 57
5255 41
5257 26
5256 52
5259 27
5258 39
5260 26
5261 40
5262 38
5263 32
5265 22
5264 47
5266 26
5267 29
5268 26
5269 24
5270 38
5271 32
5272 29
5273 28
5274 41
5275 29
5276 29
5278 23
5277 40
5280 29
5281 26
5279 64
5282 45
5284 23
5286 17
5283 52
5285 51
5287 36
5290 25
5288 49
5289 50
5291 38
5292 26
5293 20
5294 38
5295 36
5296 24
5297 34
5298 20
5299 26
5300 32
5301 22
5302 34
5303 29
5305 20
5304 52
5306 29
5308 28
5307 56
5309 29
5310 23
5311 26
5312 20
5313 20
5314 39
5315 37
5316 26
5317 42
5319 28
5318 40
5320 26
5321 35
5323 23
5324 23
5322 52
5325 23
5326 29
5327 32
5328 25
5329 20
5330 20
5331 26
5332 25
5333 29
5334 34
5335 32
5336 35
5337 26
5338 32
5340 26
5339 39
5341 29
5342 26
5343 24
5344 16
5346 37
5347 28
5345 56
5348 25
5349 42
5350 31
5351 25
5352 28
5353 25
5354 31
5355 38
5356 24
5357 23
5358 31
5359 23
5360 29
5361 37
5363 23
5364 14
5362 57
5367 25
5365 56
5368 26
5366 50
5369 20
5370 26
5372 26
5373 38
5374 28
5371 59
5375 29
5376 26
5378 27
5377 40
5379 26
5380 22
5381 26
5382 25
5383 26
5384 40
5386 29
5385 55
5387 39
5388 32
5389 36
5390 29
5391 35
5392 32
5394 23
5393 53
5396 20
5397 26
5395 51
5399 20
5398 41
5400 30
5401 38
5402 31
5403 23
5404 26
5405 35
5406 23
5407 39
5408 46
5409 29
5410 31
5411 29
5412 31
5413 29
5414 45
5416 26
5415 46
5417 32
5418 32
5419 41
5420 29
5421 29
5422 29
5423 22
5424 23
5425 29
5426 45
5427 42
5429 23
5428 42
5430 26
5431 26
5432 34
5433 26
5434 32
5435 29
5436 29
5438 26
5437 42
5439 34
5440 37
5441 23
5442 42
5443 30
5444 32
5445 26
5446 29
5448 32
5449 23
5447 59
5452 17
5450 43
5453 28
5451 51
5454 19
5455 22
5456 48
5458 40
5459 31
5457 78
5460 47
5461 34
5463 23
5462 56
5466 26
5464 57
5465 50
5468 20
5469 20
5467 49
5470 28
5471 23
5472 20
5475 26
5474 46
5476 23
5477 23
5473 73
5478 31
5479 29
5481 34
5482 31
5483 20
5484 38
5480 83
5485 48
5486 31
5488 26
5489 28
5487 55
5490 22
5491 26
5492 26
5493 28
5494 37
5495 36
5497 28
5496 56
5498 29
5500 20
5501 30
5499 61
5502 29
5504 37
5503 50
5505 32
5506 32
5507 38
5508 32
5509 32
5510 29
5512 20
5511 78
5513 56
5514 43
5516 23
5515 46
5517 32
5518 36
5520 37
5521 20
5522 20
5519 63
5523 37
5524 35
5525 32
5526 33
5527 32
5529 41
5530 32
5528 67
5531 32
5533 23
5534 32
5535 29
5532 72
5536 32
5537 25
5538 44
5539 31
5540 20
5542 21
5541 61
5543 44
5544 30
5545 46
5547 26
5546 47
5548 32
5549 23
5551 44
5552 35
5553 23
5550 61
5555 26
5557 19
5554 61
5556 62
5558 45
5559 29
5560 25
5562 22
5563 26
5561 55
5565 25
5564 58
5566 29
5567 47
5568 33
5570 34
5571 22
5572 23
5569 62
5573 36
5574 29
5575 23
5577 37
5576 53
5578 32
5579 20
5580 27
5581 36
5583 29
5584 22
5582 50
5585 22
5587 26
5589 26
5590 23
5588 52
5586 79
5592 28
5591 51
5594 29
5593 64
5595 44
5598 32
5596 68
5597 50
5599 42
5600 30
5602 17
5601 37
5604 25
5603 45
5605 32
5606 28
5607 31
5608 22
5609 22
5610 23
5611 45
5613 23
5612 53
5614 32
5615 25
5616 23
5617 47
5618 41
5621 23
5619 67
5620 57
5622 29
5623 26
5624 34
5625 25
5626 49
5628 29
5631 17
5629 50
5630 40
5627 85
5633 26
5632 47
5634 26
5635 24
5636 32
5637 32
5639 29
5641 28
5640 44
5642 27
5643 26
5638 79
5644 32
5645 22
5646 23
5649 25
5647 59
5648 50
5650 35
5651 23
5652 26
5653 29
5654 32
5655 37
5656 29
5658 33
5659 25
5657 52
5660 36
5662 20
5661 55
5665 27
5663 58
5664 43
5666 23
5667 25
5669 27
5668 39
5670 37
5671 22
5672 20
5673 45
5674 48
5675 36
5677 23
5676 51
5678 29
5679 26
5680 40
5682 20
5681 46
5683 23
5684 18
5685 29
5686 26
5687 29
5688 36
5690 34
5689 50
5691 45
5693 26
5692 41
5694 38
5695 32
5696 27
5697 28
5698 21
5699 35
5700 29
5701 25
5702 25
5704 28
5703 42
5707 23
5705 55
5708 20
5706 50
5709 23
5710 33
5712 31
5711 51
5713 54
5714 40
5715 37
5717 35
5716 49
5718 35
5719 32
5720 25
5721 26
5722 29
5723 30
5724 33
5725 26
5727 32
5726 54
5728 29
5729 25
5730 43
5731 41
5732 34
5733 25
5734 25
5735 20
5736 23
5737 39
5739 38
5738 50
5741 23
5742 22
5743 26
5740 61
5744 33
5745 53
5746 41
5747 47
5748 46
5749 32
5750 25
5751 26
5752 26
5753 26
5754 22
5755 32
5756 20
5757 37
5758 30
5759 29
5760 35
5761 20
5762 17
5764 19
5763 52
5765 29
5766 29
5767 23
5768 26
5770 32
5771 19
5769 52
5772 35
5773 29
5774 32
5775 26
5776 40
5777 35
5778 29
5779 54
5780 42
5781 29
5783 23
5782 51
5784 32
5785 25
5786 47
5787 30
5788 28
5790 25
5789 50
5791 31
5792 25
5793 31
5794 50
5795 56
5796 45
5797 32
5798 47
5799 32
5800 38
5801 26
5802 27
5803 32
5804 33
5805 26
5806 32
5808 29
5809 20
5807 50
5811 34
5812 32
5810 62
5813 52
5815 29
5816 20
5814 66
5817 29
5818 34
5819 21
5820 29
5821 28
5822 38
5823 26
5824 26
5826 29
5827 26
5825 70
5828 42
5829 39
5830 35
5831 31
5832 35
5833 29
5834 23
5835 35
5836 20
5837 31
5838 41
5839 32
5840 25
5841 29
5842 28
5843 29
5844 34
5845 26
5846 27
5847 42
5848 29
5849 34
5850 23
5851 25
5852 35
5853 29
5854 31
5855 23
5856 17
5857 25
5858 29
5859 35
5861 17
5860 43
5862 34
5863 25
5864 23
5865 28
5866 33
5867 29
5868 31
5869 34
5870 20
5871 40
5872 35
5873 26
5874 35
5875 35
5876 23
5877 32
5880 26
5878 54
5879 48
5881 23
5882 33
5883 36
5884 35
5885 30
5886 29
5887 32
5888 34
5889 28
5890 34
5891 29
5892 32
5893 35
5894 23
5895 28
5896 26
5897 26
5898 20
5900 14
5899 32
5901 29
5902 45
5903 33
5904 29
5905 26
5906 23
5907 14
5908 39
5910 26
5911 26
5909 52
5912 44
5913 29
5914 37
5916 19
5915 43
5917 29
5919 27
5920 26
5918 53
5922 23
5921 49
5923 32
5924 22
5925 36
5926 31
5927 32
5929 23
5928 54
5930 29
5931 23
5932 23
5933 55
5936 23
5935 41
5934 64
5937 36
5938 38
5939 36
5940 45
5941 39
5943 26
5942 44
5944 37
5945 29
5946 26
5949 28
5948 48
5950 23
5947 64
5952 25
5951 53
5953 49
5954 39
5956 26
5955 44
5957 30
5958 37
5959 28
5960 20
5962 29
5963 20
5961 54
5964 30
5965 29
5966 32
5967 29
5969 33
5971 29
5972 35
5968 81
5970 61
5973 39
5974 32
5975 34
5976 26
5977 26
5978 23
5979 29
5980 32
5981 31
5983 35
5982 51
5984 29
5985 29
5986 31
5987 36
5989 20
5988 42
5991 23
5990 43
5993 35
5994 29
5995 26
5992 67
5996 29
5997 30
5998 32
5999 19
6000 37
6001 26
6002 31
6003 32
6004 45
6005 29
6006 23
6007 30
6010 28
6008 58
6011 22
6012 26
6009 64
6013 35
6014 20
6015 23
6017 23
6018 35
6016 61
6020 24
6019 51
6021 34
6022 23
6023 28
6024 48
6025 34
6027 23
6026 45
6028 29
6029 36
6030 35
6031 31
6032 54
6033 54
6034 40
6036 36
6037 27
6035 49
6039 25
6038 43
6041 26
6040 40
6042 29
6043 26
6044 23
6045 26
6046 34
6047 29
6048 26
6050 17
6049 42
6051 26
6052 35
6053 29
6054 29
6055 28
6056 32
6058 35
6059 25
6057 55
6060 35
6061 31
6063 17
6062 32
6064 34
6066 32
6067 29
6065 68
6068 29
6069 42
6070 31
6071 30
6073 27
6075 17
6072 56
6074 29
6076 17
6077 28
6078 29
6079 31
6080 28
6081 28
6082 41
6083 29
6084 25
6085 39
6086 30
6087 28
6088 35
6089 23
6091 43
6092 37
6093 38
6090 70
6095 22
6094 54
6096 39
6097 32
6098 26
6099 36
6100 25
6101 34
6102 32
6103 25
6104 33
6105 29
6106 57
6108 36
6107 51
6109 38
6110 31
6113 32
6114 22
6112 60
6115 29
6111 85
6116 32
6117 29
6118 23
6119 26
6120 34
6121 26
6123 28
6124 35
6122 62
6126 28
6125 58
6127 32
6128 26
6129 26
6130 26
6131 26
6132 20
6133 36
6134 32
6135 45
6136 37
6137 42
6138 37
6139 28
6140 54
6141 39
6143 23
6144 31
6145 26
6146 20
6147 25
6148 26
6142 94
6149 26
6150 26
6151 23
6152 38
6153 31
6154 38
6155 26
6156 30
6159 27
6157 50
6158 46
6160 29
6161 42
6162 29
6163 26
6164 31
6165 46
6166 37
6167 29
6168 28
6169 29
6170 34
6171 23
6172 28
6173 29
6174 26
6176 32
6175 56
6178 20
6177 53
6179 29
6181 20
6182 23
6180 58
6183 23
6184 23
6185 31
6186 42
6188 26
6189 26
6187 56
6190 25
6191 28
6193 28
6192 44
6194 26
6195 29
6196 25
6197 37
6198 28
6199 28
6200 35
6202 25
6203 26
6201 56
6204 27
6206 17
6205 29
6207 26
6208 29
6209 28
6210 20
6211 46
6212 42
6213 32
6214 36
6216 26
6219 17
6215 63
6217 52
6220 20
6221 20
6218 64
6222 26
6223 53
6224 43
6225 54
6227 36
6226 49
6228 29
6229 26
6230 25
6232 29
6233 32
6234 26
6235 17
6231 69
6236 29
6237 23
6238 35
6239 20
6240 14
6241 35
6244 25
6242 58
6243 61
6246 37
6245 57
6247 29
6248 54
6249 48
6250 40
6251 48
6252 47
6253 29
6254 44
6256 37
6258 26
6255 74
6260 26
6257 62
6261 23
6259 49
6262 25
6263 24
6264 37
6266 38
6265 62
6268 38
6267 50
6269 32
6270 40
6271 29
6272 36
6273 38
6274 27
6276 40
6278 28
6275 59
6277 46
6280 17
6279 29
6281 23
6282 35
6283 20
6284 36
6285 26
6286 23
6287 37
6289 24
6290 26
6288 63
6291 38
6292 29
6293 27
6294 24
6295 30
6296 27
6298 25
6297 43
6299 23
6300 25
6301 24
6302 19
6303 28
6304 25
6305 16
6306 36
6308 32
6309 26
6307 57
6311 26
6310 45
6312 26
6313 29
6314 36
6315 23
6316 35
6318 35
6319 22
6317 51
6320 28
6322 17
6321 32
6323 26
6324 34
6325 20
6326 33
6327 35
6328 25
6329 23
6330 32
6331 31
6332 23
6333 23
6334 26
6335 25
6336 34
6337 38
6338 31
6339 45
6340 29
6341 34
6342 32
6344 28
6343 43
6345 30
6346 29
6348 23
6349 20
6350 26
6347 66
6351 20
6352 31
6353 25
6354 20
6355 29
6357 14
6356 43
6358 29
6359 29
6361 25
6360 39
6362 31
6363 25
6364 31
6365 29
6366 23
6367 29
6368 38
6369 23
6370 29
6372 23
6371 40
6373 32
6374 23
6375 32
6376 28
6377 28
6378 36
6379 23
6380 29
6381 24
6382 31
6383 26
6384 28
6385 32
6386 29
6387 37
6388 23
6389 29
6390 20
6392 27
6391 45
6393 26
6394 31
6396 32
6395 67
6397 48
6398 33
6399 29
6400 40
6401 35
6402 23
6403 29
6405 23
6404 40
6406 23
6407 28
6408 32
6410 26
6411 37
6409 60
6412 29
6413 32
6414 38
6415 32
6416 28
6417 26
6419 37
6420 25
6418 53
6421 35
6422 38
6423 19
6425 25
6424 50
6426 32
6427 20
6429 26
6428 46
6430 29
6431 26
6432 34
6433 29
6435 17
6434 29
6437 23
6436 46
6438 34
6439 31
6440 26
6442 34
6441 54
6443 32
6445 25
6444 45
6446 32
6447 23
6448 26
6449 29
6450 26
6451 35
6452 23
6453 32
6454 32
6455 24
6456 26
6459 19
6457 55
6458 42
6460 38
6461 25
6462 23
6464 26
6463 46
6465 26
6466 33
6468 20
6467 42
6469 28
6470 29
6471 26
6472 26
6473 23
6474 26
6475 35
6476 20
6477 27
6478 29
6479 34
6480 23
6481 26
6482 31
6483 29
6484 26
6485 28
6486 33
6487 29
6489 26
6488 40
6490 26
6491 35
6492 25
6493 20
6494 26
6495 29
6496 33
6497 35
6498 37
6499 35
6500 29
6501 29
6502 32
6504 26
6503 57
6505 29
6507 31
6508 20
6506 52
6509 29
6510 30
6511 23
6512 26
6513 34
6514 28
6515 35
6516 31
6517 31
6518 28
6519 23
6520 23
6521 32
6522 32
6523 28
6524 22
6525 23
6526 26
6527 32
6529 29
6528 52
6530 36
6532 17
6531 32
6534 23
6535 26
6536 22
6537 23
6538 21
6539 15
6533 93
6541 26
6542 26
6543 17
6540 51
6545 32
6546 23
6544 52
6547 46
6548 29
6549 38
6550 32
6551 26
6552 31
6553 20
6554 29
6555 32
6557 29
6558 35
6556 61
6559 31
6560 54
6562 31
6563 26
6564 26
6561 62
6565 26
6566 29
6567 26
6568 38
6569 29
6570 29
6571 30
6572 25
6573 27
6574 28
6575 23
6576 20
6577 34
6578 23
6579 35
6580 37
6581 39
6582 29
6583 20
6584 20
6585 29
6587 20
6586 42
6588 23
6589 26
6590 25
6592 20
6591 42
6593 26
6594 20
6595 28
6596 29
6599 28
6597 59
6598 49
6602 25
6601 42
6600 60
6603 51
6605 48
6606 45
6607 37
6604 69
6608 32
6609 29
6611 28
6612 26
6610 51
6613 29
6614 23
6615 29
6616 26
6617 32
6618 28
6619 31
6620 35
6621 25
6622 26
6623 29
6624 26
6625 35
6626 26
6627 24
6628 25
6629 29
6630 23
6631 22
6632 29
6634 26
6635 23
6633 54
6636 26
6637 23
6638 26
6639 29
6640 29
6641 23
6642 32
6643 29
6644 29
6645 26
6646 21
6647 26
6648 32
6649 25
6650 38
6652 23
6651 56
6653 32
6654 28
6655 17
6656 29
6657 25
6659 35
6660 24
6658 54
6661 35
6662 41
6663 30
6664 26
6665 32
6666 23
6667 34
6669 33
6668 53
6670 29
6672 27
6673 20
6671 49
6674 41
6675 34
6676 35
6677 32
6678 37
6679 34
6680 42
6681 52
6682 45
6683 29
6684 34
6685 24
6686 35
6688 20
6689 17
6687 42
6690 38
6691 29
6692 26
6693 26
6694 38
6695 27
6696 26
6697 26
6700 23
6698 53
6699 55
6702 26
6703 28
6704 31
6705 35
6701 81
6706 32
6708 36
6710 17
6707 56
6711 23
6712 26
6709 59
6713 24
6714 23
6715 29
6716 33
6717 50
6719 32
6720 29
6721 24
6718 62
6722 29
6723 29
6724 26
6725 28
6726 35
6727 43
6729 23
6728 43
6730 25
6731 32
6732 25
6733 20
6734 34
6735 38
6736 29
6737 36
6738 37
6739 24
6741 13
6742 17
6740 43
6743 23
6744 28
6745 23
6746 28
6747 26
6749 37
6750 27
6751 34
6748 69
6752 36
6753 26
6754 38
6755 26
6757 29
6758 26
6756 52
6759 28
6760 32
6761 35
6762 36
6763 29
6764 34
6765 29
6766 29
6767 26
6768 30
6769 42
6770 33
6771 37
6772 35
6773 26
6775 26
6776 17
6774 54
6777 19
6778 29
6779 25
6780 30
6781 26
6782 29
6783 29
6784 31
6785 20
6786 29
6787 27
6788 35
6789 33
6790 34
6793 37
6794 27
6792 49
6795 28
6796 32
6791 95
6798 23
6797 40
6799 29
6801 34
6802 25
6800 60
6803 32
6804 37
6805 26
6806 23
6807 26
6808 36
6809 34
6810 29
6811 26
6813 28
6814 32
6816 17
6815 29
6817 28
6812 80
6818 23
6819 20
6821 27
6820 43
6822 23
6823 32
6824 29
6826 16
6825 53
6827 32
6828 27
6829 35
6831 23
6830 52
6832 29
6833 28
6834 32
6835 29
6836 32
6837 26
6839 31
6840 20
6838 53
6842 27
6841 45
6843 35
6844 46
6845 55
6846 40
6847 38
6848 38
6849 40
6850 36
6851 20
6853 25
6852 50
6854 47
6855 37
6856 23
6857 28
6858 35
6859 28
6861 26
6860 40
6863 26
6862 41
6864 34
6865 35
6866 23
6867 32
6868 34
6869 52
6870 47
6872 20
6871 42
6873 29
6874 32
6875 39
6876 36
6877 25
6879 20
6878 51
6881 25
6883 16
6880 52
6882 32
6884 32
6885 24
6886 26
6887 37
6888 23
6889 31
6890 29
6891 39
6892 29
6894 27
6895 25
6893 50
6896 32
6898 17
6897 31
6899 32
6900 26
6902 26
6903 27
6901 50
6904 31
6905 20
6906 23
6908 25
6907 41
6909 26
6910 38
6911 26
6912 43
6914 33
6915 36
6916 23
6913 60
6917 25
6918 25
6919 25
6920 34
6921 29
6922 23
6923 26
6924 52
6925 44
6926 44
6927 29
6929 26
6928 44
6930 58
6932 29
6933 28
6931 54
6934 26
6935 29
6936 29
6937 26
6938 32
6939 24
6941 34
6942 26
6940 49
6943 26
6944 32
6947 23
6945 55
6946 57
6948 29
6949 32
6950 24
6951 31
6952 26
6954 32
6955 20
6953 54
6956 33
6958 32
6957 52
6959 53
6960 45
6962 29
6963 25
6961 49
6964 20
6965 26
6966 23
6967 35
6968 20
6970 32
6972 31
6973 20
6969 72
6971 55
6975 26
6974 45
6976 29
6977 37
6978 48
6979 32
6981 19
6980 50
6982 32
6983 31
6984 34
6985 34
6986 20
6987 17
6988 25
6989 23
6990 42
6991 48
6992 35
6993 25
6994 35
6995 31
6996 20
6997 23
6999 29
7000 35
7001 20
6998 60
7002 31
7003 32
7004 32
7005 32
7006 38
7007 24
7008 29
7009 23
7010 37
7011 39
7012 36
7013 23
7015 26
7014 41
7016 38
7017 35
7018 19
7019 36
7020 28
7021 25
7022 23
7023 26
7025 17
7024 47
7026 31
7027 23
7028 29
7029 54
7030 46
7032 26
7031 55
7033 30
7034 31
7035 26
7036 19
7037 26
7038 34
7040 20
7041 17
7039 57
7042 26
7043 26
7044 32
7045 50
7048 20
7046 55
7047 39
7049 23
7050 28
7051 28
7052 32
7053 32
7054 26
7055 30
7056 19
7057 28
7058 20
7059 34
7060 32
7062 22
7061 47
7064 22
7063 48
7065 28
7066 23
7067 32
7068 34
7070 26
7071 26
7069 52
7072 43
7073 37
7074 23
7075 26
7076 42
7077 29
7078 20
7079 36
7080 29
7081 31
7083 26
7082 42
7084 32
7085 26
7087 22
7088 20
7089 22
7086 63
7090 36
7091 43
7092 29
7093 22
7094 29
7095 31
7096 58
7098 44
7101 28
7099 49
7097 85
7100 50
7102 37
7103 26
7104 26
7105 29
7107 17
7106 31
7108 36
7109 22
7111 25
7110 46
7112 32
7113 36
7115 30
7116 29
7117 38
7114 77
7118 32
7121 26
7122 26
7120 51
7124 20
7119 83
7123 43
7126 14
7127 31
7128 26
7125 60
7129 38
7130 28
7131 29
7132 31
7133 23
7135 22
7136 25
7134 53
7137 32
7138 25
7139 23
7140 26
7141 27
7142 28
7143 39
7146 20
7144 49
7145 56
7147 29
7148 26
7149 44
7150 33
7151 35
7152 29
7153 49
7154 50
7157 19
7158 32
7156 62
7159 29
7161 29
7160 53
7162 38
7163 28
7155 116
7165 38
7167 20
7164 68
7166 47
7168 31
7169 23
7171 21
7170 52
7172 29
7174 17
7173 58
7175 32
7176 38
7178 17
7177 35
7179 36
7180 33
7181 29
7182 26
7183 23
7184 28
7185 20
7186 25
7187 31
7188 20
7190 17
7191 20
7189 57
7192 23
7193 17
7195 26
7194 46
7196 19
7198 28
7197 58
7199 35
7201 22
7202 27
7203 20
7200 70
7205 23
7204 44
7206 26
7207 38
7208 25
7209 23
7210 25
7211 36
7212 26
7213 29
7214 29
7215 35
7216 23
7217 23
7218 26
7220 23
7219 42
7221 37
7222 28
7223 33
7224 35
7225 26
7226 32
7227 23
7228 22
7229 35
7230 23
7231 31
7232 20
7233 43
7235 23
7237 23
7234 60
7236 39
7239 36
7238 57
7240 35
7242 29
7243 25
7241 54
7244 29
7245 26
7246 34
7247 20
7248 35
7249 23
7250 48
7251 31
7252 53
7253 42
7254 31
7255 38
7257 34
7258 38
7256 63
7259 31
7260 34
7261 20
7262 23
7263 35
7264 26
7265 20
7267 26
7266 46
7268 20
7269 31
7270 20
7271 29
7272 31
7273 23
7274 28
7275 33
7277 23
7278 48
7279 31
7280 20
7276 79
7281 34
7282 29
7283 22
7284 27
7285 31
7286 28
7287 26
7289 24
7290 23
7288 69
7291 43
7292 29
7294 17
7293 39
7295 26
7296 28
7297 38
7299 22
7300 20
7298 50
7301 23
7302 27
7303 32
7304 25
7305 26
7306 28
7307 35
7308 29
7309 30
7310 33
7311 26
7313 29
7312 54
7314 29
7315 27
7316 32
7317 36
7318 36
7319 23
7320 23
7321 22
7322 33
7323 42
7324 35
7325 35
7326 29
7327 23
7328 38
7329 34
7330 37
7332 20
7333 38
7334 20
7335 23
7331 69
7336 26
7337 25
7338 24
7339 26
7340 26
7341 25
7342 29
7343 33
7344 42
7346 26
7345 56
7347 40
7348 31
7349 35
7350 26
7351 14
7352 29
7353 20
7354 19
7355 39
7356 31
7359 32
7360 21
7357 61
7361 28
7358 62
7362 33
7363 23
7364 26
7365 20
7366 23
7367 23
7368 34
7369 37
7370 27
7371 27
7373 26
7372 42
7374 25
7375 32
7376 23
7377 26
7378 35
7379 35
7380 26
7382 26
7384 26
7381 61
7383 47
7385 41
7387 26
7386 45
7388 21
7389 45
7390 29
7391 29
7392 29
7393 33
7394 26
7395 32
7396 25
7397 33
7399 20
7398 40
7401 28
7400 40
7402 31
7403 26
7404 28
7406 17
7405 29
7407 29
7408 28
7409 25
7410 26
7411 23
7412 20
7413 26
7414 25
7415 19
7416 35
7418 20
7417 47
7419 32
7420 32
7422 35
7421 50
7423 32
7424 37
7425 32
7426 26
7427 29
7428 25
7429 42
7431 19
7432 32
7430 60
7435 17
7433 40
7434 29
7437 29
7438 25
7436 55
7441 28
7439 54
7442 28
7444 26
7445 19
7440 80
7443 50
7447 26
7448 27
7449 24
7446 61
7450 32
7451 23
7452 33
7453 34
7455 26
7456 22
7454 65
7457 46
7459 26
7458 45
7460 36
7461 33
7462 29
7463 28
7464 26
7466 29
7467 26
7465 49
7468 24
7469 35
7470 31
7471 26
7472 28
7473 28
7474 26
7475 35
7476 26
7477 28
7478 29
7479 43
7480 34
7481 28
7482 22
7483 32
7484 23
7485 31
7486 19
7487 32
7488 28
7489 22
7490 23
7491 29
7493 29
7492 58
7495 22
7494 39
7496 25
7497 21
7498 32
7499 26
7500 23
7501 23
7502 29
7503 35
7504 38
7505 34
7506 26
7507 32
7508 29
7509 29
7510 26
7511 32
7512 36
7513 39
7515 34
7514 58
7516 45
7517 43
7518 29
7519 28
7520 35
7521 29
7522 33
7523 23
7525 31
7526 25
7524 59
7528 24
7527 47
7529 29
7530 39
7531 29
7532 34
7533 19
7534 45
7535 29
7536 27
7537 38
7538 31
7539 34
7540 38
7541 23
7542 32
7545 26
7543 52
7544 45
7547 22
7546 46
7548 22
7549 44
7550 35
7551 29
7552 23
7553 35
7554 22
7556 27
7555 41
7557 29
7558 33
7559 28
7560 26
7561 45
7562 30
7563 23
7564 42
7565 29
7566 43
7567 49
7569 33
7568 49
7570 32
7571 29
7572 29
7573 32
7574 20
7575 29
7576 29
7578 20
7577 56
7579 29
7581 25
7582 34
7580 67
7583 31
7584 32
7585 34
7586 58
7587 42
7588 32
7589 40
7590 32
7592 11
7594 26
7591 59
7593 53
7595 37
7597 26
7596 44
7598 32
7599 28
7601 26
7602 26
7600 54
7604 25
7603 39
7605 23
7606 26
7608 25
7607 54
7609 35
7610 46
7612 35
7611 49
7614 20
7613 53
7615 37
7616 26
7617 36
7619 29
7618 65
7622 28
7620 64
7621 57
7623 29
7624 20
7625 35
7626 26
7629 16
7627 43
7628 29
7630 21
7632 23
7633 17
7634 19
7631 64
7635 23
7636 32
7637 20
7638 32
7639 32
7640 54
7642 35
7643 27
7641 49
7644 34
7645 23
7646 34
7647 29
7648 26
7649 43
7650 40
7652 29
7653 20
7651 54
7654 40
7656 32
7655 50
7658 26
7657 48
7659 28
7660 26
7661 27
7662 35
7663 26
7664 11
7665 41
7667 37
7668 33
7666 64
7669 29
7671 28
7670 50
7672 29
7673 29
7674 32
7675 32
7676 34
7677 44
7679 28
7678 54
7681 25
7680 53
7682 35
7683 28
7684 53
7686 35
7685 58
7687 31
7688 33
7690 42
7691 34
7689 65
7693 36
7692 51
7695 33
7694 55
7697 36
7696 58
7699 23
7698 49
7700 31
7703 26
7701 49
7702 42
7704 28
7706 26
7705 41
7707 31
7708 38
7709 46
7710 55
7711 47
7712 34
7713 48
7714 32
7715 23
7716 36
7717 40
7719 23
7718 42
7720 36
7721 36
7722 22
7723 26
7724 20
7726 29
7727 20
7728 26
7729 27
7725 71
7730 47
7732 37
7731 57
7734 34
7735 37
7736 36
7737 29
7739 23
7733 95
7740 29
7738 61
7743 23
7742 48
7741 68
7744 44
7746 34
7745 50
7747 38
7750 17
7748 48
7749 45
7753 27
7751 57
7752 42
7756 25
7755 44
7757 20
7754 65
7758 32
7759 20
7760 35
7761 35
7762 30
7763 20
7764 35
7766 23
7765 58
7767 44
7768 33
7769 54
7771 38
7770 60
7773 42
7772 60
7774 48
7775 35
7776 40
7777 32
7778 45
7781 23
7780 42
7782 26
7779 64
7783 29
7785 20
7786 31
7784 62
7787 29
7788 29
7790 26
7789 50
7791 35
7793 23
7795 17
7794 32
7792 59
7796 31
7797 32
7798 23
7799 48
7800 35
7802 26
7803 26
7801 53
7806 23
7805 39
7804 63
7808 23
7807 42
7810 25
7809 46
7812 34
7813 24
7814 23
7811 65
7815 34
7816 23
7817 40
7818 47
7819 32
7820 33
7821 35
7824 23
7822 59
7823 54
7825 33
7826 29
7827 25
7828 26
7829 23
7830 35
7831 28
7832 29
7833 21
7834 29
7835 39
7838 17
7836 40
7837 40
7839 42
7840 38
7841 32
7842 23
7844 23
7843 41
7845 32
7846 32
7847 27
7848 28
7849 30
7850 35
7851 37
7852 26
7853 29
7855 20
7857 26
7854 60
7858 26
7856 49
7859 37
7860 23
7861 25
7863 28
7862 58
7864 29
7866 23
7865 47
7867 37
7868 35
7869 34
7870 24
7871 35
7872 28
7873 29
7874 29
7875 41
7876 30
7878 34
7879 26
7877 59
7880 31
7881 26
7882 29
7883 26
7884 23
7885 32
7886 28
7887 26
7888 26
7889 22
7890 29
7891 30
7893 26
7892 50
7894 30
7895 30
7897 35
7898 26
7899 14
7896 53
7900 23
7901 26
7902 37
7903 29
7904 26
7906 32
7905 56
7907 31
7908 29
7909 26
7910 17
7911 28
7912 29
7913 41
7914 31
7916 27
7915 39
7917 42
7919 26
7918 45
7920 31
7921 28
7922 34
7923 20
7924 32
7925 42
7927 26
7926 48
7928 28
7929 30
7930 26
7931 29
7932 38
7933 51
7934 40
7936 27
7937 14
7935 39
7938 20
7939 49
7942 20
7940 57
7943 26
7941 62
7946 28
7947 14
7945 46
7944 64
7950 34
7951 19
7948 60
7949 51
7952 29
7953 23
7954 26
7955 26
7957 28
7958 23
7959 20
7956 60
7960 23
7961 23
7962 33
7963 28
7964 23
7965 31
7966 26
7967 26
7969 20
7968 40
7971 20
7970 47
7972 40
7973 39
7974 29
7975 23
7976 23
7978 14
7977 48
7980 23
7979 43
7981 20
7982 28
7984 17
7983 38
7985 26
7986 20
7987 20
7988 20
7989 26
7990 32
7992 25
7993 23
7991 53
7996 26
7995 44
7997 20
7994 61
7998 26
7999 31
8000 39
8002 20
8003 29
8001 61
8004 32
8005 47
8006 29
8007 29
8008 26
8009 35
8010 23
8011 27
8012 27
8013 22
8016 23
8017 17
8015 41
8018 17
8014 62
8019 27
8020 32
8021 26
8022 32
8023 23
8024 26
8025 26
8026 35
8027 23
8028 34
8029 29
8030 26
8031 42
8032 34
8033 32
8034 35
8035 38
8036 36
8037 26
8038 30
8039 32
8040 32
8041 27
8042 26
8043 26
8044 29
8045 22
8046 32
8047 25
8048 55
8049 44
8050 40
8051 33
8052 22
8053 31
8054 29
8055 36
8056 28
8057 34
8059 24
8060 35
8061 32
8058 71
8062 29
8064 26
8063 40
8065 26
8066 38
8068 26
8067 42
8069 38
8070 35
8072 23
8071 48
8075 16
8073 39
8074 36
8077 23
8076 41
8078 22
8079 32
8080 29
8081 29
8082 32
8083 26
8084 48
8085 35
8086 26
8088 29
8087 57
8089 35
8090 28
8091 28
8092 28
8093 34
8094 33
8095 38
8096 36
8097 25
8098 29
8099 27
8100 26
8101 22
8102 29
8103 26
8104 36
8105 23
8106 34
8107 28
8108 32
8109 32
8110 23
8111 35
8112 31
8113 27
8115 29
8114 53
8117 23
8116 45
8119 46
8120 36
8118 61
8121 37
8122 36
8123 32
8124 33
8125 29
8126 30
8127 32
8128 25
8129 32
8130 42
8131 29
8132 32
8133 28
8134 29
8135 23
8136 34
8137 29
8138 28
8141 32
8142 23
8140 62
8143 31
8139 82
8144 32
8145 32
8146 32
8147 32
8148 26
8149 26
8150 35
8151 23
8153 26
8154 23
8152 52
8155 28
8156 26
8157 26
8158 35
8159 25
8160 26
8162 29
8161 52
8163 29
8164 35
8165 40
8166 32
8167 35
8168 23
8169 29
8171 33
8170 51
8172 32
8173 26
8174 34
8175 47
8176 44
8178 29
8179 22
8180 23
8177 77
8181 35
8182 29
8183 35
8184 23
8185 23
8186 29
8187 39
8188 29
8189 29
8190 39
8191 32
8192 43
8194 28
8193 57
8196 26
8195 49
8197 33
8198 23
8199 26
8200 35
8201 29
8202 26
8204 23
8203 45
8205 26
8207 28
8208 26
8209 23
8206 67
8210 34
8212 26
8213 26
8211 51
8214 32
8215 31
8217 29
8218 23
8216 54
8219 32
8220 43
8221 38
8222 29
8223 22
8225 32
8226 34
8224 65
8227 35
8228 36
8229 27
8230 36
8231 23
8232 35
8233 23
8235 23
8234 50
8238 16
8236 39
8237 39
8239 26
8240 52
8242 32
8241 56
8244 27
8243 48
8245 28
8246 36
8247 33
8248 27
8249 38
8250 23
8251 29
8252 41
8253 35
8254 26
8255 37
8257 27
8258 28
8259 27
8256 65
8260 32
8262 23
8261 53
8263 32
8264 35
8265 34
8266 20
8267 35
8268 37
8270 37
8269 58
8271 36
8272 36
8273 25
8274 26
8275 31
8277 25
8276 39
8278 23
8279 32
8280 27
8282 26
8283 26
8281 75
8284 43
8285 29
8286 32
8287 42
8288 31
8290 30
8289 53
8291 32
8292 32
8293 26
8294 33
8295 20
8296 30
8297 37
8298 28
8300 31
8301 20
8299 52
8302 29
8303 32
8304 29
8305 32
8306 32
8307 38
8308 32
8309 28
8310 28
8312 37
8311 60
8314 31
8315 24
8313 58
8316 43
8317 34
8318 34
8319 30
8320 30
8322 25
8321 40
8323 26
8324 37
8325 29
8326 22
8327 25
8328 21
8329 17
8330 17
8331 22
8332 28
8333 20
8334 31
8335 34
8337 20
8336 48
8338 23
8339 40
8340 33
8341 31
8342 19
8343 29
8344 23
8345 29
8346 35
8347 35
8348 34
8349 27
8350 35
8351 35
8352 24
8353 24
8354 36
8355 28
8356 37
8357 35
8358 26
8359 28
8360 20
8361 32
8362 32
8363 22
8364 16
8365 27
8367 26
8366 39
8368 26
8369 32
8370 25
8371 29
8372 38
8373 28
8374 29
8375 30
8376 38
8377 29
8378 31
8379 22
8381 17
8380 36
8382 26
8383 38
8384 42
8385 35
8387 17
8386 41
8388 33
8389 32
8390 32
8391 32
8392 38
8393 32
8394 29
8395 23
8396 28
8397 26
8398 38
8399 23
8400 34
8401 20
8402 26
8403 28
8404 34
8405 32
8406 27
8407 32
8408 32
8409 23
8410 31
8411 23
8412 31
8413 29
8415 17
8414 29
8416 31
8418 30
8417 57
8420 20
8421 22
8419 54
8422 34
8423 42
8424 40
8425 38
8426 26
8427 32
8429 28
8430 28
8428 50
8431 34
8432 30
8433 24
8434 23
8435 28
8436 34
8437 29
8438 55
8443 14
8440 58
8439 77
8441 49
8442 41
8445 32
8446 35
8447 26
8444 64
8448 32
8449 24
8450 36
8451 33
8452 28
8453 35
8454 23
8455 35
8456 23
8458 23
8459 26
8457 51
8461 32
8462 27
8460 49
8464 25
8463 49
8465 41
8466 30
8467 28
8468 33
8469 29
8470 31
8471 19
8472 19
8473 26
8474 29
8475 34
8476 31
8477 32
8478 29
8479 35
8480 29
8481 35
8483 20
8484 31
8482 66
8485 34
8486 31
8487 26
8488 20
8489 20
8490 25
8491 25
8492 29
8493 41
8494 35
8495 20
8496 26
8497 29
8498 35
8499 31
8501 31
8502 23
8500 55
8503 38
8504 31
8505 32
8506 29
8508 23
8507 54
8509 29
8510 23
8511 32
8512 34
8513 22
8515 25
8514 43
8516 31
8519 17
8517 41
8520 28
8518 59
8521 32
8522 30
8523 34
8524 35
8525 26
8526 36
8527 25
8528 32
8530 26
8529 46
8531 26
8532 23
8534 26
8533 55
8535 29
8537 19
8538 26
8536 58
8539 31
8540 26
8541 29
8542 32
8543 43
8544 58
8545 42
8546 35
8547 29
8548 38
8549 36
8550 32
8551 35
8552 20
8555 26
8553 53
8554 51
8556 30
8557 42
8558 32
8559 24
8560 38
8561 32
8562 37
8563 23
8564 34
8565 22
8566 24
8567 26
8568 20
8569 35
8570 28
8571 27
8572 33
8573 26
8574 26
8575 32
8576 23
8578 26
8577 58
8579 33
8581 26
8582 22
8580 61
8585 23
8583 50
8584 40
8587 23
8586 40
8588 26
8589 35
8590 34
8591 32
8592 35
8593 27
8594 22
8595 23
8596 25
8597 25
8598 29
8599 38
8600 28
8601 32
8602 29
8603 23
8604 23
8605 23
8606 26
8607 20
8608 17
8610 24
8609 40
8611 23
8612 28
8613 28
8614 32
8616 32
8617 29
8618 26
8619 26
8620 29
8615 95
8622 26
8623 27
8621 52
8624 26
8626 43
8628 26
8625 60
8629 25
8630 25
8627 63
8631 53
8632 50
8633 41
8635 28
8634 44
8639 23
8636 59
8637 58
8638 54
8640 29
8641 32
8643 26
8645 16
8642 53
8644 32
8647 23
8648 28
8646 69
8649 46
8650 30
8651 20
8652 35
8653 26
8654 35
8656 38
8657 21
8658 23
8655 59
8659 32
8660 33
8662 26
8661 39
8663 32
8665 36
8664 51
8667 20
8668 29
8669 25
8666 74
8670 29
8671 20
8672 31
8674 20
8675 35
8673 65
8677 25
8676 46
8679 23
8678 42
8680 32
8681 35
8682 29
8683 29
8684 26
8685 28
8686 28
8688 24
8687 41
8689 36
8690 29
8691 36
8692 34
8693 32
8694 31
8696 25
8695 54
8697 35
8698 29
8700 32
8699 56
8701 33
8702 25
8704 30
8703 49
8705 36
8706 26
8707 16
8708 33
8710 31
8711 29
8712 26
8709 59
8713 38
8714 32
8715 35
8716 20
8717 33
8718 35
8719 32
8720 36
8721 29
8722 29
8723 45
8724 60
8726 47
8728 23
8725 61
8727 51
8729 38
8730 32
8731 28
8733 21
8732 56
8734 37
8735 40
8736 44
8737 32
8739 36
8740 23
8738 50
8741 23
8742 38
8743 26
8745 26
8744 39
8746 34
8747 34
8748 28
8749 26
8751 17
8750 34
8753 35
8754 26
8752 63
8755 39
8757 31
8756 55
8758 32
8759 20
8760 31
8761 28
8762 23
8763 35
8764 33
8765 23
8766 46
8767 30
8769 31
8768 52
8771 24
8770 49
8772 31
8773 30
8775 38
8777 17
8774 63
8776 52
8778 29
8779 38
8780 31
8782 31
8783 24
8781 51
8784 35
8785 28
8786 33
8787 20
8788 43
8790 28
8789 46
8791 28
8792 29
8793 32
8795 43
8794 76
8797 43
8799 25
8798 45
8796 69
8800 31
8801 20
8803 27
8802 45
8804 33
8805 26
8806 23
8807 27
8808 34
8809 29
8811 19
8810 40
8812 45
8814 34
8815 29
8816 26
8813 59
8817 46
8818 51
8819 48
8820 47
8821 31
8822 26
8823 20
8824 30
8825 22
8828 32
8827 49
8829 29
8830 28
8826 88
8833 19
8834 28
8831 60
8835 28
8832 64
8836 46
8837 29
8839 32
8840 32
8841 33
8838 69
8842 34
8844 36
8843 49
8845 58
8848 22
8846 59
8847 55
8849 29
8851 34
8852 21
8850 55
8853 23
8854 26
8855 36
8856 28
8857 27
8858 28
8859 48
8860 37
8862 22
8861 46
8863 28
8864 30
8865 39
8866 29
8867 34
8868 26
8869 31
8870 26
8872 23
8871 40
8873 33
8874 20
8876 32
8878 22
8879 23
8877 52
8880 29
8875 93
8881 45
8882 48
8883 39
8884 30
8885 25
8886 22
8887 35
8888 23
8889 28
8891 25
8890 45
8892 23
8893 39
8895 24
8896 26
8894 53
8898 28
8899 32
8897 67
8900 40
8902 21
8903 30
8901 61
8904 29
8905 29
8907 26
8908 20
8906 55
8909 25
8910 30
8911 26
8913 35
8914 19
8912 55
8915 39
8916 36
8917 32
8918 29
8919 26
8920 23
8921 25
8922 29
8923 38
8924 37
8925 32
8927 33
8926 52
8928 52
8929 42
8931 22
8930 39
8932 26
8933 32
8934 29
8935 29
8936 35
8938 32
8937 50
8939 34
8940 28
8941 23
8942 28
8943 23
8944 29
8945 20
8946 26
8947 28
8948 25
8949 37
8950 27
8951 33
8952 28
8953 20
8955 44
8956 38
8957 26
8958 31
8954 81
8959 34
8960 31
8963 35
8964 25
8961 60
8965 26
8966 35
8967 47
8969 23
8962 102
8970 19
8968 49
8972 27
8971 49
8974 20
8973 40
8976 20
8975 53
8977 35
8979 21
8980 25
8981 23
8978 72
8982 41
8983 35
8984 36
8985 55
8986 47
8988 25
8987 41
8991 28
8992 28
8993 28
8989 69
8994 34
8995 28
8990 85
8996 32
8998 23
8997 40
8999 29
9000 32
9001 33
9002 20
9003 26
9004 33
9005 27
9006 26
9007 29
9008 22
9009 29
9010 41
9011 31
9012 20
9013 33
9014 25
9015 23
9016 26
9017 29
9018 39
9019 29
9020 35
9021 20
9022 34
9024 35
9025 27
9023 60
9026 36
9027 26
9028 28
9029 14
9030 29
9031 25
9032 35
9033 29
9034 47
9035 31
9036 46
9037 31
9038 36
9039 52
9041 41
9042 36
9044 23
9040 72
9043 42
9046 31
9045 51
9047 29
9048 20
9049 29
9050 38
9051 32
9052 19
9054 35
9055 46
9057 20
9053 76
9056 48
9058 25
9060 29
9061 29
9059 61
9062 31
9063 30
9064 32
9065 37
9066 32
9067 31
9068 36
9069 23
9070 23
9071 36
9073 29
9074 32
9072 59
9075 51
9076 42
9077 29
9078 29
9079 20
9081 26
9082 26
9080 54
9083 20
9084 25
9086 32
9087 28
9085 58
9088 26
9090 23
9089 49
9091 34
9092 24
9093 26
9095 32
9094 63
9097 38
9096 59
9099 32
9100 29
9101 26
9098 59
9102 22
9103 35
9104 29
9105 30
9106 29
9107 29
9108 32
9110 32
9111 23
9112 26
9113 26
9109 71
9114 26
9115 23
9116 39
9117 31
9118 23
9120 28
9119 40
9121 28
9123 23
9124 26
9122 49
9126 26
9127 26
9125 59
9128 38
9129 34
9130 26
9131 40
9132 31
9133 41
9134 29
9135 36
9136 26
9137 23
9138 21
9139 29
9140 28
9141 35
9142 22
9143 35
9144 55
9145 40
9146 31
9148 14
9147 29
9149 28
9151 25
9152 23
9153 28
9150 60
9154 29
9155 29
9156 32
9157 19
9158 35
9159 26
9160 37
9162 26
9163 28
9161 59
9165 37
9166 29
9167 26
9164 66
9168 29
9169 26
9170 23
9171 35
9172 26
9173 23
9174 38
9176 37
9175 51
9179 17
9178 34
9177 54
9180 26
9181 32
9182 22
9183 33
9184 34
9185 26
9186 32
9187 29
9188 23
9189 32
9190 29
9191 23
9192 28
9194 26
9193 51
9196 32
9195 49
9197 34
9198 28
9199 20
9200 23
9201 28
9202 34
9203 26
9204 20
9205 23
9206 23
9207 34
9208 34
9209 23
9210 47
9211 29
9213 17
9212 39
9214 38
9215 31
9217 31
9216 49
9219 26
9220 25
9218 57
9221 29
9222 23
9223 26
9224 29
9225 38
9226 26
9227 23
9228 34
9229 32
9230 35
9232 31
9233 26
9231 52
9234 26
9235 23
9236 32
9237 26
9238 26
9239 41
9241 26
9242 25
9243 20
9240 78
9245 22
9244 50
9246 35
9247 24
9248 30
9249 23
9250 26
9251 29
9252 45
9253 33
9254 20
9255 33
9256 45
9257 29
9258 43
9260 23
9259 52
9261 29
9262 35
9265 23
9263 54
9264 63
9266 40
9267 31
9268 22
9269 32
9271 26
9270 43
9272 32
9273 29
9275 24
9274 44
9276 23
9277 44
9278 44
9279 37
9280 32
9281 46
9282 29
9283 27
9284 28
9285 48
9286 36
9287 37
9288 40
9289 34
9290 22
9292 14
9291 29
9293 33
9294 23
9295 32
9296 25
9297 32
9298 26
9299 26
9300 33
9301 34
9302 31
9303 44
9304 32
9305 27
9306 33
9307 23
9308 46
9310 27
9309 53
9311 31
9312 39
9313 38
9314 26
9315 32
9316 26
9317 38
9318 33
9319 34
9320 36
9321 23
9323 17
9324 24
9322 50
9326 28
9325 43
9327 29
9328 25
9329 45
9330 30
9331 38
9332 26
9334 33
9335 29
9336 20
9333 62
9337 32
9338 26
9339 38
9340 32
9341 29
9342 29
9343 29
9344 26
9346 41
9347 35
9345 63
9348 33
9349 34
9350 23
9351 39
9353 22
9354 37
9352 63
9356 27
9357 30
9359 17
9355 65
9358 31
9360 25
9361 32
9362 31
9363 22
9365 29
9364 58
9366 36
9367 26
9368 30
9369 20
9370 20
9371 35
9374 36
9375 25
9372 65
9373 50
9376 38
9377 35
9378 53
9379 46
9382 32
9381 49
9383 33
9380 69
9385 22
9384 42
9386 31
9388 33
9389 37
9390 23
9391 26
9387 78
9392 21
9393 23
9394 25
9396 17
9395 31
9397 35
9399 26
9398 48
9400 36
9401 40
9402 29
9403 37
9404 22
9405 29
9406 28
9408 31
9407 51
9410 27
9411 17
9412 21
9409 60
9413 25
9414 26
9415 20
9417 25
9416 48
9419 17
9418 41
9420 23
9421 28
9422 31
9423 26
9424 28
9425 28
9426 42
9427 32
9430 26
9428 57
9429 39
9432 31
9433 32
9434 22
9431 66
9435 26
9437 26
9436 57
9438 29
9440 36
9439 57
9441 38
9442 35
9443 37
9444 32
9445 29
9446 29
9448 26
9447 55
9449 39
9450 39
9452 26
9451 51
9453 46
9455 38
9454 52
9456 32
9458 26
9460 26
9457 64
9459 48
9462 22
9461 51
9463 32
9464 38
9465 24
9466 28
9467 23
9468 29
9469 34
9470 25
9471 31
9472 31
9473 22
9474 32
9475 23
9476 33
9477 26
9478 26
9479 23
9481 35
9482 26
9480 60
9484 29
9483 54
9485 29
9486 24
9487 25
9488 35
9489 36
9490 27
9493 31
9491 59
9492 55
9494 33
9495 28
9496 23
9497 30
9498 39
9499 35
9500 23
9503 25
9501 50
9502 43
9504 30
9505 45
9506 29
9507 28
9508 32
9509 26
9510 29
9511 26
9513 17
9512 34
9514 34
9515 32
9516 32
9517 36
9518 20
9519 22
9520 23
9522 26
9521 43
9523 45
9524 31
9525 29
9526 19
9527 27
9528 29
9529 24
9530 20
9531 48
9532 35
9533 32
9534 29
9535 29
9536 32
9537 23
9538 29
9539 32
9540 31
9541 28
9542 36
9544 18
9543 32
9545 32
9546 29
9547 23
9548 23
9549 20
9550 25
9551 27
9552 36
9553 26
9555 36
9556 20
9557 25
9554 62
9558 25
9559 25
9560 17
9562 29
9563 26
9561 67
9564 31
9565 25
9566 26
9568 17
9569 26
9567 58
9570 23
9572 26
9571 40
9573 24
9574 36
9575 34
9576 29
9577 24
9578 23
9580 26
9581 26
9579 55
9582 20
9583 32
9585 25
9584 55
9586 45
9587 31
9588 26
9589 23
9590 32
9591 33
9592 35
9593 32
9594 40
9595 34
9596 32
9597 25
9598 29
9599 22
9600 16
9602 17
9601 31
9603 23
9604 30
9605 35
9606 28
9607 28
9609 17
9608 32
9611 26
9610 58
9612 38
9613 23
9614 35
9615 26
9616 34
9617 32
9619 38
9620 27
9618 61
9621 32
9622 20
9623 31
9625 14
9624 38
9627 17
9626 29
9628 38
9629 36
9630 23
9631 32
9632 41
9634 45
9635 41
9636 29
9637 28
9633 75
9639 26
9638 48
9640 35
9641 32
9643 26
9642 45
9644 35
9646 26
9647 20
9645 50
9648 29
9649 31
9650 26
9651 34
9652 29
9653 26
9655 38
9654 50
9656 31
9657 35
9658 28
9659 29
9660 26
9661 17
9662 20
9664 20
9663 50
9665 29
9667 36
9668 19
9666 52
9669 26
9670 38
9671 31
9672 26
9674 26
9673 39
9675 29
9676 26
9677 23
9678 33
9679 20
9680 26
9681 32
9682 23
9683 31
9684 31
9685 34
9686 28
9687 44
9688 29
9689 25
9690 37
9691 26
9692 29
9693 26
9694 20
9695 19
9698 29
9699 25
9696 64
9697 53
9700 54
9701 39
9702 29
9703 29
9705 28
9704 55
9706 29
9707 26
9708 55
9710 32
9711 28
9709 62
9712 36
9714 22
9715 26
9713 52
9716 38
9717 25
9718 37
9719 32
9721 26
9720 56
9722 32
9724 26
9723 41
9725 36
9726 41
9727 32
9728 29
9729 20
9730 36
9731 31
9732 20
9735 18
9733 49
9734 49
9736 40
9737 29
9738 23
9739 23
9741 28
9740 40
9742 38
9743 28
9744 32
9745 29
9746 23
9747 23
9748 35
9749 25
9750 34
9751 22
9752 64
9753 54
9755 32
9754 53
9756 36
9758 25
9757 39
9759 23
9760 23
9761 21
9762 27
9763 29
9764 42
9765 47
9766 48
9767 32
9768 31
9769 26
9770 33
9771 23
9772 23
9773 26
9774 45
9775 44
9776 30
9777 34
9778 23
9779 27
9780 32
9781 23
9782 32
9783 28
9784 29
9785 36
9786 28
9787 32
9788 23
9789 28
9790 36
9791 29
9792 30
9793 48
9794 40
9795 32
9796 31
9797 32
9798 23
9800 14
9799 29
9801 28
9802 30
9803 45
9804 29
9805 42
9806 32
9807 42
9809 25
9808 47
9810 23
9812 17
9811 35
9813 37
9814 26
9815 37
9816 29
9817 31
9818 33
9819 27
9820 31
9821 33
9822 35
9823 32
9824 24
9825 34
9826 26
9827 43
9828 43
9829 34
9830 32
9831 26
9832 36
9833 37
9834 28
9835 22
9836 26
9837 23
9838 27
9839 33
9840 29
9841 38
9842 26
9843 19
9845 34
9846 23
9844 59
9848 23
9847 58
9850 29
9851 29
9852 26
9849 61
9854 37
9855 28
9856 25
9853 59
9857 20
9858 25
9859 28
9860 32
9861 36
9862 40
9863 46
9864 37
9865 20
9868 23
9869 25
9866 63
9867 56
9870 35
9871 22
9872 32
9873 30
9874 26
9875 17
9876 34
9879 33
9880 28
9877 59
9878 49
9881 20
9882 20
9884 29
9885 35
9887 28
9886 46
9888 26
9883 81
9889 34
9890 25
9891 23
9892 29
9893 34
9894 37
9895 26
9896 20
9897 25
9898 27
9899 29
9900 30
9901 19
9902 34
9903 26
9904 36
9905 20
9906 34
9908 26
9907 42
9909 34
9910 28
9911 32
9912 26
9914 26
9915 31
9913 67
9916 32
9918 16
9917 37
9920 26
9919 44
9921 26
9922 23
9924 17
9923 47
9925 31
9926 30
9928 28
9929 33
9927 70
9931 38
9930 49
9932 31
9933 34
9934 32
9935 32
9936 32
9937 27
9938 32
9939 27
9940 28
9942 29
9943 26
9941 51
9944 33
9945 35
9946 38
9947 35
9948 32
9950 30
9949 52
9951 43
9952 31
9953 35
9954 23
9955 31
9956 44
9958 20
9959 26
9957 59
9960 32
9961 31
9962 27
9963 32
9964 29
9965 20
9966 23
9969 26
9967 58
9968 41
9970 26
9971 23
9972 11
9973 26
9974 23
9975 44
9976 34
9977 45
9979 23
9978 48
9980 29
9981 29
9982 27
9983 20
9984 48
9985 32
9986 29
9987 27
9988 35
9989 21
9990 32
9991 23
9992 34
9993 29
9994 32
9995 29
9996 34
9997 23
9998 29
9999 29
10000 39
10001 33
10002 44
10004 26
10003 46
10005 29
10006 37
10008 28
10007 47
10009 20
10010 31
10011 32
10012 35
10013 26
10015 26
10014 44
10016 20
10017 35
10018 42
10019 33
10021 20
10020 58
10022 32
10023 23
10024 23
10025 31
10026 24
10027 26
10028 38
10029 29
10030 32
10033 29
10034 26
10031 61
10032 53
10036 25
10035 40
10037 28
10038 23
10039 32
10040 32
10042 29
10041 51
10043 29
10044 20
10045 35
10046 32
10048 30
10047 56
10049 32
10050 29
10051 49
10052 48
10053 29
10054 26
10055 38
10056 37
10057 26
10058 40
10059 29
10060 26
10061 29
10062 29
10063 34
10064 45
10065 30
10066 26
10067 24
10068 37
10069 26
10070 35
10071 23
10072 35
10073 28
10074 29
10075 29
10076 31
10077 28
10078 37
10079 23
10080 32
10081 29
10082 28
10083 32
10084 33
10085 22
10086 39
10087 38
10088 31
10089 48
10091 26
10092 17
10093 26
10090 59
10094 36
10095 41
10096 31
10097 38
10098 32
10099 28
