100 20
101 18
102 20
103 12
104 14
105 10
106 16
107 12
108 8
109 10
110 12
111 14
112 18
113 12
114 14
115 10
116 14
117 14
118 8
119 6
120 16
121 14
122 18
123 14
124 12
125 12
126 16
127 16
128 10
129 14
130 14
131 16
132 16
133 12
134 12
135 12
136 12
137 10
138 12
139 12
140 14
141 12
142 14
143 12
144 6
145 16
146 12
147 8
148 16
149 16
150 18
151 14
152 18
153 12
154 40
155 24
156 10
157 12
158 14
159 32
160 14
161 12
162 14
163 10
164 14
165 12
166 12
167 24
168 14
169 20
170 16
171 18
172 16
173 14
174 8
175 14
176 16
177 12
178 18
179 14
180 10
181 10
182 18
183 10
184 16
185 16
186 14
187 14
188 12
189 16
190 6
191 16
192 12
193 16
194 12
195 14
196 16
197 10
198 16
199 14
200 28
201 22
202 16
203 16
204 12
205 14
206 12
207 12
208 16
209 20
210 16
211 16
212 20
213 28
214 12
215 16
216 16
217 20
218 18
219 18
220 10
221 18
222 14
223 14
224 16
225 10
226 10
227 16
228 14
229 12
230 18
231 12
232 10
233 14
234 16
235 14
236 14
237 26
238 14
239 14
240 10
241 18
242 6
243 14
244 12
245 12
246 20
247 14
248 20
249 12
250 12
251 14
252 12
253 22
254 16
255 16
256 14
257 18
258 14
259 20
260 10
261 14
262 16
263 12
264 12
265 16
266 16
267 16
268 12
269 18
270 14
271 12
272 16
273 12
274 14
275 16
276 14
277 12
278 28
279 16
280 12
281 14
282 18
283 12
284 16
285 14
286 16
287 16
288 16
289 16
290 16
291 18
292 14
293 16
294 14
295 16
296 14
297 12
298 18
299 14
300 18
301 18
302 12
303 16
304 18
305 14
306 16
307 18
308 14
309 12
310 14
311 16
312 14
313 14
314 18
315 14
316 18
317 14
318 14
319 14
320 16
321 14
322 16
323 16
324 18
325 14
326 24
327 14
328 14
329 16
330 14
331 16
332 14
333 14
334 26
335 28
336 24
337 24
338 20
339 20
340 12
341 20
342 16
343 20
344 20
345 26
346 16
347 14
348 16
349 20
350 18
351 20
352 18
353 20
354 18
355 16
356 14
357 20
358 18
359 12
360 34
361 20
362 16
363 14
364 22
365 14
366 18
367 12
368 10
369 14
370 22
371 16
372 12
373 16
374 14
375 14
376 16
377 16
378 12
379 16
380 14
381 18
382 18
383 18
384 14
385 26
386 16
387 14
388 14
389 14
390 20
391 14
392 12
393 16
394 16
395 16
396 14
397 16
398 16
399 12
400 12
401 14
402 14
403 18
404 18
405 18
406 14
407 12
408 10
409 16
410 16
411 14
412 20
413 16
414 14
415 20
416 12
417 18
418 10
419 18
420 18
421 22
422 12
423 16
424 20
425 18
426 22
427 18
428 12
429 16
430 18
431 18
432 18
433 18
434 18
435 18
436 12
437 12
438 18
439 12
440 14
441 16
442 22
443 18
444 12
445 12
446 18
447 20
448 10
449 20
450 18
451 18
452 16
453 14
454 10
455 18
456 20
457 16
458 18
459 20
460 22
461 16
462 12
463 14
464 26
465 24
466 28
467 22
468 24
469 20
470 18
471 16
472 18
473 18
474 14
475 16
476 18
477 26
478 20
479 20
480 12
481 22
482 14
483 34
484 22
485 20
486 28
487 18
488 16
489 16
490 18
491 14
492 30
493 16
494 20
495 18
496 16
497 18
498 18
499 12
500 24
501 12
502 28
503 52
504 12
505 16
506 18
507 12
508 14
509 12
510 18
511 16
512 18
513 18
514 18
515 14
516 10
517 16
518 12
519 32
520 10
521 14
522 12
523 14
524 14
525 14
526 14
527 20
528 14
529 10
530 28
531 14
532 18
533 18
534 18
535 12
536 18
537 16
538 24
539 18
540 16
541 14
542 18
543 8
544 12
545 14
546 12
547 16
548 16
549 12
550 14
551 20
552 20
553 20
554 20
555 24
556 20
557 18
558 16
559 8
560 18
561 22
562 16
563 22
564 14
565 20
566 20
567 18
568 16
569 22
570 10
571 18
572 20
573 18
574 14
575 14
576 18
577 12
578 14
579 14
580 12
581 16
582 18
583 18
584 14
585 20
586 18
587 16
588 10
589 14
590 16
591 26
592 20
593 18
594 24
595 20
596 20
597 28
598 20
599 20
600 24
601 20
602 26
603 18
604 22
605 16
606 22
607 22
608 18
609 20
610 16
611 20
612 10
613 18
614 18
615 20
616 24
617 20
618 18
619 16
620 26
621 16
622 20
623 16
624 16
625 18
626 22
627 20
628 16
629 14
630 12
631 10
632 18
633 16
634 22
635 16
636 22
637 22
638 22
639 20
640 32
641 20
642 18
643 16
644 18
645 16
646 18
647 20
648 16
649 18
650 18
651 16
652 18
653 16
654 20
655 16
656 18
657 18
658 30
659 18
660 16
661 24
662 18
663 18
664 14
665 18
666 16
667 20
668 56
669 24
670 16
671 18
672 16
673 14
674 18
675 10
676 14
677 18
678 20
679 14
680 18
681 24
682 20
683 16
684 16
685 16
686 18
687 16
688 18
689 16
690 18
691 22
692 26
693 10
694 20
695 20
696 14
697 20
698 18
699 14
700 18
701 22
702 16
703 16
704 26
705 20
706 24
707 8
708 16
709 14
710 18
711 14
712 16
713 10
714 16
715 18
716 18
717 22
718 20
719 22
720 42
721 20
722 18
723 22
724 18
725 16
726 24
727 14
728 22
729 26
730 18
731 12
732 16
733 20
734 14
735 14
736 8
737 18
738 22
739 14
740 12
741 30
742 32
743 26
744 20
745 16
746 16
747 10
748 16
749 16
750 14
751 20
752 22
753 40
754 24
755 14
756 14
757 18
758 18
759 16
760 22
761 14
762 22
763 18
764 16
765 16
766 22
767 16
768 16
769 18
770 16
771 32
772 20
773 14
774 14
775 48
776 20
777 16
778 28
779 24
780 28
781 20
782 12
783 24
784 30
785 22
786 14
787 32
788 24
789 18
790 22
791 22
792 18
793 18
794 20
795 18
796 18
797 24
798 14
799 18
800 14
801 22
802 24
803 18
804 20
805 14
806 16
807 44
808 14
809 22
810 20
811 12
812 8
813 14
814 22
815 46
816 18
817 18
818 10
819 20
820 14
821 20
822 16
823 20
824 16
825 20
826 16
827 20
828 14
829 20
830 16
831 22
832 18
833 20
834 16
835 18
836 20
837 28
838 14
839 20
840 12
841 16
842 18
843 16
844 12
845 20
846 12
847 14
848 16
849 16
850 14
851 16
852 22
853 18
854 18
855 20
856 16
857 20
858 12
859 26
860 22
861 18
862 16
863 20
864 22
865 38
866 18
867 18
868 30
869 20
870 18
871 24
872 20
873 20
874 18
875 8
876 22
877 18
878 20
879 12
880 20
881 16
882 20
883 12
884 14
885 20
886 14
887 16
888 20
889 18
890 18
891 18
892 16
893 36
894 18
895 16
896 16
897 12
898 18
899 22
900 16
901 14
902 14
903 20
904 14
905 14
906 16
907 16
908 24
909 16
910 12
911 14
912 30
913 26
914 14
915 12
916 16
917 14
918 16
919 20
920 10
921 20
922 16
923 14
924 20
925 38
926 14
927 40
928 12
929 30
930 20
931 20
932 30
933 32
934 24
935 22
936 22
937 16
938 16
939 14
940 18
941 16
942 20
943 18
944 20
945 16
946 24
947 18
948 12
949 18
950 24
951 16
952 30
953 18
954 22
955 18
956 18
957 20
958 16
959 20
960 16
961 14
962 18
963 20
964 26
965 18
966 18
967 16
968 18
969 14
970 20
971 26
972 14
973 18
974 16
975 14
976 14
977 16
978 16
979 20
980 18
981 20
982 22
983 14
984 14
985 22
986 18
987 16
988 22
989 14
990 16
991 16
992 18
993 18
994 16
995 16
996 12
997 12
998 24
999 20
1000 16
1001 14
1002 20
1003 46
1004 20
1005 24
1006 18
1007 16
1008 16
1009 14
1010 22
1011 16
1012 16
1013 18
1014 26
1015 18
1016 16
1017 18
1018 18
1019 20
1020 18
1021 34
1022 14
1023 14
1024 14
1025 16
1026 28
1027 24
1028 22
1029 14
1030 22
1031 20
1032 20
1033 18
1034 18
1035 18
1036 14
1037 14
1038 14
1039 12
1040 14
1041 20
1042 16
1043 20
1044 20
1045 20
1046 20
1047 28
1048 12
1049 18
1050 20
1051 18
1052 16
1053 14
1054 18
1055 16
1056 18
1057 20
1058 12
1059 22
1060 20
1061 18
1062 14
1063 16
1064 18
1065 16
1066 8
1067 16
1068 22
1069 20
1070 12
1071 16
1072 14
1073 28
1074 18
1075 16
1076 48
1077 24
1078 22
1079 10
1080 12
1081 26
1082 12
1083 18
1084 14
1085 16
1086 26
1087 14
1088 18
1089 36
1090 22
1091 10
1092 28
1093 18
1094 14
1095 20
1096 22
1097 18
1098 18
1099 12
1100 20
1101 18
1102 24
1103 16
1104 14
1105 24
1106 20
1107 24
1108 22
1109 12
1110 20
1111 20
1112 16
1113 30
1114 12
1115 12
1116 16
1117 18
1118 18
1119 20
1120 14
1121 18
1122 12
1123 20
1124 18
1125 28
1126 12
1127 16
1128 16
1129 16
1130 10
1131 20
1132 14
1133 16
1134 34
1135 24
1136 66
1137 36
1138 28
1139 28
1140 12
1141 18
1142 30
1143 28
1144 22
1145 16
1146 24
1147 18
1148 28
1149 36
1150 18
1151 20
1152 20
1153 18
1154 22
1155 20
1156 22
1157 18
1158 22
1159 20
1160 22
1161 16
1162 18
1163 14
1164 16
1165 14
1166 18
1167 20
1168 12
1169 20
1170 22
1171 28
1172 20
1173 20
1174 18
1175 26
1176 24
1177 18
1178 20
1179 18
1180 18
1181 18
1182 24
1183 24
1184 12
1185 26
1186 14
1187 18
1188 24
1189 26
1190 22
1191 18
1192 16
1193 10
1194 12
1195 18
1196 12
1197 16
1198 18
1199 16
1200 16
1201 18
1202 16
1203 22
1204 18
1205 16
1206 20
1207 20
1208 16
1209 12
1210 16
1211 38
1212 14
1213 16
1214 14
1215 16
1216 14
1217 16
1218 20
1219 20
1220 26
1221 16
1222 24
1223 20
1224 26
1225 18
1226 20
1227 14
1228 14
1229 16
1230 18
1231 20
1232 14
1233 24
1234 20
1235 14
1236 16
1237 18
1238 16
1239 14
1240 38
1241 16
1242 20
1243 24
1244 18
1245 14
1246 22
1247 12
1248 20
1249 28
1250 10
1251 14
1252 14
1253 48
1254 22
1255 18
1256 14
1257 14
1258 22
1259 20
1260 18
1261 26
1262 28
1263 20
1264 16
1265 20
1266 14
1267 22
1268 20
1269 14
1270 34
1271 32
1272 14
1273 22
1274 36
1275 12
1276 22
1277 20
1278 16
1279 20
1280 14
1281 18
1282 24
1283 22
1284 28
1285 24
1286 18
1287 18
1288 18
1289 24
1290 26
1291 32
1292 18
1293 22
1294 8
1295 12
1296 16
1297 16
1298 24
1299 22
1300 18
1301 20
1302 18
1303 22
1304 18
1305 22
1306 26
1307 42
1308 14
1309 16
1310 22
1311 14
1312 14
1313 18
1314 18
1315 18
1316 14
1317 26
1318 18
1319 22
1320 16
1321 22
1322 18
1323 16
1324 16
1325 16
1326 14
1327 22
1328 12
1329 18
1330 18
1331 18
1332 20
1333 18
1334 34
1335 20
1336 24
1337 16
1338 14
1339 20
1340 24
1341 14
1342 20
1343 20
1344 22
1345 16
1346 20
1347 16
1348 18
1349 22
1350 14
1351 18
1352 16
1353 22
1354 16
1355 18
1356 20
1357 18
1358 16
1359 14
1360 22
1361 20
1362 20
1363 22
1364 22
1365 22
1366 26
1367 14
1368 12
1369 14
1370 20
1371 18
1372 12
1373 14
1374 16
1375 22
1376 18
1377 16
1378 14
1379 22
1380 20
1381 18
1382 16
1383 18
1384 20
1385 20
1386 18
1387 20
1388 16
1389 12
1390 14
1391 20
1392 18
1393 18
1394 18
1395 24
1396 16
1397 22
1398 26
1399 18
1400 20
1401 20
1402 20
1403 20
1404 20
1405 20
1406 16
1407 22
1408 18
1409 26
1410 10
1411 18
1412 16
1413 14
1414 14
1415 24
1416 10
1417 14
1418 12
1419 14
1420 16
1421 22
1422 20
1423 16
1424 16
1425 26
1426 20
1427 20
1428 16
1429 18
1430 18
1431 16
1432 12
1433 16
1434 26
1435 18
1436 16
1437 24
1438 12
1439 10
1440 20
1441 22
1442 18
1443 16
1444 18
1445 14
1446 24
1447 24
1448 36
1449 16
1450 24
1451 14
1452 16
1453 20
1454 18
1455 20
1456 20
1457 16
1458 24
1459 26
1460 16
1461 14
1462 20
1463 18
1464 18
1465 20
1466 14
1467 20
1468 16
1469 20
1470 18
1471 14
1472 22
1473 16
1474 16
1475 16
1476 16
1477 22
1478 16
1479 16
1480 14
1481 20
1482 12
1483 18
1484 22
1485 18
1486 16
1487 12
1488 20
1489 16
1490 22
1491 20
1492 18
1493 20
1494 20
1495 26
1496 14
1497 20
1498 38
1499 18
1500 14
1501 18
1502 18
1503 24
1504 16
1505 18
1506 20
1507 18
1508 18
1509 28
1510 18
1511 20
1512 22
1513 20
1514 18
1515 22
1516 18
1517 14
1518 12
1519 22
1520 18
1521 14
1522 12
1523 20
1524 22
1525 20
1526 20
1527 16
1528 16
1529 26
1530 24
1531 18
1532 28
1533 16
1534 22
1535 28
1536 20
1537 16
1538 44
1539 18
1540 18
1541 20
1542 24
1543 14
1544 16
1545 16
1546 16
1547 30
1548 20
1549 20
1550 8
1551 18
1552 18
1553 12
1554 26
1555 18
1556 16
1557 14
1558 16
1559 30
1560 32
1561 16
1562 16
1563 24
1564 18
1565 28
1566 22
1567 16
1568 44
1569 8
1570 16
1571 10
1572 14
1573 18
1574 22
1575 14
1576 16
1577 18
1578 14
1579 14
1580 16
1581 14
1582 16
1583 12
1584 20
1585 18
1586 18
1587 14
1588 10
1589 12
1590 18
1591 16
1592 24
1593 22
1594 24
1595 14
1596 24
1597 16
1598 16
1599 20
1600 20
1601 22
1602 24
1603 22
1604 16
1605 14
1606 18
1607 18
1608 20
1609 22
1610 22
1611 14
1612 22
1613 12
1614 14
1615 22
1616 18
1617 26
1618 20
1619 32
1620 16
1621 26
1622 10
1623 22
1624 22
1625 20
1626 22
1627 32
1628 38
1629 18
1630 16
1631 16
1632 20
1633 16
1634 20
1635 16
1636 16
1637 10
1638 14
1639 20
1640 22
1641 16
1642 20
1643 16
1644 14
1645 14
1646 20
1647 18
1648 20
1649 14
1650 20
1651 22
1652 16
1653 42
1654 10
1655 16
1656 22
1657 26
1658 14
1659 18
1660 14
1661 20
1662 16
1663 24
1664 16
1665 24
1666 22
1667 22
1668 18
1669 20
1670 22
1671 24
1672 20
1673 12
1674 22
1675 16
1676 10
1677 10
1678 22
1679 26
1680 12
1681 18
1682 16
1683 12
1684 24
1685 18
1686 16
1687 18
1688 16
1689 24
1690 20
1691 18
1692 30
1693 32
1694 14
1695 12
1696 26
1697 16
1698 16
1699 24
1700 18
1701 14
1702 24
1703 12
1704 14
1705 16
1706 22
1707 22
1708 20
1709 22
1710 12
1711 12
1712 16
1713 20
1714 20
1715 12
1716 22
1717 14
1718 16
1719 16
1720 22
1721 20
1722 26
1723 24
1724 18
1725 16
1726 12
1727 20
1728 16
1729 18
1730 20
1731 10
1732 18
1733 22
1734 22
1735 14
1736 12
1737 20
1738 18
1739 14
1740 20
1741 22
1742 16
1743 18
1744 34
1745 26
1746 20
1747 22
1748 26
1749 16
1750 18
1751 18
1752 28
1753 20
1754 28
1755 30
1756 12
1757 24
1758 28
1759 24
1760 28
1761 20
1762 16
1763 14
1764 18
1765 20
1766 10
1767 28
1768 18
1769 32
1770 16
1771 18
1772 16
1773 18
1774 12
1775 18
1776 34
1777 16
1778 20
1779 14
1780 22
1781 16
1782 10
1783 22
1784 18
1785 20
1786 20
1787 18
1788 10
1789 20
1790 20
1791 16
1792 10
1793 28
1794 20
1795 18
1796 18
1797 18
1798 16
1799 16
1800 40
1801 12
1802 16
1803 10
1804 20
1805 14
1806 20
1807 22
1808 10
1809 12
1810 18
1811 24
1812 18
1813 14
1814 18
1815 22
1816 16
1817 18
1818 14
1819 14
1820 18
1821 10
1822 14
1823 22
1824 10
1825 18
1826 20
1827 18
1828 18
1829 22
1830 24
1831 16
1832 22
1833 22
1834 28
1835 18
1836 18
1837 24
1838 16
1839 20
1840 16
1841 22
1842 16
1843 14
1844 20
1845 12
1846 18
1847 16
1848 16
1849 14
1850 20
1851 16
1852 14
1853 18
1854 16
1855 20
1856 24
1857 16
1858 18
1859 16
1860 26
1861 16
1862 20
1863 24
1864 14
1865 28
1866 18
1867 12
1868 34
1869 20
1870 50
1871 20
1872 20
1873 12
1874 18
1875 14
1876 20
1877 22
1878 36
1879 20
1880 20
1881 42
1882 22
1883 34
1884 18
1885 34
1886 20
1887 40
1888 24
1889 16
1890 18
1891 16
1892 12
1893 18
1894 44
1895 22
1896 14
1897 28
1898 22
1899 22
1900 30
1901 16
1902 24
1903 18
1904 34
1905 24
1906 18
1907 16
1908 18
1909 18
1910 16
1911 12
1912 18
1913 20
1914 24
1915 16
1916 14
1917 8
1918 16
1919 18
1920 18
1921 10
1922 14
1923 18
1924 18
1925 16
1926 28
1927 12
1928 30
1929 22
1930 16
1931 20
1932 18
1933 14
1934 16
1935 20
1936 14
1937 20
1938 12
1939 18
1940 20
1941 16
1942 22
1943 18
1944 22
1945 16
1946 28
1947 24
1948 24
1949 28
1950 22
1951 32
1952 28
1953 24
1954 16
1955 10
1956 16
1957 16
1958 18
1959 30
1960 18
1961 14
1962 14
1963 16
1964 12
1965 30
1966 16
1967 18
1968 10
1969 18
1970 18
1971 20
1972 18
1973 22
1974 20
1975 24
1976 18
1977 16
1978 24
1979 32
1980 20
1981 20
1982 16
1983 24
1984 20
1985 18
1986 20
1987 24
1988 20
1989 18
1990 16
1991 26
1992 18
1993 26
1994 20
1995 20
1996 24
1997 16
1998 20
1999 16
2000 12
2001 18
2002 22
2003 20
2004 20
2005 22
2006 20
2007 26
2008 18
2009 22
2010 18
2011 26
2012 16
2013 20
2014 24
2015 16
2016 18
2017 22
2018 14
2019 14
2020 20
2021 16
2022 36
2023 16
2024 20
2025 20
2026 22
2027 22
2028 20
2029 16
2030 22
2031 20
2032 14
2033 22
2034 22
2035 16
2036 18
2037 20
2038 16
2039 16
2040 16
2041 24
2042 18
2043 16
2044 24
2045 20
2046 20
2047 20
2048 18
2049 22
2050 26
2051 10
2052 22
2053 24
2054 24
2055 20
2056 24
2057 18
2058 14
2059 30
2060 16
2061 24
2062 20
2063 34
2064 24
2065 18
2066 14
2067 18
2068 22
2069 18
2070 20
2071 22
2072 22
2073 14
2074 22
2075 20
2076 14
2077 16
2078 20
2079 20
2080 20
2081 16
2082 14
2083 22
2084 16
2085 22
2086 14
2087 28
2088 20
2089 26
2090 16
2091 18
2092 32
2093 20
2094 26
2095 18
2096 26
2097 16
2098 20
2099 22
2100 24
2101 18
2102 14
2103 20
2104 34
2105 16
2106 22
2107 14
2108 20
2109 20
2110 22
2111 10
2112 16
2113 18
2114 30
2115 22
2116 20
2117 20
2118 20
2119 28
2120 24
2121 20
2122 14
2123 16
2124 28
2125 22
2126 16
2127 22
2128 24
2129 22
2130 22
2131 18
2132 26
2133 22
2134 14
2135 22
2136 16
2137 14
2138 10
2139 16
2140 18
2141 22
2142 18
2143 16
2144 20
2145 30
2146 16
2147 28
2148 30
2149 20
2150 24
2151 14
2152 32
2153 20
2154 20
2155 22
2156 26
2157 26
2158 16
2159 20
2160 18
2161 22
2162 20
2163 26
2164 22
2165 24
2166 20
2167 14
2168 20
2169 18
2170 26
2171 16
2172 20
2173 18
2174 16
2175 18
2176 16
2177 16
2178 20
2179 22
2180 18
2181 18
2182 18
2183 16
2184 42
2185 22
2186 20
2187 16
2188 30
2189 20
2190 20
2191 24
2192 16
2193 20
2194 16
2195 18
2196 18
2197 14
2198 20
2199 22
2200 22
2201 18
2202 20
2203 16
2204 18
2205 16
2206 16
2207 12
2208 30
2209 16
2210 18
2211 30
2212 38
2213 16
2214 16
2215 18
2216 14
2217 20
2218 18
2219 18
2220 18
2221 18
2222 16
2223 22
2224 18
2225 20
2226 28
2227 20
2228 20
2229 22
2230 30
2231 20
2232 16
2233 22
2234 20
2235 12
2236 22
2237 18
2238 24
2239 18
2240 24
2241 16
2242 18
2243 24
2244 20
2245 22
2246 14
2247 20
2248 18
2249 24
2250 36
2251 20
2252 18
2253 10
2254 22
2255 16
2256 18
2257 18
2258 24
2259 18
2260 26
2261 20
2262 16
2263 20
2264 18
2265 22
2266 16
2267 18
2268 14
2269 18
2270 16
2271 16
2272 22
2273 20
2274 30
2275 12
2276 16
2277 32
2278 16
2279 20
2280 20
2281 20
2282 20
2283 30
2284 26
2285 18
2286 18
2287 14
2288 28
2289 20
2290 36
2291 24
2292 26
2293 22
2294 30
2295 26
2296 18
2297 18
2298 20
2299 14
2300 20
2301 34
2302 28
2303 20
2304 22
2305 18
2306 14
2307 16
2308 12
2309 26
2310 20
2311 14
2312 12
2313 30
2314 18
2315 26
2316 18
2317 18
2318 24
2319 20
2320 12
2321 14
2322 20
2323 28
2324 18
2325 22
2326 20
2327 18
2328 18
2329 24
2330 12
2331 18
2332 22
2333 20
2334 18
2335 28
2336 22
2337 28
2338 24
2339 22
2340 18
2341 36
2342 24
2343 20
2344 26
2345 18
2346 20
2347 20
2348 14
2349 26
2350 18
2351 22
2352 22
2353 20
2354 26
2355 14
2356 16
2357 14
2358 16
2359 20
2360 26
2361 10
2362 20
2363 16
2364 30
2365 24
2366 16
2367 18
2368 16
2369 22
2370 16
2371 16
2372 18
2373 24
2374 18
2375 20
2376 20
2377 14
2378 14
2379 32
2380 22
2381 22
2382 20
2383 20
2384 20
2385 20
2386 14
2387 14
2388 18
2389 22
2390 24
2391 50
2392 14
2393 16
2394 12
2395 14
2396 24
2397 20
2398 18
2399 18
2400 22
2401 22
2402 22
2403 18
2404 14
2405 22
2406 24
2407 14
2408 22
2409 22
2410 20
2411 14
2412 12
2413 22
2414 16
2415 20
2416 18
2417 20
2418 18
2419 14
2420 18
2421 16
2422 16
2423 18
2424 20
2425 16
2426 22
2427 26
2428 30
2429 22
2430 26
2431 16
2432 30
2433 20
2434 20
2435 24
2436 30
2437 22
2438 26
2439 24
2440 20
2441 26
2442 20
2443 22
2444 20
2445 16
2446 20
2447 22
2448 22
2449 26
2450 28
2451 20
2452 26
2453 20
2454 18
2455 18
2456 14
2457 20
2458 16
2459 22
2460 20
2461 18
2462 14
2463 22
2464 20
2465 20
2466 18
2467 24
2468 28
2469 22
2470 24
2471 14
2472 16
2473 32
2474 24
2475 18
2476 16
2477 20
2478 22
2479 22
2480 20
2481 26
2482 18
2483 18
2484 18
2485 42
2486 14
2487 16
2488 16
2489 18
2490 20
2491 22
2492 20
2493 22
2494 22
2495 12
2496 16
2497 12
2498 20
2499 26
2500 18
2501 28
2502 24
2503 34
2504 16
2505 26
2506 22
2507 22
2508 18
2509 22
2510 14
2511 14
2512 24
2513 24
2514 28
2515 22
2516 26
2517 20
2518 24
2519 14
2520 24
2521 22
2522 16
2523 22
2524 24
2525 20
2526 14
2527 16
2528 14
2529 14
2530 20
2531 18
2532 20
2533 20
2534 18
2535 18
2536 22
2537 24
2538 16
2539 18
2540 16
2541 16
2542 18
2543 18
2544 26
2545 14
2546 18
2547 16
2548 16
2549 20
2550 20
2551 18
2552 18
2553 22
2554 16
2555 32
2556 18
2557 14
2558 18
2559 22
2560 18
2561 16
2562 22
2563 16
2564 18
2565 16
2566 34
2567 20
2568 24
2569 32
2570 14
2571 22
2572 20
2573 20
2574 20
2575 24
2576 26
2577 18
2578 14
2579 24
2580 18
2581 20
2582 14
2583 24
2584 22
2585 18
2586 26
2587 22
2588 16
2589 24
2590 22
2591 18
2592 18
2593 14
2594 14
2595 14
2596 28
2597 32
2598 28
2599 26
2600 16
2601 30
2602 16
2603 22
2604 22
2605 20
2606 18
2607 14
2608 16
2609 22
2610 24
2611 24
2612 20
2613 20
2614 18
2615 24
2616 26
2617 16
2618 24
2619 30
2620 12
2621 22
2622 28
2623 20
2624 20
2625 18
2626 26
2627 30
2628 30
2629 26
2630 14
2631 20
2632 18
2633 26
2634 30
2635 22
2636 28
2637 26
2638 26
2639 24
2640 18
2641 14
2642 14
2643 26
2644 22
2645 16
2646 18
2647 24
2648 22
2649 14
2650 16
2651 14
2652 28
2653 14
2654 18
2655 20
2656 18
2657 16
2658 14
2659 20
2660 20
2661 10
2662 16
2663 40
2664 18
2665 20
2666 20
2667 12
2668 16
2669 20
2670 20
2671 8
2672 18
2673 16
2674 14
2675 18
2676 28
2677 14
2678 12
2679 20
2680 20
2681 12
2682 20
2683 10
2684 30
2685 22
2686 16
2687 20
2688 18
2689 18
2690 20
2691 18
2692 18
2693 20
2694 12
2695 16
2696 18
2697 20
2698 22
2699 16
2700 12
2701 14
2702 20
2703 18
2704 22
2705 14
2706 24
2707 24
2708 16
2709 16
2710 16
2711 20
2712 14
2713 20
2714 20
2715 28
2716 20
2717 18
2718 20
2719 22
2720 14
2721 20
2722 14
2723 10
2724 20
2725 20
2726 24
2727 24
2728 28
2729 22
2730 16
2731 16
2732 12
2733 22
2734 18
2735 14
2736 20
2737 34
2738 18
2739 14
2740 22
2741 18
2742 14
2743 22
2744 24
2745 18
2746 16
2747 44
2748 22
2749 18
2750 20
2751 16
2752 22
2753 16
2754 24
2755 24
2756 26
2757 28
2758 22
2759 26
2760 22
2761 18
2762 22
2763 26
2764 22
2765 16
2766 18
2767 26
2768 32
2769 26
2770 14
2771 26
2772 28
2773 34
2774 22
2775 24
2776 18
2777 22
2778 30
2779 22
2780 20
2781 18
2782 24
2783 22
2784 20
2785 20
2786 16
2787 18
2788 20
2789 30
2790 22
2791 18
2792 24
2793 16
2794 22
2795 14
2796 18
2797 20
2798 18
2799 20
2800 18
2801 12
2802 24
2803 24
2804 20
2805 20
2806 16
2807 16
2808 22
2809 24
2810 20
2811 24
2812 18
2813 16
2814 38
2815 12
2816 20
2817 14
2818 22
2819 18
2820 24
2821 18
2822 20
2823 12
2824 12
2825 24
2826 42
2827 18
2828 14
2829 16
2830 16
2831 16
2832 20
2833 30
2834 22
2835 16
2836 14
2837 16
2838 28
2839 28
2840 16
2841 20
2842 26
2843 18
2844 18
2845 22
2846 18
2847 16
2848 20
2849 14
2850 22
2851 20
2852 18
2853 20
2854 24
2855 22
2856 16
2857 20
2858 16
2859 10
2860 18
2861 16
2862 18
2863 20
2864 26
2865 24
2866 18
2867 24
2868 22
2869 26
2870 18
2871 18
2872 26
2873 18
2874 24
2875 14
2876 32
2877 24
2878 26
2879 20
2880 18
2881 16
2882 26
2883 20
2884 30
2885 28
2886 24
2887 10
2888 22
2889 26
2890 26
2891 18
2892 20
2893 16
2894 14
2895 28
2896 22
2897 18
2898 18
2899 14
2900 16
2901 16
2902 16
2903 28
2904 22
2905 20
2906 20
2907 24
2908 24
2909 18
2910 20
2911 20
2912 18
2913 22
2914 36
2915 14
2916 34
2917 22
2918 18
2919 26
2920 16
2921 22
2922 22
2923 20
2924 18
2925 24
2926 18
2927 16
2928 14
2929 26
2930 16
2931 20
2932 18
2933 20
2934 26
2935 20
2936 26
2937 24
2938 22
2939 22
2940 16
2941 26
2942 14
2943 16
2944 18
2945 20
2946 20
2947 22
2948 18
2949 16
2950 24
2951 16
2952 20
2953 20
2954 26
2955 22
2956 26
2957 32
2958 34
2959 26
2960 18
2961 26
2962 24
2963 20
2964 22
2965 22
2966 26
2967 14
2968 28
2969 24
2970 18
2971 22
2972 22
2973 16
2974 14
2975 24
2976 26
2977 22
2978 26
2979 18
2980 24
2981 18
2982 22
2983 14
2984 16
2985 26
2986 26
2987 30
2988 32
2989 20
2990 20
2991 22
2992 18
2993 48
2994 26
2995 22
2996 22
2997 20
2998 26
2999 22
3000 20
3001 20
3002 20
3003 20
3004 18
3005 24
3006 22
3007 18
3008 20
3009 16
3010 30
3011 20
3012 18
3013 18
3014 18
3015 20
3016 12
3017 32
3018 20
3019 12
3020 20
3021 16
3022 22
3023 22
3024 18
3025 22
3026 22
3027 12
3028 24
3029 18
3030 24
3031 16
3032 28
3033 24
3034 18
3035 20
3036 16
3037 16
3038 12
3039 20
3040 30
3041 20
3042 24
3043 16
3044 22
3045 18
3046 16
3047 34
3048 18
3049 16
3050 18
3051 20
3052 38
3053 24
3054 20
3055 24
3056 20
3057 24
3058 24
3059 16
3060 20
3061 18
3062 16
3063 26
3064 22
3065 28
3066 16
3067 26
3068 16
3069 14
3070 28
3071 36
3072 18
3073 28
3074 24
3075 38
3076 18
3077 14
3078 28
3079 22
3080 16
3081 22
3082 26
3083 22
3084 18
3085 22
3086 16
3087 16
3088 20
3089 24
3090 16
3091 16
3092 16
3093 22
3094 34
3095 26
3096 16
3097 26
3098 20
3099 14
3100 18
3101 20
3102 20
3103 24
3104 20
3105 20
3106 28
3107 26
3108 24
3109 22
3110 20
3111 38
3112 28
3113 26
3114 26
3115 22
3116 26
3117 18
3118 24
3119 20
3120 20
3121 20
3122 18
3123 26
3124 20
3125 18
3126 34
3127 18
3128 22
3129 20
3130 22
3131 18
3132 20
3133 16
3134 20
3135 22
3136 32
3137 24
3138 16
3139 22
3140 24
3141 22
3142 22
3143 16
3144 12
3145 18
3146 24
3147 24
3148 30
3149 32
3150 24
3151 16
3152 18
3153 18
3154 22
3155 18
3156 22
3157 24
3158 14
3159 26
3160 26
3161 22
3162 20
3163 22
3164 24
3165 22
3166 20
3167 18
3168 14
3169 16
3170 20
3171 20
3172 26
3173 20
3174 14
3175 40
3176 20
3177 20
3178 24
3179 20
3180 14
3181 20
3182 14
3183 20
3184 16
3185 28
3186 24
3187 24
3188 14
3189 18
3190 22
3191 20
3192 22
3193 24
3194 44
3195 14
3196 18
3197 18
3198 18
3199 34
3200 22
3201 12
3202 22
3203 22
3204 16
3205 16
3206 18
3207 16
3208 14
3209 24
3210 20
3211 16
3212 16
3213 22
3214 14
3215 16
3216 24
3217 22
3218 26
3219 16
3220 18
3221 20
3222 18
3223 24
3224 26
3225 14
3226 28
3227 26
3228 20
3229 16
3230 30
3231 34
3232 22
3233 30
3234 22
3235 28
3236 32
3237 14
3238 26
3239 24
3240 24
3241 14
3242 18
3243 14
3244 18
3245 28
3246 26
3247 26
3248 14
3249 28
3250 22
3251 18
3252 20
3253 20
3254 18
3255 20
3256 24
3257 14
3258 22
3259 24
3260 22
3261 20
3262 22
3263 16
3264 24
3265 22
3266 24
3267 20
3268 18
3269 26
3270 22
3271 18
3272 14
3273 18
3274 16
3275 28
3276 62
3277 20
3278 18
3279 18
3280 26
3281 28
3282 26
3283 22
3284 20
3285 18
3286 14
3287 14
3288 20
3289 10
3290 44
3291 20
3292 20
3293 20
3294 22
3295 18
3296 26
3297 24
3298 30
3299 18
3300 22
3301 24
3302 24
3303 28
3304 22
3305 18
3306 26
3307 16
3308 24
3309 20
3310 16
3311 42
3312 24
3313 18
3314 20
3315 22
3316 20
3317 26
3318 22
3319 16
3320 24
3321 20
3322 18
3323 10
3324 20
3325 18
3326 18
3327 20
3328 14
3329 22
3330 30
3331 16
3332 42
3333 22
3334 24
3335 20
3336 20
3337 18
3338 24
3339 12
3340 26
3341 22
3342 32
3343 24
3344 16
3345 22
3346 20
3347 22
3348 18
3349 26
3350 20
3351 24
3352 24
3353 24
3354 22
3355 22
3356 22
3357 22
3358 18
3359 12
3360 20
3361 16
3362 24
3363 24
3364 18
3365 14
3366 22
3367 20
3368 10
3369 18
3370 18
3371 14
3372 18
3373 44
3374 26
3375 22
3376 30
3377 24
3378 20
3379 18
3380 22
3381 26
3382 26
3383 22
3384 18
3385 30
3386 22
3387 20
3388 20
3389 24
3390 20
3391 18
3392 18
3393 24
3394 28
3395 32
3396 22
3397 22
3398 16
3399 20
3400 16
3401 18
3402 20
3403 26
3404 56
3405 14
3406 22
3407 24
3408 18
3409 22
3410 36
3411 22
3412 18
3413 22
3414 22
3415 24
3416 24
3417 18
3418 36
3419 50
3420 16
3421 22
3422 32
3423 24
3424 20
3425 26
3426 20
3427 44
3428 20
3429 18
3430 20
3431 22
3432 20
3433 26
3434 20
3435 60
3436 18
3437 14
3438 20
3439 22
3440 12
3441 24
3442 28
3443 22
3444 20
3445 16
3446 26
3447 38
3448 20
3449 20
3450 16
3451 20
3452 16
3453 18
3454 24
3455 18
3456 16
3457 18
3458 24
3459 24
3460 18
3461 20
3462 22
3463 26
3464 18
3465 18
3466 12
3467 34
3468 32
3469 18
3470 16
3471 26
3472 24
3473 22
3474 18
3475 44
3476 20
3477 24
3478 18
3479 14
3480 20
3481 18
3482 14
3483 10
3484 18
3485 22
3486 18
3487 18
3488 16
3489 24
3490 16
3491 20
3492 40
3493 12
3494 26
3495 22
3496 32
3497 24
3498 18
3499 14
3500 22
3501 16
3502 36
3503 16
3504 16
3505 8
3506 14
3507 20
3508 38
3509 18
3510 14
3511 28
3512 24
3513 22
3514 28
3515 22
3516 16
3517 30
3518 22
3519 52
3520 18
3521 20
3522 44
3523 20
3524 32
3525 20
3526 24
3527 28
3528 26
3529 22
3530 24
3531 28
3532 22
3533 32
3534 28
3535 24
3536 32
3537 22
3538 22
3539 28
3540 26
3541 20
3542 30
3543 18
3544 18
3545 22
3546 18
3547 24
3548 24
3549 24
3550 20
3551 16
3552 24
3553 22
3554 24
3555 22
3556 16
3557 34
3558 24
3559 22
3560 24
3561 12
3562 12
3563 16
3564 20
3565 20
3566 14
3567 16
3568 24
3569 22
3570 22
3571 18
3572 20
3573 12
3574 16
3575 40
3576 14
3577 12
3578 22
3579 18
3580 14
3581 16
3582 26
3583 16
3584 18
3585 18
3586 12
3587 20
3588 12
3589 24
3590 26
3591 14
3592 20
3593 14
3594 26
3595 14
3596 20
3597 24
3598 20
3599 22
3600 20
3601 28
3602 16
3603 24
3604 22
3605 6
3606 30
3607 22
3608 26
3609 26
3610 30
3611 22
3612 26
3613 32
3614 20
3615 26
3616 18
3617 22
3618 20
3619 22
3620 22
3621 22
3622 22
3623 26
3624 30
3625 32
3626 22
3627 18
3628 22
3629 18
3630 22
3631 14
3632 22
3633 16
3634 18
3635 22
3636 22
3637 32
3638 24
3639 24
3640 22
3641 20
3642 18
3643 22
3644 14
3645 20
3646 26
3647 20
3648 16
3649 20
3650 26
3651 20
3652 24
3653 22
3654 22
3655 24
3656 30
3657 20
3658 22
3659 20
3660 22
3661 26
3662 28
3663 20
3664 26
3665 18
3666 16
3667 28
3668 22
3669 24
3670 20
3671 24
3672 16
3673 22
3674 26
3675 16
3676 30
3677 28
3678 22
3679 18
3680 44
3681 26
3682 14
3683 18
3684 26
3685 20
3686 16
3687 24
3688 14
3689 14
3690 24
3691 28
3692 18
3693 20
3694 26
3695 24
3696 12
3697 22
3698 22
3699 14
3700 28
3701 16
3702 14
3703 26
3704 28
3705 20
3706 22
3707 16
3708 24
3709 20
3710 20
3711 18
3712 18
3713 20
3714 22
3715 26
3716 24
3717 18
3718 16
3719 16
3720 16
3721 20
3722 20
3723 26
3724 30
3725 24
3726 28
3727 48
3728 18
3729 26
3730 28
3731 34
3732 18
3733 22
3734 26
3735 22
3736 20
3737 20
3738 20
3739 22
3740 22
3741 24
3742 20
3743 28
3744 26
3745 30
3746 20
3747 30
3748 16
3749 24
3750 20
3751 20
3752 20
3753 20
3754 18
3755 32
3756 16
3757 22
3758 18
3759 16
3760 14
3761 28
3762 22
3763 16
3764 26
3765 16
3766 22
3767 16
3768 20
3769 18
3770 18
3771 18
3772 20
3773 30
3774 22
3775 38
3776 18
3777 28
3778 18
3779 18
3780 20
3781 26
3782 30
3783 16
3784 14
3785 22
3786 18
3787 22
3788 14
3789 22
3790 24
3791 18
3792 22
3793 18
3794 26
3795 26
3796 20
3797 20
3798 22
3799 20
3800 20
3801 16
3802 26
3803 24
3804 20
3805 14
3806 28
3807 20
3808 12
3809 16
3810 20
3811 18
3812 18
3813 14
3814 20
3815 20
3816 26
3817 30
3818 22
3819 18
3820 26
3821 24
3822 26
3823 16
3824 26
3825 22
3826 24
3827 24
3828 56
3829 16
3830 30
3831 20
3832 32
3833 18
3834 24
3835 20
3836 20
3837 20
3838 12
3839 18
3840 20
3841 18
3842 16
3843 20
3844 30
3845 20
3846 20
3847 22
3848 18
3849 16
3850 16
3851 30
3852 30
3853 30
3854 18
3855 24
3856 12
3857 38
3858 26
3859 24
3860 16
3861 18
3862 50
3863 26
3864 34
3865 22
3866 26
3867 26
3868 20
3869 14
3870 22
3871 26
3872 26
3873 16
3874 26
3875 30
3876 20
3877 28
3878 22
3879 28
3880 22
3881 24
3882 26
3883 26
3884 22
3885 20
3886 20
3887 24
3888 20
3889 20
3890 30
3891 16
3892 18
3893 18
3894 20
3895 20
3896 18
3897 28
3898 28
3899 26
3900 22
3901 12
3902 20
3903 22
3904 26
3905 22
3906 18
3907 18
3908 22
3909 24
3910 18
3911 22
3912 22
3913 16
3914 20
3915 18
3916 50
3917 20
3918 20
3919 20
3920 28
3921 28
3922 20
3923 12
3924 20
3925 18
3926 24
3927 20
3928 20
3929 18
3930 20
3931 20
3932 18
3933 28
3934 30
3935 20
3936 28
3937 20
3938 14
3939 22
3940 26
3941 20
3942 22
3943 22
3944 18
3945 22
3946 28
3947 20
3948 14
3949 20
3950 18
3951 30
3952 18
3953 12
3954 22
3955 20
3956 18
3957 20
3958 20
3959 20
3960 26
3961 24
3962 18
3963 18
3964 20
3965 20
3966 20
3967 24
3968 22
3969 24
3970 22
3971 12
3972 22
3973 20
3974 26
3975 36
3976 12
3977 24
3978 16
3979 26
3980 20
3981 18
3982 22
3983 22
3984 20
3985 22
3986 26
3987 18
3988 18
3989 20
3990 18
3991 18
3992 16
3993 22
3994 18
3995 28
3996 18
3997 24
3998 26
3999 24
4000 22
4001 16
4002 24
4003 28
4004 16
4005 20
4006 34
4007 24
4008 28
4009 20
4010 26
4011 26
4012 26
4013 18
4014 28
4015 16
4016 28
4017 24
4018 24
4019 26
4020 30
4021 20
4022 32
4023 26
4024 18
4025 18
4026 32
4027 24
4028 16
4029 26
4030 38
4031 20
4032 22
4033 22
4034 30
4035 20
4036 16
4037 20
4038 24
4039 24
4040 24
4041 32
4042 10
4043 22
4044 30
4045 22
4046 28
4047 14
4048 22
4049 24
4050 20
4051 24
4052 18
4053 22
4054 26
4055 42
4056 20
4057 34
4058 18
4059 18
4060 20
4061 16
4062 18
4063 18
4064 16
4065 24
4066 24
4067 18
4068 26
4069 18
4070 20
4071 20
4072 22
4073 22
4074 38
4075 22
4076 20
4077 48
4078 28
4079 28
4080 20
4081 22
4082 20
4083 20
4084 20
4085 20
4086 24
4087 18
4088 20
4089 30
4090 24
4091 38
4092 24
4093 20
4094 20
4095 22
4096 34
4097 24
4098 24
4099 24
4100 24
4101 20
4102 20
4103 16
4104 14
4105 28
4106 14
4107 22
4108 28
4109 18
4110 20
4111 24
4112 22
4113 24
4114 18
4115 18
4116 26
4117 16
4118 22
4119 20
4120 18
4121 18
4122 28
4123 20
4124 22
4125 24
4126 18
4127 18
4128 46
4129 18
4130 20
4131 24
4132 38
4133 14
4134 44
4135 18
4136 30
4137 20
4138 42
4139 20
4140 20
4141 40
4142 32
4143 26
4144 20
4145 22
4146 24
4147 22
4148 34
4149 20
4150 62
4151 10
4152 62
4153 32
4154 24
4155 28
4156 18
4157 34
4158 24
4159 28
4160 22
4161 28
4162 24
4163 20
4164 18
4165 14
4166 28
4167 48
4168 18
4169 28
4170 16
4171 20
4172 22
4173 20
4174 26
4175 28
4176 24
4177 20
4178 22
4179 20
4180 28
4181 20
4182 30
4183 24
4184 24
4185 18
4186 20
4187 16
4188 22
4189 12
4190 26
4191 12
4192 24
4193 26
4194 22
4195 36
4196 26
4197 16
4198 26
4199 18
4200 20
4201 18
4202 18
4203 24
4204 24
4205 18
4206 20
4207 22
4208 18
4209 26
4210 18
4211 16
4212 20
4213 14
4214 28
4215 26
4216 26
4217 22
4218 18
4219 18
4220 20
4221 16
4222 20
4223 18
4224 18
4225 18
4226 26
4227 24
4228 22
4229 32
4230 22
4231 32
4232 20
4233 16
4234 26
4235 26
4236 20
4237 20
4238 30
4239 14
4240 22
4241 30
4242 18
4243 22
4244 24
4245 22
4246 18
4247 20
4248 14
4249 24
4250 24
4251 16
4252 24
4253 22
4254 20
4255 24
4256 22
4257 18
4258 16
4259 24
4260 28
4261 22
4262 22
4263 20
4264 26
4265 16
4266 20
4267 22
4268 18
4269 38
4270 16
4271 18
4272 36
4273 20
4274 22
4275 24
4276 24
4277 12
4278 18
4279 18
4280 18
4281 26
4282 30
4283 22
4284 20
4285 16
4286 18
4287 20
4288 16
4289 26
4290 24
4291 20
4292 20
4293 26
4294 16
4295 20
4296 14
4297 16
4298 20
4299 22
4300 14
4301 16
4302 18
4303 26
4304 38
4305 30
4306 36
4307 40
4308 26
4309 30
4310 26
4311 22
4312 22
4313 32
4314 20
4315 16
4316 22
4317 20
4318 18
4319 26
4320 28
4321 20
4322 22
4323 24
4324 22
4325 16
4326 24
4327 20
4328 24
4329 16
4330 16
4331 28
4332 22
4333 22
4334 24
4335 16
4336 12
4337 20
4338 26
4339 20
4340 24
4341 26
4342 18
4343 24
4344 28
4345 20
4346 22
4347 18
4348 18
4349 16
4350 30
4351 18
4352 38
4353 22
4354 22
4355 16
4356 20
4357 20
4358 24
4359 20
4360 22
4361 20
4362 20
4363 20
4364 20
4365 26
4366 18
4367 24
4368 22
4369 16
4370 16
4371 24
4372 20
4373 14
4374 20
4375 22
4376 18
4377 28
4378 26
4379 14
4380 18
4381 18
4382 26
4383 22
4384 28
4385 26
4386 24
4387 22
4388 36
4389 20
4390 26
4391 28
4392 16
4393 24
4394 26
4395 20
4396 18
4397 26
4398 30
4399 16
4400 18
4401 16
4402 16
4403 26
4404 16
4405 16
4406 22
4407 16
4408 18
4409 22
4410 12
4411 22
4412 22
4413 24
4414 18
4415 20
4416 30
4417 22
4418 32
4419 22
4420 18
4421 16
4422 22
4423 34
4424 24
4425 28
4426 28
4427 28
4428 20
4429 18
4430 18
4431 32
4432 28
4433 20
4434 18
4435 26
4436 14
4437 22
4438 26
4439 26
4440 24
4441 26
4442 26
4443 16
4444 22
4445 18
4446 34
4447 16
4448 16
4449 26
4450 18
4451 18
4452 12
4453 14
4454 22
4455 22
4456 18
4457 14
4458 18
4459 22
4460 24
4461 24
4462 18
4463 18
4464 28
4465 18
4466 36
4467 24
4468 20
4469 20
4470 40
4471 20
4472 16
4473 22
4474 22
4475 16
4476 26
4477 18
4478 18
4479 22
4480 22
4481 20
4482 22
4483 26
4484 16
4485 18
4486 22
4487 20
4488 14
4489 18
4490 20
4491 22
4492 22
4493 22
4494 22
4495 22
4496 28
4497 22
4498 14
4499 20
4500 18
4501 34
4502 28
4503 22
4504 20
4505 24
4506 26
4507 12
4508 32
4509 16
4510 28
4511 22
4512 22
4513 22
4514 24
4515 22
4516 32
4517 20
4518 28
4519 20
4520 34
4521 34
4522 24
4523 20
4524 20
4525 34
4526 22
4527 18
4528 20
4529 18
4530 20
4531 20
4532 46
4533 54
4534 18
4535 20
4536 14
4537 24
4538 18
4539 22
4540 20
4541 18
4542 36
4543 16
4544 18
4545 16
4546 20
4547 14
4548 22
4549 16
4550 18
4551 18
4552 14
4553 16
4554 26
4555 24
4556 18
4557 14
4558 28
4559 24
4560 22
4561 18
4562 22
4563 24
4564 20
4565 34
4566 28
4567 26
4568 26
4569 26
4570 16
4571 26
4572 20
4573 18
4574 18
4575 16
4576 24
4577 44
4578 20
4579 28
4580 20
4581 14
4582 18
4583 16
4584 20
4585 24
4586 16
4587 16
4588 18
4589 16
4590 22
4591 18
4592 20
4593 20
4594 22
4595 24
4596 22
4597 18
4598 16
4599 32
4600 22
4601 28
4602 22
4603 20
4604 26
4605 14
4606 22
4607 18
4608 22
4609 34
4610 20
4611 22
4612 18
4613 18
4614 20
4615 24
4616 14
4617 24
4618 20
4619 14
4620 14
4621 24
4622 26
4623 18
4624 30
4625 22
4626 22
4627 16
4628 16
4629 22
4630 18
4631 30
4632 16
4633 30
4634 18
4635 18
4636 24
4637 24
4638 18
4639 16
4640 36
4641 32
4642 32
4643 26
4644 30
4645 20
4646 24
4647 22
4648 26
4649 20
4650 28
4651 16
4652 24
4653 24
4654 26
4655 26
4656 20
4657 24
4658 26
4659 24
4660 24
4661 26
4662 24
4663 18
4664 24
4665 28
4666 34
4667 22
4668 18
4669 20
4670 28
4671 30
4672 32
4673 40
4674 38
4675 24
4676 26
4677 20
4678 22
4679 26
4680 32
4681 22
4682 28
4683 18
4684 20
4685 28
4686 16
4687 22
4688 24
4689 16
4690 18
4691 22
4692 16
4693 22
4694 18
4695 20
4696 24
4697 22
4698 22
4699 40
4700 18
4701 26
4702 22
4703 16
4704 22
4705 16
4706 20
4707 12
4708 22
4709 20
4710 18
4711 22
4712 22
4713 24
4714 20
4715 16
4716 22
4717 18
4718 22
4719 24
4720 14
4721 16
4722 24
4723 16
4724 18
4725 22
4726 18
4727 22
4728 48
4729 22
4730 18
4731 24
4732 16
4733 18
4734 20
4735 12
4736 32
4737 30
4738 18
4739 20
4740 16
4741 18
4742 26
4743 24
4744 24
4745 26
4746 26
4747 22
4748 22
4749 22
4750 22
4751 22
4752 20
4753 18
4754 18
4755 14
4756 20
4757 24
4758 20
4759 22
4760 18
4761 18
4762 34
4763 22
4764 20
4765 22
4766 26
4767 26
4768 22
4769 20
4770 22
4771 28
4772 30
4773 26
4774 20
4775 26
4776 18
4777 26
4778 16
4779 24
4780 46
4781 20
4782 20
4783 20
4784 20
4785 18
4786 18
4787 20
4788 42
4789 20
4790 18
4791 20
4792 20
4793 18
4794 18
4795 32
4796 12
4797 30
4798 22
4799 22
4800 32
4801 34
4802 22
4803 24
4804 16
4805 30
4806 20
4807 24
4808 14
4809 24
4810 28
4811 20
4812 24
4813 20
4814 22
4815 34
4816 20
4817 26
4818 24
4819 36
4820 22
4821 26
4822 18
4823 20
4824 58
4825 26
4826 20
4827 26
4828 30
4829 20
4830 12
4831 12
4832 26
4833 20
4834 18
4835 16
4836 24
4837 20
4838 22
4839 24
4840 26
4841 16
4842 20
4843 18
4844 24
4845 22
4846 18
4847 18
4848 8
4849 24
4850 22
4851 16
4852 18
4853 18
4854 14
4855 18
4856 20
4857 46
4858 18
4859 20
4860 14
4861 24
4862 28
4863 18
4864 12
4865 14
4866 24
4867 28
4868 28
4869 26
4870 32
4871 12
4872 20
4873 18
4874 20
4875 24
4876 24
4877 14
4878 22
4879 28
4880 28
4881 12
4882 18
4883 56
4884 26
4885 24
4886 12
4887 20
4888 18
4889 20
4890 26
4891 24
4892 22
4893 18
4894 22
4895 22
4896 22
4897 22
4898 16
4899 22
4900 20
4901 22
4902 18
4903 14
4904 24
4905 24
4906 16
4907 18
4908 34
4909 24
4910 28
4911 20
4912 26
4913 22
4914 28
4915 30
4916 24
4917 18
4918 16
4919 14
4920 24
4921 26
4922 22
4923 36
4924 24
4925 22
4926 14
4927 30
4928 20
4929 20
4930 28
4931 22
4932 14
4933 24
4934 18
4935 26
4936 28
4937 20
4938 18
4939 20
4940 36
4941 18
4942 26
4943 20
4944 22
4945 18
4946 22
4947 20
4948 18
4949 28
4950 22
4951 16
4952 18
4953 26
4954 18
4955 30
4956 28
4957 28
4958 20
4959 38
4960 14
4961 20
4962 22
4963 24
4964 20
4965 28
4966 22
4967 26
4968 12
4969 24
4970 16
4971 32
4972 26
4973 26
4974 18
4975 20
4976 18
4977 22
4978 26
4979 24
4980 20
4981 30
4982 44
4983 24
4984 18
4985 18
4986 20
4987 22
4988 18
4989 22
4990 24
4991 24
4992 22
4993 22
4994 26
4995 20
4996 14
4997 30
4998 26
4999 16
5000 34
5001 18
5002 16
5003 24
5004 20
5005 18
5006 24
5007 26
5008 24
5009 20
5010 18
5011 22
5012 20
5013 30
5014 20
5015 26
5016 20
5017 32
5018 18
5019 20
5020 30
5021 22
5022 20
5023 24
5024 24
5025 24
5026 18
5027 26
5028 18
5029 22
5030 20
5031 22
5032 20
5033 26
5034 20
5035 22
5036 22
5037 20
5038 18
5039 28
5040 46
5041 24
5042 22
5043 22
5044 20
5045 14
5046 42
5047 22
5048 28
5049 18
5050 18
5051 24
5052 34
5053 22
5054 18
5055 22
5056 24
5057 12
5058 18
5059 16
5060 16
5061 32
5062 24
5063 20
5064 18
5065 22
5066 24
5067 22
5068 14
5069 20
5070 22
5071 18
5072 22
5073 18
5074 24
5075 22
5076 28
5077 22
5078 24
5079 22
5080 24
5081 14
5082 24
5083 22
5084 20
5085 22
5086 14
5087 20
5088 16
5089 16
5090 24
5091 24
5092 30
5093 30
5094 30
5095 24
5096 26
5097 30
5098 22
5099 26
5100 18
5101 24
5102 24
5103 18
5104 18
5105 20
5106 26
5107 28
5108 22
5109 30
5110 46
5111 22
5112 16
5113 20
5114 28
5115 26
5116 14
5117 22
5118 20
5119 26
5120 24
5121 22
5122 24
5123 20
5124 22
5125 20
5126 28
5127 24
5128 24
5129 22
5130 26
5131 28
5132 20
5133 12
5134 18
5135 20
5136 16
5137 20
5138 26
5139 24
5140 26
5141 26
5142 28
5143 16
5144 18
5145 20
5146 36
5147 24
5148 30
5149 24
5150 22
5151 26
5152 24
5153 28
5154 26
5155 24
5156 18
5157 30
5158 30
5159 28
5160 20
5161 40
5162 28
5163 16
5164 30
5165 26
5166 24
5167 22
5168 32
5169 20
5170 18
5171 24
5172 24
5173 22
5174 24
5175 20
5176 20
5177 22
5178 18
5179 18
5180 20
5181 14
5182 24
5183 22
5184 28
5185 20
5186 16
5187 24
5188 18
5189 36
5190 24
5191 22
5192 20
5193 32
5194 26
5195 20
5196 16
5197 22
5198 24
5199 20
5200 16
5201 24
5202 16
5203 44
5204 20
5205 16
5206 16
5207 16
5208 16
5209 28
5210 26
5211 16
5212 26
5213 18
5214 18
5215 30
5216 26
5217 28
5218 18
5219 20
5220 18
5221 36
5222 18
5223 24
5224 26
5225 20
5226 22
5227 20
5228 24
5229 16
5230 42
5231 24
5232 66
5233 24
5234 22
5235 32
5236 16
5237 24
5238 26
5239 20
5240 26
5241 30
5242 22
5243 18
5244 20
5245 22
5246 24
5247 14
5248 20
5249 20
5250 24
5251 22
5252 22
5253 18
5254 20
5255 24
5256 20
5257 20
5258 22
5259 22
5260 22
5261 30
5262 18
5263 18
5264 18
5265 24
5266 24
5267 40
5268 22
5269 28
5270 24
5271 14
5272 32
5273 24
5274 22
5275 30
5276 22
5277 24
5278 34
5279 30
5280 20
5281 20
5282 28
5283 28
5284 24
5285 26
5286 28
5287 24
5288 22
5289 26
5290 24
5291 52
5292 18
5293 20
5294 20
5295 24
5296 22
5297 30
5298 20
5299 28
5300 24
5301 24
5302 22
5303 16
5304 24
5305 28
5306 20
5307 46
5308 46
5309 26
5310 22
5311 26
5312 16
5313 20
5314 14
5315 16
5316 18
5317 24
5318 16
5319 24
5320 16
5321 30
5322 18
5323 12
5324 22
5325 22
5326 22
5327 38
5328 28
5329 20
5330 20
5331 20
5332 16
5333 26
5334 18
5335 20
5336 28
5337 24
5338 16
5339 22
5340 22
5341 16
5342 20
5343 16
5344 22
5345 28
5346 20
5347 16
5348 24
5349 16
5350 22
5351 18
5352 22
5353 20
5354 18
5355 14
5356 22
5357 26
5358 18
5359 26
5360 28
5361 22
5362 24
5363 20
5364 22
5365 26
5366 20
5367 24
5368 20
5369 26
5370 26
5371 32
5372 26
5373 34
5374 24
5375 18
5376 48
5377 18
5378 22
5379 20
5380 22
5381 22
5382 18
5383 20
5384 20
5385 18
5386 20
5387 24
5388 16
5389 22
5390 20
5391 32
5392 12
5393 16
5394 16
5395 24
5396 18
5397 16
5398 20
5399 20
5400 18
5401 16
5402 18
5403 18
5404 24
5405 18
5406 24
5407 16
5408 14
5409 20
5410 16
5411 20
5412 18
5413 20
5414 18
5415 18
5416 16
5417 16
5418 26
5419 20
5420 18
5421 36
5422 16
5423 26
5424 24
5425 36
5426 24
5427 22
5428 20
5429 20
5430 18
5431 18
5432 14
5433 14
5434 32
5435 24
5436 12
5437 14
5438 16
5439 24
5440 16
5441 22
5442 16
5443 20
5444 38
5445 22
5446 20
5447 24
5448 18
5449 22
5450 26
5451 20
5452 24
5453 26
5454 14
5455 24
5456 26
5457 18
5458 10
5459 20
5460 20
5461 24
5462 20
5463 20
5464 22
5465 24
5466 10
5467 16
5468 22
5469 12
5470 18
5471 28
5472 36
5473 20
5474 24
5475 18
5476 14
5477 24
5478 14
5479 36
5480 18
5481 40
5482 32
5483 34
5484 22
5485 28
5486 26
5487 24
5488 16
5489 24
5490 14
5491 20
5492 20
5493 30
5494 26
5495 18
5496 10
5497 18
5498 46
5499 22
5500 16
5501 26
5502 18
5503 30
5504 40
5505 28
5506 28
5507 28
5508 22
5509 24
5510 12
5511 28
5512 22
5513 24
5514 34
5515 26
5516 38
5517 24
5518 18
5519 16
5520 20
5521 24
5522 18
5523 22
5524 16
5525 14
5526 20
5527 28
5528 24
5529 20
5530 22
5531 28
5532 22
5533 44
5534 26
5535 22
5536 16
5537 26
5538 22
5539 14
5540 18
5541 24
5542 22
5543 18
5544 18
5545 14
5546 24
5547 32
5548 16
5549 24
5550 28
5551 20
5552 24
5553 18
5554 30
5555 18
5556 30
5557 24
5558 20
5559 14
5560 24
5561 28
5562 16
5563 28
5564 26
5565 16
5566 20
5567 22
5568 22
5569 26
5570 32
5571 26
5572 22
5573 12
5574 24
5575 22
5576 36
5577 26
5578 26
5579 28
5580 16
5581 14
5582 24
5583 20
5584 46
5585 18
5586 22
5587 20
5588 26
5589 18
5590 22
5591 14
5592 24
5593 26
5594 20
5595 22
5596 28
5597 20
5598 26
5599 18
5600 36
5601 30
5602 20
5603 20
5604 18
5605 20
5606 24
5607 20
5608 22
5609 22
5610 34
5611 20
5612 36
5613 20
5614 8
5615 26
5616 30
5617 16
5618 20
5619 12
5620 20
5621 22
5622 20
5623 16
5624 22
5625 26
5626 22
5627 16
5628 20
5629 16
5630 26
5631 22
5632 28
5633 10
5634 22
5635 22
5636 24
5637 16
5638 24
5639 18
5640 18
5641 24
5642 22
5643 18
5644 20
5645 54
5646 28
5647 32
5648 30
5649 26
5650 30
5651 14
5652 30
5653 22
5654 28
5655 18
5656 22
5657 24
5658 26
5659 16
5660 26
5661 18
5662 22
5663 32
5664 18
5665 22
5666 32
5667 16
5668 20
5669 24
5670 16
5671 24
5672 42
5673 24
5674 16
5675 16
5676 24
5677 22
5678 24
5679 26
5680 22
5681 22
5682 24
5683 22
5684 26
5685 14
5686 20
5687 22
5688 18
5689 20
5690 20
5691 24
5692 26
5693 20
5694 26
5695 24
5696 18
5697 22
5698 26
5699 18
5700 18
5701 16
5702 24
5703 18
5704 16
5705 48
5706 20
5707 26
5708 26
5709 24
5710 22
5711 22
5712 22
5713 10
5714 36
5715 28
5716 18
5717 26
5718 16
5719 22
5720 26
5721 16
5722 12
5723 20
5724 20
5725 24
5726 22
5727 20
5728 20
5729 40
5730 28
5731 14
5732 20
5733 18
5734 22
5735 22
5736 20
5737 28
5738 40
5739 20
5740 18
5741 18
5742 18
5743 24
5744 20
5745 28
5746 20
5747 16
5748 22
5749 22
5750 16
5751 14
5752 12
5753 26
5754 20
5755 20
5756 22
5757 16
5758 24
5759 20
5760 12
5761 18
5762 28
5763 20
5764 24
5765 22
5766 18
5767 22
5768 24
5769 28
5770 20
5771 18
5772 22
5773 16
5774 30
5775 20
5776 42
5777 22
5778 14
5779 18
5780 54
5781 18
5782 14
5783 20
5784 20
5785 42
5786 38
5787 36
5788 46
5789 12
5790 74
5791 22
5792 16
5793 28
5794 30
5795 26
5796 30
5797 26
5798 16
5799 22
5800 32
5801 24
5802 22
5803 36
5804 18
5805 24
5806 20
5807 22
5808 32
5809 26
5810 44
5811 20
5812 18
5813 56
5814 22
5815 42
5816 20
5817 20
5818 26
5819 18
5820 16
5821 62
5822 24
5823 24
5824 28
5825 10
5826 24
5827 32
5828 22
5829 20
5830 18
5831 18
5832 14
5833 26
5834 28
5835 26
5836 26
5837 20
5838 12
5839 26
5840 82
5841 28
5842 20
5843 22
5844 32
5845 24
5846 22
5847 22
5848 18
5849 28
5850 24
5851 18
5852 12
5853 20
5854 20
5855 20
5856 24
5857 14
5858 24
5859 40
5860 16
5861 22
5862 24
5863 32
5864 20
5865 20
5866 16
5867 22
5868 20
5869 18
5870 24
5871 16
5872 30
5873 40
5874 24
5875 18
5876 22
5877 20
5878 14
5879 18
5880 20
5881 16
5882 18
5883 18
5884 44
5885 28
5886 14
5887 24
5888 20
5889 18
5890 22
5891 28
5892 12
5893 18
5894 20
5895 24
5896 18
5897 20
5898 24
5899 16
5900 32
5901 18
5902 16
5903 18
5904 18
5905 24
5906 20
5907 28
5908 20
5909 14
5910 22
5911 20
5912 22
5913 24
5914 22
5915 26
5916 36
5917 24
5918 30
5919 24
5920 36
5921 20
5922 28
5923 24
5924 18
5925 16
5926 18
5927 40
5928 30
5929 24
5930 20
5931 24
5932 26
5933 18
5934 20
5935 16
5936 18
5937 14
5938 22
5939 26
5940 28
5941 22
5942 30
5943 24
5944 18
5945 18
5946 26
5947 16
5948 22
5949 18
5950 18
5951 12
5952 28
5953 30
5954 18
5955 20
5956 16
5957 24
5958 24
5959 26
5960 32
5961 32
5962 22
5963 24
5964 22
5965 32
5966 24
5967 14
5968 24
5969 12
5970 26
5971 28
5972 16
5973 26
5974 24
5975 20
5976 26
5977 18
5978 22
5979 30
5980 22
5981 18
5982 30
5983 22
5984 24
5985 16
5986 42
5987 30
5988 18
5989 20
5990 18
5991 26
5992 24
5993 28
5994 28
5995 28
5996 18
5997 20
5998 24
5999 22
6000 20
6001 16
6002 28
6003 22
6004 26
6005 32
6006 20
6007 16
6008 20
6009 18
6010 24
6011 22
6012 24
6013 24
6014 24
6015 14
6016 14
6017 40
6018 18
6019 24
6020 18
6021 18
6022 18
6023 18
6024 26
6025 22
6026 26
6027 22
6028 20
6029 18
6030 24
6031 18
6032 18
6033 24
6034 22
6035 16
6036 16
6037 22
6038 24
6039 14
6040 32
6041 26
6042 24
6043 16
6044 16
6045 20
6046 14
6047 18
6048 26
6049 24
6050 38
6051 16
6052 26
6053 20
6054 18
6055 18
6056 20
6057 14
6058 22
6059 22
6060 22
6061 20
6062 20
6063 24
6064 18
6065 16
6066 18
6067 22
6068 16
6069 14
6070 20
6071 42
6072 22
6073 20
6074 22
6075 28
6076 18
6077 22
6078 16
6079 28
6080 18
6081 22
6082 20
6083 30
6084 22
6085 32
6086 22
6087 18
6088 20
6089 22
6090 22
6091 28
6092 20
6093 20
6094 14
6095 18
6096 18
6097 28
6098 26
6099 24
6100 32
6101 12
6102 24
6103 26
6104 26
6105 16
6106 26
6107 20
6108 22
6109 18
6110 20
6111 26
6112 32
6113 20
6114 20
6115 22
6116 22
6117 26
6118 20
6119 24
6120 24
6121 16
6122 14
6123 26
6124 16
6125 16
6126 20
6127 24
6128 20
6129 24
6130 20
6131 26
6132 20
6133 18
6134 24
6135 18
6136 24
6137 20
6138 34
6139 16
6140 16
6141 30
6142 18
6143 32
6144 20
6145 40
6146 22
6147 30
6148 24
6149 36
6150 26
6151 24
6152 18
6153 26
6154 18
6155 22
6156 30
6157 22
6158 12
6159 32
6160 30
6161 22
6162 22
6163 22
6164 16
6165 20
6166 22
6167 14
6168 12
6169 14
6170 20
6171 20
6172 32
6173 24
6174 20
6175 24
6176 22
6177 22
6178 18
6179 22
6180 48
6181 20
6182 20
6183 30
6184 22
6185 18
6186 22
6187 22
6188 18
6189 26
6190 28
6191 40
6192 20
6193 14
6194 26
6195 20
6196 20
6197 22
6198 18
6199 18
6200 22
6201 18
6202 18
6203 20
6204 22
6205 20
6206 24
6207 16
6208 12
6209 24
6210 22
6211 20
6212 36
6213 24
6214 22
6215 24
6216 18
6217 26
6218 18
6219 20
6220 24
6221 16
6222 20
6223 24
6224 26
6225 28
6226 30
6227 30
6228 16
6229 20
6230 20
6231 26
6232 14
6233 12
6234 20
6235 12
6236 20
6237 20
6238 24
6239 22
6240 10
6241 20
6242 16
6243 22
6244 30
6245 18
6246 18
6247 16
6248 28
6249 28
6250 18
6251 26
6252 14
6253 16
6254 18
6255 20
6256 20
6257 26
6258 14
6259 20
6260 18
6261 18
6262 26
6263 28
6264 20
6265 22
6266 22
6267 24
6268 26
6269 24
6270 30
6271 16
6272 22
6273 26
6274 20
6275 38
6276 34
6277 22
6278 24
6279 26
6280 24
6281 32
6282 26
6283 20
6284 24
6285 22
6286 18
6287 22
6288 30
6289 22
6290 16
6291 20
6292 22
6293 26
6294 18
6295 30
6296 24
6297 16
6298 16
6299 24
6300 24
6301 24
6302 24
6303 20
6304 20
6305 18
6306 30
6307 26
6308 24
6309 22
6310 26
6311 28
6312 22
6313 16
6314 18
6315 26
6316 14
6317 22
6318 28
6319 50
6320 28
6321 20
6322 20
6323 18
6324 18
6325 24
6326 16
6327 16
6328 24
6329 10
6330 30
6331 24
6332 24
6333 20
6334 20
6335 14
6336 24
6337 14
6338 20
6339 20
6340 28
6341 18
6342 32
6343 22
6344 14
6345 30
6346 22
6347 20
6348 32
6349 24
6350 26
6351 36
6352 26
6353 24
6354 24
6355 12
6356 22
6357 12
6358 26
6359 16
6360 26
6361 18
6362 18
6363 22
6364 22
6365 20
6366 18
6367 28
6368 26
6369 20
6370 16
6371 24
6372 22
6373 20
6374 26
6375 18
6376 20
6377 16
6378 18
6379 20
6380 16
6381 24
6382 18
6383 20
6384 26
6385 18
6386 12
6387 20
6388 20
6389 20
6390 18
6391 18
6392 40
6393 20
6394 20
6395 20
6396 20
6397 30
6398 38
6399 26
6400 22
6401 16
6402 30
6403 24
6404 18
6405 24
6406 22
6407 22
6408 18
6409 18
6410 18
6411 16
6412 16
6413 16
6414 16
6415 24
6416 18
6417 16
6418 22
6419 24
6420 16
6421 18
6422 22
6423 22
6424 18
6425 16
6426 20
6427 20
6428 20
6429 26
6430 18
6431 22
6432 20
6433 22
6434 22
6435 28
6436 20
6437 10
6438 30
6439 20
6440 26
6441 22
6442 18
6443 40
6444 32
6445 24
6446 14
6447 16
6448 18
6449 44
6450 14
6451 30
6452 24
6453 36
6454 32
6455 28
6456 28
6457 16
6458 18
6459 24
6460 28
6461 18
6462 26
6463 46
6464 28
6465 14
6466 18
6467 14
6468 22
6469 28
6470 22
6471 22
6472 14
6473 28
6474 46
6475 30
6476 18
6477 24
6478 18
6479 20
6480 20
6481 24
6482 18
6483 20
6484 40
6485 26
6486 28
6487 20
6488 22
6489 26
6490 72
6491 24
6492 24
6493 26
6494 22
6495 20
6496 22
6497 16
6498 24
6499 28
6500 20
6501 16
6502 28
6503 18
6504 28
6505 22
6506 20
6507 22
6508 14
6509 20
6510 30
6511 16
6512 22
6513 20
6514 30
6515 40
6516 22
6517 16
6518 16
6519 14
6520 14
6521 22
6522 16
6523 18
6524 24
6525 20
6526 16
6527 40
6528 18
6529 24
6530 20
6531 20
6532 28
6533 20
6534 20
6535 44
6536 22
6537 16
6538 16
6539 18
6540 26
6541 22
6542 18
6543 18
6544 44
6545 26
6546 22
6547 20
6548 18
6549 18
6550 16
6551 20
6552 20
6553 16
6554 30
6555 36
6556 20
6557 22
6558 20
6559 18
6560 24
6561 24
6562 24
6563 24
6564 14
6565 20
6566 22
6567 20
6568 26
6569 12
6570 20
6571 18
6572 22
6573 24
6574 32
6575 20
6576 18
6577 22
6578 28
6579 20
6580 24
6581 20
6582 20
6583 24
6584 40
6585 20
6586 26
6587 20
6588 32
6589 24
6590 24
6591 20
6592 28
6593 60
6594 22
6595 22
6596 22
6597 20
6598 30
6599 24
6600 28
6601 30
6602 36
6603 26
6604 20
6605 24
6606 28
6607 14
6608 20
6609 22
6610 26
6611 24
6612 18
6613 20
6614 20
6615 22
6616 20
6617 18
6618 18
6619 24
6620 30
6621 24
6622 22
6623 26
6624 18
6625 22
6626 36
6627 16
6628 24
6629 20
6630 22
6631 20
6632 20
6633 22
6634 22
6635 22
6636 22
6637 24
6638 32
6639 20
6640 16
6641 30
6642 20
6643 24
6644 20
6645 22
6646 24
6647 22
6648 26
6649 58
6650 38
6651 34
6652 24
6653 22
6654 22
6655 26
6656 24
6657 22
6658 22
6659 24
6660 18
6661 20
6662 22
6663 16
6664 18
6665 18
6666 28
6667 20
6668 26
6669 26
6670 28
6671 36
6672 22
6673 30
6674 24
6675 32
6676 22
6677 24
6678 24
6679 20
6680 24
6681 26
6682 30
6683 20
6684 28
6685 22
6686 20
6687 22
6688 26
6689 26
6690 20
6691 18
6692 20
6693 20
6694 18
6695 24
6696 26
6697 18
6698 24
6699 20
6700 18
6701 26
6702 14
6703 20
6704 12
6705 28
6706 22
6707 20
6708 20
6709 22
6710 18
6711 22
6712 20
6713 20
6714 18
6715 14
6716 22
6717 26
6718 22
6719 16
6720 26
6721 16
6722 16
6723 24
6724 22
6725 22
6726 16
6727 40
6728 28
6729 30
6730 22
6731 72
6732 24
6733 26
6734 22
6735 44
6736 22
6737 22
6738 26
6739 34
6740 26
6741 20
6742 18
6743 28
6744 28
6745 28
6746 40
6747 22
6748 16
6749 38
6750 20
6751 22
6752 20
6753 24
6754 34
6755 18
6756 16
6757 20
6758 36
6759 28
6760 22
6761 16
6762 20
6763 20
6764 22
6765 28
6766 20
6767 38
6768 16
6769 30
6770 18
6771 24
6772 22
6773 36
6774 22
6775 24
6776 24
6777 24
6778 22
6779 26
6780 22
6781 18
6782 16
6783 20
6784 26
6785 20
6786 18
6787 20
6788 20
6789 28
6790 22
6791 18
6792 24
6793 18
6794 18
6795 22
6796 20
6797 14
6798 22
6799 22
6800 26
6801 16
6802 24
6803 18
6804 20
6805 18
6806 18
6807 20
6808 20
6809 20
6810 18
6811 20
6812 24
6813 20
6814 30
6815 28
6816 20
6817 20
6818 18
6819 20
6820 22
6821 14
6822 32
6823 30
6824 18
6825 16
6826 16
6827 22
6828 16
6829 20
6830 24
6831 22
6832 24
6833 22
6834 24
6835 20
6836 28
6837 30
6838 24
6839 38
6840 18
6841 40
6842 26
6843 22
6844 18
6845 22
6846 16
6847 22
6848 26
6849 24
6850 24
6851 20
6852 34
6853 20
6854 20
6855 24
6856 12
6857 24
6858 18
6859 22
6860 28
6861 26
6862 24
6863 22
6864 24
6865 16
6866 22
6867 20
6868 20
6869 22
6870 22
6871 18
6872 50
6873 18
6874 14
6875 28
6876 18
6877 30
6878 40
6879 22
6880 26
6881 18
6882 16
6883 46
6884 22
6885 18
6886 18
6887 32
6888 22
6889 18
6890 20
6891 32
6892 30
6893 20
6894 32
6895 26
6896 32
6897 46
6898 18
6899 42
6900 26
6901 30
6902 32
6903 28
6904 22
6905 22
6906 18
6907 16
6908 20
6909 26
6910 18
6911 22
6912 18
6913 18
6914 32
6915 20
6916 26
6917 20
6918 18
6919 18
6920 26
6921 22
6922 36
6923 18
6924 20
6925 24
6926 24
6927 20
6928 18
6929 18
6930 20
6931 26
6932 28
6933 30
6934 22
6935 24
6936 16
6937 22
6938 24
6939 24
6940 30
6941 18
6942 26
6943 18
6944 24
6945 44
6946 28
6947 16
6948 24
6949 22
6950 26
6951 24
6952 22
6953 26
6954 22
6955 18
6956 20
6957 20
6958 26
6959 26
6960 12
6961 26
6962 20
6963 24
6964 26
6965 24
6966 22
6967 24
6968 26
6969 16
6970 20
6971 22
6972 14
6973 18
6974 22
6975 46
6976 20
6977 22
6978 18
6979 24
6980 22
6981 16
6982 22
6983 22
6984 20
6985 18
6986 22
6987 18
6988 26
6989 18
6990 20
6991 16
6992 22
6993 24
6994 18
6995 24
6996 22
6997 26
6998 20
6999 16
7000 22
7001 20
7002 24
7003 18
7004 22
7005 24
7006 26
7007 36
7008 24
7009 26
7010 44
7011 34
7012 22
7013 22
7014 18
7015 28
7016 22
7017 24
7018 32
7019 20
7020 22
7021 12
7022 18
7023 26
7024 28
7025 12
7026 22
7027 34
7028 18
7029 22
7030 20
7031 32
7032 20
7033 40
7034 24
7035 26
7036 24
7037 18
7038 22
7039 16
7040 26
7041 16
7042 28
7043 22
7044 22
7045 28
7046 22
7047 18
7048 28
7049 32
7050 26
7051 18
7052 20
7053 28
7054 20
7055 16
7056 28
7057 28
7058 24
7059 24
7060 34
7061 26
7062 28
7063 14
7064 16
7065 26
7066 24
7067 20
7068 20
7069 28
7070 24
7071 28
7072 26
7073 22
7074 18
7075 24
7076 22
7077 28
7078 20
7079 24
7080 18
7081 22
7082 30
7083 30
7084 20
7085 28
7086 32
7087 26
7088 24
7089 18
7090 24
7091 18
7092 30
7093 26
7094 20
7095 20
7096 26
7097 26
7098 26
7099 14
7100 16
7101 30
7102 30
7103 22
7104 50
7105 18
7106 28
7107 16
7108 22
7109 20
7110 18
7111 18
7112 26
7113 20
7114 62
7115 12
7116 24
7117 18
7118 26
7119 24
7120 22
7121 20
7122 22
7123 22
7124 30
7125 28
7126 24
7127 24
7128 24
7129 20
7130 24
7131 22
7132 16
7133 18
7134 30
7135 22
7136 22
7137 28
7138 18
7139 26
7140 20
7141 20
7142 26
7143 24
7144 22
7145 18
7146 20
7147 22
7148 24
7149 20
7150 22
7151 22
7152 36
7153 26
7154 44
7155 36
7156 20
7157 28
7158 20
7159 30
7160 24
7161 28
7162 20
7163 26
7164 24
7165 16
7166 20
7167 22
7168 20
7169 20
7170 24
7171 18
7172 24
7173 28
7174 18
7175 24
7176 22
7177 28
7178 18
7179 24
7180 16
7181 30
7182 22
7183 22
7184 30
7185 18
7186 24
7187 18
7188 16
7189 24
7190 16
7191 22
7192 34
7193 28
7194 26
7195 24
7196 22
7197 32
7198 26
7199 30
7200 46
7201 22
7202 22
7203 16
7204 18
7205 30
7206 16
7207 30
7208 40
7209 18
7210 26
7211 22
7212 18
7213 20
7214 20
7215 24
7216 24
7217 22
7218 36
7219 22
7220 20
7221 26
7222 36
7223 26
7224 20
7225 20
7226 30
7227 22
7228 38
7229 28
7230 16
7231 22
7232 34
7233 18
7234 24
7235 20
7236 40
7237 22
7238 24
7239 26
7240 18
7241 20
7242 18
7243 14
7244 16
7245 28
7246 26
7247 20
7248 22
7249 42
7250 28
7251 12
7252 28
7253 16
7254 26
7255 34
7256 18
7257 18
7258 16
7259 24
7260 44
7261 28
7262 24
7263 16
7264 22
7265 16
7266 22
7267 22
7268 20
7269 20
7270 24
7271 24
7272 22
7273 20
7274 24
7275 16
7276 20
7277 22
7278 16
7279 26
7280 18
7281 34
7282 20
7283 28
7284 26
7285 22
7286 28
7287 18
7288 24
7289 16
7290 14
7291 24
7292 36
7293 30
7294 40
7295 24
7296 24
7297 26
7298 26
7299 22
7300 20
7301 18
7302 24
7303 40
7304 26
7305 16
7306 30
7307 26
7308 26
7309 22
7310 34
7311 20
7312 20
7313 24
7314 22
7315 20
7316 20
7317 24
7318 28
7319 26
7320 24
7321 20
7322 18
7323 22
7324 24
7325 22
7326 20
7327 26
7328 24
7329 16
7330 24
7331 48
7332 12
7333 30
7334 26
7335 22
7336 20
7337 20
7338 28
7339 18
7340 26
7341 26
7342 20
7343 18
7344 16
7345 20
7346 18
7347 22
7348 26
7349 26
7350 26
7351 20
7352 20
7353 16
7354 18
7355 22
7356 22
7357 20
7358 20
7359 24
7360 18
7361 26
7362 30
7363 28
7364 36
7365 20
7366 22
7367 60
7368 24
7369 24
7370 24
7371 30
7372 22
7373 20
7374 26
7375 32
7376 20
7377 26
7378 22
7379 22
7380 16
7381 24
7382 18
7383 20
7384 28
7385 16
7386 18
7387 22
7388 18
7389 24
7390 22
7391 24
7392 28
7393 24
7394 24
7395 22
7396 20
7397 26
7398 22
7399 16
7400 24
7401 52
7402 24
7403 24
7404 14
7405 20
7406 16
7407 20
7408 24
7409 28
7410 18
7411 28
7412 28
7413 20
7414 32
7415 22
7416 22
7417 20
7418 24
7419 22
7420 22
7421 24
7422 26
7423 26
7424 24
7425 24
7426 20
7427 22
7428 32
7429 18
7430 26
7431 22
7432 20
7433 22
7434 24
7435 22
7436 28
7437 16
7438 30
7439 24
7440 24
7441 22
7442 28
7443 24
7444 18
7445 20
7446 24
7447 36
7448 28
7449 32
7450 28
7451 30
7452 30
7453 28
7454 42
7455 24
7456 24
7457 18
7458 26
7459 26
7460 28
7461 22
7462 24
7463 20
7464 26
7465 12
7466 22
7467 20
7468 26
7469 22
7470 28
7471 22
7472 22
7473 22
7474 22
7475 26
7476 22
7477 20
7478 26
7479 24
7480 16
7481 20
7482 24
7483 22
7484 20
7485 18
7486 26
7487 18
7488 20
7489 16
7490 18
7491 24
7492 22
7493 18
7494 26
7495 26
7496 34
7497 22
7498 32
7499 18
7500 42
7501 20
7502 28
7503 28
7504 34
7505 22
7506 22
7507 26
7508 24
7509 22
7510 22
7511 22
7512 20
7513 18
7514 14
7515 22
7516 26
7517 26
7518 26
7519 26
7520 44
7521 24
7522 24
7523 20
7524 16
7525 22
7526 22
7527 18
7528 18
7529 16
7530 20
7531 24
7532 18
7533 20
7534 24
7535 20
7536 18
7537 24
7538 22
7539 20
7540 20
7541 22
7542 22
7543 22
7544 24
7545 26
7546 20
7547 18
7548 14
7549 16
7550 26
7551 26
7552 26
7553 14
7554 30
7555 30
7556 24
7557 22
7558 16
7559 20
7560 24
7561 22
7562 34
7563 18
7564 30
7565 32
7566 16
7567 26
7568 26
7569 22
7570 20
7571 22
7572 24
7573 28
7574 22
7575 28
7576 22
7577 16
7578 24
7579 28
7580 22
7581 24
7582 22
7583 24
7584 24
7585 66
7586 14
7587 26
7588 22
7589 36
7590 34
7591 26
7592 26
7593 18
7594 42
7595 24
7596 18
7597 20
7598 20
7599 26
7600 18
7601 16
7602 18
7603 22
7604 18
7605 22
7606 24
7607 20
7608 28
7609 28
7610 32
7611 22
7612 24
7613 28
7614 24
7615 22
7616 30
7617 22
7618 20
7619 26
7620 22
7621 20
7622 20
7623 26
7624 28
7625 28
7626 10
7627 24
7628 26
7629 20
7630 24
7631 28
7632 22
7633 28
7634 34
7635 32
7636 28
7637 24
7638 24
7639 30
7640 30
7641 42
7642 22
7643 22
7644 24
7645 24
7646 28
7647 14
7648 26
7649 22
7650 30
7651 20
7652 24
7653 22
7654 22
7655 20
7656 24
7657 28
7658 24
7659 22
7660 24
7661 24
7662 20
7663 28
7664 20
7665 22
7666 26
7667 18
7668 24
7669 14
7670 24
7671 18
7672 32
7673 24
7674 28
7675 18
7676 26
7677 28
7678 24
7679 30
7680 28
7681 16
7682 28
7683 28
7684 28
7685 24
7686 28
7687 28
7688 34
7689 28
7690 26
7691 18
7692 24
7693 18
7694 24
7695 26
7696 20
7697 22
7698 24
7699 22
7700 24
7701 24
7702 30
7703 16
7704 22
7705 18
7706 26
7707 22
7708 22
7709 20
7710 20
7711 24
7712 30
7713 20
7714 26
7715 16
7716 14
7717 18
7718 30
7719 22
7720 44
7721 20
7722 20
7723 44
7724 20
7725 28
7726 16
7727 18
7728 18
7729 12
7730 26
7731 20
7732 28
7733 18
7734 20
7735 22
7736 18
7737 22
7738 28
7739 14
7740 24
7741 22
7742 18
7743 14
7744 18
7745 60
7746 26
7747 30
7748 22
7749 32
7750 20
7751 38
7752 20
7753 24
7754 28
7755 26
7756 28
7757 18
7758 20
7759 18
7760 30
7761 20
7762 20
7763 16
7764 46
7765 24
7766 26
7767 24
7768 22
7769 22
7770 28
7771 22
7772 22
7773 14
7774 30
7775 26
7776 24
7777 24
7778 24
7779 26
7780 20
7781 18
7782 34
7783 16
7784 24
7785 26
7786 16
7787 24
7788 22
7789 24
7790 24
7791 20
7792 30
7793 14
7794 32
7795 26
7796 22
7797 28
7798 26
7799 32
7800 20
7801 24
7802 26
7803 14
7804 50
7805 28
7806 26
7807 26
7808 22
7809 36
7810 16
7811 26
7812 28
7813 24
7814 24
7815 24
7816 42
7817 26
7818 30
7819 28
7820 26
7821 30
7822 24
7823 36
7824 44
7825 34
7826 26
7827 20
7828 26
7829 22
7830 20
7831 20
7832 42
7833 18
7834 22
7835 32
7836 14
7837 18
7838 24
7839 24
7840 28
7841 28
7842 30
7843 22
7844 24
7845 26
7846 20
7847 18
7848 22
7849 20
7850 22
7851 22
7852 12
7853 34
7854 28
7855 32
7856 24
7857 26
7858 16
7859 16
7860 22
7861 36
7862 24
7863 24
7864 20
7865 20
7866 22
7867 26
7868 22
7869 22
7870 28
7871 22
7872 26
7873 30
7874 20
7875 26
7876 26
7877 24
7878 22
7879 26
7880 18
7881 44
7882 22
7883 26
7884 22
7885 24
7886 20
7887 22
7888 18
7889 12
7890 24
7891 16
7892 14
7893 16
7894 26
7895 20
7896 14
7897 16
7898 18
7899 30
7900 28
7901 28
7902 34
7903 24
7904 22
7905 20
7906 16
7907 34
7908 28
7909 22
7910 22
7911 18
7912 24
7913 28
7914 20
7915 10
7916 26
7917 22
7918 22
7919 20
7920 40
7921 16
7922 24
7923 28
7924 22
7925 28
7926 22
7927 16
7928 28
7929 30
7930 16
7931 22
7932 26
7933 20
7934 24
7935 24
7936 14
7937 52
7938 18
7939 22
7940 40
7941 70
7942 16
7943 24
7944 52
7945 24
7946 26
7947 20
7948 24
7949 24
7950 56
7951 22
7952 18
7953 28
7954 48
7955 44
7956 28
7957 24
7958 22
7959 22
7960 18
7961 44
7962 28
7963 22
7964 16
7965 46
7966 50
7967 38
7968 26
7969 20
7970 36
7971 22
7972 22
7973 24
7974 16
7975 24
7976 28
7977 24
7978 32
7979 28
7980 30
7981 18
7982 42
7983 18
7984 32
7985 30
7986 32
7987 26
7988 22
7989 24
7990 20
7991 30
7992 36
7993 26
7994 24
7995 30
7996 18
7997 22
7998 28
7999 28
8000 20
8001 22
8002 20
8003 24
8004 22
8005 20
8006 22
8007 24
8008 28
8009 26
8010 24
8011 26
8012 20
8013 22
8014 46
8015 22
8016 28
8017 26
8018 26
8019 24
8020 22
8021 28
8022 24
8023 18
8024 18
8025 12
8026 20
8027 20
8028 22
8029 16
8030 18
8031 20
8032 22
8033 16
8034 36
8035 28
8036 20
8037 30
8038 26
8039 28
8040 26
8041 18
8042 14
8043 26
8044 20
8045 30
8046 18
8047 24
8048 20
8049 42
8050 14
8051 18
8052 22
8053 26
8054 16
8055 22
8056 24
8057 48
8058 18
8059 18
8060 20
8061 20
8062 24
8063 26
8064 22
8065 24
8066 24
8067 18
8068 32
8069 20
8070 16
8071 30
8072 24
8073 28
8074 14
8075 28
8076 24
8077 22
8078 28
8079 24
8080 18
8081 22
8082 22
8083 20
8084 22
8085 32
8086 14
8087 24
8088 22
8089 32
8090 24
8091 18
8092 26
8093 32
8094 34
8095 42
8096 34
8097 24
8098 26
8099 34
8100 28
8101 28
8102 20
8103 20
8104 22
8105 20
8106 20
8107 28
8108 14
8109 22
8110 20
8111 32
8112 28
8113 26
8114 18
8115 22
8116 30
8117 28
8118 24
8119 20
8120 24
8121 28
8122 20
8123 18
8124 24
8125 20
8126 28
8127 28
8128 22
8129 18
8130 12
8131 38
8132 22
8133 16
8134 16
8135 32
8136 18
8137 24
8138 24
8139 24
8140 18
8141 24
8142 32
8143 26
8144 34
8145 12
8146 20
8147 16
8148 20
8149 22
8150 24
8151 24
8152 24
8153 22
8154 14
8155 18
8156 28
8157 12
8158 24
8159 24
8160 18
8161 32
8162 20
8163 24
8164 14
8165 26
8166 24
8167 30
8168 24
8169 20
8170 24
8171 16
8172 12
8173 26
8174 28
8175 38
8176 26
8177 36
8178 22
8179 22
8180 18
8181 16
8182 24
8183 24
8184 18
8185 14
8186 18
8187 24
8188 22
8189 22
8190 28
8191 18
8192 38
8193 26
8194 20
8195 16
8196 24
8197 18
8198 16
8199 26
8200 16
8201 18
8202 22
8203 22
8204 30
8205 24
8206 20
8207 20
8208 40
8209 24
8210 16
8211 18
8212 26
8213 24
8214 16
8215 20
8216 22
8217 22
8218 30
8219 28
8220 26
8221 22
8222 18
8223 22
8224 26
8225 22
8226 24
8227 12
8228 18
8229 24
8230 14
8231 30
8232 32
8233 24
8234 18
8235 28
8236 26
8237 20
8238 26
8239 26
8240 32
8241 34
8242 24
8243 28
8244 18
8245 22
8246 44
8247 32
8248 20
8249 28
8250 28
8251 20
8252 30
8253 30
8254 14
8255 22
8256 24
8257 14
8258 40
8259 20
8260 18
8261 26
8262 20
8263 30
8264 20
8265 18
8266 24
8267 18
8268 26
8269 18
8270 26
8271 20
8272 28
8273 26
8274 20
8275 22
8276 18
8277 22
8278 30
8279 14
8280 28
8281 22
8282 18
8283 18
8284 32
8285 26
8286 18
8287 22
8288 30
8289 34
8290 28
8291 22
8292 24
8293 24
8294 20
8295 22
8296 44
8297 16
8298 20
8299 44
8300 26
8301 54
8302 22
8303 18
8304 24
8305 16
8306 22
8307 38
8308 36
8309 40
8310 30
8311 22
8312 26
8313 38
8314 14
8315 22
8316 20
8317 24
8318 32
8319 26
8320 20
8321 18
8322 34
8323 28
8324 18
8325 54
8326 28
8327 22
8328 30
8329 26
8330 26
8331 28
8332 20
8333 18
8334 26
8335 22
8336 20
8337 22
8338 28
8339 22
8340 22
8341 26
8342 14
8343 26
8344 22
8345 18
8346 20
8347 18
8348 18
8349 36
8350 26
8351 20
8352 18
8353 22
8354 26
8355 20
8356 26
8357 26
8358 28
8359 30
8360 32
8361 24
8362 26
8363 28
8364 22
8365 22
8366 26
8367 24
8368 18
8369 32
8370 14
8371 22
8372 30
8373 18
8374 24
8375 14
8376 46
8377 24
8378 20
8379 28
8380 16
8381 22
8382 16
8383 36
8384 20
8385 22
8386 22
8387 18
8388 24
8389 26
8390 20
8391 16
8392 32
8393 18
8394 24
8395 18
8396 18
8397 28
8398 28
8399 18
8400 22
8401 26
8402 22
8403 24
8404 46
8405 34
8406 30
8407 22
8408 20
8409 24
8410 32
8411 22
8412 22
8413 22
8414 16
8415 18
8416 24
8417 24
8418 18
8419 24
8420 16
8421 20
8422 24
8423 28
8424 20
8425 18
8426 22
8427 18
8428 28
8429 24
8430 20
8431 24
8432 24
8433 22
8434 16
8435 20
8436 26
8437 26
8438 28
8439 26
8440 52
8441 38
8442 20
8443 22
8444 24
8445 20
8446 26
8447 30
8448 22
8449 20
8450 20
8451 20
8452 24
8453 26
8454 18
8455 16
8456 32
8457 22
8458 78
8459 32
8460 24
8461 24
8462 16
8463 24
8464 42
8465 26
8466 26
8467 28
8468 24
8469 16
8470 20
8471 18
8472 26
8473 22
8474 20
8475 26
8476 44
8477 20
8478 26
8479 24
8480 16
8481 16
8482 26
8483 22
8484 32
8485 20
8486 26
8487 24
8488 34
8489 30
8490 40
8491 24
8492 26
8493 24
8494 24
8495 44
8496 52
8497 22
8498 22
8499 28
8500 26
8501 22
8502 30
8503 34
8504 24
8505 30
8506 42
8507 20
8508 20
8509 20
8510 24
8511 32
8512 18
8513 22
8514 32
8515 16
8516 22
8517 22
8518 22
8519 26
8520 30
8521 22
8522 16
8523 28
8524 24
8525 20
8526 24
8527 26
8528 32
8529 22
8530 22
8531 28
8532 28
8533 18
8534 20
8535 22
8536 26
8537 34
8538 16
8539 18
8540 28
8541 20
8542 20
8543 26
8544 24
8545 28
8546 20
8547 24
8548 24
8549 22
8550 24
8551 16
8552 20
8553 24
8554 18
8555 28
8556 34
8557 40
8558 34
8559 36
8560 24
8561 44
8562 28
8563 24
8564 14
8565 56
8566 22
8567 14
8568 24
8569 12
8570 22
8571 20
8572 22
8573 22
8574 24
8575 32
8576 24
8577 22
8578 20
8579 22
8580 18
8581 30
8582 22
8583 20
8584 18
8585 22
8586 18
8587 22
8588 30
8589 18
8590 18
8591 44
8592 24
8593 20
8594 22
8595 20
8596 26
8597 30
8598 28
8599 32
8600 24
8601 24
8602 12
8603 14
8604 20
8605 22
8606 22
8607 24
8608 24
8609 20
8610 16
8611 26
8612 24
8613 20
8614 26
8615 26
8616 16
8617 18
8618 22
8619 22
8620 18
8621 22
8622 20
8623 24
8624 20
8625 24
8626 28
8627 16
8628 18
8629 18
8630 20
8631 28
8632 28
8633 18
8634 16
8635 16
8636 40
8637 18
8638 16
8639 20
8640 30
8641 48
8642 22
8643 22
8644 22
8645 26
8646 16
8647 20
8648 24
8649 14
8650 26
8651 22
8652 22
8653 26
8654 24
8655 22
8656 26
8657 22
8658 22
8659 26
8660 22
8661 14
8662 28
8663 22
8664 12
8665 22
8666 16
8667 26
8668 32
8669 20
8670 26
8671 20
8672 42
8673 24
8674 30
8675 46
8676 22
8677 24
8678 22
8679 28
8680 32
8681 18
8682 20
8683 18
8684 26
8685 22
8686 20
8687 22
8688 22
8689 18
8690 28
8691 18
8692 24
8693 28
8694 26
8695 30
8696 28
8697 26
8698 24
8699 26
8700 20
8701 30
8702 26
8703 24
8704 26
8705 24
8706 40
8707 22
8708 20
8709 24
8710 14
8711 20
8712 28
8713 20
8714 24
8715 24
8716 18
8717 10
8718 24
8719 28
8720 30
8721 18
8722 24
8723 26
8724 22
8725 28
8726 18
8727 26
8728 20
8729 20
8730 20
8731 16
8732 26
8733 22
8734 16
8735 22
8736 40
8737 14
8738 20
8739 22
8740 24
8741 26
8742 22
8743 28
8744 20
8745 22
8746 18
8747 20
8748 22
8749 18
8750 18
8751 20
8752 28
8753 26
8754 22
8755 24
8756 22
8757 14
8758 18
8759 22
8760 10
8761 18
8762 24
8763 14
8764 30
8765 24
8766 16
8767 30
8768 22
8769 32
8770 26
8771 40
8772 22
8773 26
8774 22
8775 22
8776 26
8777 26
8778 18
8779 28
8780 26
8781 18
8782 22
8783 18
8784 30
8785 24
8786 20
8787 22
8788 30
8789 30
8790 20
8791 20
8792 24
8793 36
8794 22
8795 26
8796 28
8797 26
8798 24
8799 18
8800 42
8801 34
8802 30
8803 36
8804 24
8805 36
8806 24
8807 22
8808 22
8809 26
8810 18
8811 30
8812 22
8813 18
8814 24
8815 26
8816 20
8817 26
8818 36
8819 18
8820 32
8821 22
8822 24
8823 28
8824 22
8825 28
8826 22
8827 20
8828 18
8829 20
8830 30
8831 28
8832 18
8833 32
8834 22
8835 20
8836 22
8837 22
8838 22
8839 20
8840 28
8841 14
8842 56
8843 20
8844 16
8845 16
8846 32
8847 26
8848 34
8849 28
8850 22
8851 20
8852 18
8853 22
8854 22
8855 26
8856 22
8857 20
8858 24
8859 16
8860 20
8861 26
8862 20
8863 22
8864 24
8865 18
8866 24
8867 50
8868 28
8869 24
8870 30
8871 22
8872 26
8873 26
8874 18
8875 20
8876 22
8877 16
8878 30
8879 20
8880 20
8881 12
8882 36
8883 28
8884 28
8885 18
8886 20
8887 22
8888 26
8889 40
8890 24
8891 26
8892 18
8893 28
8894 22
8895 28
8896 20
8897 16
8898 16
8899 20
8900 22
8901 16
8902 16
8903 18
8904 20
8905 18
8906 24
8907 18
8908 24
8909 20
8910 24
8911 26
8912 24
8913 30
8914 18
8915 24
8916 24
8917 38
8918 26
8919 28
8920 22
8921 22
8922 32
8923 30
8924 22
8925 22
8926 16
8927 18
8928 30
8929 20
8930 30
8931 16
8932 20
8933 22
8934 22
8935 20
8936 14
8937 14
8938 32
8939 24
8940 26
8941 26
8942 28
8943 26
8944 18
8945 20
8946 22
8947 20
8948 28
8949 28
8950 24
8951 20
8952 22
8953 24
8954 34
8955 20
8956 26
8957 24
8958 18
8959 20
8960 28
8961 24
8962 28
8963 24
8964 22
8965 28
8966 26
8967 30
8968 24
8969 30
8970 18
8971 24
8972 42
8973 24
8974 18
8975 28
8976 22
8977 20
8978 20
8979 24
8980 28
8981 22
8982 16
8983 22
8984 20
8985 20
8986 16
8987 20
8988 56
8989 24
8990 28
8991 10
8992 22
8993 22
8994 20
8995 18
8996 18
8997 18
8998 18
8999 22
9000 22
9001 18
9002 34
9003 20
9004 26
9005 16
9006 20
9007 18
9008 22
9009 24
9010 18
9011 18
9012 20
9013 14
9014 28
9015 20
9016 22
9017 22
9018 18
9019 12
9020 22
9021 26
9022 24
9023 16
9024 16
9025 28
9026 24
9027 18
9028 24
9029 24
9030 26
9031 22
9032 22
9033 18
9034 20
9035 26
9036 16
9037 28
9038 16
9039 20
9040 26
9041 16
9042 22
9043 28
9044 30
9045 22
9046 22
9047 28
9048 16
9049 26
9050 28
9051 24
9052 24
9053 14
9054 16
9055 24
9056 18
9057 28
9058 24
9059 22
9060 22
9061 16
9062 18
9063 20
9064 30
9065 30
9066 22
9067 26
9068 18
9069 26
9070 30
9071 16
9072 22
9073 20
9074 16
9075 20
9076 18
9077 22
9078 26
9079 22
9080 18
9081 12
9082 36
9083 24
9084 36
9085 46
9086 18
9087 20
9088 22
9089 36
9090 30
9091 36
9092 32
9093 26
9094 28
9095 26
9096 28
9097 22
9098 22
9099 18
9100 34
9101 28
9102 18
9103 42
9104 24
9105 28
9106 18
9107 26
9108 16
9109 30
9110 22
9111 28
9112 26
9113 24
9114 26
9115 24
9116 22
9117 16
9118 22
9119 22
9120 32
9121 22
9122 20
9123 18
9124 20
9125 22
9126 26
9127 20
9128 22
9129 18
9130 34
9131 20
9132 22
9133 16
9134 32
9135 22
9136 14
9137 18
9138 16
9139 24
9140 26
9141 24
9142 16
9143 28
9144 20
9145 24
9146 26
9147 46
9148 24
9149 28
9150 28
9151 24
9152 18
9153 26
9154 24
9155 20
9156 20
9157 26
9158 26
9159 20
9160 22
9161 24
9162 20
9163 32
9164 26
9165 32
9166 34
9167 20
9168 34
9169 24
9170 20
9171 22
9172 28
9173 30
9174 20
9175 28
9176 22
9177 20
9178 20
9179 22
9180 26
9181 28
9182 14
9183 32
9184 24
9185 18
9186 20
9187 22
9188 24
9189 20
9190 20
9191 22
9192 24
9193 24
9194 20
9195 26
9196 16
9197 36
9198 24
9199 20
9200 26
9201 16
9202 16
9203 22
9204 28
9205 26
9206 22
9207 32
9208 22
9209 26
9210 20
9211 38
9212 18
9213 34
9214 24
9215 18
9216 20
9217 24
9218 18
9219 22
9220 20
9221 22
9222 38
9223 22
9224 40
9225 28
9226 26
9227 26
9228 34
9229 26
9230 28
9231 44
9232 28
9233 24
9234 28
9235 22
9236 22
9237 20
9238 20
9239 24
9240 26
9241 40
9242 18
9243 36
9244 12
9245 22
9246 32
9247 26
9248 14
9249 24
9250 24
9251 18
9252 30
9253 20
9254 26
9255 22
9256 24
9257 24
9258 18
9259 18
9260 28
9261 18
9262 26
9263 20
9264 24
9265 20
9266 16
9267 34
9268 16
9269 22
9270 20
9271 22
9272 40
9273 14
9274 20
9275 22
9276 26
9277 26
9278 24
9279 22
9280 18
9281 34
9282 42
9283 18
9284 30
9285 28
9286 28
9287 20
9288 20
9289 30
9290 18
9291 18
9292 38
9293 18
9294 24
9295 20
9296 16
9297 24
9298 22
9299 38
9300 30
9301 14
9302 18
9303 10
9304 26
9305 46
9306 28
9307 24
9308 18
9309 16
9310 30
9311 24
9312 22
9313 32
9314 16
9315 50
9316 20
9317 28
9318 26
9319 22
9320 16
9321 14
9322 22
9323 24
9324 18
9325 24
9326 26
9327 30
9328 24
9329 18
9330 20
9331 18
9332 28
9333 18
9334 20
9335 24
9336 24
9337 22
9338 14
9339 20
9340 18
9341 18
9342 16
9343 16
9344 16
9345 18
9346 30
9347 34
9348 24
9349 24
9350 26
9351 38
9352 34
9353 22
9354 24
9355 28
9356 26
9357 30
9358 26
9359 28
9360 24
9361 28
9362 30
9363 32
9364 28
9365 28
9366 18
9367 24
9368 34
9369 32
9370 20
9371 26
9372 32
9373 22
9374 32
9375 42
9376 16
9377 24
9378 22
9379 18
9380 24
9381 20
9382 18
9383 26
9384 22
9385 24
9386 14
9387 22
9388 20
9389 28
9390 16
9391 18
9392 26
9393 18
9394 26
9395 24
9396 22
9397 24
9398 22
9399 20
9400 22
9401 30
9402 20
9403 24
9404 22
9405 32
9406 20
9407 18
9408 22
9409 30
9410 14
9411 16
9412 18
9413 28
9414 24
9415 18
9416 90
9417 12
9418 30
9419 20
9420 20
9421 22
9422 16
9423 18
9424 18
9425 26
9426 24
9427 28
9428 22
9429 24
9430 16
9431 16
9432 26
9433 20
9434 36
9435 22
9436 18
9437 24
9438 16
9439 18
9440 20
9441 18
9442 22
9443 26
9444 28
9445 20
9446 32
9447 24
9448 20
9449 24
9450 24
9451 18
9452 20
9453 28
9454 22
9455 28
9456 22
9457 18
9458 16
9459 22
9460 22
9461 18
9462 24
9463 22
9464 24
9465 26
9466 26
9467 20
9468 20
9469 34
9470 42
9471 18
9472 18
9473 30
9474 24
9475 34
9476 22
9477 30
9478 20
9479 34
9480 30
9481 24
9482 28
9483 22
9484 24
9485 26
9486 26
9487 44
9488 18
9489 16
9490 24
9491 16
9492 26
9493 20
9494 18
9495 26
9496 24
9497 26
9498 38
9499 36
9500 26
9501 24
9502 18
9503 14
9504 26
9505 26
9506 16
9507 22
9508 26
9509 18
9510 16
9511 18
9512 24
9513 24
9514 30
9515 24
9516 12
9517 28
9518 26
9519 20
9520 24
9521 24
9522 22
9523 22
9524 22
9525 26
9526 24
9527 30
9528 24
9529 28
9530 30
9531 32
9532 38
9533 30
9534 32
9535 34
9536 30
9537 26
9538 30
9539 30
9540 26
9541 16
9542 18
9543 18
9544 14
9545 18
9546 14
9547 22
9548 28
9549 18
9550 22
9551 20
9552 18
9553 30
9554 20
9555 18
9556 16
9557 28
9558 16
9559 24
9560 20
9561 30
9562 36
9563 16
9564 24
9565 22
9566 26
9567 16
9568 28
9569 28
9570 22
9571 20
9572 24
9573 20
9574 16
9575 20
9576 26
9577 20
9578 18
9579 28
9580 24
9581 14
9582 26
9583 20
9584 12
9585 22
9586 22
9587 20
9588 22
9589 16
9590 42
9591 26
9592 18
9593 22
9594 26
9595 26
9596 14
9597 18
9598 60
9599 24
9600 44
9601 20
9602 26
9603 26
9604 20
9605 26
9606 20
9607 26
9608 24
9609 40
9610 18
9611 28
9612 22
9613 24
9614 24
9615 20
9616 18
9617 20
9618 22
9619 24
9620 34
9621 14
9622 42
9623 68
9624 24
9625 20
9626 24
9627 26
9628 26
9629 30
9630 28
9631 40
9632 14
9633 24
9634 26
9635 18
9636 40
9637 26
9638 20
9639 16
9640 18
9641 34
9642 26
9643 22
9644 18
9645 30
9646 18
9647 26
9648 20
9649 20
9650 24
9651 24
9652 32
9653 14
9654 26
9655 24
9656 22
9657 24
9658 22
9659 26
9660 12
9661 20
9662 18
9663 26
9664 30
9665 18
9666 22
9667 18
9668 32
9669 20
9670 18
9671 26
9672 14
9673 14
9674 18
9675 42
9676 44
9677 26
9678 26
9679 22
9680 26
9681 36
9682 22
9683 26
9684 20
9685 22
9686 22
9687 24
9688 32
9689 16
9690 20
9691 26
9692 28
9693 16
9694 16
9695 32
9696 28
9697 40
9698 28
9699 24
9700 18
9701 22
9702 24
9703 20
9704 22
9705 22
9706 22
9707 26
9708 20
9709 20
9710 36
9711 28
9712 24
9713 32
9714 20
9715 16
9716 28
9717 18
9718 18
9719 20
9720 26
9721 24
9722 20
9723 26
9724 22
9725 20
9726 20
9727 20
9728 26
9729 20
9730 16
9731 38
9732 20
9733 16
9734 20
9735 24
9736 22
9737 16
9738 22
9739 22
9740 18
9741 16
9742 24
9743 22
9744 18
9745 20
9746 16
9747 40
9748 30
9749 48
9750 24
9751 22
9752 22
9753 24
9754 18
9755 18
9756 18
9757 30
9758 24
9759 18
9760 28
9761 24
9762 24
9763 10
9764 24
9765 14
9766 20
9767 16
9768 22
9769 16
9770 22
9771 26
9772 24
9773 24
9774 20
9775 16
9776 20
9777 28
9778 16
9779 24
9780 16
9781 20
9782 20
9783 20
9784 20
9785 20
9786 16
9787 26
9788 26
9789 24
9790 22
9791 24
9792 20
9793 28
9794 14
9795 18
9796 16
9797 20
9798 28
9799 24
9800 22
9801 12
9802 24
9803 48
9804 22
9805 30
9806 28
9807 26
9808 34
9809 44
9810 20
9811 22
9812 34
9813 32
9814 28
9815 32
9816 36
9817 36
9818 28
9819 20
9820 22
9821 32
9822 18
9823 30
9824 16
9825 22
9826 16
9827 24
9828 28
9829 22
9830 26
9831 18
9832 30
9833 30
9834 20
9835 18
9836 22
9837 18
9838 22
9839 24
9840 26
9841 28
9842 22
9843 36
9844 28
9845 18
9846 28
9847 22
9848 18
9849 16
9850 42
9851 20
9852 28
9853 20
9854 18
9855 24
9856 44
9857 20
9858 20
9859 28
9860 18
9861 28
9862 20
9863 14
9864 28
9865 22
9866 38
9867 20
9868 26
9869 18
9870 18
9871 30
9872 30
9873 30
9874 30
9875 22
9876 30
9877 20
9878 12
9879 26
9880 26
9881 10
9882 22
9883 26
9884 24
9885 40
9886 28
9887 22
9888 18
9889 34
9890 22
9891 16
9892 16
9893 22
9894 20
9895 18
9896 26
9897 22
9898 24
9899 18
9900 24
9901 22
9902 32
9903 24
9904 18
9905 26
9906 18
9907 18
9908 24
9909 28
9910 18
9911 24
9912 22
9913 22
9914 24
9915 24
9916 30
9917 24
9918 22
9919 16
9920 26
9921 24
9922 50
9923 18
9924 22
9925 18
9926 24
9927 26
9928 24
9929 32
9930 24
9931 28
9932 22
9933 24
9934 22
9935 32
9936 16
9937 16
9938 22
9939 70
9940 28
9941 30
9942 18
9943 24
9944 24
9945 22
9946 26
9947 26
9948 28
9949 24
9950 32
9951 28
9952 18
9953 34
9954 32
9955 20
9956 30
9957 22
9958 26
9959 26
9960 28
9961 20
9962 32
9963 20
9964 36
9965 26
9966 34
9967 28
9968 22
9969 30
9970 20
9971 26
9972 24
9973 16
9974 24
9975 32
9976 30
9977 22
9978 28
9979 26
9980 20
9981 26
9982 22
9983 20
9984 22
9985 28
9986 24
9987 20
9988 24
9989 22
9990 26
9991 26
9992 32
9993 50
9994 20
9995 18
9996 22
9997 22
9998 28
9999 16
10000 20
10001 20
10002 24
10003 22
10004 22
10005 26
10006 24
10007 18
10008 46
10009 22
10010 28
10011 24
10012 24
10013 24
10014 32
10015 22
10016 22
10017 20
10018 20
10019 22
10020 18
10021 22
10022 38
10023 24
10024 30
10025 22
10026 18
10027 20
10028 10
10029 20
10030 26
10031 26
10032 28
10033 24
10034 16
10035 28
10036 38
10037 22
10038 22
10039 20
10040 18
10041 22
10042 18
10043 20
10044 28
10045 28
10046 14
10047 26
10048 12
10049 20
10050 20
10051 24
10052 26
10053 24
10054 20
10055 24
10056 26
10057 24
10058 26
10059 28
10060 14
10061 22
10062 28
10063 14
10064 30
10065 32
10066 20
10067 22
10068 26
10069 20
10070 26
10071 20
10072 18
10073 18
10074 22
10075 22
10076 18
10077 32
10078 22
10079 24
10080 26
10081 16
10082 18
10083 24
10084 22
10085 18
10086 20
10087 18
10088 20
10089 22
10090 24
10091 26
10092 22
10093 20
10094 22
10095 24
10096 22
10097 24
10098 28
10099 28
