100 24
101 18
102 12
103 14
104 14
105 14
106 10
107 12
108 8
109 14
110 8
111 10
112 12
113 12
114 12
115 8
116 14
117 14
118 12
119 16
120 10
121 14
122 20
123 12
124 12
125 16
126 12
127 12
128 14
129 8
130 6
131 14
132 14
133 12
134 14
135 16
136 16
137 10
138 16
139 10
140 16
141 14
142 14
143 12
144 16
145 12
146 12
147 12
148 14
149 14
150 8
151 12
152 16
153 18
154 14
155 12
156 12
157 20
158 20
159 18
160 14
161 12
162 12
163 18
164 8
165 16
166 12
167 10
168 16
169 12
170 18
171 18
172 16
173 14
174 12
175 10
176 10
177 14
178 16
179 16
180 12
181 12
182 12
183 16
184 12
185 12
186 16
187 16
188 14
189 10
190 14
191 16
192 12
193 16
194 14
195 14
196 16
197 16
198 14
199 12
200 14
201 14
202 12
203 14
204 10
205 14
206 16
207 12
208 18
209 16
210 18
211 14
212 10
213 14
214 12
215 8
216 16
217 14
218 12
219 16
220 14
221 12
222 10
223 12
224 14
225 10
226 18
227 18
228 16
229 14
230 18
231 12
232 12
233 16
234 16
235 16
236 16
237 12
238 16
239 18
240 18
241 12
242 12
243 16
244 16
245 10
246 10
247 12
248 14
249 12
250 16
251 14
252 10
253 12
254 14
255 20
256 10
257 14
258 14
259 16
260 16
261 16
262 18
263 10
264 16
265 14
266 12
267 12
268 14
269 14
270 18
271 14
272 8
273 14
274 10
275 12
276 14
277 10
278 14
279 10
280 10
281 20
282 12
283 16
284 14
285 14
286 12
287 14
288 14
289 10
290 16
291 10
292 16
293 10
294 16
295 14
296 12
297 14
298 16
299 16
300 14
301 16
302 14
303 20
304 14
305 14
306 12
307 14
308 14
309 12
310 12
311 12
312 12
313 10
314 10
315 10
316 14
317 12
318 12
319 16
320 14
321 16
322 18
323 10
324 12
325 18
326 14
327 16
328 12
329 16
330 20
331 22
332 12
333 16
334 14
335 14
336 14
337 12
338 12
339 10
340 12
341 18
342 18
343 14
344 14
345 16
346 14
347 20
348 18
349 14
350 12
351 18
352 12
353 14
354 24
355 14
356 16
357 20
358 12
359 18
360 12
361 12
362 16
363 22
364 14
365 14
366 16
367 14
368 6
369 16
370 14
371 20
372 14
373 8
374 14
375 6
376 14
377 14
378 18
379 20
380 12
381 16
382 16
383 18
384 14
385 10
386 18
387 10
388 10
389 16
390 12
391 12
392 12
393 18
394 16
395 14
396 18
397 14
398 14
399 14
400 14
401 24
402 18
403 12
404 14
405 8
406 16
407 18
408 14
409 12
410 16
411 14
412 10
413 16
414 18
415 16
416 16
417 16
418 12
419 16
420 14
421 14
422 14
423 18
424 14
425 12
426 16
427 10
428 14
429 12
430 12
431 10
432 14
433 16
434 16
435 12
436 12
437 22
438 10
439 12
440 14
441 12
442 14
443 16
444 18
445 14
446 14
447 8
448 10
449 18
450 12
451 20
452 16
453 10
454 18
455 12
456 14
457 14
458 16
459 14
460 18
461 14
462 16
463 18
464 14
465 10
466 16
467 24
468 12
469 12
470 14
471 12
472 12
473 10
474 14
475 16
476 16
477 16
478 30
479 18
480 14
481 14
482 14
483 10
484 16
485 22
486 18
487 10
488 12
489 12
490 14
491 10
492 22
493 18
494 10
495 12
496 26
497 18
498 16
499 12
500 12
501 16
502 14
503 16
504 12
505 16
506 12
507 12
508 14
509 16
510 16
511 12
512 16
513 14
514 16
515 12
516 14
517 18
518 14
519 14
520 16
521 10
522 16
523 14
524 16
525 18
526 12
527 20
528 12
529 14
530 24
531 22
532 16
533 18
534 18
535 12
536 16
537 12
538 12
539 10
540 12
541 16
542 16
543 18
544 14
545 22
546 12
547 16
548 10
549 14
550 14
551 16
552 14
553 14
554 8
555 12
556 14
557 14
558 18
559 14
560 16
561 18
562 18
563 16
564 18
565 12
566 10
567 14
568 14
569 18
570 14
571 16
572 10
573 22
574 16
575 14
576 14
577 12
578 12
579 14
580 16
581 18
582 16
583 10
584 14
585 14
586 16
587 12
588 16
589 16
590 14
591 20
592 16
593 14
594 12
595 20
597 8
598 14
596 40
599 26
600 16
601 16
602 14
603 16
604 16
605 18
606 18
607 14
608 16
609 22
610 18
611 18
612 22
613 20
614 14
615 18
616 20
617 12
618 20
619 18
620 12
621 12
622 16
623 10
624 20
625 12
626 16
627 18
628 22
629 16
630 20
631 18
632 14
633 16
634 20
635 18
636 32
637 16
638 14
639 14
640 16
641 8
642 14
643 28
644 20
645 18
646 16
647 14
648 12
649 16
650 10
651 16
652 16
653 20
654 16
655 12
656 16
657 16
658 10
659 18
660 14
661 12
662 10
663 12
664 20
665 18
666 14
667 18
668 12
669 12
670 14
671 14
672 8
673 18
674 18
675 14
676 14
677 16
678 16
679 30
680 20
681 18
682 12
683 16
684 12
685 14
686 20
687 16
688 16
689 16
690 14
691 16
692 22
693 16
694 16
695 12
696 18
697 16
698 16
699 16
700 18
701 18
702 12
703 18
704 14
705 16
706 16
707 8
708 16
709 14
710 32
711 14
712 18
713 14
714 16
715 18
716 22
717 14
718 14
719 16
720 20
721 20
722 18
723 12
724 14
725 16
726 30
727 14
728 20
729 14
730 16
731 18
732 14
733 12
734 18
735 16
736 14
737 18
738 10
739 12
740 16
741 18
742 16
743 14
744 18
745 14
746 16
747 12
748 14
749 16
750 14
751 18
752 14
753 14
754 20
755 12
756 26
757 12
758 18
759 30
760 40
761 34
762 18
763 14
764 16
765 14
766 22
767 16
768 16
769 14
770 14
771 10
772 16
773 16
774 26
775 21
776 14
777 16
778 12
779 14
780 14
781 12
782 28
783 16
784 14
785 8
786 14
787 14
788 20
789 14
790 14
791 12
792 18
793 14
794 18
795 14
796 16
797 14
798 20
799 20
800 34
801 14
802 14
803 30
804 18
805 12
806 22
807 16
808 18
809 16
810 16
811 14
812 12
813 16
814 12
815 18
816 14
817 14
818 10
819 18
820 12
821 14
822 16
823 20
824 18
825 14
826 12
827 14
828 16
829 18
830 16
831 16
832 18
833 16
834 18
835 12
836 18
837 16
838 14
839 20
840 18
841 26
842 16
843 12
844 20
845 14
846 14
847 16
848 14
849 28
850 16
851 18
852 16
853 22
854 16
855 16
856 10
857 18
858 16
859 14
860 10
861 18
862 20
863 18
864 14
865 14
866 10
867 14
868 18
869 14
870 16
871 10
872 26
873 16
874 20
875 14
876 22
877 20
878 12
879 16
880 18
881 20
882 18
883 18
884 14
885 18
886 16
887 16
888 30
889 14
890 18
891 16
892 16
893 10
894 16
895 16
896 30
897 12
898 16
899 14
900 20
901 18
902 16
903 20
904 22
905 20
906 24
907 18
908 16
909 16
910 14
911 14
912 12
913 10
914 12
915 20
916 16
917 14
918 12
919 18
920 14
921 18
922 20
923 58
924 12
925 22
926 16
927 16
928 16
929 16
930 16
931 22
932 18
933 20
934 18
935 10
936 18
937 14
938 20
939 20
940 16
941 28
942 12
943 18
944 16
945 26
946 16
947 10
948 22
949 16
950 18
951 22
952 12
953 16
954 12
955 18
956 10
957 14
958 18
959 16
960 28
961 20
962 18
963 18
964 14
965 14
966 16
968 18
967 34
969 18
970 16
971 16
972 14
973 28
974 10
975 16
976 16
977 16
978 14
979 22
980 14
981 14
982 14
983 20
984 14
985 18
986 16
987 12
988 18
989 16
990 12
991 30
992 16
993 10
994 10
995 16
996 14
997 14
998 20
999 14
1000 16
1001 12
1002 12
1003 12
1004 16
1005 18
1006 16
1007 16
1008 18
1009 12
1010 18
1011 20
1012 10
1013 20
1014 22
1015 18
1016 8
1017 14
1018 16
1019 16
1020 14
1021 20
1022 12
1023 16
1024 16
1025 14
1026 16
1027 16
1028 24
1029 18
1030 14
1031 20
1032 14
1033 16
1034 16
1035 24
1036 16
1037 16
1038 22
1039 12
1040 16
1041 16
1042 16
1043 12
1044 16
1045 22
1046 14
1047 14
1048 28
1049 16
1050 12
1051 14
1052 18
1053 12
1054 16
1055 14
1056 16
1057 14
1058 10
1059 16
1060 14
1061 14
1062 20
1063 14
1064 12
1065 16
1066 20
1067 18
1068 16
1069 12
1070 18
1071 14
1072 12
1073 22
1074 26
1075 18
1076 14
1077 16
1078 18
1079 14
1080 14
1081 14
1082 20
1083 18
1084 18
1085 16
1086 14
1088 14
1089 8
1087 30
1090 22
1091 20
1092 16
1093 20
1094 20
1095 24
1096 16
1097 16
1098 18
1099 16
1100 10
1101 14
1102 16
1103 14
1104 24
1105 12
1106 18
1107 16
1108 16
1109 14
1110 14
1111 30
1112 28
1113 12
1114 18
1115 14
1116 14
1117 12
1118 16
1119 16
1120 14
1121 10
1122 18
1123 12
1124 18
1125 16
1126 14
1127 14
1128 14
1129 14
1130 16
1131 12
1132 18
1133 14
1134 18
1135 22
1136 14
1137 20
1138 24
1139 18
1140 12
1141 14
1142 16
1143 24
1144 14
1145 16
1146 24
1147 14
1148 20
1149 12
1150 22
1151 18
1152 20
1153 18
1154 16
1155 34
1156 38
1157 16
1158 10
1159 18
1160 16
1161 18
1162 14
1163 14
1164 16
1165 18
1166 14
1167 14
1168 14
1169 18
1170 14
1171 28
1172 22
1173 20
1174 10
1175 14
1176 20
1177 16
1178 18
1179 22
1180 14
1181 18
1182 16
1183 16
1184 18
1185 22
1186 18
1187 18
1188 30
1189 18
1190 20
1191 16
1192 10
1193 14
1194 46
1195 14
1196 22
1197 14
1198 16
1199 18
1200 14
1201 18
1202 20
1203 12
1204 16
1205 18
1206 18
1207 18
1208 22
1209 16
1210 12
1211 18
1212 20
1213 16
1214 14
1215 20
1216 20
1217 16
1218 20
1219 12
1220 18
1221 18
1222 12
1223 16
1224 20
1225 18
1226 26
1227 20
1228 12
1229 14
1230 10
1231 16
1232 18
1233 18
1234 18
1235 20
1236 20
1237 18
1238 16
1239 16
1240 16
1241 10
1242 14
1243 32
1244 10
1245 12
1246 18
1247 14
1248 12
1249 14
1250 18
1251 12
1252 14
1253 18
1254 12
1255 14
1256 36
1257 14
1258 14
1259 18
1260 14
1261 34
1262 16
1263 14
1264 10
1265 10
1266 14
1267 18
1268 18
1269 16
1270 32
1271 18
1272 14
1273 14
1274 18
1275 12
1276 16
1277 14
1278 18
1279 12
1280 18
1281 16
1282 16
1283 12
1284 12
1285 12
1286 14
1287 10
1288 14
1289 20
1290 10
1291 32
1292 12
1293 22
1294 20
1295 16
1296 12
1297 20
1298 20
1299 16
1300 14
1301 16
1302 12
1303 12
1304 16
1305 16
1306 14
1307 20
1308 18
1309 18
1310 16
1311 12
1312 10
1313 22
1314 18
1315 16
1316 16
1317 10
1318 26
1319 18
1320 16
1321 18
1322 16
1323 18
1324 12
1325 12
1326 18
1327 10
1328 16
1329 12
1330 18
1331 16
1332 16
1333 22
1334 12
1335 20
1336 20
1337 22
1338 12
1339 18
1340 20
1341 16
1342 22
1343 18
1344 14
1345 22
1346 18
1347 22
1348 16
1349 14
1350 16
1351 14
1352 10
1353 16
1354 22
1355 16
1356 12
1357 16
1358 20
1359 22
1360 20
1361 16
1362 20
1363 34
1364 16
1365 18
1366 14
1367 12
1368 10
1369 14
1370 12
1371 18
1372 44
1373 12
1374 14
1375 14
1376 12
1377 14
1378 12
1379 32
1380 14
1381 12
1382 22
1383 20
1384 14
1385 14
1386 16
1387 14
1388 24
1389 16
1390 14
1391 20
1392 16
1393 18
1394 14
1395 28
1396 18
1397 14
1398 30
1399 14
1400 14
1401 14
1402 26
1403 16
1404 18
1405 14
1406 14
1407 18
1408 20
1409 38
1410 12
1411 18
1412 28
1413 28
1414 10
1415 28
1416 16
1417 18
1418 18
1419 24
1420 12
1421 16
1422 22
1423 18
1424 14
1425 10
1426 20
1427 24
1428 16
1429 10
1430 16
1431 20
1432 12
1433 20
1434 12
1435 20
1436 32
1437 18
1438 26
1439 20
1440 14
1441 18
1442 14
1443 20
1444 52
1445 26
1446 20
1447 14
1448 18
1449 18
1450 18
1451 12
1452 16
1453 12
1454 16
1455 14
1456 14
1457 22
1458 18
1459 28
1460 18
1461 20
1462 18
1463 38
1464 12
1465 14
1466 20
1467 18
1468 10
1469 66
1470 12
1471 16
1472 14
1473 14
1474 16
1475 14
1476 18
1477 16
1478 30
1479 22
1480 20
1481 18
1482 18
1483 26
1484 20
1485 14
1486 16
1487 10
1488 14
1489 12
1490 18
1491 22
1492 16
1493 40
1494 18
1495 24
1496 16
1497 18
1498 12
1499 14
1500 24
1501 24
1502 14
1503 36
1504 12
1505 14
1506 16
1507 18
1508 14
1509 34
1510 20
1511 18
1512 16
1513 16
1514 34
1515 14
1516 16
1517 20
1518 43
1519 26
1520 18
1521 12
1522 18
1523 18
1524 22
1525 12
1526 16
1527 14
1528 14
1529 14
1530 16
1531 16
1532 18
1533 18
1534 18
1535 16
1536 16
1537 12
1538 28
1539 18
1540 18
1541 16
1542 16
1543 24
1544 18
1545 20
1546 18
1547 16
1548 18
1549 18
1550 14
1551 16
1552 36
1553 14
1554 14
1555 20
1556 12
1557 10
1558 38
1559 10
1560 20
1561 16
1562 16
1563 18
1564 16
1565 32
1566 18
1567 28
1568 12
1569 16
1570 12
1571 56
1572 16
1573 16
1574 12
1576 20
1578 18
1575 54
1577 32
1579 22
1580 14
1581 36
1582 10
1583 18
1584 18
1585 36
1586 36
1588 16
1589 6
1587 44
1590 16
1591 18
1592 20
1593 32
1594 26
1595 26
1596 24
1597 30
1598 24
1599 20
1600 18
1601 16
1602 16
1603 14
1604 36
1605 18
1606 16
1607 16
1608 14
1609 22
1610 16
1611 20
1612 22
1613 14
1614 20
1615 14
1616 12
1617 28
1618 32
1619 14
1620 16
1621 28
1622 20
1623 16
1624 20
1625 16
1626 14
1627 20
1628 22
1629 14
1630 18
1631 12
1632 22
1633 20
1634 18
1635 18
1636 12
1637 16
1638 16
1639 18
1640 22
1641 12
1642 18
1643 20
1644 24
1645 30
1646 20
1647 18
1648 22
1649 16
1650 14
1651 20
1652 16
1653 14
1654 30
1655 18
1657 22
1658 12
1656 40
1659 18
1660 16
1661 22
1662 16
1663 16
1664 18
1665 22
1666 14
1667 14
1668 14
1669 12
1670 28
1671 18
1672 18
1673 28
1674 20
1675 12
1676 16
1677 16
1678 6
1679 18
1680 16
1681 18
1682 16
1683 18
1684 18
1685 16
1686 18
1687 16
1688 34
1689 16
1690 12
1691 16
1692 18
1693 16
1694 14
1695 16
1696 18
1697 20
1698 16
1699 14
1700 18
1701 18
1702 18
1703 30
1704 16
1705 14
1706 26
1707 12
1708 16
1709 18
1710 16
1711 14
1712 14
1713 10
1714 20
1715 20
1716 10
1717 26
1718 12
1719 18
1720 22
1721 20
1722 26
1723 32
1724 10
1725 22
1726 20
1727 12
1728 24
1729 12
1730 18
1731 14
1732 16
1733 16
1734 16
1735 16
1736 16
1737 14
1738 20
1739 18
1740 22
1741 18
1742 18
1743 16
1744 12
1745 32
1746 18
1748 14
1747 30
1749 14
1750 18
1751 20
1752 20
1753 18
1754 12
1755 12
1756 14
1757 20
1758 16
1759 18
1760 24
1761 18
1762 18
1763 16
1764 20
1765 16
1766 28
1767 14
1768 14
1769 22
1770 14
1771 16
1772 12
1773 18
1774 18
1775 18
1776 12
1777 16
1778 18
1779 34
1780 14
1781 40
1782 18
1783 18
1784 30
1785 18
1786 30
1787 20
1788 12
1789 18
1790 20
1791 18
1792 34
1793 18
1794 22
1795 12
1796 16
1797 14
1798 24
1799 10
1800 18
1801 38
1802 14
1803 18
1804 20
1805 20
1806 20
1807 10
1808 18
1809 18
1810 10
1811 18
1812 18
1813 14
1814 22
1815 20
1816 18
1817 12
1818 26
1819 20
1820 30
1821 16
1822 16
1823 20
1824 14
1825 16
1826 14
1827 20
1828 16
1829 18
1830 18
1831 14
1832 16
1833 20
1834 16
1835 20
1836 18
1837 16
1838 38
1839 20
1840 16
1841 20
1842 34
1843 14
1844 16
1845 16
1846 22
1847 12
1848 18
1849 18
1850 30
1851 36
1852 18
1853 20
1854 12
1855 10
1856 18
1857 18
1858 20
1859 22
1860 22
1861 14
1862 18
1863 20
1864 28
1865 12
1866 16
1867 16
1868 20
1869 18
1870 20
1871 14
1872 16
1873 16
1874 16
1875 22
1876 16
1877 26
1879 8
1878 30
1880 18
1881 12
1882 22
1883 18
1884 20
1885 36
1886 20
1887 22
1888 14
1889 16
1890 12
1891 32
1892 14
1893 14
1894 14
1895 34
1896 18
1897 18
1898 14
1899 16
1900 18
1901 16
1902 10
1903 18
1904 20
1905 40
1906 16
1907 16
1908 18
1909 20
1910 14
1911 16
1912 10
1913 38
1914 12
1915 14
1916 16
1917 40
1918 22
1919 16
1920 16
1921 20
1922 16
1923 12
1924 16
1925 24
1926 18
1927 14
1928 30
1929 12
1930 24
1931 16
1932 20
1933 20
1934 16
1935 26
1936 18
1937 18
1938 36
1939 24
1940 20
1941 10
1942 18
1943 16
1944 12
1945 14
1946 16
1947 14
1948 14
1949 18
1950 20
1951 14
1952 20
1953 20
1954 12
1955 24
1956 16
1957 20
1958 14
1959 20
1960 16
1961 18
1962 16
1963 16
1964 20
1965 16
1966 14
1967 16
1968 20
1969 28
1970 18
1971 22
1972 16
1973 14
1974 24
1975 18
1976 16
1978 12
1977 30
1979 26
1980 42
1981 16
1982 16
1983 28
1984 18
1985 18
1987 12
1988 14
1986 44
1989 18
1990 22
1991 18
1992 22
1993 12
1994 16
1995 28
1996 18
1997 16
1998 14
1999 14
2000 18
2001 20
2002 16
2003 18
2004 24
2005 16
2006 20
2007 18
2008 18
2009 12
2010 14
2011 16
2012 20
2013 22
2014 16
2015 16
2016 22
2017 14
2018 18
2019 26
2020 16
2021 20
2022 14
2023 16
2024 16
2025 14
2026 20
2027 14
2028 18
2029 14
2030 14
2031 10
2032 14
2033 30
2034 24
2035 16
2036 34
2037 18
2038 20
2039 20
2040 18
2041 18
2042 14
2043 16
2044 10
2045 22
2046 18
2048 14
2047 48
2049 20
2050 14
2051 16
2052 18
2053 14
2054 24
2055 22
2056 18
2057 16
2058 20
2059 20
2060 20
2061 18
2062 16
2063 18
2064 16
2065 20
2066 12
2067 18
2068 18
2069 18
2070 18
2071 16
2072 20
2073 26
2074 18
2075 20
2076 34
2077 18
2078 16
2079 16
2080 32
2081 18
2082 12
2083 16
2084 14
2085 14
2086 24
2087 24
2088 30
2089 18
2090 14
2091 10
2092 14
2093 42
2094 16
2095 22
2096 16
2097 18
2098 14
2099 14
2100 20
2101 56
2102 14
2103 32
2104 16
2105 30
2106 18
2107 16
2108 28
2109 10
2110 18
2111 20
2112 24
2113 34
2114 20
2115 16
2116 18
2117 30
2118 20
2119 18
2120 32
2121 20
2122 18
2123 16
2124 10
2125 12
2126 16
2127 20
2128 24
2129 20
2130 12
2131 18
2132 14
2133 16
2134 16
2135 46
2136 16
2137 16
2138 22
2139 18
2140 22
2141 14
2142 26
2143 18
2144 20
2145 22
2146 16
2147 16
2148 20
2149 18
2150 22
2151 10
2152 16
2153 16
2154 18
2155 18
2156 24
2157 18
2158 16
2159 22
2160 16
2161 22
2162 14
2163 32
2164 16
2165 18
2166 26
2167 14
2168 22
2169 20
2170 20
2171 16
2172 20
2173 14
2174 20
2175 14
2176 18
2177 10
2178 12
2179 14
2180 12
2181 18
2182 16
2183 32
2184 18
2185 14
2186 16
2187 20
2188 10
2189 16
2190 18
2191 20
2192 12
2193 14
2194 26
2195 16
2196 18
2197 28
2198 18
2199 16
2200 20
2201 18
2202 16
2203 18
2204 18
2205 18
2206 34
2207 22
2208 28
2209 18
2210 18
2211 28
2212 14
2213 22
2214 20
2215 18
2216 12
2217 20
2218 22
2219 18
2220 24
2221 10
2222 22
2223 14
2224 22
2225 18
2226 18
2227 18
2228 14
2229 16
2230 18
2231 32
2232 14
2233 16
2234 28
2235 18
2236 12
2237 20
2238 18
2239 12
2240 30
2241 16
2242 22
2243 20
2244 20
2245 20
2246 34
2247 18
2248 20
2249 18
2250 18
2251 18
2252 20
2253 18
2254 22
2255 20
2256 16
2257 20
2258 16
2259 12
2260 22
2261 16
2262 16
2263 32
2264 16
2265 20
2266 16
2267 12
2268 30
2269 16
2270 18
2271 18
2272 16
2273 14
2274 14
2275 14
2276 16
2278 16
2277 30
2279 20
2280 24
2281 24
2282 18
2283 16
2284 20
2285 18
2286 16
2287 14
2288 16
2289 22
2290 30
2291 16
2292 12
2293 24
2294 16
2295 18
2296 16
2297 10
2298 20
2299 18
2300 32
2301 18
2302 20
2303 18
2304 16
2305 16
2306 26
2307 16
2308 16
2309 16
2310 18
2311 16
2312 16
2313 18
2314 14
2315 20
2316 16
2317 16
2318 14
2319 18
2320 18
2321 14
2322 20
2323 18
2324 28
2325 24
2326 38
2327 12
2328 40
2329 20
2330 16
2331 16
2332 18
2333 25
2334 18
2335 14
2336 18
2337 20
2338 34
2339 16
2340 18
2341 22
2342 14
2343 14
2344 16
2345 24
2346 12
2347 18
2348 14
2349 20
2350 24
2351 14
2352 36
2353 30
2354 30
2355 12
2356 30
2357 18
2358 18
2359 14
2360 30
2361 22
2362 20
2363 12
2364 16
2365 14
2366 12
2367 22
2368 12
2369 24
2370 14
2371 20
2372 18
2373 32
2374 12
2375 22
2376 20
2377 28
2378 22
2379 18
2380 16
2381 12
2382 22
2383 18
2384 18
2385 14
2386 32
2387 16
2388 9
2389 18
2390 10
2391 16
2392 18
2393 18
2394 14
2395 22
2396 18
2397 42
2398 22
2399 12
2400 16
2401 32
2402 18
2403 14
2404 12
2405 22
2406 20
2407 20
2408 18
2409 18
2410 22
2411 14
2412 22
2413 28
2414 20
2415 16
2416 24
2417 12
2418 20
2419 36
2420 16
2421 14
2422 16
2423 20
2424 10
2425 22
2426 18
2427 18
2428 14
2429 18
2430 22
2431 16
2432 16
2433 20
2434 18
2435 20
2436 24
2437 34
2438 32
2439 16
2440 18
2441 22
2442 16
2443 16
2444 20
2445 22
2446 22
2447 18
2448 14
2449 18
2450 16
2451 16
2452 16
2453 16
2454 16
2455 16
2456 16
2457 18
2458 20
2459 18
2460 20
2461 20
2462 20
2463 16
2464 16
2465 24
2466 14
2467 12
2468 18
2469 20
2470 18
2471 18
2472 16
2473 16
2474 14
2475 24
2476 20
2477 16
2478 20
2479 12
2480 24
2481 16
2482 16
2483 24
2484 10
2485 20
2486 28
2487 14
2488 18
2489 20
2490 16
2491 28
2492 26
2493 12
2494 24
2495 44
2496 14
2497 16
2498 40
2499 16
2500 16
2501 14
2502 20
2503 14
2504 22
2505 16
2506 16
2507 16
2508 14
2509 16
2510 38
2511 22
2512 14
2513 34
2514 18
2515 14
2516 14
2517 18
2518 32
2519 16
2520 12
2521 16
2522 22
2523 18
2524 30
2525 24
2526 10
2527 22
2528 14
2529 14
2530 18
2531 12
2532 20
2533 14
2534 12
2535 22
2536 14
2537 14
2538 14
2539 18
2540 14
2541 20
2542 18
2543 14
2544 18
2545 24
2546 14
2548 14
2547 32
2549 22
2550 24
2551 20
2552 16
2553 42
2554 26
2555 24
2556 18
2557 16
2558 22
2559 18
2560 16
2561 18
2562 6
2563 20
2564 16
2565 22
2567 20
2566 54
2568 20
2569 20
2570 12
2571 16
2572 18
2573 20
2574 42
2575 20
2576 20
2577 16
2578 18
2579 18
2580 16
2581 14
2582 24
2583 30
2584 22
2585 14
2586 16
2587 10
2588 8
2589 22
2590 20
2591 18
2592 24
2593 26
2594 12
2595 14
2596 20
2597 16
2598 26
2599 14
2600 20
2601 16
2602 14
2603 26
2604 8
2605 36
2606 22
2607 20
2608 20
2609 18
2610 32
2611 22
2612 20
2613 20
2614 20
2615 16
2616 16
2617 20
2618 26
2619 30
2620 16
2621 14
2622 24
2623 18
2624 14
2625 20
2627 28
2626 48
2628 22
2629 18
2630 18
2631 10
2632 12
2633 20
2634 16
2635 14
2636 22
2637 18
2638 14
2639 16
2640 20
2641 16
2642 14
2643 32
2644 20
2645 16
2646 16
2647 48
2648 20
2649 18
2650 22
2651 20
2652 16
2653 20
2654 24
2655 20
2656 14
2657 18
2658 32
2659 24
2660 16
2661 18
2662 16
2663 16
2664 18
2665 18
2666 26
2667 16
2668 20
2669 24
2670 16
2671 22
2672 16
2674 22
2675 26
2676 29
2677 12
2678 16
2673 84
2679 18
2680 18
2681 16
2682 12
2683 22
2684 16
2685 18
2686 16
2687 14
2688 16
2689 20
2690 22
2691 14
2692 22
2693 14
2694 22
2695 22
2696 30
2697 18
2698 20
2699 20
2700 20
2701 14
2702 24
2703 18
2704 24
2705 12
2706 20
2707 16
2708 20
2709 18
2710 20
2711 18
2712 18
2713 16
2714 46
2715 16
2716 30
2717 29
2718 22
2719 22
2720 14
2721 20
2722 18
2723 22
2724 16
2725 18
2726 10
2727 22
2728 18
2729 12
2730 16
2731 18
2732 16
2733 14
2734 18
2735 34
2736 20
2737 16
2738 34
2739 20
2740 18
2741 18
2742 16
2743 20
2744 16
2745 20
2746 16
2747 16
2748 18
2749 22
2750 18
2751 16
2752 20
2753 24
2754 18
2755 14
2756 16
2757 10
2758 18
2759 16
2760 22
2761 20
2762 18
2763 12
2764 14
2766 18
2767 20
2768 18
2765 60
2769 24
2770 20
2771 16
2772 18
2773 12
2774 16
2775 18
2776 12
2777 12
2778 14
2779 18
2780 16
2781 18
2782 22
2783 16
2784 18
2785 16
2786 20
2787 16
2788 18
2789 14
2790 16
2791 14
2792 22
2793 16
2794 20
2795 14
2796 20
2797 20
2798 20
2799 20
2800 20
2801 14
2802 20
2803 16
2804 18
2805 16
2806 22
2807 18
2808 14
2809 16
2810 14
2811 14
2812 16
2813 20
2814 36
2815 44
2816 34
2818 14
2817 38
2819 32
2820 16
2821 32
2822 34
2823 18
2824 26
2825 22
2826 20
2827 20
2828 20
2829 14
2830 16
2831 14
2832 22
2833 14
2834 14
2835 24
2836 18
2837 14
2838 18
2839 18
2840 18
2841 14
2842 14
2843 18
2844 16
2845 18
2846 24
2847 20
2848 16
2849 16
2850 16
2851 12
2852 22
2853 16
2854 32
2855 18
2856 14
2857 16
2858 14
2859 20
2860 20
2861 14
2862 24
2863 16
2864 22
2865 20
2866 14
2867 18
2868 18
2869 20
2870 34
2871 16
2872 22
2873 20
2874 28
2875 20
2876 12
2877 20
2878 14
2879 18
2880 54
2881 20
2882 16
2883 20
2884 20
2885 18
2886 18
2887 14
2888 20
2889 22
2890 20
2891 12
2892 20
2893 18
2894 20
2895 20
2896 18
2899 8
2897 36
2898 22
2900 16
2901 34
2902 16
2903 24
2904 22
2905 20
2906 14
2907 18
2908 20
2909 22
2910 8
2911 24
2912 16
2913 18
2914 20
2915 16
2916 16
2917 14
2918 18
2919 34
2920 38
2921 20
2922 16
2923 32
2924 12
2925 18
2926 12
2927 20
2928 12
2929 34
2930 20
2931 20
2932 16
2933 28
2934 20
2935 24
2936 18
2937 48
2938 36
2939 14
2940 32
2941 12
2942 16
2943 14
2944 32
2945 18
2946 16
2947 18
2948 18
2949 20
2950 22
2951 22
2952 20
2953 22
2954 16
2955 16
2956 16
2958 18
2957 38
2959 22
2960 20
2961 16
2962 38
2963 16
2964 22
2965 22
2966 20
2967 20
2968 20
2969 18
2970 36
2971 10
2972 12
2973 12
2974 32
2975 40
2976 18
2977 48
2978 24
2979 18
2980 16
2981 32
2982 12
2983 22
2984 14
2985 34
2986 20
2987 14
2988 36
2989 16
2990 18
2991 18
2992 48
2993 20
2994 20
2995 20
2996 14
2997 18
2998 20
2999 40
3000 16
3001 24
3002 18
3003 14
3004 20
3005 24
3006 18
3007 12
3008 34
3009 18
3010 18
3011 32
3012 12
3013 22
3014 36
3015 20
3016 28
3017 12
3018 20
3019 16
3020 20
3021 20
3022 36
3023 10
3024 30
3025 28
3026 30
3027 12
3028 20
3029 10
3030 18
3031 24
3032 34
3033 16
3034 32
3035 14
3036 14
3037 38
3038 20
3039 16
3040 18
3041 20
3042 16
3043 32
3044 50
3045 18
3046 16
3047 34
3048 38
3049 44
3050 20
3051 14
3052 14
3053 18
3054 14
3055 16
3056 10
3057 22
3058 32
3059 16
3060 18
3061 22
3062 62
3063 28
3064 16
3065 32
3066 16
3067 12
3068 20
3069 16
3070 48
3071 18
3072 16
3073 20
3074 26
3075 12
3076 12
3077 30
3078 34
3079 14
3080 16
3081 18
3082 16
3083 16
3084 20
3085 30
3086 24
3087 20
3088 32
3089 24
3090 12
3091 28
3092 28
3093 26
3094 26
3095 24
3096 16
3097 20
3098 22
3099 26
3100 10
3101 18
3102 28
3103 24
3104 14
3105 20
3106 20
3107 16
3108 24
3109 22
3110 24
3111 18
3112 18
3113 18
3114 20
3115 18
3116 24
3117 18
3118 12
3119 28
3120 24
3121 16
3122 16
3123 24
3124 18
3125 20
3126 22
3127 22
3128 26
3129 20
3130 34
3131 22
3132 16
3133 20
3134 16
3135 16
3136 22
3138 16
3137 30
3139 20
3140 30
3141 32
3142 14
3143 16
3144 14
3145 28
3146 14
3147 16
3148 14
3149 22
3150 14
3151 22
3152 60
3153 20
3154 36
3155 14
3156 34
3157 16
3158 24
3159 18
3160 20
3161 14
3162 18
3163 14
3164 22
3165 20
3166 16
3167 22
3168 16
3169 16
3170 16
3171 24
3172 16
3173 26
3174 20
3175 20
3176 16
3177 18
3178 22
3179 16
3180 16
3181 18
3182 24
3183 18
3184 20
3185 24
3186 22
3187 22
3188 32
3189 20
3190 22
3191 20
3192 12
3193 24
3194 16
3195 20
3196 26
3197 22
3198 20
3199 12
3200 20
3201 20
3202 18
3203 14
3204 32
3205 20
3206 26
3207 22
3208 18
3209 26
3210 24
3211 16
3212 12
3213 18
3214 36
3215 18
3216 16
3217 22
3218 16
3219 8
3220 20
3221 22
3222 16
3223 38
3224 20
3225 22
3226 14
3227 20
3228 18
3229 22
3230 22
3231 14
3232 16
3233 18
3234 18
3235 16
3236 12
3237 18
3238 14
3239 12
3240 22
3241 14
3242 26
3243 14
3244 22
3245 20
3246 18
3247 18
3248 18
3249 24
3250 18
3251 20
3252 20
3253 24
3254 12
3255 12
3256 18
3257 20
3258 36
3259 20
3260 20
3261 20
3262 16
3263 16
3264 46
3265 18
3266 22
3267 16
3268 12
3269 22
3270 16
3271 20
3272 34
3273 14
3274 30
3275 40
3276 14
3277 16
3278 24
3279 12
3280 26
3281 14
3282 48
3283 20
3284 16
3285 16
3286 26
3287 18
3288 16
3289 18
3290 18
3291 20
3292 14
3293 20
3294 18
3295 48
3296 32
3297 30
3298 20
3299 18
3300 18
3301 18
3302 16
3303 20
3304 12
3305 16
3306 16
3307 20
3308 12
3309 28
3310 14
3311 18
3312 16
3313 18
3314 16
3315 34
3316 16
3317 16
3318 14
3319 26
3320 32
3321 20
3322 14
3323 20
3324 18
3325 22
3326 28
3327 14
3328 14
3329 10
3330 18
3331 14
3332 34
3333 24
3334 22
3335 14
3336 18
3337 22
3338 28
3339 16
3340 30
3341 16
3342 14
3343 18
3344 22
3345 18
3346 14
3348 14
3347 32
3349 18
3350 22
3351 16
3352 26
3353 14
3354 16
3355 14
3356 22
3357 16
3358 18
3359 30
3360 10
3361 14
3362 16
3363 18
3364 20
3365 20
3366 18
3367 24
3368 20
3369 18
3370 20
3371 20
3372 16
3373 16
3374 18
3375 16
3376 20
3377 18
3378 46
3379 32
3380 20
3381 26
3382 24
3383 18
3384 16
3385 24
3386 36
3387 18
3388 18
3389 16
3390 18
3391 22
3392 18
3393 12
3394 26
3395 32
3396 14
3397 14
3398 16
3399 22
3400 18
3401 16
3402 12
3403 48
3404 20
3405 38
3406 20
3407 34
3408 24
3409 18
3410 56
3411 38
3412 20
3413 16
3414 12
3415 28
3416 18
3417 18
3418 14
3419 34
3420 18
3421 20
3422 20
3423 48
3424 12
3425 40
3426 18
3427 20
3428 16
3429 20
3430 14
3431 22
3432 34
3433 22
3434 20
3435 18
3436 16
3437 26
3438 34
3439 22
3440 14
3441 22
3442 16
3443 16
3444 16
3445 18
3446 12
3447 24
3448 30
3449 20
3450 20
3451 18
3452 18
3453 24
3454 50
3455 20
3457 14
3456 42
3458 20
3459 50
3460 16
3461 16
3462 18
3463 18
3464 26
3465 16
3466 20
3467 18
3468 16
3469 16
3470 22
3471 14
3472 30
3473 20
3474 18
3475 20
3476 12
3477 18
3478 14
3479 20
3480 22
3481 18
3482 18
3483 20
3484 20
3485 22
3486 14
3487 18
3488 18
3489 18
3490 18
3491 20
3492 18
3493 22
3494 34
3495 14
3496 22
3497 10
3498 14
3499 14
3500 14
3501 28
3502 16
3503 44
3504 16
3505 18
3506 18
3507 20
3508 34
3509 16
3510 20
3511 58
3512 14
3513 12
3514 18
3515 18
3516 18
3517 14
3518 20
3519 16
3520 20
3521 18
3522 20
3523 16
3524 22
3525 24
3526 24
3527 18
3528 20
3529 20
3530 20
3531 14
3532 20
3533 18
3534 18
3535 20
3536 20
3537 24
3538 46
3539 14
3540 20
3541 20
3542 38
3543 32
3544 20
3545 14
3546 26
3547 18
3548 16
3549 24
3550 32
3551 20
3552 24
3553 20
3554 22
3555 22
3556 12
3558 16
3557 32
3559 18
3560 16
3561 22
3562 30
3563 18
3564 18
3565 22
3566 18
3567 12
3568 20
3569 16
3570 22
3571 20
3572 18
3573 12
3574 20
3575 32
3576 16
3577 20
3578 20
3579 22
3580 22
3581 12
3582 18
3583 18
3584 28
3585 16
3586 18
3587 16
3588 16
3589 24
3590 14
3591 18
3592 22
3593 16
3594 18
3595 22
3596 16
3597 18
3598 20
3599 22
3600 16
3601 20
3602 14
3603 14
3604 18
3605 22
3606 20
3607 18
3608 16
3609 24
3610 18
3611 20
3612 30
3613 30
3614 18
3615 24
3616 20
3617 20
3618 14
3619 18
3620 32
3621 16
3622 22
3623 20
3624 12
3625 44
3626 24
3627 20
3628 18
3629 12
3630 26
3631 30
3632 16
3633 14
3634 18
3635 20
3636 20
3637 18
3638 26
3639 24
3640 20
3641 20
3642 30
3643 18
3644 22
3645 18
3646 18
3647 18
3648 20
3649 22
3650 18
3651 18
3652 20
3653 20
3654 32
3655 22
3656 20
3657 18
3658 18
3659 18
3660 22
3661 18
3662 40
3663 18
3664 14
3665 18
3666 20
3667 18
3668 16
3669 16
3670 10
3671 20
3672 18
3673 22
3674 16
3675 14
3676 24
3677 16
3678 18
3679 32
3680 18
3681 18
3682 20
3683 18
3684 22
3685 22
3686 20
3687 18
3688 18
3689 16
3690 20
3691 30
3692 18
3693 22
3694 12
3695 16
3696 14
3697 26
3698 20
3699 22
3700 20
3701 16
3702 40
3703 16
3704 16
3705 16
3706 18
3707 18
3708 24
3709 14
3710 22
3711 14
3712 26
3713 26
3714 12
3715 18
3716 22
3717 18
3718 18
3719 16
3720 20
3721 26
3722 22
3723 20
3724 14
3725 18
3726 18
3727 14
3728 16
3729 16
3730 32
3731 22
3732 22
3733 14
3734 22
3735 18
3736 20
3737 18
3738 34
3739 22
3740 16
3741 20
3742 14
3743 24
3744 18
3745 16
3746 32
3747 34
3748 38
3749 24
3750 20
3751 18
3752 18
3753 24
3754 26
3755 34
3756 20
3757 16
3758 18
3759 18
3760 20
3761 34
3762 14
3763 14
3764 28
3765 14
3766 14
3767 30
3768 28
3769 24
3770 18
3771 16
3772 14
3773 30
3774 16
3775 24
3776 18
3777 18
3778 20
3779 18
3780 18
3781 20
3782 18
3783 18
3784 24
3785 16
3786 20
3787 18
3788 16
3789 22
3790 18
3791 22
3792 22
3793 16
3794 14
3795 18
3796 20
3797 18
3798 18
3799 12
3800 24
3801 14
3802 18
3803 18
3804 18
3805 44
3806 22
3807 22
3808 20
3809 16
3810 14
3811 22
3812 20
3813 38
3814 16
3815 18
3816 22
3817 18
3818 22
3819 16
3820 14
3821 22
3822 28
3823 14
3824 18
3825 20
3826 12
3827 18
3828 22
3829 16
3830 18
3831 26
3832 16
3833 18
3834 18
3835 10
3836 14
3837 16
3838 18
3839 18
3840 22
3841 18
3842 18
3843 18
3844 16
3845 20
3846 24
3847 18
3848 20
3849 18
3850 18
3851 20
3852 16
3853 34
3854 28
3855 16
3856 18
3857 28
3858 12
3859 12
3860 14
3861 18
3862 14
3863 14
3864 20
3865 10
3866 20
3867 20
3868 16
3869 10
3870 16
3871 16
3872 18
3873 14
3874 14
3875 18
3876 24
3877 18
3878 18
3879 20
3880 14
3881 18
3882 16
3883 20
3884 16
3885 16
3886 16
3887 18
3888 32
3889 12
3890 18
3891 20
3892 14
3893 34
3894 20
3895 14
3896 20
3897 36
3898 22
3899 18
3900 12
3901 18
3902 20
3903 14
3904 12
3905 20
3906 20
3907 18
3908 16
3909 20
3910 18
3911 14
3912 22
3913 12
3914 26
3915 22
3916 26
3917 20
3918 16
3919 20
3920 20
3921 28
3922 20
3923 26
3924 16
3925 18
3926 22
3927 22
3928 22
3929 10
3930 12
3931 18
3932 18
3933 20
3934 20
3935 20
3936 22
3937 18
3938 20
3939 16
3940 20
3941 18
3942 24
3943 20
3944 16
3945 30
3946 18
3947 20
3948 18
3949 18
3950 16
3951 22
3952 20
3953 36
3954 28
3955 40
3956 12
3957 14
3958 16
3959 20
3960 20
3961 16
3962 12
3963 14
3964 16
3965 22
3966 24
3967 12
3968 28
3969 32
3970 22
3971 22
3972 14
3973 16
3974 20
3975 24
3976 22
3977 20
3978 18
3979 22
3980 18
3981 22
3982 18
3983 12
3984 14
3985 22
3986 24
3987 20
3988 14
3989 16
3990 18
3991 16
3992 30
3993 20
3994 18
3995 20
3996 20
3997 14
3998 16
3999 12
4000 20
4001 18
4002 20
4003 20
4004 18
4005 20
4006 18
4007 16
4008 26
4009 22
4010 22
4011 26
4012 16
4013 22
4014 24
4015 12
4016 16
4017 22
4018 58
4019 22
4020 18
4021 14
4022 26
4023 22
4024 24
4025 30
4026 20
4027 24
4028 24
4029 18
4030 24
4031 16
4032 40
4033 34
4034 24
4035 16
4036 16
4037 22
4038 18
4039 18
4040 22
4041 18
4042 18
4043 20
4044 12
4045 16
4046 14
4047 20
4048 34
4049 18
4050 22
4051 16
4052 20
4053 16
4054 14
4055 20
4056 20
4057 18
4058 8
4059 22
4060 20
4061 22
4062 16
4063 14
4064 16
4065 16
4066 26
4067 22
4068 20
4069 14
4070 14
4071 20
4072 24
4073 18
4074 18
4075 26
4076 20
4077 24
4078 20
4079 26
4080 16
4081 16
4082 18
4083 18
4084 12
4085 24
4086 22
4087 14
4088 22
4089 20
4090 22
4091 24
4092 16
4093 22
4094 16
4095 36
4096 22
4097 24
4098 20
4099 24
4100 16
4101 18
4102 16
4103 22
4104 14
4105 18
4106 14
4107 20
4108 14
4109 20
4110 10
4111 28
4112 18
4113 24
4114 18
4115 16
4116 12
4117 22
4118 16
4119 16
4120 14
4121 16
4122 20
4123 22
4124 18
4125 12
4126 16
4127 10
4128 18
4129 20
4130 18
4131 22
4132 22
4133 18
4134 18
4135 20
4136 20
4137 20
4138 24
4139 16
4140 24
4141 16
4142 14
4143 16
4144 20
4145 20
4146 20
4147 18
4148 18
4149 20
4150 18
4151 18
4152 24
4153 24
4154 14
4155 22
4156 16
4158 16
4157 36
4159 16
4160 24
4161 26
4162 18
4163 16
4164 24
4165 18
4166 22
4167 22
4168 20
4169 30
4170 14
4171 26
4172 32
4173 24
4174 18
4175 16
4176 26
4177 18
4178 22
4179 18
4180 22
4181 24
4182 14
4183 18
4184 38
4185 14
4186 20
4187 12
4188 18
4189 14
4190 14
4191 14
4192 36
4193 18
4194 18
4195 18
4196 12
4197 20
4198 18
4199 16
4200 18
4201 20
4202 20
4203 18
4204 18
4205 14
4206 18
4207 22
4208 18
4209 22
4210 20
4211 18
4212 20
4213 14
4214 24
4215 20
4216 16
4217 16
4218 24
4219 28
4220 18
4221 64
4222 16
4223 42
4224 20
4225 22
4226 12
4227 14
4228 24
4229 20
4230 14
4231 20
4232 16
4233 20
4234 20
4235 22
4236 22
4237 14
4238 32
4239 24
4240 24
4241 18
4242 18
4243 14
4244 40
4245 24
4246 10
4247 18
4248 34
4249 16
4250 26
4251 14
4252 22
4253 30
4254 18
4255 20
4256 24
4257 20
4258 18
4259 32
4260 16
4261 22
4262 16
4263 20
4264 24
4265 20
4266 12
4267 18
4268 26
4269 12
4270 18
4271 14
4272 16
4273 24
4274 26
4275 26
4276 20
4277 10
4278 28
4279 16
4280 56
4281 16
4282 12
4283 20
4284 24
4285 22
4286 12
4288 14
4287 30
4289 22
4290 22
4291 20
4292 20
4293 28
4294 18
4295 32
4296 14
4297 18
4298 20
4299 18
4300 22
4301 24
4302 16
4303 20
4304 18
4305 26
4306 24
4307 16
4308 24
4309 24
4310 24
4311 20
4312 26
4313 14
4314 22
4315 20
4316 22
4317 14
4318 22
4319 18
4320 22
4321 20
4322 20
4323 22
4324 30
4325 20
4326 16
4327 20
4328 20
4329 18
4330 24
4331 18
4332 16
4333 22
4334 20
4335 20
4336 22
4337 12
4338 22
4339 26
4340 18
4341 20
4342 18
4343 28
4344 14
4345 34
4346 20
4347 14
4348 20
4349 40
4350 16
4351 18
4352 14
4353 28
4354 20
4355 22
4356 20
4357 34
4358 22
4359 24
4360 18
4361 20
4362 30
4363 22
4364 42
4365 16
4366 20
4367 26
4368 16
4369 48
4370 20
4371 56
4372 18
4373 20
4374 46
4375 22
4376 18
4377 14
4378 20
4379 14
4380 30
4381 18
4382 26
4383 16
4384 24
4385 14
4386 20
4387 20
4388 54
4389 18
4390 28
4391 42
4392 12
4393 14
4394 20
4395 18
4396 20
4397 12
4398 20
4399 14
4400 14
4401 18
4402 18
4403 18
4404 16
4405 16
4406 20
4407 48
4408 26
4409 20
4410 20
4411 14
4412 14
4413 18
4414 40
4415 18
4416 14
4418 12
4417 48
4419 42
4420 14
4421 34
4422 22
4423 28
4424 24
4425 18
4426 28
4427 12
4428 24
4429 34
4430 28
4431 26
4432 18
4433 54
4434 58
4435 32
4436 18
4437 18
4438 22
4439 24
4440 28
4441 20
4442 20
4443 16
4444 24
4445 18
4446 38
4447 48
4448 30
4449 20
4450 18
4451 16
4452 18
4453 18
4454 18
4455 22
4456 14
4457 20
4458 26
4459 24
4460 28
4461 16
4462 28
4463 58
4464 20
4465 18
4466 26
4467 20
4468 26
4469 16
4470 36
4471 22
4472 16
4473 14
4475 20
4476 32
4477 20
4478 18
4474 68
4479 34
4480 24
4481 18
4483 22
4484 30
4485 30
4486 20
4487 24
4488 18
4482 82
4489 40
4490 22
4491 38
4492 24
4493 22
4494 22
4495 16
4496 20
4497 40
4498 32
4499 34
4500 18
4501 18
4502 26
4503 24
4504 18
4505 20
4507 28
4508 14
4506 46
4509 48
4510 20
4511 16
4512 32
4513 14
4514 34
4515 22
4516 36
4517 16
4518 20
4519 28
4520 16
4521 24
4522 76
4523 18
4524 18
4525 18
4528 18
4526 40
4527 34
4529 18
4530 36
4531 14
4532 16
4533 10
4534 30
4535 16
4536 34
4537 57
4538 42
4539 34
4540 48
4541 18
4542 18
4543 14
4544 36
4546 20
4547 18
4545 60
4548 24
4549 20
4550 26
4551 20
4552 34
4553 18
4554 24
4555 24
4556 18
4557 20
4558 48
4559 22
4560 20
4561 70
4562 50
4563 26
4564 16
4565 18
4566 16
4567 24
4568 20
4569 18
4570 26
4571 16
4572 18
4573 26
4574 40
4575 34
4576 28
4577 22
4578 14
4579 58
4580 22
4581 20
4582 38
4583 24
4584 54
4585 30
4586 22
4587 32
4588 20
4589 34
4590 26
4591 38
4592 18
4593 28
4594 22
4595 32
4596 24
4597 18
4598 26
4599 26
4600 18
4601 24
4602 20
4603 20
4604 24
4605 18
4606 22
4607 22
4608 26
4609 22
4610 12
4611 22
4612 14
4613 24
4614 20
4615 24
4616 34
4617 26
4618 26
4619 24
4620 20
4621 20
4622 14
4623 18
4624 22
4625 24
4626 28
4627 12
4628 20
4629 24
4630 30
4631 32
4632 20
4633 26
4634 18
4635 20
4636 22
4637 22
4638 9
4639 22
4640 22
4641 22
4642 20
4643 16
4644 18
4645 16
4646 20
4647 18
4648 16
4649 20
4650 24
4651 12
4652 24
4653 18
4654 22
4655 16
4656 18
4657 18
4658 20
4659 20
4660 22
4661 24
4662 18
4663 22
4664 18
4665 48
4666 18
4667 22
4668 24
4669 18
4670 18
4671 18
4672 18
4673 16
4674 20
4675 22
4676 18
4677 10
4678 18
4679 20
4680 18
4681 24
4682 22
4683 18
4684 18
4685 22
4686 18
4687 20
4688 16
4689 22
4690 24
4691 24
4692 14
4693 18
4695 22
4696 34
4697 26
4694 88
4698 38
4699 22
4700 22
4701 18
4702 18
4703 16
4704 16
4705 16
4706 22
4707 18
4708 26
4709 24
4710 24
4711 18
4712 18
4713 12
4714 16
4715 14
4716 18
4717 20
4718 26
4719 24
4720 18
4721 20
4722 22
4723 14
4724 16
4725 20
4726 18
4727 14
4728 22
4729 22
4730 26
4731 46
4732 20
4733 16
4734 16
4735 22
4736 32
4737 28
4738 12
4739 18
4740 24
4741 18
4742 14
4743 26
4744 20
4745 18
4746 26
4747 18
4748 20
4749 12
4750 16
4751 18
4752 24
4753 18
4754 28
4755 24
4756 20
4757 18
4758 20
4759 24
4760 16
4761 24
4762 18
4763 14
4764 36
4765 16
4766 14
4767 12
4768 22
4769 42
4770 20
4771 22
4772 20
4773 18
4774 22
4775 18
4776 20
4777 34
4778 22
4779 20
4780 20
4781 38
4782 22
4783 26
4784 22
4785 20
4786 18
4787 18
4788 18
4789 16
4790 32
4791 26
4792 16
4793 22
4794 18
4795 22
4796 24
4797 20
4798 24
4799 32
4800 18
4801 12
4802 12
4803 22
4804 26
4805 22
4806 22
4808 18
4807 32
4809 22
4810 24
4811 62
4812 18
4813 16
4814 16
4815 22
4816 22
4817 14
4818 16
4819 28
4820 18
4821 18
4822 20
4823 18
4824 14
4825 36
4826 18
4827 14
4828 16
4829 16
4830 20
4831 16
4832 14
4833 16
4834 18
4835 24
4836 14
4837 22
4838 16
4839 26
4840 20
4841 16
4842 22
4843 24
4844 22
4845 20
4846 20
4847 16
4848 16
4849 36
4850 24
4851 14
4852 18
4853 22
4854 18
4855 22
4856 18
4857 22
4858 32
4859 18
4860 18
4861 22
4862 16
4863 18
4864 38
4865 24
4866 26
4867 18
4868 16
4869 18
4870 14
4871 22
4872 20
4873 24
4874 20
4875 20
4876 14
4877 20
4878 24
4879 18
4880 24
4881 22
4882 22
4883 22
4884 20
4885 22
4886 22
4887 14
4888 20
4889 16
4890 20
4891 28
4892 36
4893 18
4894 28
4895 32
4896 22
4897 20
4898 38
4899 14
4900 18
4901 50
4902 16
4903 28
4904 14
4905 20
4906 22
4907 20
4908 22
4909 20
4910 18
4911 12
4912 18
4913 16
4914 18
4915 20
4916 18
4917 24
4918 18
4919 34
4920 20
4921 22
4922 20
4923 30
4924 26
4925 16
4926 22
4927 28
4928 22
4929 36
4930 20
4931 18
4932 14
4933 20
4934 20
4935 26
4936 18
4937 24
4938 18
4939 12
4940 20
4941 12
4942 20
4943 22
4944 16
4945 22
4946 20
4947 14
4948 18
4949 18
4950 20
4951 20
4952 18
4953 12
4954 28
4955 18
4956 20
4957 30
4958 26
4959 14
4960 26
4961 18
4962 14
4963 20
4964 20
4965 20
4966 14
4967 24
4968 18
4969 16
4970 28
4971 14
4972 16
4973 28
4974 14
4975 34
4976 20
4977 22
4978 18
4979 16
4980 18
4981 22
4982 32
4983 18
4984 34
4985 16
4986 26
4987 18
4988 22
4989 22
4990 22
4991 36
4992 16
4993 38
4994 20
4995 14
4996 32
4997 24
4998 20
4999 14
5000 16
5001 18
5002 18
5003 16
5004 20
5005 18
5006 18
5007 18
5008 18
5009 16
5010 16
5011 20
5012 14
5013 18
5014 18
5015 20
5016 22
5017 14
5018 22
5019 22
5020 18
5021 20
5022 20
5023 24
5024 16
5025 20
5026 14
5027 20
5028 14
5029 16
5030 26
5031 22
5032 22
5033 42
5034 16
5035 16
5036 16
5038 14
5037 34
5039 22
5040 18
5041 24
5042 16
5043 24
5044 18
5045 24
5046 24
5047 20
5048 18
5049 18
5050 18
5051 28
5052 20
5053 12
5054 20
5055 14
5057 22
5056 64
5058 20
5059 12
5060 22
5061 16
5062 16
5063 16
5064 32
5065 22
5066 14
5067 26
5068 14
5069 14
5070 56
5071 48
5072 20
5073 12
5074 22
5075 20
5076 28
5077 18
5078 18
5079 24
5080 22
5081 30
5082 22
5083 16
5084 16
5085 22
5086 18
5087 22
5088 16
5089 18
5090 24
5091 22
5092 22
5093 16
5094 16
5095 26
5096 16
5097 18
5098 10
5099 20
5100 18
5101 34
5102 24
5103 20
5104 20
5105 42
5106 16
5107 20
5108 16
5109 16
5110 28
5111 34
5112 18
5113 18
5114 24
5115 18
5116 20
5117 20
5118 20
5119 18
5120 12
5121 22
5122 20
5123 28
5124 14
5125 22
5126 20
5127 16
5128 18
5129 20
5130 16
5131 28
5132 20
5133 16
5134 22
5135 16
5136 22
5137 22
5138 18
5139 18
5140 22
5141 38
5142 24
5143 22
5144 18
5145 22
5146 22
5147 16
5148 14
5149 20
5150 18
5151 18
5152 18
5153 12
5154 26
5155 20
5156 22
5157 22
5158 12
5159 20
5160 20
5161 18
5162 18
5163 26
5164 32
5165 22
5166 24
5167 32
5168 36
5169 18
5170 52
5171 24
5172 20
5173 18
5174 22
5175 14
5176 26
5177 18
5178 20
5179 20
5180 38
5181 32
5182 20
5183 20
5184 16
5185 16
5186 20
5187 12
5188 28
5189 34
5190 14
5191 22
5192 14
5193 20
5194 36
5195 26
5196 22
5197 18
5198 14
5199 20
5200 22
5201 24
5202 20
5203 16
5204 20
5205 32
5206 22
5207 22
5208 32
5209 22
5210 14
5211 24
5212 18
5213 22
5214 18
5215 22
5216 26
5217 16
5218 22
5219 18
5220 22
5221 16
5222 16
5223 14
5224 16
5225 22
5226 20
5227 16
5228 30
5229 24
5230 20
5231 24
5232 12
5233 18
5234 38
5235 16
5236 11
5237 20
5238 16
5239 20
5240 16
5241 24
5242 18
5243 20
5244 22
5245 24
5246 26
5247 20
5248 18
5249 22
5250 18
5251 16
5252 20
5253 20
5254 22
5255 22
5256 20
5257 22
5258 24
5259 16
5260 16
5261 22
5262 18
5263 14
5264 20
5265 18
5266 20
5267 24
5268 20
5269 24
5270 22
5271 16
5272 40
5273 22
5274 20
5275 14
5276 16
5277 12
5278 18
5279 20
5280 18
5281 20
5282 16
5283 20
5284 16
5285 20
5286 16
5287 18
5288 20
5289 12
5290 28
5291 20
5292 12
5294 42
5295 20
5296 14
5293 80
5297 44
5298 22
5299 16
5300 32
5301 22
5302 20
5303 28
5304 20
5305 18
5306 22
5307 22
5308 66
5309 18
5310 22
5311 10
5312 16
5313 20
5314 10
5315 26
5316 26
5318 14
5317 34
5319 20
5320 18
5321 14
5322 22
5323 22
5324 20
5325 38
5326 16
5327 20
5328 24
5329 20
5330 16
5331 16
5332 24
5333 20
5334 18
5335 16
5336 22
5337 18
5338 12
5339 18
5340 20
5341 18
5342 20
5343 24
5344 20
5345 32
5346 14
5347 22
5348 14
5349 18
5350 22
5351 18
5352 24
5353 20
5354 12
5355 22
5356 36
5357 22
5358 22
5359 18
5360 36
5361 42
5362 12
5363 20
5364 24
5365 20
5366 22
5367 16
5368 16
5369 16
5370 20
5371 18
5372 18
5373 36
5374 24
5375 22
5376 18
5378 16
5377 30
5379 24
5380 14
5381 18
5382 22
5383 20
5384 20
5385 36
5386 10
5387 24
5388 24
5389 20
5390 20
5391 32
5392 18
5393 20
5394 18
5395 20
5396 22
5397 20
5398 36
5399 38
5400 20
5401 28
5402 16
5403 20
5404 16
5405 22
5406 30
5407 24
5408 20
5409 18
5410 34
5411 20
5412 14
5413 20
5414 18
5415 26
5416 26
5417 18
5418 18
5419 24
5420 12
5421 12
5422 20
5423 22
5424 16
5425 22
5426 16
5427 18
5428 20
5429 18
5430 22
5431 34
5432 24
5433 28
5434 18
5435 16
5436 18
5437 22
5438 12
5439 20
5440 22
5441 18
5442 22
5443 20
5444 20
5446 18
5447 20
5445 54
5448 22
5449 12
5450 18
5451 18
5452 22
5453 14
5454 16
5455 12
5456 18
5457 18
5458 36
5459 20
5460 18
5461 22
5462 30
5463 14
5464 18
5465 16
5466 16
5467 18
5468 20
5469 34
5470 22
5471 12
5472 24
5473 28
5474 16
5475 20
5476 12
5477 16
5478 20
5479 24
5480 24
5481 18
5482 16
5483 20
5484 16
5485 18
5486 22
5487 18
5488 22
5489 42
5490 20
5491 20
5492 22
5493 16
5494 20
5495 20
5496 18
5497 18
5498 16
5499 18
5500 16
5501 24
5502 22
5503 20
5504 20
5505 14
5506 18
5507 18
5508 14
5509 18
5510 16
5511 18
5512 18
5513 18
5514 20
5515 18
5516 22
5517 22
5518 22
5519 18
5520 20
5521 16
5522 34
5523 18
5524 18
5525 16
5526 18
5527 16
5528 20
5529 26
5530 14
5531 12
5532 24
5533 20
5534 22
5535 22
5536 16
5537 22
5538 18
5539 20
5540 10
5541 16
5542 20
5543 12
5544 38
5545 16
5546 30
5547 20
5548 22
5549 20
5550 20
5551 38
5552 22
5553 18
5554 16
5555 20
5556 22
5557 22
5558 16
5559 20
5560 12
5561 18
5562 26
5563 22
5564 22
5565 20
5566 22
5567 16
5568 34
5569 20
5570 18
5571 20
5572 32
5573 22
5574 20
5576 28
5577 22
5578 16
5575 52
5579 22
5580 22
5581 16
5582 20
5583 18
5584 20
5585 20
5586 12
5587 20
5588 22
5589 20
5590 20
5591 16
5592 16
5593 18
5594 16
5595 18
5596 14
5597 18
5598 14
5599 28
5600 22
5601 16
5602 20
5603 16
5604 20
5605 16
5606 26
5607 20
5608 18
5609 24
5610 16
5611 22
5612 12
5613 22
5614 18
5615 16
5616 8
5617 20
5618 24
5619 20
5620 20
5621 18
5622 14
5623 22
5624 18
5625 18
5626 18
5627 18
5628 20
5629 24
5630 16
5631 16
5632 20
5633 16
5634 18
5635 22
5636 16
5637 20
5638 14
5639 14
5640 26
5641 26
5642 36
5643 18
5644 8
5645 18
5646 26
5647 16
5648 24
5649 16
5650 12
5651 20
5652 12
5653 18
5654 26
5655 16
5656 30
5657 18
5658 20
5659 14
5660 18
5661 20
5662 22
5663 18
5664 26
5665 18
5666 10
5667 20
5668 22
5669 16
5670 20
5671 26
5672 24
5673 36
5674 32
5675 18
5677 24
5678 16
5676 46
5679 18
5680 20
5681 18
5682 14
5683 18
5684 24
5685 16
5686 22
5687 16
5688 18
5689 26
5690 48
5691 22
5692 24
5693 22
5694 22
5695 16
5697 18
5696 46
5698 20
5699 20
5700 18
5701 16
5702 14
5703 36
5704 20
5705 16
5706 36
5707 26
5708 20
5709 30
5710 20
5711 20
5712 18
5713 22
5714 20
5715 20
5716 16
5717 16
5718 20
5719 20
5720 16
5721 12
5722 32
5723 20
5724 18
5725 16
5726 22
5727 16
5728 20
5729 16
5730 28
5731 16
5732 38
5733 18
5734 18
5735 20
5736 14
5737 18
5738 20
5739 16
5740 20
5741 20
5742 20
5743 26
5744 16
5745 26
5746 18
5747 16
5748 18
5749 32
5750 24
5751 24
5752 24
5753 24
5754 22
5755 16
5756 24
5757 16
5758 14
5759 20
5760 22
5761 22
5762 14
5763 26
5764 10
5765 16
5766 20
5767 14
5768 18
5769 16
5770 26
5771 22
5772 20
5773 22
5774 14
5775 16
5776 12
5777 44
5778 22
5779 18
5780 20
5781 18
5782 52
5783 16
5784 26
5785 28
5786 18
5787 22
5788 20
5789 14
5790 22
5791 16
5792 14
5793 20
5794 20
5795 24
5796 24
5797 22
5798 16
5799 12
5800 20
5801 14
5802 32
5803 18
5804 22
5805 48
5806 18
5807 18
5808 18
5809 16
5810 30
5811 10
5812 18
5813 20
5814 18
5815 18
5816 18
5817 32
5818 24
5819 22
5820 36
5821 8
5822 16
5823 14
5824 24
5825 16
5826 16
5827 18
5828 36
5829 26
5830 16
5831 18
5832 20
5833 30
5834 18
5835 28
5836 20
5837 20
5838 20
5839 26
5840 22
5841 20
5842 22
5843 16
5844 20
5845 18
5846 20
5847 20
5848 14
5849 20
5850 18
5851 22
5852 16
5853 24
5854 20
5855 20
5856 14
5857 18
5858 20
5859 20
5860 20
5861 18
5862 24
5863 16
5864 18
5865 24
5866 22
5867 18
5868 24
5869 22
5870 16
5871 22
5872 26
5873 36
5874 30
5875 22
5876 38
5877 16
5878 16
5879 22
5880 36
5881 20
5882 24
5883 20
5884 26
5885 22
5886 14
5887 24
5888 24
5889 34
5890 22
5891 22
5892 42
5893 18
5894 18
5895 18
5896 18
5897 12
5898 44
5899 14
5900 28
5901 22
5902 36
5903 20
5904 16
5905 16
5906 18
5907 14
5908 14
5909 18
5910 18
5911 14
5912 20
5913 22
5914 32
5915 22
5916 18
5917 38
5918 22
5919 16
5920 16
5921 16
5922 24
5923 26
5924 26
5925 18
5926 22
5927 26
5928 58
5929 20
5930 46
5931 22
5932 18
5933 36
5934 12
5935 22
5936 22
5937 24
5938 16
5939 56
5940 18
5941 16
5942 16
5943 22
5944 42
5945 22
5946 38
5947 18
5948 12
5949 34
5950 28
5951 20
5952 16
5953 18
5954 22
5956 20
5957 16
5955 64
5958 64
5959 24
5960 18
5961 18
5962 24
5963 32
5964 22
5965 22
5966 18
5967 28
5968 18
5969 20
5970 10
5971 12
5972 22
5973 14
5974 18
5975 24
5976 32
5977 24
5978 18
5979 36
5980 34
5981 16
5982 38
5983 18
5984 18
5985 38
5986 16
5987 16
5988 22
5989 10
5990 38
5991 22
5992 22
5993 18
5994 20
5995 24
5996 22
5997 22
5998 20
5999 41
6000 38
6001 18
6002 22
6003 14
6004 20
6005 18
6006 18
6007 24
6008 16
6009 22
6010 34
6011 32
6012 18
6013 18
6014 18
6015 20
6016 18
6017 22
6018 18
6019 34
6020 76
6021 24
6022 24
6023 22
6024 16
6025 20
6026 44
6027 32
6028 22
6029 20
6030 24
6031 34
6032 14
6033 24
6034 40
6035 10
6036 30
6037 30
6038 22
6039 40
6040 14
6041 18
6042 24
6043 40
6044 20
6045 20
6046 26
6047 20
6048 32
6049 14
6050 32
6051 22
6052 18
6053 56
6054 22
6055 12
6056 26
6057 26
6058 34
6059 30
6060 52
6061 22
6062 20
6063 36
6064 24
6065 18
6066 20
6067 40
6068 20
6069 32
6070 18
6071 20
6072 26
6073 20
6074 18
6075 26
6076 20
6077 14
6078 22
6079 16
6080 34
6081 16
6082 26
6083 32
6084 18
6088 16
6085 100
6086 44
6087 40
6089 34
6090 28
6091 30
6092 28
6093 26
6094 24
6095 12
6096 20
6098 16
6097 30
6099 20
6100 22
6101 34
6102 22
6103 40
6104 28
6105 22
6106 20
6107 18
6108 24
6109 24
6110 32
6111 20
6112 22
6113 20
6114 26
6115 24
6116 14
6117 18
6118 20
6119 40
6120 18
6121 24
6122 36
6123 34
6124 20
6125 26
6126 24
6127 20
6128 18
6129 20
6130 16
6131 22
6132 22
6133 20
6134 20
6135 16
6136 16
6137 18
6138 20
6139 16
6140 18
6141 24
6142 20
6143 18
6144 24
6145 26
6146 24
6147 16
6148 28
6149 28
6150 44
6151 20
6152 16
6153 20
6154 14
6155 20
6156 20
6157 36
6158 32
6159 38
6160 20
6161 22
6162 36
6163 20
6164 28
6165 20
6166 16
6167 20
6168 14
6169 16
6170 22
6171 20
6172 54
6173 20
6174 22
6175 14
6176 22
6177 22
6178 14
6179 18
6180 24
6181 34
6182 20
6183 14
6184 20
6185 16
6186 32
6187 24
6188 16
6189 22
6190 30
6191 18
6192 30
6193 40
6194 36
6195 20
6196 24
6197 18
6198 26
6199 24
6200 24
6201 24
6202 18
6203 16
6204 18
6205 22
6206 22
6207 18
6208 20
6209 18
6210 24
6211 14
6212 22
6213 18
6214 22
6215 20
6216 16
6217 22
6218 28
6219 16
6220 38
6221 22
6222 16
6223 18
6224 14
6225 14
6226 20
6227 12
6228 16
6229 32
6230 18
6231 20
6232 20
6233 20
6234 20
6235 38
6236 14
6237 22
6238 22
6239 18
6240 24
6241 12
6242 24
6243 22
6244 26
6245 26
6246 20
6247 41
6248 20
6249 22
6250 22
6251 26
6252 20
6253 16
6254 14
6255 22
6256 28
6257 20
6258 16
6259 20
6260 22
6261 16
6262 16
6263 22
6264 58
6265 28
6266 14
6267 24
6268 22
6269 22
6270 16
6271 20
6272 22
6273 20
6274 22
6275 20
6276 24
6277 34
6278 24
6279 24
6280 18
6281 22
6282 18
6283 38
6284 18
6285 24
6286 18
6287 20
6288 18
6289 16
6290 14
6291 18
6292 20
6293 50
6294 22
6295 22
6296 22
6297 24
6298 20
6299 10
6300 18
6301 22
6302 20
6303 16
6304 26
6305 18
6306 24
6307 16
6308 18
6309 18
6310 6
6311 16
6312 12
6313 14
6314 28
6315 22
6316 18
6317 18
6318 18
6319 16
6320 22
6321 36
6322 22
6323 22
6324 24
6325 20
6326 20
6327 32
6328 40
6329 26
6330 18
6331 20
6332 26
6333 14
6334 14
6335 20
6336 24
6337 18
6338 20
6339 34
6340 18
6341 28
6342 18
6343 20
6344 30
6345 12
6346 14
6347 16
6348 20
6349 20
6350 18
6351 24
6352 26
6353 22
6354 16
6355 18
6356 24
6357 26
6358 26
6359 24
6360 26
6361 20
6362 20
6363 12
6364 26
6365 28
6366 20
6367 20
6368 20
6369 18
6370 16
6371 18
6372 14
6373 26
6374 16
6375 20
6376 20
6377 24
6378 22
6379 24
6380 20
6381 18
6382 18
6383 34
6384 20
6385 36
6386 18
6387 24
6388 22
6389 16
6390 18
6391 14
6392 28
6393 24
6394 20
6395 22
6396 20
6397 20
6398 20
6399 18
6400 22
6401 16
6402 18
6403 12
6404 16
6405 18
6406 14
6407 20
6408 12
6409 20
6410 22
6411 16
6412 60
6413 14
6414 22
6415 20
6416 36
6417 20
6418 14
6419 22
6420 18
6421 46
6422 18
6423 24
6424 20
6425 18
6426 18
6427 18
6428 12
6429 14
6430 24
6431 18
6432 22
6433 22
6434 18
6435 44
6436 22
6437 14
6438 14
6439 22
6440 28
6441 14
6442 16
6443 24
6444 18
6445 22
6446 24
6447 18
6448 22
6449 18
6450 24
6451 24
6452 16
6453 16
6454 20
6455 16
6456 22
6457 26
6458 24
6459 20
6460 22
6461 24
6462 18
6463 24
6464 16
6465 18
6466 16
6467 20
6468 16
6469 22
6470 14
6471 14
6472 36
6473 40
6474 22
6475 30
6476 20
6478 18
6477 34
6479 22
6480 18
6481 26
6482 20
6483 16
6484 16
6485 24
6486 16
6487 22
6488 40
6489 20
6490 12
6491 18
6492 20
6493 22
6494 22
6495 24
6496 20
6497 32
6498 38
6499 26
6500 20
6501 16
6502 20
6503 12
6504 18
6505 14
6506 20
6507 20
6508 20
6509 22
6510 18
6511 18
6512 22
6513 12
6514 20
6515 16
6516 28
6517 20
6518 20
6519 10
6520 22
6521 14
6522 40
6523 18
6524 36
6525 22
6526 20
6527 24
6528 20
6529 20
6530 24
6531 20
6532 24
6533 18
6534 18
6535 16
6536 20
6537 14
6538 18
6539 24
6540 22
6541 38
6542 10
6543 18
6544 22
6545 22
6547 16
6548 18
6546 48
6549 10
6550 24
6551 22
6552 22
6553 26
6554 14
6555 22
6556 22
6557 18
6558 22
6559 16
6560 12
6561 20
6562 18
6563 24
6564 26
6565 40
6566 26
6567 22
6568 14
6569 22
6570 20
6571 14
6572 24
6573 22
6574 14
6575 18
6577 20
6576 54
6578 56
6579 32
6580 18
6581 26
6582 44
6583 20
6584 16
6585 20
6586 22
6587 14
6588 18
6589 20
6590 16
6591 36
6592 24
6593 18
6594 46
6595 28
6596 38
6597 26
6598 16
6599 36
6600 22
6601 34
6602 66
6603 26
6604 16
6605 16
6606 16
6607 20
6608 20
6609 18
6610 18
6611 22
6612 24
6613 20
6614 12
6615 16
6616 14
6617 18
6618 34
6619 16
6620 20
6621 18
6622 18
6623 20
6624 14
6625 18
6626 20
6627 20
6628 18
6629 18
6630 22
6631 20
6632 22
6633 38
6634 18
6635 18
6636 20
6637 20
6638 22
6639 28
6640 28
6641 24
6642 26
6643 30
6644 18
6645 20
6646 34
6647 20
6648 12
6649 20
6650 10
6651 22
6652 20
6653 24
6654 22
6655 16
6656 24
6657 22
6658 18
6659 24
6660 22
6661 24
6662 38
6663 14
6664 18
6665 18
6666 20
6667 20
6668 28
6669 22
6670 10
6671 30
6672 12
6673 18
6674 16
6675 22
6676 24
6677 18
6678 20
6679 22
6680 22
6681 16
6682 22
6683 20
6684 24
6685 22
6687 18
6686 42
6688 32
6689 9
6690 14
6691 18
6692 20
6693 20
6694 18
6695 26
6696 26
6697 16
6698 18
6699 16
6700 22
6701 24
6702 14
6703 20
6704 16
6705 24
6706 20
6707 18
6708 24
6709 18
6710 14
6711 16
6712 18
6713 24
6714 20
6715 16
6716 22
6717 12
6718 20
6719 34
6720 20
6721 14
6722 16
6723 20
6724 38
6725 20
6726 22
6728 14
6727 32
6729 16
6730 14
6731 12
6732 20
6733 20
6734 20
6735 16
6736 30
6737 20
6738 20
6739 16
6740 20
6741 22
6742 20
6743 18
6744 18
6745 16
6746 20
6747 14
6748 36
6749 44
6750 20
6751 20
6752 18
6753 22
6754 18
6755 22
6756 16
6757 14
6758 18
6759 22
6760 16
6761 18
6762 20
6763 26
6764 28
6765 26
6766 20
6767 20
6768 24
6769 20
6770 22
6771 34
6772 16
6773 34
6774 20
6775 20
6776 20
6777 36
6778 32
6779 24
6780 18
6781 20
6782 36
6783 14
6784 28
6785 28
6786 18
6787 20
6788 22
6789 22
6790 16
6791 14
6792 18
6793 22
6794 18
6795 20
6796 16
6797 20
6798 38
6799 38
6800 22
6801 22
6802 16
6803 26
6804 16
6805 34
6806 22
6807 26
6808 32
6809 20
6810 18
6811 18
6812 20
6813 22
6814 18
6815 20
6816 18
6817 22
6818 36
6819 18
6820 20
6821 20
6822 20
6823 18
6824 16
6825 18
6826 18
6827 22
6828 12
6829 20
6830 24
6831 18
6832 22
6833 16
6834 58
6835 28
6836 18
6837 24
6838 20
6839 14
6840 20
6841 16
6842 22
6843 16
6844 18
6845 16
6846 22
6847 20
6848 16
6849 18
6850 22
6851 26
6852 22
6853 46
6854 20
6855 18
6856 20
6857 22
6858 14
6859 20
6860 24
6861 14
6862 20
6863 28
6864 18
6865 24
6866 26
6867 18
6868 20
6869 30
6870 20
6871 14
6872 24
6873 22
6874 18
6875 40
6876 14
6877 20
6878 22
6879 14
6880 22
6881 24
6882 22
6883 20
6884 22
6885 16
6886 22
6887 14
6888 16
6889 16
6890 26
6891 14
6892 18
6893 24
6894 20
6895 16
6896 18
6897 20
6898 16
6899 18
6900 22
6901 22
6902 22
6903 20
6904 18
6905 18
6906 16
6907 16
6908 16
6909 16
6910 16
6911 20
6912 34
6913 16
6914 14
6915 16
6916 18
6917 18
6918 22
6919 32
6920 18
6921 12
6922 16
6923 20
6924 24
6925 12
6927 22
6928 18
6926 44
6929 20
6930 16
6931 20
6932 20
6933 38
6934 28
6935 26
6936 18
6937 16
6938 16
6939 28
6940 16
6941 28
6942 18
6943 14
6944 20
6945 8
6947 12
6946 52
6948 22
6949 22
6950 20
6951 22
6952 16
6953 20
6954 22
6955 14
6956 18
6957 12
6958 18
6959 20
6960 28
6961 20
6962 20
6963 18
6964 22
6965 18
6966 20
6967 28
6968 32
6969 20
6970 34
6971 14
6972 20
6973 16
6974 36
6975 34
6976 32
6977 22
6978 18
6979 14
6980 20
6981 20
6982 14
6983 16
6984 18
6985 18
6986 16
6987 22
6988 22
6989 22
6990 22
6991 24
6992 34
6993 30
6994 24
6995 18
6996 20
6997 20
6998 28
6999 22
7000 28
7001 20
7002 20
7003 26
7004 20
7005 32
7006 20
7007 18
7008 20
7009 22
7010 22
7011 22
7012 16
7013 14
7014 16
7015 26
7016 18
7017 18
7018 24
7019 18
7020 12
7021 24
7022 22
7023 28
7024 20
7025 20
7026 16
7027 20
7028 22
7029 18
7030 18
7031 20
7032 24
7033 22
7034 20
7035 18
7036 8
7037 24
7038 16
7039 18
7040 30
7041 16
7042 14
7043 18
7044 16
7045 22
7046 20
7047 18
7048 12
7049 32
7050 24
7051 28
7052 14
7053 22
7054 26
7055 26
7056 22
7057 22
7058 22
7059 22
7060 16
7061 22
7062 20
7063 20
7064 18
7065 18
7066 28
7067 22
7068 22
7069 22
7070 16
7071 18
7072 16
7073 20
7074 18
7075 18
7076 16
7077 24
7078 10
7079 18
7080 26
7081 18
7082 16
7083 18
7084 14
7085 22
7087 20
7086 42
7088 24
7089 14
7090 16
7091 18
7092 22
7093 28
7094 16
7095 32
7096 14
7097 20
7098 18
7099 20
7100 24
7101 20
7102 24
7103 22
7104 20
7105 20
7106 16
7107 18
7108 12
7109 16
7110 16
7111 18
7112 34
7113 20
7114 34
7116 26
7115 74
7117 32
7118 20
7119 20
7120 20
7121 22
7122 16
7123 16
7124 12
7125 20
7126 26
7127 18
7128 14
7129 20
7130 20
7131 20
7132 14
7133 20
7134 22
7135 16
7136 20
7137 22
7138 18
7139 18
7140 16
7141 16
7142 18
7143 18
7144 26
7145 20
7146 16
7147 16
7148 20
7149 16
7150 14
7151 42
7152 24
7153 16
7154 52
7155 24
7156 38
7157 30
7158 44
7159 22
7160 20
7161 18
7162 34
7163 22
7164 22
7165 18
7166 20
7168 18
7167 34
7169 22
7170 24
7171 22
7172 16
7173 20
7174 22
7175 36
7176 18
7177 18
7178 34
7179 28
7180 22
7181 16
7182 16
7183 18
7184 28
7185 16
7186 22
7187 18
7188 18
7189 36
7190 24
7191 40
7192 20
7193 36
7194 22
7195 12
7196 26
7197 16
7198 20
7199 20
7200 40
7201 18
7202 18
7203 38
7204 18
7205 20
7206 12
7207 14
7208 22
7209 40
7210 38
7211 44
7212 18
7213 22
7214 24
7216 22
7217 16
7215 56
7218 22
7219 16
7220 20
7221 28
7222 30
7223 22
7224 10
7225 20
7226 38
7227 20
7228 42
7229 30
7230 36
7231 18
7232 26
7233 24
7234 20
7235 20
7236 26
7238 14
7237 30
7239 18
7240 22
7241 38
7242 36
7243 16
7244 20
7245 30
7246 12
7247 28
7248 24
7249 34
7250 22
7251 16
7252 14
7253 22
7254 18
7255 16
7256 36
7257 24
7258 18
7259 24
7260 14
7261 18
7262 20
7263 24
7264 34
7265 12
7266 18
7267 26
7268 16
7269 30
7270 24
7271 24
7272 20
7273 12
7274 14
7275 18
7276 14
7278 18
7277 36
7279 20
7280 20
7281 16
7282 18
7283 38
7284 20
7285 16
7286 22
7287 14
7288 40
7289 20
7290 26
7291 22
7292 20
7293 22
7294 24
7295 22
7297 18
7296 52
7298 34
7299 46
7300 22
7301 16
7302 16
7303 18
7304 18
7305 20
7306 18
7307 18
7308 18
7309 28
7310 22
7311 22
7313 24
7314 18
7315 16
7316 38
7317 18
7318 16
7312 114
7319 24
7320 40
7321 32
7322 62
7323 26
7324 16
7325 20
7326 20
7327 20
7328 20
7329 24
7330 38
7331 16
7332 22
7333 38
7334 26
7335 22
7336 32
7337 24
7338 16
7339 12
7340 24
7341 20
7343 12
7344 24
7345 22
7346 32
7347 18
7342 84
7348 38
7349 48
7350 20
7351 24
7352 24
7353 18
7354 26
7355 20
7356 38
7358 18
7357 38
7359 36
7360 24
7361 38
7362 30
7363 34
7364 26
7365 22
7366 26
7367 24
7368 26
7369 26
7370 20
7371 26
7372 36
7373 22
7374 20
7375 22
7376 20
7377 40
7378 36
7379 26
7380 22
7381 26
7382 22
7383 20
7384 20
7385 36
7386 22
7387 18
7388 24
7389 22
7390 20
7391 40
7392 22
7393 30
7394 18
7395 24
7396 32
7397 30
7398 20
7399 24
7400 22
7401 18
7402 26
7403 16
7404 20
7405 18
7406 12
7407 20
7408 24
7409 20
7410 26
7411 26
7412 22
7413 24
7414 20
7415 36
7416 24
7417 20
7418 32
7419 42
7420 22
7421 16
7422 10
7423 20
7424 26
7425 22
7426 18
7427 20
7428 18
7429 26
7430 16
7431 20
7432 24
7433 20
7434 14
7435 18
7436 16
7437 22
7438 16
7439 24
7440 16
7441 20
7442 22
7443 26
7444 20
7445 16
7446 22
7447 18
7448 20
7449 18
7450 24
7451 42
7452 14
7453 12
7454 18
7455 30
7456 22
7457 20
7458 14
7459 20
7460 32
7461 18
7462 20
7463 18
7464 26
7465 20
7466 16
7467 34
7468 22
7469 20
7470 20
7471 24
7472 22
7473 22
7474 20
7475 16
7476 20
7477 24
7478 30
7479 24
7480 26
7481 22
7482 16
7483 26
7484 26
7485 28
7486 18
7488 18
7487 40
7489 31
7490 26
7491 40
7492 18
7493 16
7494 44
7495 34
7496 16
7497 16
7498 16
7499 28
7500 32
7501 16
7502 20
7503 22
7504 18
7505 16
7506 24
7507 18
7508 26
7509 18
7510 22
7511 20
7512 40
7513 22
7514 24
7515 24
7516 16
7517 18
7518 18
7519 32
7520 18
7521 24
7522 22
7523 18
7524 14
7525 18
7526 22
7527 16
7528 24
7529 22
7530 20
7531 20
7532 24
7533 20
7534 22
7535 22
7536 16
7538 18
7537 42
7539 22
7540 18
7541 18
7542 18
7543 20
7544 20
7545 36
7546 16
7548 12
7547 32
7549 24
7550 18
7551 16
7552 22
7553 22
7554 22
7555 22
7556 22
7557 18
7558 22
7559 22
7560 16
7561 34
7562 28
7563 38
7564 16
7566 20
7565 50
7567 32
7568 26
7569 24
7570 18
7571 18
7572 24
7573 16
7574 12
7575 20
7576 32
7577 24
7578 18
7579 16
7580 20
7581 24
7582 26
7583 26
7584 24
7585 28
7586 22
7587 30
7588 20
7589 22
7590 20
7591 20
7592 20
7593 22
7594 20
7595 38
7596 20
7597 26
7598 34
7599 16
7600 22
7601 22
7602 22
7603 16
7604 22
7605 16
7606 18
7607 24
7608 28
7609 16
7610 20
7611 44
7612 18
7613 18
7614 16
7615 20
7617 14
7616 60
7618 22
7619 24
7620 18
7621 16
7622 20
7623 10
7624 20
7625 24
7626 32
7627 18
7628 16
7629 20
7630 32
7631 16
7632 20
7633 22
7634 20
7635 26
7636 14
7637 24
7638 18
7639 16
7640 18
7641 24
7642 14
7643 28
7644 16
7645 18
7646 20
7647 18
7648 18
7649 18
7650 60
7651 20
7652 34
7653 18
7654 22
7655 24
7656 28
7657 18
7658 22
7659 22
7660 54
7661 16
7662 32
7663 16
7664 24
7665 16
7666 18
7667 24
7668 20
7669 38
7670 18
7671 18
7672 20
7673 24
7674 16
7675 18
7676 18
7677 20
7678 16
7679 20
7680 38
7681 18
7682 20
7683 18
7684 18
7685 12
7686 16
7687 18
7688 20
7689 14
7690 22
7691 26
7692 22
7693 16
7694 34
7695 18
7696 24
7697 16
7698 20
7699 60
7700 26
7701 12
7702 28
7703 16
7704 14
7705 16
7706 18
7707 12
7708 22
7709 18
7710 20
7711 24
7712 24
7713 20
7714 20
7715 18
7716 28
7717 24
7718 20
7719 18
7720 14
7721 22
7722 20
7723 24
7724 18
7725 14
7726 16
7727 14
7728 22
7729 22
7730 22
7731 26
7732 14
7733 16
7734 12
7735 20
7736 18
7737 32
7738 22
7739 22
7740 16
7741 28
7742 18
7743 14
7744 18
7746 26
7747 18
7748 18
7745 56
7749 22
7750 16
7751 26
7752 20
7753 16
7754 22
7755 24
7756 18
7757 20
7758 18
7759 22
7760 18
7761 24
7762 20
7763 22
7764 24
7765 16
7766 22
7767 16
7768 20
7769 16
7770 22
7771 22
7772 20
7773 22
7774 22
7775 18
7776 18
7777 24
7778 22
7779 26
7780 22
7781 16
7782 20
7783 18
7784 26
7785 16
7786 20
7787 18
7788 18
7789 20
7790 58
7791 22
7792 24
7793 22
7794 18
7795 20
7796 24
7797 24
7798 24
7799 24
7800 18
7801 18
7802 10
7803 12
7804 20
7805 18
7806 24
7807 20
7808 22
7809 24
7810 10
7811 20
7812 20
7813 26
7814 36
7815 14
7816 22
7817 20
7818 20
7819 22
7820 22
7821 18
7822 18
7823 24
7824 16
7825 32
7826 16
7827 24
7828 84
7829 20
7830 20
7831 20
7832 14
7833 18
7834 26
7835 14
7836 26
7837 24
7838 26
7839 24
7840 16
7841 22
7842 22
7843 30
7844 20
7845 20
7846 18
7847 18
7848 18
7849 20
7850 24
7851 18
7852 22
7853 20
7854 30
7855 22
7856 26
7857 20
7858 20
7859 14
7860 44
7861 16
7862 20
7863 20
7864 18
7865 16
7866 18
7867 20
7868 18
7869 12
7870 18
7871 22
7872 16
7873 54
7874 22
7875 24
7876 20
7877 18
7878 24
7879 32
7880 22
7881 14
7882 18
7883 18
7884 16
7885 20
7886 24
7887 22
7888 40
7889 22
7890 18
7891 18
7892 18
7893 36
7894 18
7895 16
7896 18
7897 18
7898 24
7899 22
7900 20
7901 20
7902 26
7903 22
7904 12
7905 20
7906 18
7907 20
7908 20
7909 24
7910 18
7911 20
7912 18
7913 18
7914 18
7915 16
7916 22
7917 18
7918 22
7919 26
7920 24
7921 22
7922 18
7923 22
7924 16
7925 24
7926 16
7927 22
7928 34
7929 26
7930 22
7931 18
7932 34
7933 20
7934 20
7935 26
7936 16
7937 18
7938 42
7939 22
7940 24
7941 30
7942 30
7943 16
7944 22
7945 22
7946 22
7947 22
7948 18
7949 24
7950 18
7951 24
7952 14
7953 22
7954 22
7955 20
7956 36
7957 20
7958 22
7959 14
7960 20
7961 22
7962 30
7963 24
7964 28
7965 16
7966 16
7967 16
7968 18
7969 12
7970 28
7971 14
7972 30
7973 14
7974 22
7975 16
7976 20
7977 16
7978 22
7979 22
7980 22
7981 20
7982 22
7983 22
7984 34
7985 20
7986 22
7987 20
7988 20
7989 22
7990 24
7991 20
7992 20
7993 24
7994 16
7995 20
7996 22
7997 20
7998 20
7999 20
8000 14
8001 22
8002 18
8003 16
8004 12
8005 26
8006 16
8007 16
8008 24
8009 28
8010 24
8011 28
8012 40
8013 24
8014 22
8015 18
8016 20
8017 18
8018 18
8019 20
8020 24
8021 34
8022 16
8023 16
8024 24
8025 16
8026 20
8027 20
8028 28
8029 24
8030 22
8031 20
8032 24
8033 32
8034 58
8035 24
8036 22
8037 18
8038 34
8039 24
8040 20
8041 22
8042 16
8043 12
8044 20
8045 24
8046 28
8047 18
8048 22
8049 16
8050 26
8051 18
8052 16
8053 18
8054 20
8055 12
8056 24
8057 20
8058 22
8059 30
8060 24
8061 10
8062 32
8063 18
8064 18
8065 32
8066 24
8067 20
8068 20
8069 20
8070 22
8071 18
8072 22
8073 22
8074 22
8075 18
8076 30
8077 32
8078 20
8079 20
8080 22
8081 18
8082 20
8083 24
8084 28
8085 16
8086 24
8087 18
8088 18
8089 18
8090 38
8091 18
8092 24
8093 22
8094 20
8095 24
8096 22
8097 22
8098 38
8099 16
8100 16
8101 18
8102 18
8103 14
8104 18
8105 18
8106 20
8107 20
8108 20
8109 16
8110 16
8111 26
8112 12
8113 20
8114 22
8115 12
8116 16
8117 18
8118 14
8119 26
8120 24
8121 20
8122 16
8123 24
8124 24
8125 34
8126 14
8128 18
8127 32
8129 20
8130 18
8131 16
8132 16
8133 22
8134 16
8135 32
8136 22
8137 16
8138 20
8139 24
8140 16
8141 42
8142 24
8143 18
8144 26
8145 14
8146 38
8147 44
8148 22
8149 14
8150 36
8151 16
8152 20
8153 24
8154 26
8155 18
8156 26
8157 26
8158 20
8159 24
8160 24
8161 20
8162 26
8163 28
8164 18
8165 24
8166 18
8167 22
8168 18
8169 14
8170 20
8171 18
8172 25
8173 22
8174 24
8175 22
8176 12
8177 18
8178 20
8179 18
8180 20
8181 20
8182 22
8183 22
8184 16
8185 18
8186 26
8187 24
8188 18
8189 22
8190 18
8191 16
8192 22
8193 20
8194 14
8195 28
8196 24
8197 14
8198 22
8199 14
8200 16
8201 18
8202 26
8203 22
8204 28
8205 14
8206 14
8207 20
8208 22
8209 24
8210 16
8211 20
8212 18
8213 26
8214 20
8215 18
8216 22
8217 16
8218 14
8219 26
8220 18
8221 18
8222 14
8223 20
8224 24
8225 18
8226 16
8227 20
8228 6
8229 24
8230 20
8231 20
8232 24
8233 18
8234 18
8235 18
8236 20
8237 16
8238 18
8239 20
8240 24
8241 34
8242 22
8243 22
8244 22
8245 16
8246 18
8247 24
8248 22
8249 38
8250 20
8251 16
8253 18
8254 18
8255 26
8256 20
8257 12
8252 84
8258 20
8259 30
8260 22
8261 16
8262 18
8263 18
8264 30
8265 20
8266 20
8267 16
8268 22
8269 18
8270 32
8271 30
8272 20
8273 20
8274 34
8275 38
8276 22
8277 26
8278 16
8279 42
8280 16
8281 20
8282 20
8283 18
8284 18
8285 20
8286 22
8287 24
8288 18
8289 20
8290 18
8291 24
8292 12
8293 20
8294 14
8295 22
8296 22
8298 12
8297 32
8299 22
8300 38
8301 30
8302 22
8303 16
8304 20
8305 22
8306 22
8307 16
8308 14
8309 24
8310 20
8311 24
8312 36
8313 16
8314 14
8315 32
8316 22
8317 20
8318 16
8319 22
8320 24
8321 22
8322 14
8323 28
8324 32
8325 14
8326 24
8327 28
8328 16
8329 18
8330 22
8331 24
8332 22
8333 18
8334 22
8335 34
8336 8
8337 18
8338 18
8339 16
8340 18
8341 20
8342 18
8343 22
8344 20
8345 22
8346 18
8347 14
8348 14
8349 20
8350 18
8351 22
8352 16
8353 26
8354 18
8355 22
8356 22
8357 22
8358 18
8359 18
8360 36
8361 18
8362 18
8363 18
8364 18
8365 28
8366 20
8367 24
8368 20
8369 12
8370 18
8371 20
8372 18
8373 16
8374 14
8375 10
8376 16
8377 22
8378 22
8379 18
8380 26
8381 18
8382 14
8383 24
8384 22
8385 20
8386 20
8387 20
8388 24
8389 20
8390 22
8391 20
8392 22
8393 22
8394 18
8395 20
8396 26
8397 26
8398 20
8399 20
8400 18
8401 24
8402 20
8403 28
8404 20
8405 20
8406 26
8407 42
8408 36
8409 20
8410 16
8411 18
8412 14
8413 18
8414 20
8415 24
8416 24
8417 16
8418 34
8419 16
8420 20
8421 28
8422 22
8423 22
8424 18
8425 14
8426 20
8427 24
8428 18
8429 22
8430 24
8431 26
8432 24
8433 14
8434 22
8435 18
8436 24
8437 22
8438 22
8439 28
8440 24
8441 14
8442 16
8443 24
8444 20
8445 18
8446 26
8447 34
8448 20
8449 20
8450 22
8451 16
8452 12
8453 18
8454 22
8455 28
8456 20
8457 14
8458 22
8459 28
8460 20
8461 18
8462 16
8463 22
8464 20
8465 28
8466 18
8467 26
8468 22
8469 24
8470 22
8471 16
8472 16
8473 36
8474 22
8475 22
8476 18
8477 22
8478 20
8479 36
8480 20
8481 22
8482 20
8483 12
8484 20
8485 20
8486 22
8487 30
8488 20
8489 22
8490 8
8491 42
8492 18
8493 22
8494 22
8496 20
8497 20
8495 50
8498 22
8499 26
8500 18
8501 14
8502 20
8503 18
8504 24
8505 20
8506 26
8507 18
8508 16
8509 34
8510 20
8511 22
8512 24
8513 34
8514 34
8515 22
8516 20
8517 16
8518 16
8519 16
8520 80
8521 18
8522 22
8523 20
8524 18
8525 14
8526 18
8527 38
8528 24
8529 16
8530 26
8531 40
8532 18
8533 24
8534 20
8535 24
8536 16
8537 26
8538 22
8539 28
8540 22
8541 16
8542 18
8543 24
8544 20
8545 24
8546 20
8547 20
8548 24
8549 18
8550 18
8551 24
8552 18
8553 18
8554 22
8555 20
8556 20
8557 24
8558 18
8559 16
8560 18
8561 34
8562 26
8563 22
8564 48
8565 20
8566 16
8567 22
8568 26
8569 18
8570 20
8571 64
8572 22
8573 40
8574 20
8575 20
8576 16
8577 22
8578 22
8579 22
8580 24
8581 22
8582 24
8583 30
8584 46
8585 26
8586 26
8587 22
8588 16
8589 16
8590 12
8591 18
8592 20
8593 16
8594 26
8595 20
8596 20
8597 18
8598 24
8599 24
8600 18
8601 20
8602 20
8603 22
8604 24
8605 18
8606 38
8607 36
8608 56
8609 16
8610 20
8611 20
8612 20
8613 50
8614 16
8615 28
8617 16
8616 82
8618 20
8619 24
8620 20
8621 40
8622 20
8623 26
8624 22
8625 20
8627 22
8626 54
8628 36
8629 22
8630 16
8631 22
8632 22
8633 18
8634 44
8635 10
8636 14
8637 22
8638 22
8639 16
8640 20
8641 28
8642 22
8643 22
8644 20
8645 14
8646 34
8647 12
8648 34
8649 12
8650 18
8651 26
8652 22
8653 26
8654 24
8655 26
8656 16
8657 16
8658 24
8659 18
8660 16
8661 24
8662 18
8663 22
8664 18
8665 28
8666 12
8667 28
8668 40
8669 12
8670 40
8671 22
8672 38
8673 18
8674 26
8675 20
8677 24
8676 68
8678 24
8679 20
8680 22
8681 50
8682 28
8683 46
8684 22
8685 22
8686 18
8688 18
8687 38
8689 32
8690 14
8691 18
8692 38
8693 22
8694 20
8695 22
8696 20
8697 32
8698 38
8699 32
8700 20
8701 26
8702 14
8703 22
8704 22
8705 16
8706 28
8707 26
8708 44
8709 42
8710 22
8711 20
8712 24
8713 14
8714 16
8715 26
8716 14
8717 16
8718 18
8719 18
8720 16
8721 18
8722 16
8723 34
8724 34
8725 24
8726 20
8727 28
8728 8
8729 14
8730 38
8731 18
8732 22
8733 22
8734 14
8735 32
8737 18
8736 44
8738 22
8739 16
8740 16
8741 42
8742 20
8743 54
8744 24
8745 22
8746 20
8747 14
8748 28
8749 20
8750 32
8751 22
8752 20
8753 30
8754 20
8755 16
8756 16
8757 26
8758 18
8759 20
8760 24
8761 18
8762 20
8763 38
8765 26
8766 22
8767 14
8768 18
8764 60
8769 42
8770 16
8771 58
8772 22
8773 16
8774 24
8775 12
8776 18
8777 24
8778 16
8779 34
8780 38
8781 20
8782 26
8783 48
8784 20
8785 24
8786 22
8787 46
8788 40
8789 14
8790 35
8791 24
8792 18
8793 26
8794 22
8795 20
8796 18
8797 30
8798 26
8799 38
8800 32
8801 24
8802 22
8803 22
8804 20
8805 18
8806 14
8807 32
8808 46
8809 30
8810 22
8811 18
8812 42
8813 24
8814 28
8815 22
8816 20
8818 16
8817 46
8819 26
8820 44
8821 20
8822 26
8823 14
8824 20
8825 22
8826 26
8828 16
8827 36
8829 44
8830 40
8831 38
8832 20
8833 18
8834 24
8835 20
8837 25
8838 16
8836 46
8839 12
8840 38
8841 26
8842 32
8843 18
8844 34
8845 24
8846 26
8847 26
8848 20
8849 30
8850 30
8851 16
8852 30
8853 12
8854 22
8855 26
8856 18
8857 22
8858 26
8859 16
8860 30
8861 20
8862 22
8863 18
8864 24
8865 40
8866 26
8867 28
8868 24
8869 24
8870 24
8871 22
8872 34
8873 30
8874 28
8875 42
8876 18
8877 20
8878 28
8879 24
8880 24
8881 14
8882 18
8883 14
8884 24
8885 34
8886 22
8887 28
8888 22
8889 18
8890 24
8891 26
8892 18
8893 26
8894 22
8895 16
8896 26
8897 22
8898 16
8899 24
8900 18
8901 30
8902 24
8903 34
8904 26
8905 20
8906 16
8908 16
8907 34
8909 24
8910 20
8911 22
8912 26
8913 22
8914 20
8915 24
8916 20
8917 22
8918 26
8919 14
8920 18
8921 28
8922 16
8923 24
8924 20
8925 24
8926 20
8927 20
8928 18
8929 28
8930 18
8931 30
8932 20
8933 24
8934 48
8935 20
8936 16
8937 28
8938 20
8939 28
8940 18
8941 20
8942 34
8943 24
8944 20
8945 22
8946 20
8947 22
8948 18
8949 20
8950 18
8951 20
8952 22
8953 24
8954 24
8955 30
8956 26
8957 24
8958 24
8959 38
8960 42
8961 20
8962 36
8963 26
8964 24
8965 20
8966 20
8967 20
8968 16
8969 24
8970 30
8971 24
8972 20
8973 22
8974 24
8975 18
8976 24
8977 22
8978 16
8979 36
8980 22
8981 22
8982 26
8983 26
8984 14
8985 14
8986 16
8987 20
8988 28
8989 16
8990 14
8991 20
8992 26
8993 16
8994 22
8995 24
8996 20
8997 20
8998 20
8999 24
9000 20
9001 20
9002 24
9003 24
9004 18
9005 18
9006 30
9007 20
9008 18
9009 14
9010 24
9011 24
9012 14
9013 20
9014 32
9015 24
9016 18
9017 32
9018 32
9019 20
9020 18
9021 36
9022 14
9023 22
9024 20
9025 40
9026 18
9027 20
9028 30
9029 12
9030 24
9031 18
9032 18
9033 20
9034 18
9035 26
9036 22
9037 16
9038 22
9039 22
9040 24
9041 20
9042 24
9043 28
9044 22
9045 18
9046 16
9047 18
9048 30
9049 30
9050 24
9051 16
9052 18
9053 28
9054 16
9055 34
9056 28
9057 16
9058 22
9059 22
9060 18
9061 26
9062 22
9063 18
9064 36
9065 24
9066 18
9067 22
9068 16
9069 16
9070 24
9071 28
9072 20
9073 18
9074 24
9075 24
9076 16
9077 34
9078 22
9079 18
9080 18
9081 12
9082 30
9083 24
9084 18
9085 18
9086 14
9087 22
9088 22
9089 14
9090 10
9091 16
9092 26
9093 18
9094 20
9095 24
9096 18
9097 18
9098 14
9099 16
9100 20
9101 34
9102 20
9103 22
9104 14
9105 16
9106 22
9107 20
9108 16
9109 24
9110 18
9111 18
9112 22
9113 26
9114 26
9115 20
9116 18
9117 28
9118 14
9119 18
9120 22
9121 14
9122 22
9123 16
9124 32
9125 18
9126 22
9127 20
9128 20
9129 22
9130 18
9131 22
9132 14
9133 22
9134 14
9135 18
9136 20
9137 20
9138 32
9139 38
9140 40
9141 20
9142 26
9143 20
9144 30
9145 18
9146 18
9147 24
9148 16
9149 20
9150 24
9151 22
9152 18
9153 18
9154 22
9155 20
9156 22
9157 16
9158 34
9159 22
9160 20
9161 18
9162 18
9163 18
9164 16
9165 12
9166 28
9167 18
9168 20
9169 14
9170 20
9171 38
9172 20
9173 26
9174 14
9175 16
9176 22
9177 24
9178 20
9179 22
9180 22
9181 34
9182 38
9183 50
9184 20
9185 22
9186 24
9187 26
9188 16
9189 22
9190 20
9191 20
9192 20
9193 16
9194 16
9196 22
9195 52
9197 38
9198 54
9199 22
9200 20
9201 12
9202 20
9203 18
9204 34
9205 22
9206 24
9207 20
9208 16
9209 26
9210 20
9211 16
9212 18
9213 22
9214 18
9215 36
9216 16
9217 20
9218 20
9219 18
9220 24
9221 24
9222 18
9223 18
9224 20
9225 18
9226 18
9227 22
9228 14
9229 18
9230 22
9231 18
9232 20
9233 44
9234 24
9235 24
9236 22
9237 20
9238 26
9239 16
9240 22
9241 24
9242 18
9243 24
9244 24
9245 22
9246 20
9247 10
9248 20
9249 22
9250 26
9251 20
9252 16
9253 24
9254 24
9255 16
9256 26
9257 24
9258 22
9259 22
9260 16
9261 24
9262 12
9263 24
9264 24
9265 22
9266 34
9267 24
9268 26
9269 14
9270 20
9271 20
9272 26
9273 16
9274 20
9275 20
9276 32
9277 16
9278 40
9279 22
9280 14
9281 20
9282 16
9283 18
9284 18
9285 20
9286 28
9287 22
9288 26
9289 22
9290 16
9291 20
9292 20
9293 22
9294 20
9295 14
9296 12
9297 24
9298 20
9299 22
9300 16
9301 26
9302 24
9303 24
9304 16
9305 20
9306 24
9307 16
9308 18
9309 18
9310 20
9311 20
9312 20
9313 22
9314 16
9315 24
9316 14
9317 16
9318 20
9319 26
9320 22
9321 28
9322 18
9323 36
9324 18
9325 16
9326 20
9327 20
9328 30
9329 16
9330 26
9331 22
9332 24
9333 24
9334 20
9335 20
9336 26
9337 24
9338 26
9339 14
9340 24
9341 22
9342 20
9343 24
9344 22
9345 12
9346 16
9347 22
9348 38
9349 14
9350 20
9351 22
9352 24
9353 16
9354 14
9355 18
9356 24
9357 18
9358 26
9359 22
9360 22
9361 22
9362 22
9363 18
9364 12
9365 20
9366 18
9367 16
9368 26
9369 20
9370 18
9371 18
9372 22
9373 16
9374 24
9375 22
9376 26
9377 20
9378 22
9379 20
9380 18
9381 20
9382 24
9383 20
9384 24
9385 20
9386 18
9387 20
9388 20
9389 14
9390 16
9391 20
9392 16
9393 30
9394 14
9395 22
9396 24
9397 24
9398 30
9399 22
9400 20
9401 26
9402 22
9403 26
9404 20
9405 18
9406 22
9407 22
9408 10
9409 16
9410 20
9411 20
9412 22
9413 22
9414 20
9415 18
9416 34
9417 20
9418 16
9419 24
9420 24
9421 28
9422 22
9423 36
9424 20
9425 26
9426 20
9427 22
9428 12
9429 12
9430 12
9431 28
9432 28
9433 24
9434 30
9435 14
9436 38
9437 20
9438 24
9439 28
9440 16
9441 24
9442 20
9443 18
9444 16
9445 20
9446 20
9447 24
9448 24
9449 38
9450 18
9451 18
9452 16
9453 20
9454 20
9455 20
9456 14
9457 16
9458 22
9459 20
9460 38
9461 14
9462 20
9463 24
9464 26
9465 26
9466 18
9467 20
9468 18
9469 28
9470 30
9471 22
9472 22
9473 16
9474 20
9475 24
9476 18
9477 18
9478 34
9479 20
9480 24
9481 18
9482 22
9483 20
9484 24
9485 20
9486 26
9487 18
9488 24
9489 16
9490 34
9491 16
9492 20
9493 16
9494 20
9495 18
9496 18
9497 18
9498 24
9499 12
9500 16
9501 18
9502 20
9503 18
9504 20
9505 24
9506 36
9507 20
9508 12
9509 16
9510 42
9511 22
9512 22
9513 20
9514 18
9515 16
9516 22
9517 22
9518 14
9519 20
9520 12
9521 20
9522 22
9523 22
9524 26
9525 20
9526 22
9527 24
9528 24
9529 22
9530 20
9531 28
9532 36
9533 16
9534 20
9535 28
9536 28
9537 16
9538 20
9539 24
9540 28
9541 16
9542 22
9543 20
9544 26
9545 18
9546 24
9547 24
9548 24
9549 22
9550 16
9551 16
9552 32
9553 20
9554 20
9555 26
9556 14
9557 26
9558 30
9559 18
9560 20
9561 24
9562 18
9563 14
9564 22
9565 10
9566 20
9567 22
9568 14
9569 16
9570 18
9571 22
9572 26
9573 18
9574 20
9575 20
9576 18
9577 18
9578 24
9579 30
9580 20
9581 24
9582 16
9583 24
9584 14
9585 28
9586 20
9587 18
9588 22
9589 20
9590 32
9591 24
9592 14
9593 26
9594 18
9595 22
9596 24
9597 22
9598 22
9599 24
9600 18
9601 20
9602 18
9603 24
9604 22
9605 26
9606 30
9607 24
9608 24
9609 26
9610 22
9611 30
9612 42
9613 24
9614 16
9615 36
9616 18
9617 24
9618 20
9619 12
9620 24
9621 34
9622 20
9623 26
9624 10
9625 22
9626 20
9627 16
9628 18
9629 22
9630 24
9631 22
9632 16
9633 22
9634 22
9635 20
9636 16
9637 32
9638 20
9639 20
9640 32
9641 54
9642 40
9643 18
9644 24
9645 16
9646 20
9647 14
9648 20
9649 22
9650 14
9651 16
9652 22
9653 18
9654 22
9655 20
9656 18
9657 20
9658 22
9659 20
9660 14
9661 34
9662 18
9663 38
9664 26
9665 18
9666 24
9668 16
9667 44
9669 14
9670 38
9671 22
9672 22
9673 30
9674 24
9675 20
9677 20
9678 16
9676 42
9679 20
9680 22
9681 20
9682 12
9683 38
9684 18
9685 20
9686 22
9687 20
9688 32
9689 36
9690 20
9691 24
9692 22
9693 44
9694 18
9695 22
9696 14
9697 24
9698 24
9699 24
9700 16
9701 18
9702 22
9703 26
9704 24
9705 24
9706 34
9708 14
9707 30
9709 26
9710 20
9711 28
9712 24
9713 22
9714 28
9715 16
9716 24
9717 16
9718 38
9719 24
9720 24
9721 22
9722 42
9723 20
9724 40
9725 28
9726 18
9727 20
9728 22
9729 16
9730 22
9731 24
9732 18
9733 38
9734 16
9735 22
9736 22
9737 18
9738 26
9739 28
9740 32
9741 22
9742 12
9743 24
9744 28
9745 18
9746 20
9747 22
9748 30
9749 30
9750 44
9751 38
9752 46
9753 18
9754 18
9755 24
9757 18
9756 50
9758 22
9759 16
9760 26
9761 16
9762 14
9763 24
9764 20
9765 20
9766 22
9767 22
9768 26
9769 20
9770 18
9772 26
9773 18
9774 34
9775 34
9776 22
9777 16
9771 140
9778 34
9779 24
9780 42
9781 44
9782 18
9783 30
9784 18
9785 18
9786 22
9787 14
9788 12
9789 22
9790 16
9791 24
9792 34
9793 20
9794 24
9795 22
9796 22
9797 22
9798 24
9799 24
9800 30
9801 34
9802 16
9803 28
9804 22
9805 22
9806 22
9807 34
9808 24
9809 18
9810 18
9811 24
9812 28
9813 30
9814 24
9815 18
9816 22
9817 24
9818 22
9819 22
9820 14
9821 18
9822 24
9823 34
9824 12
9825 34
9826 22
9827 18
9828 16
9829 18
9830 24
9831 18
9832 22
9833 18
9834 26
9835 38
9836 26
9837 24
9838 24
9839 44
9840 22
9841 22
9842 22
9843 20
9844 38
9845 16
9846 24
9847 24
9848 20
9849 26
9850 22
9851 20
9852 20
9853 32
9854 24
9855 36
9856 20
9857 16
9858 34
9859 16
9860 20
9861 22
9862 30
9863 14
9864 36
9865 20
9866 22
9867 20
9868 24
9869 20
9870 22
9871 18
9872 24
9873 16
9874 22
9875 26
9876 24
9877 22
9878 40
9879 24
9880 28
9881 26
9882 20
9883 20
9884 20
9885 26
9886 18
9887 22
9888 14
9889 18
9890 36
9891 22
9892 22
9893 38
9894 22
9895 26
9896 16
9897 14
9898 16
9899 18
9900 26
9901 20
9902 20
9903 18
9904 18
9905 24
9906 26
9907 24
9908 28
9909 20
9910 42
9911 22
9912 24
9913 22
9914 10
9915 22
9916 18
9917 22
9918 24
9919 18
9920 12
9921 26
9922 22
9923 16
9924 22
9925 20
9926 14
9927 16
9928 24
9929 26
9930 20
9931 24
9932 62
9933 18
9934 24
9935 22
9936 22
9937 20
9938 26
9939 12
9940 14
9941 20
9942 32
9943 22
9944 24
9945 18
9947 16
9946 42
9948 26
9949 28
9950 38
9951 24
9952 20
9953 22
9954 26
9955 24
9956 20
9957 18
9958 54
9959 18
9960 20
9961 26
9962 40
9963 18
9964 14
9965 28
9966 36
9967 22
9968 28
9969 20
9970 20
9971 22
9972 24
9973 24
9974 26
9975 44
9976 20
9977 22
9978 18
9979 20
9980 28
9981 14
9982 20
9983 18
9984 20
9985 20
9986 20
9987 20
9988 14
9989 20
9990 22
9991 16
9992 20
9993 16
9994 22
9995 20
9996 20
9997 20
9998 20
9999 18
10000 20
10001 26
10002 18
10003 18
10004 24
10005 22
10006 14
10007 34
10008 22
10009 26
10010 18
10011 18
10012 18
10013 22
10014 20
10015 26
10016 14
10017 20
10018 20
10019 22
10020 18
10021 18
10022 18
10023 14
10024 14
10025 14
10026 18
10027 12
10028 28
10029 32
10030 20
10031 16
10032 20
10033 18
10034 20
10035 12
10036 26
10037 20
10038 24
10039 20
10040 16
10041 22
10042 52
10043 20
10044 20
10045 32
10046 16
10047 14
10048 20
10049 22
10050 20
10051 14
10052 16
10053 26
10054 16
10055 20
10056 20
10057 18
10058 36
10059 24
10060 18
10061 20
10062 28
10063 26
10064 24
10065 20
10066 16
10067 24
10068 24
10069 20
10070 22
10071 28
10072 14
10073 22
10074 24
10075 24
10076 24
10077 22
10078 24
10079 18
10080 18
10081 22
10082 62
10083 40
10084 26
10085 20
10086 24
10087 22
10088 18
10089 14
10090 24
10091 26
10092 30
10093 20
10094 42
10095 16
10096 20
10097 22
10098 44
10099 10
