100 18
101 16
102 20
103 18
104 18
105 12
106 16
107 10
108 18
109 12
110 14
111 12
112 16
113 12
114 10
115 16
116 14
117 16
118 12
119 12
120 18
121 20
122 14
123 10
124 16
125 14
126 16
127 12
128 16
129 16
130 14
131 8
132 10
133 14
134 18
135 12
136 10
137 12
138 6
139 14
140 12
141 16
142 22
143 14
144 12
145 12
146 12
147 16
148 16
149 14
150 14
151 16
152 16
153 16
154 12
155 12
156 38
157 10
158 18
159 14
160 14
161 14
162 10
163 12
164 8
165 10
166 14
167 12
168 16
169 12
170 12
171 16
172 16
173 14
174 16
175 12
176 18
177 18
178 14
179 16
180 12
181 14
182 12
183 10
184 16
185 12
186 12
187 16
188 14
189 16
190 12
191 12
192 8
193 14
194 14
195 16
196 14
197 12
198 16
199 20
200 16
201 10
202 16
203 12
204 14
205 14
206 12
207 12
208 14
209 14
210 18
211 10
212 14
213 14
214 10
215 16
216 10
217 32
218 12
219 12
220 14
221 14
222 14
223 16
224 8
225 14
226 12
227 10
228 16
229 12
230 18
231 16
232 14
233 14
234 14
235 10
236 16
237 10
238 24
239 22
240 8
241 14
242 24
243 14
244 38
245 18
246 14
247 26
248 20
249 12
250 16
251 16
252 16
253 28
254 16
255 12
256 12
257 32
258 12
259 12
260 10
261 16
262 12
263 16
264 20
265 16
266 10
267 8
268 10
269 12
270 10
271 16
272 16
273 14
274 16
275 16
276 16
277 16
278 16
279 14
280 14
281 14
282 24
283 14
284 8
285 12
286 16
287 14
288 14
289 16
290 16
291 8
292 16
293 16
294 10
295 14
296 12
297 20
298 16
299 12
300 16
301 10
302 12
303 16
304 20
305 14
306 12
307 12
308 14
309 10
310 10
311 12
312 12
313 16
314 16
315 16
316 14
317 16
318 16
319 14
320 12
321 14
322 14
323 16
324 26
325 12
326 8
327 20
328 12
329 18
330 18
331 12
332 16
333 12
334 14
335 14
336 10
337 14
338 12
339 16
340 16
341 14
342 12
343 12
344 20
345 16
346 12
347 14
348 16
349 12
350 16
351 14
352 12
353 18
354 16
355 14
356 16
357 16
358 18
359 12
360 16
361 18
362 14
363 12
364 14
365 18
366 24
367 18
368 16
369 14
370 12
371 14
372 10
373 14
374 12
375 10
376 16
377 16
378 30
379 14
380 34
381 24
382 18
383 18
384 16
385 16
386 20
387 26
388 12
389 22
390 16
391 14
392 10
393 16
394 14
395 14
396 42
397 10
398 28
399 22
400 16
401 18
402 18
403 14
404 14
405 22
406 18
407 18
408 12
409 12
410 20
411 18
412 12
413 18
414 14
415 12
416 20
417 18
418 20
419 18
420 10
421 10
422 18
423 14
424 14
425 12
426 18
427 14
428 46
429 18
430 16
431 26
432 26
433 22
434 18
435 20
436 20
437 20
438 16
439 12
440 16
441 16
442 24
443 18
444 10
445 20
446 12
447 14
448 18
449 30
450 20
451 18
452 8
453 14
454 20
455 16
456 28
457 16
458 18
459 16
460 20
461 16
462 14
463 20
464 14
465 12
466 22
467 10
468 12
469 16
470 14
471 12
472 14
473 14
474 16
475 16
476 12
477 16
478 8
479 16
480 12
481 16
482 16
483 14
484 16
485 16
486 12
487 10
488 18
489 16
490 16
491 12
492 10
493 16
494 16
495 16
496 16
497 20
498 12
499 22
500 12
501 14
502 14
503 14
504 12
505 14
506 18
507 20
508 34
509 20
510 14
511 18
512 12
513 18
514 16
515 14
516 18
517 16
518 18
519 20
520 14
521 14
522 18
523 26
524 22
525 30
526 16
527 12
528 18
529 12
530 18
531 16
532 18
533 14
534 32
535 18
536 32
537 14
538 14
539 18
540 22
541 14
542 12
543 20
544 24
545 22
546 24
547 16
548 14
549 22
550 18
551 12
552 32
553 28
554 16
555 18
556 20
557 16
558 14
559 20
560 12
561 18
562 18
563 20
564 18
565 14
566 14
567 16
568 24
569 18
570 8
571 14
572 18
573 16
574 30
575 10
576 18
577 12
578 20
579 6
580 14
581 12
582 26
583 18
584 14
585 16
586 22
587 10
588 16
589 14
590 20
591 14
592 12
593 18
594 14
595 20
596 12
597 20
598 16
599 16
600 22
601 12
602 18
603 10
604 18
605 16
606 26
607 18
608 14
609 16
610 12
611 16
612 18
613 14
614 12
615 16
616 18
617 14
618 18
619 14
620 20
621 18
622 16
623 14
624 10
625 22
626 22
627 18
628 20
629 20
630 20
631 16
632 16
633 10
634 18
635 20
636 12
637 20
638 16
639 20
640 12
641 10
642 20
643 12
644 14
645 18
646 22
647 16
648 16
649 22
650 16
651 22
652 14
653 22
654 14
655 32
656 16
657 20
658 14
659 16
660 16
661 18
662 20
663 28
664 16
665 8
666 22
667 16
668 16
669 18
670 10
671 22
672 16
673 18
674 20
675 16
676 14
677 12
678 16
679 14
680 20
681 18
682 28
683 20
684 12
685 22
686 12
687 16
688 18
689 28
690 26
691 28
692 12
693 10
694 8
695 20
696 20
697 16
698 8
699 12
700 12
701 24
702 22
703 20
704 34
705 10
706 14
707 16
708 20
709 14
710 12
711 26
712 16
713 18
714 14
715 12
716 20
717 10
718 22
719 18
720 12
721 16
722 16
723 16
724 8
725 16
726 22
727 12
728 24
729 12
730 12
731 16
732 20
733 16
734 20
735 16
736 16
737 16
738 10
739 20
740 14
741 20
742 20
743 18
744 16
745 10
746 16
747 22
748 24
749 50
750 14
751 18
752 10
753 16
754 14
755 18
756 8
757 18
758 14
759 20
760 12
761 20
762 16
763 10
764 14
765 12
766 18
767 12
768 20
769 18
770 14
771 18
772 16
773 14
774 20
775 16
776 14
777 14
778 18
779 16
780 18
781 10
782 14
783 12
784 14
785 32
786 18
787 12
788 18
789 14
790 18
791 16
792 14
793 16
794 18
795 16
796 12
797 18
798 18
799 14
800 40
801 20
802 14
803 16
804 18
805 16
806 18
807 16
808 30
809 14
810 20
811 14
812 14
813 10
814 14
815 16
816 12
817 14
818 16
819 22
820 16
821 20
822 16
823 14
824 18
825 20
826 20
827 16
828 18
829 12
830 10
831 16
832 18
833 16
834 12
835 16
836 16
837 14
838 14
839 20
840 22
841 16
842 24
843 18
844 22
845 16
846 24
847 14
848 10
849 16
850 30
851 16
852 16
853 12
854 14
855 12
856 12
857 16
858 14
859 14
860 30
861 20
862 16
863 18
864 16
865 22
866 18
867 16
868 12
869 18
870 12
871 16
872 18
873 26
874 12
875 16
876 18
877 20
878 14
879 14
880 18
881 18
882 26
883 14
884 18
885 16
886 20
887 14
888 18
889 16
890 18
891 14
892 14
893 18
894 24
895 24
896 28
897 18
898 18
899 22
900 12
901 14
902 22
903 24
904 14
905 20
906 16
907 24
908 14
909 30
910 26
911 14
912 18
913 14
914 12
915 52
916 16
917 16
918 16
919 30
920 20
921 18
922 18
923 16
924 12
925 20
926 16
927 14
928 18
929 20
930 20
931 14
932 14
933 20
934 22
935 16
936 22
937 18
938 18
939 18
940 12
941 16
942 16
943 16
944 20
945 20
946 22
947 12
948 22
949 20
950 30
951 22
952 18
953 20
954 18
955 20
956 14
957 22
958 18
959 10
960 16
961 18
962 20
963 22
964 16
965 22
966 24
967 18
968 10
969 32
970 20
971 20
972 18
973 18
974 18
975 18
976 20
977 22
978 20
979 20
980 20
981 16
982 20
983 22
984 18
985 18
986 18
987 14
988 16
989 12
990 18
991 12
992 14
993 20
994 18
995 18
996 12
997 14
998 20
999 14
1000 26
1001 20
1002 20
1003 30
1004 20
1005 24
1006 16
1007 16
1008 22
1009 20
1010 22
1011 26
1012 22
1013 18
1014 20
1015 22
1016 18
1017 18
1018 18
1019 20
1020 22
1021 26
1022 20
1023 56
1024 20
1025 16
1026 10
1027 16
1028 20
1029 22
1030 16
1031 14
1032 12
1033 6
1034 16
1035 16
1036 18
1037 14
1038 16
1039 22
1040 14
1041 20
1042 20
1043 20
1044 22
1045 14
1046 22
1047 20
1048 16
1049 22
1050 14
1051 18
1052 24
1053 16
1054 16
1055 18
1056 16
1057 10
1058 20
1059 14
1060 14
1061 16
1062 14
1063 14
1064 14
1065 12
1066 20
1067 22
1068 20
1069 14
1070 16
1071 16
1072 14
1073 22
1074 20
1075 44
1076 20
1077 28
1078 10
1079 16
1080 14
1081 24
1082 18
1083 6
1084 14
1085 16
1086 20
1087 22
1088 16
1089 18
1090 14
1091 18
1092 20
1093 16
1094 18
1095 18
1096 16
1097 14
1098 24
1099 18
1100 12
1101 14
1102 18
1103 22
1104 18
1105 24
1106 22
1107 14
1108 16
1109 16
1110 14
1111 16
1112 16
1113 12
1114 20
1115 12
1116 12
1117 24
1118 16
1119 12
1120 26
1121 14
1122 26
1123 14
1124 20
1125 32
1126 26
1127 20
1128 30
1129 24
1130 26
1131 18
1132 20
1133 26
1134 14
1135 16
1136 14
1137 12
1138 18
1139 20
1140 22
1141 20
1142 24
1143 16
1144 26
1145 20
1146 22
1147 16
1148 14
1149 18
1150 28
1151 20
1152 18
1153 26
1154 14
1155 20
1156 20
1157 24
1158 24
1159 14
1160 20
1161 20
1162 14
1163 20
1164 28
1165 20
1166 26
1167 20
1168 48
1169 16
1170 22
1171 16
1172 18
1173 18
1174 20
1175 24
1176 12
1177 14
1178 16
1179 20
1180 16
1181 20
1182 20
1183 48
1184 14
1185 18
1186 12
1187 20
1188 16
1189 16
1190 14
1191 10
1192 16
1193 20
1194 24
1195 22
1196 18
1197 22
1198 20
1199 16
1200 16
1201 20
1202 20
1203 16
1204 18
1205 16
1206 18
1207 32
1208 14
1209 12
1210 26
1211 22
1212 24
1213 12
1214 16
1215 22
1216 16
1217 24
1218 18
1219 18
1220 18
1221 24
1222 20
1223 16
1224 14
1225 16
1226 14
1227 18
1228 24
1229 20
1230 46
1231 14
1232 10
1233 14
1234 22
1235 14
1236 20
1237 26
1238 14
1239 18
1240 20
1241 18
1242 14
1243 18
1244 18
1245 12
1246 14
1247 18
1248 12
1249 14
1250 14
1251 24
1252 18
1253 12
1254 16
1255 16
1256 16
1257 36
1258 20
1259 26
1260 22
1261 14
1262 16
1263 14
1264 32
1265 20
1266 16
1267 12
1268 24
1269 24
1270 16
1271 16
1272 28
1273 28
1274 22
1275 24
1276 26
1277 28
1278 16
1279 16
1280 20
1281 18
1282 20
1283 18
1284 16
1285 14
1286 20
1287 22
1288 22
1289 18
1290 28
1291 14
1292 20
1293 20
1294 16
1295 12
1296 16
1297 22
1298 26
1299 24
1300 20
1301 28
1302 22
1303 18
1304 18
1305 22
1306 24
1307 22
1308 14
1309 16
1310 30
1311 18
1312 28
1313 10
1314 18
1315 16
1316 22
1317 20
1318 24
1319 22
1320 22
1321 16
1322 20
1323 14
1324 18
1325 20
1326 24
1327 18
1328 10
1329 18
1330 18
1331 18
1332 14
1333 18
1334 16
1335 16
1336 18
1337 16
1338 20
1339 16
1340 22
1341 20
1342 14
1343 22
1344 16
1345 22
1346 20
1347 18
1348 14
1349 18
1350 24
1351 56
1352 24
1353 18
1354 14
1355 12
1356 16
1357 16
1358 16
1359 16
1360 40
1361 22
1362 14
1363 18
1364 16
1365 12
1366 14
1367 16
1368 16
1369 18
1370 20
1371 12
1372 22
1373 20
1374 22
1375 12
1376 16
1377 16
1378 16
1379 16
1380 12
1381 16
1382 24
1383 14
1384 18
1385 16
1386 20
1387 16
1388 18
1389 24
1390 22
1391 24
1392 22
1393 24
1394 20
1395 14
1396 24
1397 22
1398 22
1399 14
1400 16
1401 20
1402 22
1403 22
1404 20
1405 22
1406 14
1407 26
1408 14
1409 20
1410 24
1411 18
1412 32
1413 14
1414 22
1415 14
1416 20
1417 18
1418 18
1419 24
1420 26
1421 16
1422 16
1423 18
1424 22
1425 18
1426 18
1427 16
1428 22
1429 16
1430 18
1431 18
1432 28
1433 10
1434 16
1435 22
1436 16
1437 14
1438 16
1439 14
1440 18
1441 16
1442 18
1443 20
1444 18
1445 18
1446 20
1447 34
1448 20
1449 14
1450 12
1451 22
1452 22
1453 14
1454 24
1455 18
1456 22
1457 20
1458 16
1459 16
1460 12
1461 16
1462 18
1463 20
1464 12
1465 16
1466 16
1467 14
1468 20
1469 14
1470 16
1471 16
1472 18
1473 16
1474 22
1475 18
1476 20
1477 12
1478 24
1479 22
1480 24
1481 56
1482 18
1483 18
1484 16
1485 18
1486 22
1487 18
1488 12
1489 18
1490 30
1491 12
1492 22
1493 16
1494 14
1495 18
1496 20
1497 22
1498 18
1499 28
1500 20
1501 18
1502 16
1503 26
1504 14
1505 20
1506 20
1507 20
1508 18
1509 16
1510 20
1511 14
1512 12
1513 14
1514 18
1515 20
1516 20
1517 16
1518 10
1519 18
1520 16
1521 14
1522 10
1523 12
1524 14
1525 20
1526 18
1527 12
1528 24
1529 12
1530 22
1531 20
1532 20
1533 26
1534 20
1535 20
1536 20
1537 30
1538 24
1539 16
1540 22
1541 26
1542 20
1543 30
1544 20
1545 16
1546 24
1547 16
1548 22
1549 20
1550 22
1551 14
1552 28
1553 14
1554 20
1555 18
1556 16
1557 16
1558 52
1559 16
1560 26
1561 30
1562 12
1563 18
1564 18
1565 20
1566 46
1567 16
1568 24
1569 22
1570 16
1571 20
1572 22
1573 10
1574 22
1575 18
1576 24
1577 14
1578 22
1579 24
1580 18
1581 18
1582 24
1583 14
1584 20
1585 22
1586 26
1587 16
1588 14
1589 24
1590 14
1591 26
1592 18
1593 60
1594 16
1595 26
1596 24
1597 18
1598 16
1599 26
1600 22
1601 22
1602 22
1603 8
1604 12
1605 18
1606 20
1607 18
1608 16
1609 24
1610 18
1611 12
1612 22
1613 18
1614 10
1615 20
1616 22
1617 16
1618 20
1619 22
1620 14
1621 16
1622 20
1623 20
1624 10
1625 24
1626 24
1627 38
1628 24
1629 42
1630 20
1631 24
1632 18
1633 28
1634 16
1635 24
1636 18
1637 18
1638 16
1639 18
1640 14
1641 16
1642 20
1643 18
1644 16
1645 18
1646 24
1647 16
1648 20
1649 44
1650 16
1651 48
1652 24
1653 22
1654 20
1655 20
1656 16
1657 20
1658 44
1659 24
1660 36
1661 26
1662 18
1663 18
1664 18
1665 20
1666 18
1667 22
1668 22
1669 26
1670 28
1671 26
1672 24
1673 18
1674 22
1675 24
1676 18
1677 32
1678 10
1679 22
1680 16
1681 26
1682 16
1683 22
1684 18
1685 24
1686 18
1687 20
1688 20
1689 20
1690 20
1691 18
1692 20
1693 30
1694 20
1695 18
1696 20
1697 18
1698 20
1699 14
1700 18
1701 22
1702 24
1703 18
1704 16
1705 16
1706 18
1707 22
1708 16
1709 14
1710 20
1711 22
1712 16
1713 16
1714 16
1715 16
1716 22
1717 18
1718 18
1719 20
1720 24
1721 14
1722 20
1723 18
1724 20
1725 34
1726 18
1727 20
1728 14
1729 20
1730 16
1731 12
1732 22
1733 20
1734 14
1735 16
1736 22
1737 24
1738 20
1739 18
1740 12
1741 16
1742 12
1743 20
1744 16
1745 16
1746 14
1747 16
1748 18
1749 20
1750 18
1751 22
1752 14
1753 14
1754 24
1755 12
1756 18
1757 22
1758 22
1759 16
1760 22
1761 22
1762 18
1763 22
1764 20
1765 18
1766 20
1767 12
1768 32
1769 16
1770 20
1771 26
1772 16
1773 32
1774 18
1775 22
1776 20
1777 18
1778 24
1779 14
1780 22
1781 14
1782 14
1783 18
1784 14
1785 16
1786 14
1787 18
1788 12
1789 24
1790 20
1791 18
1792 20
1793 22
1794 18
1795 20
1796 14
1797 10
1798 14
1799 28
1800 20
1801 18
1802 18
1803 26
1804 18
1805 16
1806 16
1807 14
1808 20
1809 24
1810 26
1811 22
1812 22
1813 14
1814 24
1815 20
1816 16
1817 22
1818 22
1819 12
1820 20
1821 14
1822 18
1823 14
1824 24
1825 18
1826 36
1827 18
1828 24
1829 18
1830 20
1831 18
1832 22
1833 16
1834 18
1835 20
1836 22
1837 14
1838 24
1839 22
1840 18
1841 18
1842 24
1843 20
1844 24
1845 12
1846 22
1847 28
1848 18
1849 14
1850 12
1851 22
1852 14
1853 16
1854 18
1855 22
1856 16
1857 24
1858 22
1859 22
1860 8
1861 28
1862 22
1863 20
1864 14
1865 20
1866 16
1867 22
1868 22
1869 30
1870 18
1871 22
1872 20
1873 20
1874 22
1875 16
1876 16
1877 18
1878 12
1879 20
1880 18
1881 20
1882 18
1883 20
1884 20
1885 20
1886 18
1887 18
1888 24
1889 22
1890 20
1891 22
1892 18
1893 16
1894 18
1895 22
1896 24
1897 18
1898 20
1899 22
1900 28
1901 24
1902 18
1903 18
1904 14
1905 14
1906 16
1907 20
1908 18
1909 20
1910 12
1911 10
1912 12
1913 10
1914 20
1915 22
1916 14
1917 20
1918 20
1919 26
1920 24
1921 30
1922 22
1923 18
1924 14
1925 22
1926 20
1927 20
1928 18
1929 16
1930 18
1931 20
1932 18
1933 16
1934 20
1935 16
1936 16
1937 24
1938 14
1939 20
1940 18
1941 22
1942 16
1943 20
1944 22
1945 14
1946 18
1947 18
1948 18
1949 18
1950 22
1951 14
1952 20
1953 22
1954 22
1955 18
1956 14
1957 22
1958 20
1959 28
1960 20
1961 20
1962 14
1963 20
1964 18
1965 12
1966 16
1967 16
1968 22
1969 22
1970 14
1971 18
1972 26
1973 14
1974 16
1975 18
1976 18
1977 18
1978 18
1979 24
1980 16
1981 8
1982 16
1983 16
1984 22
1985 16
1986 26
1987 12
1988 16
1989 20
1990 20
1991 20
1992 20
1993 18
1994 20
1995 34
1996 20
1997 18
1998 18
1999 18
2000 24
2001 18
2002 16
2003 22
2004 16
2005 24
2006 22
2007 16
2008 20
2009 22
2010 20
2011 22
2012 16
2013 20
2014 20
2015 24
2016 16
2017 14
2018 24
2019 24
2020 16
2021 26
2022 30
2023 16
2024 18
2025 16
2026 14
2027 16
2028 20
2029 18
2030 22
2031 18
2032 18
2033 16
2034 16
2035 22
2036 30
2037 28
2038 20
2039 24
2040 24
2041 14
2042 26
2043 14
2044 22
2045 22
2046 18
2047 18
2048 22
2049 24
2050 14
2051 30
2052 20
2053 24
2054 24
2055 22
2056 16
2057 18
2058 24
2059 22
2060 24
2061 22
2062 18
2063 34
2064 18
2065 18
2066 14
2067 20
2068 16
2069 16
2070 28
2071 20
2072 18
2073 14
2074 20
2075 16
2076 16
2077 20
2078 20
2079 32
2080 18
2081 16
2082 14
2083 16
2084 22
2085 20
2086 22
2087 22
2088 22
2089 22
2090 20
2091 20
2092 22
2093 18
2094 20
2095 22
2096 18
2097 20
2098 18
2099 20
2100 30
2101 22
2102 46
2103 18
2104 28
2105 18
2106 16
2107 16
2108 20
2109 18
2110 18
2111 14
2112 18
2113 18
2114 20
2115 16
2116 16
2117 24
2118 14
2119 22
2120 20
2121 16
2122 14
2123 22
2124 14
2125 18
2126 14
2127 22
2128 12
2129 42
2130 22
2131 26
2132 20
2133 24
2134 16
2135 16
2136 26
2137 20
2138 28
2139 20
2140 20
2141 26
2142 16
2143 18
2144 24
2145 18
2146 14
2147 24
2148 26
2149 20
2150 18
2151 22
2152 32
2153 24
2154 20
2155 22
2156 14
2157 20
2158 18
2159 16
2160 18
2161 18
2162 20
2163 18
2164 20
2165 26
2166 14
2167 16
2168 20
2169 32
2170 22
2171 10
2172 18
2173 22
2174 16
2175 20
2176 20
2177 22
2178 20
2179 24
2180 26
2181 14
2182 20
2183 20
2184 18
2185 30
2186 24
2187 28
2188 12
2189 20
2190 24
2191 22
2192 18
2193 22
2194 22
2195 20
2196 16
2197 26
2198 22
2199 30
2200 32
2201 18
2202 12
2203 38
2204 22
2205 14
2206 24
2207 20
2208 18
2209 20
2210 28
2211 18
2212 22
2213 26
2214 18
2215 18
2216 22
2217 24
2218 40
2219 24
2220 18
2221 22
2222 20
2223 18
2224 26
2225 18
2226 52
2227 22
2228 26
2229 20
2230 20
2231 22
2232 12
2233 18
2234 16
2235 18
2236 26
2237 26
2238 32
2239 28
2240 14
2241 42
2242 32
2243 22
2244 28
2245 68
2246 18
2247 22
2248 18
2249 22
2250 22
2251 36
2252 26
2253 24
2254 12
2255 18
2256 28
2257 22
2258 20
2259 20
2260 10
2261 18
2262 26
2263 6
2264 16
2265 24
2266 24
2267 16
2268 18
2269 20
2270 24
2271 22
2272 20
2273 24
2274 24
2275 26
2276 18
2277 14
2278 18
2279 22
2280 24
2281 18
2282 20
2283 22
2284 16
2285 14
2286 16
2287 24
2288 24
2289 48
2290 26
2291 54
2292 24
2293 24
2294 18
2295 24
2296 20
2297 18
2298 18
2299 18
2300 20
2301 14
2302 24
2303 20
2304 28
2305 18
2306 12
2307 18
2308 22
2309 20
2310 20
2311 16
2312 24
2313 20
2314 16
2315 16
2316 14
2317 20
2318 22
2319 16
2320 28
2321 22
2322 20
2323 18
2324 26
2325 24
2326 20
2327 14
2328 16
2329 16
2330 14
2331 22
2332 22
2333 22
2334 14
2335 20
2336 18
2337 30
2338 18
2339 16
2340 18
2341 24
2342 22
2343 20
2344 24
2345 18
2346 18
2347 20
2348 24
2349 42
2350 20
2351 16
2352 18
2353 26
2354 18
2355 18
2356 18
2357 26
2358 14
2359 28
2360 16
2361 28
2362 26
2363 22
2364 20
2365 20
2366 16
2367 20
2368 28
2369 22
2370 16
2371 22
2372 30
2373 20
2374 18
2375 20
2376 24
2377 18
2378 24
2379 16
2380 24
2381 32
2382 20
2383 16
2384 18
2385 30
2386 22
2387 34
2388 20
2389 22
2390 12
2391 24
2392 20
2393 14
2394 18
2395 30
2396 18
2397 16
2398 28
2399 28
2400 18
2401 24
2402 26
2403 12
2404 24
2405 42
2406 20
2407 18
2408 18
2409 26
2410 16
2411 20
2412 14
2413 18
2414 12
2415 22
2416 18
2417 18
2418 18
2419 30
2420 36
2421 18
2422 24
2423 30
2424 18
2425 12
2426 16
2427 16
2428 18
2429 20
2430 22
2431 16
2432 20
2433 14
2434 24
2435 16
2436 28
2437 26
2438 56
2439 20
2440 18
2441 22
2442 22
2443 18
2444 12
2445 26
2446 12
2447 26
2448 24
2449 12
2450 28
2451 10
2452 28
2453 26
2454 24
2455 22
2456 20
2457 18
2458 18
2459 22
2460 16
2461 28
2462 16
2463 12
2464 26
2465 20
2466 20
2467 18
2468 16
2469 14
2470 20
2471 20
2472 16
2473 26
2474 14
2475 36
2476 24
2477 20
2478 30
2479 26
2480 30
2481 14
2482 24
2483 22
2484 18
2485 32
2486 14
2487 24
2488 22
2489 24
2490 18
2491 22
2492 30
2493 20
2494 14
2495 22
2496 14
2497 18
2498 24
2499 22
2500 24
2501 18
2502 16
2503 16
2504 16
2505 16
2506 40
2507 28
2508 16
2509 18
2510 20
2511 12
2512 20
2513 22
2514 18
2515 12
2516 18
2517 20
2518 14
2519 16
2520 20
2521 20
2522 20
2523 18
2524 14
2525 22
2526 18
2527 18
2528 20
2529 22
2530 14
2531 24
2532 16
2533 20
2534 14
2535 26
2536 18
2537 30
2538 16
2539 26
2540 28
2541 20
2542 24
2543 24
2544 26
2545 24
2546 22
2547 22
2548 18
2549 16
2550 26
2551 30
2552 22
2553 22
2554 24
2555 24
2556 26
2557 24
2558 16
2559 28
2560 18
2561 18
2562 22
2563 18
2564 26
2565 26
2566 16
2567 20
2568 18
2569 14
2570 22
2571 24
2572 14
2573 24
2574 20
2575 24
2576 26
2577 18
2578 36
2579 14
2580 22
2581 22
2582 22
2583 30
2584 22
2585 16
2586 14
2587 18
2588 24
2589 18
2590 26
2591 30
2592 20
2593 20
2594 18
2595 18
2596 22
2597 22
2598 18
2599 54
2600 20
2601 16
2602 24
2603 22
2604 14
2605 20
2606 28
2607 20
2608 20
2609 40
2610 12
2611 26
2612 16
2613 24
2614 54
2615 26
2616 20
2617 18
2618 22
2619 18
2620 18
2621 22
2622 24
2623 24
2624 24
2625 18
2626 16
2627 18
2628 22
2629 22
2630 18
2631 18
2632 14
2633 16
2634 30
2635 16
2636 16
2637 18
2638 24
2639 20
2640 20
2641 20
2642 22
2643 20
2644 22
2645 34
2646 20
2647 30
2648 30
2649 28
2650 24
2651 30
2652 18
2653 24
2654 20
2655 22
2656 30
2657 40
2658 18
2659 16
2660 34
2661 20
2662 18
2663 20
2664 22
2665 24
2666 26
2667 18
2668 18
2669 12
2670 24
2671 20
2672 22
2673 22
2674 14
2675 26
2676 26
2677 20
2678 22
2679 22
2680 26
2681 14
2682 24
2683 18
2684 16
2685 14
2686 34
2687 14
2688 20
2689 14
2690 10
2691 16
2692 26
2693 30
2694 20
2695 18
2696 30
2697 22
2698 20
2699 16
2700 24
2701 22
2702 20
2703 28
2704 30
2705 10
2706 14
2707 20
2708 18
2709 20
2710 16
2711 18
2712 26
2713 12
2714 18
2715 18
2716 22
2717 22
2718 22
2719 16
2720 14
2721 24
2722 26
2723 24
2724 20
2725 24
2726 12
2727 50
2728 18
2729 12
2730 52
2731 24
2732 22
2733 20
2734 18
2735 22
2736 16
2737 12
2738 26
2739 34
2740 20
2741 18
2742 14
2743 30
2744 18
2745 18
2746 18
2747 26
2748 14
2749 20
2750 18
2751 14
2752 20
2753 18
2754 18
2755 22
2756 22
2757 18
2758 22
2759 16
2760 20
2761 14
2762 20
2763 16
2764 26
2765 24
2766 26
2767 34
2768 16
2769 20
2770 28
2771 18
2772 26
2773 28
2774 32
2775 22
2776 28
2777 26
2778 26
2779 22
2780 26
2781 30
2782 24
2783 28
2784 20
2785 14
2786 20
2787 36
2788 22
2789 22
2790 24
2791 22
2792 18
2793 14
2794 24
2795 22
2796 20
2797 18
2798 22
2799 18
2800 24
2801 20
2802 24
2803 24
2804 16
2805 22
2806 24
2807 14
2808 26
2809 18
2810 14
2811 16
2812 20
2813 20
2814 14
2815 18
2816 20
2817 26
2818 22
2819 14
2820 14
2821 22
2822 18
2823 20
2824 24
2825 26
2826 16
2827 40
2828 16
2829 20
2830 18
2831 20
2832 20
2833 16
2834 28
2835 14
2836 22
2837 44
2838 24
2839 14
2840 20
2841 22
2842 24
2843 26
2844 20
2845 18
2846 20
2847 22
2848 26
2849 24
2850 16
2851 20
2852 26
2853 22
2854 18
2855 16
2856 20
2857 12
2858 42
2859 18
2860 14
2861 24
2862 20
2863 16
2864 14
2865 18
2866 22
2867 18
2868 22
2869 24
2870 22
2871 22
2872 20
2873 16
2874 16
2875 24
2876 14
2877 16
2878 18
2879 30
2880 18
2881 10
2882 12
2883 22
2884 18
2885 18
2886 18
2887 24
2888 22
2889 22
2890 24
2891 22
2892 22
2893 22
2894 24
2895 26
2896 28
2897 8
2898 12
2899 18
2900 26
2901 30
2902 26
2903 20
2904 20
2905 18
2906 24
2907 18
2908 16
2909 22
2910 22
2911 34
2912 18
2913 20
2914 28
2915 16
2916 24
2917 34
2918 18
2919 20
2920 24
2921 14
2922 20
2923 22
2924 20
2925 22
2926 30
2927 18
2928 22
2929 22
2930 20
2931 18
2932 24
2933 18
2934 24
2935 22
2936 20
2937 18
2938 20
2939 34
2940 20
2941 22
2942 30
2943 24
2944 16
2945 22
2946 22
2947 16
2948 20
2949 20
2950 16
2951 22
2952 46
2953 20
2954 18
2955 16
2956 18
2957 20
2958 18
2959 20
2960 18
2961 18
2962 14
2963 16
2964 22
2965 22
2966 22
2967 16
2968 20
2969 16
2970 22
2971 22
2972 18
2973 22
2974 24
2975 24
2976 56
2977 18
2978 20
2979 18
2980 16
2981 22
2982 28
2983 22
2984 20
2985 20
2986 22
2987 36
2988 10
2989 26
2990 24
2991 30
2992 14
2993 16
2994 24
2995 22
2996 14
2997 30
2998 20
2999 16
3000 22
3001 20
3002 18
3003 18
3004 20
3005 12
3006 18
3007 24
3008 18
3009 22
3010 14
3011 24
3012 26
3013 20
3014 18
3015 16
3016 18
3017 20
3018 16
3019 26
3020 16
3021 16
3022 24
3023 56
3024 16
3025 20
3026 22
3027 22
3028 18
3029 22
3030 22
3031 22
3032 22
3033 40
3034 22
3035 66
3036 26
3037 28
3038 24
3039 24
3040 26
3041 26
3042 16
3043 28
3044 22
3045 22
3046 20
3047 20
3048 30
3049 14
3050 20
3051 30
3052 18
3053 20
3054 26
3055 16
3056 18
3057 16
3058 18
3059 18
3060 18
3061 24
3062 36
3063 18
3064 12
3065 20
3066 18
3067 18
3068 20
3069 24
3070 26
3071 26
3072 24
3073 20
3074 20
3075 16
3076 20
3077 26
3078 20
3079 24
3080 26
3081 18
3082 18
3083 16
3084 14
3085 20
3086 20
3087 20
3088 14
3089 30
3090 18
3091 22
3092 18
3093 18
3094 18
3095 22
3096 22
3097 16
3098 12
3099 26
3100 28
3101 14
3102 20
3103 18
3104 20
3105 32
3106 30
3107 20
3108 24
3109 34
3110 18
3111 22
3112 28
3113 26
3114 18
3115 28
3116 22
3117 20
3118 26
3119 26
3120 20
3121 18
3122 24
3123 32
3124 22
3125 26
3126 24
3127 40
3128 22
3129 24
3130 22
3131 24
3132 22
3133 22
3134 26
3135 26
3136 18
3137 14
3138 16
3139 14
3140 16
3141 22
3142 20
3143 14
3144 14
3145 22
3146 22
3147 22
3148 16
3149 28
3150 12
3151 16
3152 18
3153 28
3154 18
3155 14
3156 16
3157 22
3158 14
3159 12
3160 20
3161 24
3162 16
3163 36
3164 22
3165 20
3166 16
3167 14
3168 20
3169 20
3170 16
3171 20
3172 36
3173 36
3174 24
3175 20
3176 16
3177 12
3178 26
3179 20
3180 24
3181 18
3182 24
3183 22
3184 18
3185 16
3186 18
3187 20
3188 18
3189 24
3190 18
3191 24
3192 16
3193 16
3194 18
3195 18
3196 18
3197 14
3198 34
3199 20
3200 16
3201 26
3202 22
3203 34
3204 12
3205 26
3206 16
3207 12
3208 28
3209 22
3210 16
3211 20
3212 22
3213 18
3214 18
3215 26
3216 20
3217 20
3218 16
3219 22
3220 20
3221 16
3222 16
3223 18
3224 24
3225 22
3226 10
3227 24
3228 16
3229 24
3230 20
3231 24
3232 20
3233 18
3234 20
3235 18
3236 24
3237 44
3238 36
3239 38
3240 26
3241 22
3242 24
3243 28
3244 22
3245 18
3246 24
3247 24
3248 24
3249 30
3250 16
3251 14
3252 24
3253 24
3254 16
3255 12
3256 20
3257 24
3258 24
3259 26
3260 16
3261 16
3262 20
3263 26
3264 24
3265 24
3266 20
3267 22
3268 30
3269 16
3270 20
3271 20
3272 18
3273 22
3274 18
3275 32
3276 20
3277 20
3278 18
3279 18
3280 32
3281 16
3282 18
3283 20
3284 30
3285 20
3286 20
3287 16
3288 20
3289 20
3290 22
3291 18
3292 24
3293 24
3294 14
3295 18
3296 22
3297 18
3298 16
3299 18
3300 16
3301 18
3302 14
3303 14
3304 22
3305 16
3306 36
3307 20
3308 18
3309 20
3310 16
3311 14
3312 18
3313 26
3314 18
3315 18
3316 16
3317 22
3318 22
3319 26
3320 14
3321 42
3322 22
3323 22
3324 14
3325 18
3326 18
3327 14
3328 18
3329 20
3330 38
3331 22
3332 14
3333 26
3334 20
3335 16
3336 20
3337 16
3338 22
3339 18
3340 10
3341 22
3342 32
3343 14
3344 16
3345 24
3346 18
3347 16
3348 26
3349 26
3350 18
3351 22
3352 18
3353 20
3354 18
3355 22
3356 18
3357 24
3358 18
3359 28
3360 22
3361 24
3362 20
3363 20
3364 20
3365 20
3366 18
3367 18
3368 14
3369 26
3370 24
3371 12
3372 22
3373 22
3374 20
3375 26
3376 18
3377 18
3378 18
3379 20
3380 24
3381 24
3382 30
3383 26
3384 32
3385 24
3386 28
3387 18
3388 18
3389 24
3390 30
3391 16
3392 18
3393 26
3394 22
3395 26
3396 22
3397 20
3398 44
3399 26
3400 22
3401 24
3402 26
3403 18
3404 24
3405 20
3406 18
3407 26
3408 16
3409 26
3410 18
3411 20
3412 22
3413 24
3414 22
3415 22
3416 26
3417 26
3418 18
3419 16
3420 20
3421 20
3422 20
3423 22
3424 14
3425 20
3426 20
3427 26
3428 16
3429 20
3430 18
3431 30
3432 20
3433 26
3434 18
3435 14
3436 16
3437 22
3438 26
3439 14
3440 20
3441 18
3442 22
3443 22
3444 16
3445 24
3446 16
3447 22
3448 20
3449 24
3450 42
3451 24
3452 16
3453 22
3454 48
3455 20
3456 42
3457 18
3458 22
3459 22
3460 20
3461 20
3462 34
3463 24
3464 42
3465 22
3466 14
3467 54
3468 22
3469 22
3470 16
3471 18
3472 22
3473 28
3474 24
3475 12
3476 32
3477 34
3478 24
3479 24
3480 30
3481 14
3482 20
3483 20
3484 22
3485 26
3486 20
3487 32
3488 24
3489 26
3490 24
3491 26
3492 16
3493 22
3494 16
3495 16
3496 18
3497 20
3498 24
3499 26
3500 24
3501 14
3502 16
3503 26
3504 20
3505 18
3506 18
3507 22
3508 26
3509 30
3510 24
3511 30
3512 28
3513 28
3514 12
3515 30
3516 22
3517 22
3518 26
3519 32
3520 28
3521 18
3522 18
3523 24
3524 20
3525 24
3526 24
3527 24
3528 22
3529 26
3530 18
3531 26
3532 24
3533 24
3534 26
3535 34
3536 26
3537 18
3538 14
3539 20
3540 40
3541 34
3542 28
3543 16
3544 20
3545 18
3546 20
3547 16
3548 18
3549 14
3550 18
3551 14
3552 14
3553 28
3554 20
3555 38
3556 20
3557 24
3558 22
3559 22
3560 18
3561 20
3562 14
3563 44
3564 16
3565 22
3566 20
3567 12
3568 22
3569 14
3570 22
3571 22
3572 24
3573 18
3574 20
3575 16
3576 26
3577 22
3578 16
3579 24
3580 20
3581 16
3582 14
3583 20
3584 26
3585 22
3586 22
3587 18
3588 26
3589 18
3590 20
3591 20
3592 20
3593 22
3594 28
3595 20
3596 30
3597 22
3598 20
3599 22
3600 28
3601 18
3602 16
3603 24
3604 28
3605 28
3606 14
3607 20
3608 24
3609 22
3610 28
3611 22
3612 26
3613 18
3614 18
3615 26
3616 44
3617 24
3618 22
3619 16
3620 22
3621 18
3622 20
3623 16
3624 18
3625 22
3626 24
3627 20
3628 22
3629 16
3630 20
3631 16
3632 22
3633 20
3634 14
3635 14
3636 16
3637 22
3638 18
3639 14
3640 14
3641 20
3642 18
3643 16
3644 16
3645 22
3646 28
3647 22
3648 14
3649 14
3650 18
3651 22
3652 24
3653 28
3654 18
3655 20
3656 24
3657 22
3658 22
3659 22
3660 30
3661 22
3662 24
3663 34
3664 30
3665 24
3666 32
3667 22
3668 26
3669 16
3670 16
3671 38
3672 16
3673 16
3674 28
3675 32
3676 22
3677 24
3678 12
3679 26
3680 20
3681 16
3682 16
3683 16
3684 24
3685 18
3686 18
3687 20
3688 26
3689 22
3690 22
3691 22
3692 22
3693 20
3694 14
3695 24
3696 20
3697 26
3698 14
3699 18
3700 10
3701 18
3702 22
3703 18
3704 20
3705 30
3706 30
3707 28
3708 24
3709 30
3710 28
3711 30
3712 18
3713 20
3714 26
3715 16
3716 22
3717 18
3718 62
3719 24
3720 24
3721 22
3722 18
3723 20
3724 26
3725 22
3726 20
3727 14
3728 16
3729 20
3730 14
3731 16
3732 24
3733 32
3734 18
3735 22
3736 20
3737 16
3738 24
3739 26
3740 18
3741 18
3742 24
3743 22
3744 30
3745 18
3746 16
3747 38
3748 26
3749 14
3750 20
3751 10
3752 28
3753 24
3754 18
3755 22
3756 22
3757 14
3758 28
3759 14
3760 20
3761 26
3762 20
3763 10
3764 16
3765 26
3766 20
3767 14
3768 26
3769 12
3770 16
3771 18
3772 20
3773 18
3774 26
3775 22
3776 28
3777 16
3778 26
3779 24
3780 16
3781 26
3782 18
3783 24
3784 16
3785 22
3786 22
3787 20
3788 30
3789 20
3790 20
3791 20
3792 24
3793 24
3794 34
3795 16
3796 14
3797 32
3798 26
3799 28
3800 26
3801 20
3802 16
3803 24
3804 20
3805 12
3806 18
3807 18
3808 22
3809 12
3810 26
3811 20
3812 22
3813 24
3814 18
3815 26
3816 26
3817 12
3818 16
3819 22
3820 18
3821 18
3822 20
3823 16
3824 22
3825 18
3826 18
3827 24
3828 24
3829 20
3830 24
3831 32
3832 16
3833 20
3834 34
3835 26
3836 16
3837 26
3838 20
3839 22
3840 24
3841 16
3842 12
3843 20
3844 14
3845 44
3846 16
3847 16
3848 22
3849 16
3850 20
3851 36
3852 16
3853 14
3854 20
3855 38
3856 28
3857 26
3858 14
3859 14
3860 16
3861 26
3862 28
3863 20
3864 26
3865 24
3866 16
3867 40
3868 20
3869 16
3870 26
3871 20
3872 14
3873 30
3874 24
3875 16
3876 16
3877 22
3878 20
3879 18
3880 50
3881 18
3882 36
3883 22
3884 22
3885 20
3886 18
3887 20
3888 24
3889 14
3890 20
3891 18
3892 32
3893 20
3894 24
3895 20
3896 16
3897 22
3898 20
3899 22
3900 20
3901 20
3902 20
3903 24
3904 14
3905 24
3906 54
3907 24
3908 22
3909 22
3910 18
3911 30
3912 26
3913 32
3914 18
3915 30
3916 34
3917 24
3918 26
3919 30
3920 14
3921 24
3922 28
3923 24
3924 20
3925 14
3926 26
3927 30
3928 30
3929 28
3930 34
3931 20
3932 16
3933 20
3934 24
3935 14
3936 12
3937 20
3938 28
3939 56
3940 22
3941 38
3942 18
3943 24
3944 20
3945 22
3946 14
3947 20
3948 16
3949 28
3950 22
3951 26
3952 22
3953 22
3954 20
3955 28
3956 18
3957 28
3958 22
3959 22
3960 22
3961 20
3962 16
3963 22
3964 28
3965 46
3966 24
3967 18
3968 32
3969 16
3970 20
3971 20
3972 18
3973 20
3974 24
3975 18
3976 30
3977 16
3978 26
3979 24
3980 22
3981 28
3982 14
3983 24
3984 24
3985 20
3986 14
3987 22
3988 16
3989 40
3990 14
3991 28
3992 20
3993 18
3994 20
3995 18
3996 22
3997 22
3998 20
3999 20
4000 20
4001 20
4002 14
4003 16
4004 16
4005 16
4006 40
4007 10
4008 20
4009 24
4010 20
4011 18
4012 24
4013 16
4014 28
4015 24
4016 20
4017 24
4018 16
4019 22
4020 16
4021 12
4022 14
4023 30
4024 20
4025 20
4026 16
4027 18
4028 20
4029 24
4030 16
4031 24
4032 28
4033 34
4034 22
4035 22
4036 24
4037 18
4038 22
4039 18
4040 22
4041 34
4042 18
4043 28
4044 14
4045 22
4046 12
4047 24
4048 22
4049 18
4050 14
4051 24
4052 22
4053 18
4054 26
4055 50
4056 44
4057 28
4058 14
4059 26
4060 20
4061 26
4062 22
4063 24
4064 26
4065 22
4066 24
4067 24
4068 22
4069 28
4070 28
4071 12
4072 12
4073 26
4074 30
4075 30
4076 16
4077 26
4078 16
4079 18
4080 22
4081 18
4082 20
4083 18
4084 22
4085 24
4086 18
4087 22
4088 22
4089 26
4090 28
4091 28
4092 26
4093 14
4094 22
4095 38
4096 22
4097 20
4098 14
4099 36
4100 22
4101 20
4102 40
4103 24
4104 14
4105 14
4106 26
4107 26
4108 16
4109 20
4110 20
4111 16
4112 24
4113 20
4114 24
4115 22
4116 22
4117 22
4118 18
4119 20
4120 24
4121 18
4122 26
4123 16
4124 12
4125 18
4126 12
4127 16
4128 16
4129 28
4130 18
4131 32
4132 20
4133 24
4134 14
4135 20
4136 24
4137 20
4138 22
4139 14
4140 18
4141 20
4142 22
4143 20
4144 18
4145 24
4146 20
4147 26
4148 26
4149 16
4150 20
4151 24
4152 28
4153 22
4154 18
4155 16
4156 18
4157 18
4158 28
4159 14
4160 14
4161 16
4162 28
4163 24
4164 30
4165 42
4166 24
4167 18
4168 22
4169 24
4170 20
4171 26
4172 26
4173 20
4174 26
4175 16
4176 16
4177 28
4178 28
4179 24
4180 26
4181 20
4182 22
4183 18
4184 24
4185 28
4186 16
4187 16
4188 20
4189 12
4190 26
4191 18
4192 16
4193 12
4194 24
4195 24
4196 22
4197 40
4198 22
4199 22
4200 30
4201 18
4202 20
4203 24
4204 28
4205 22
4206 20
4207 30
4208 20
4209 28
4210 24
4211 20
4212 22
4213 24
4214 24
4215 16
4216 26
4217 24
4218 22
4219 26
4220 38
4221 22
4222 20
4223 16
4224 20
4225 18
4226 22
4227 22
4228 16
4229 26
4230 20
4231 18
4232 16
4233 22
4234 20
4235 26
4236 22
4237 18
4238 22
4239 26
4240 18
4241 18
4242 22
4243 24
4244 24
4245 24
4246 28
4247 16
4248 20
4249 42
4250 26
4251 22
4252 26
4253 16
4254 52
4255 22
4256 20
4257 24
4258 22
4259 28
4260 24
4261 14
4262 24
4263 24
4264 32
4265 22
4266 26
4267 20
4268 22
4269 28
4270 22
4271 38
4272 16
4273 18
4274 22
4275 30
4276 22
4277 16
4278 18
4279 22
4280 12
4281 22
4282 16
4283 22
4284 26
4285 20
4286 20
4287 16
4288 16
4289 34
4290 20
4291 28
4292 18
4293 28
4294 18
4295 26
4296 18
4297 18
4298 20
4299 22
4300 16
4301 18
4302 22
4303 16
4304 14
4305 28
4306 20
4307 18
4308 30
4309 14
4310 38
4311 26
4312 36
4313 28
4314 48
4315 22
4316 16
4317 30
4318 26
4319 24
4320 14
4321 24
4322 22
4323 18
4324 24
4325 16
4326 18
4327 18
4328 30
4329 14
4330 20
4331 22
4332 18
4333 16
4334 24
4335 16
4336 26
4337 22
4338 20
4339 20
4340 28
4341 22
4342 32
4343 20
4344 24
4345 22
4346 18
4347 18
4348 22
4349 24
4350 18
4351 28
4352 10
4353 22
4354 24
4355 28
4356 18
4357 28
4358 16
4359 18
4360 22
4361 34
4362 20
4363 20
4364 16
4365 32
4366 22
4367 20
4368 26
4369 14
4370 20
4371 28
4372 22
4373 24
4374 14
4375 28
4376 16
4377 18
4378 12
4379 16
4380 22
4381 24
4382 16
4383 16
4384 16
4385 26
4386 24
4387 12
4388 12
4389 32
4390 30
4391 30
4392 20
4393 20
4394 20
4395 18
4396 22
4397 22
4398 22
4399 20
4400 22
4401 16
4402 22
4403 20
4404 18
4405 24
4406 26
4407 16
4408 22
4409 20
4410 16
4411 20
4412 20
4413 28
4414 12
4415 26
4416 18
4417 24
4418 18
4419 20
4420 16
4421 20
4422 24
4423 24
4424 20
4425 28
4426 18
4427 18
4428 30
4429 16
4430 24
4431 26
4432 18
4433 22
4434 24
4435 26
4436 28
4437 36
4438 20
4439 18
4440 18
4441 40
4442 18
4443 20
4444 20
4445 26
4446 18
4447 16
4448 24
4449 26
4450 22
4451 16
4452 20
4453 18
4454 16
4455 22
4456 20
4457 20
4458 22
4459 20
4460 22
4461 20
4462 22
4463 22
4464 28
4465 20
4466 28
4467 26
4468 12
4469 18
4470 18
4471 16
4472 28
4473 14
4474 14
4475 20
4476 28
4477 18
4478 22
4479 36
4480 22
4481 16
4482 18
4483 22
4484 30
4485 22
4486 24
4487 20
4488 20
4489 20
4490 26
4491 18
4492 20
4493 16
4494 18
4495 16
4496 16
4497 20
4498 16
4499 22
4500 20
4501 20
4502 32
4503 22
4504 20
4505 20
4506 20
4507 38
4508 16
4509 20
4510 22
4511 14
4512 22
4513 24
4514 16
4515 24
4516 22
4517 20
4518 26
4519 12
4520 34
4521 14
4522 24
4523 18
4524 22
4525 18
4526 16
4527 20
4528 18
4529 16
4530 20
4531 22
4532 18
4533 18
4534 24
4535 22
4536 18
4537 16
4538 24
4539 26
4540 26
4541 24
4542 16
4543 16
4544 20
4545 22
4546 16
4547 22
4548 20
4549 16
4550 22
4551 12
4552 20
4553 14
4554 14
4555 24
4556 18
4557 18
4558 20
4559 20
4560 24
4561 18
4562 26
4563 22
4564 18
4565 22
4566 22
4567 50
4568 22
4569 28
4570 44
4571 18
4572 18
4573 26
4574 14
4575 30
4576 30
4577 20
4578 28
4579 28
4580 18
4581 30
4582 20
4583 26
4584 26
4585 18
4586 28
4587 24
4588 26
4589 28
4590 16
4591 26
4592 18
4593 24
4594 14
4595 22
4596 16
4597 42
4598 24
4599 22
4600 30
4601 18
4602 16
4603 20
4604 16
4605 14
4606 24
4607 26
4608 16
4609 16
4610 18
4611 20
4612 18
4613 20
4614 24
4615 20
4616 18
4617 18
4618 22
4619 24
4620 20
4621 24
4622 20
4623 24
4624 16
4625 26
4626 28
4627 20
4628 18
4629 26
4630 24
4631 24
4632 28
4633 48
4634 26
4635 26
4636 20
4637 22
4638 22
4639 20
4640 14
4641 18
4642 16
4643 26
4644 20
4645 18
4646 22
4647 20
4648 26
4649 26
4650 24
4651 16
4652 22
4653 20
4654 22
4655 36
4656 14
4657 24
4658 22
4659 26
4660 20
4661 26
4662 20
4663 22
4664 16
4665 18
4666 26
4667 22
4668 14
4669 28
4670 18
4671 16
4672 18
4673 26
4674 14
4675 24
4676 20
4677 22
4678 26
4679 22
4680 26
4681 24
4682 20
4683 20
4684 22
4685 22
4686 22
4687 20
4688 18
4689 22
4690 30
4691 24
4692 18
4693 16
4694 24
4695 26
4696 20
4697 18
4698 18
4699 22
4700 28
4701 30
4702 22
4703 24
4704 30
4705 28
4706 18
4707 16
4708 22
4709 22
4710 18
4711 18
4712 28
4713 24
4714 12
4715 22
4716 30
4717 20
4718 20
4719 14
4720 18
4721 18
4722 28
4723 24
4724 28
4725 22
4726 16
4727 12
4728 14
4729 18
4730 22
4731 36
4732 20
4733 26
4734 30
4735 16
4736 30
4737 26
4738 28
4739 22
4740 20
4741 20
4742 12
4743 14
4744 20
4745 22
4746 22
4747 18
4748 26
4749 20
4750 22
4751 18
4752 16
4753 14
4754 20
4755 20
4756 16
4757 24
4758 24
4759 12
4760 22
4761 24
4762 38
4763 14
4764 18
4765 16
4766 16
4767 24
4768 26
4769 32
4770 16
4771 22
4772 18
4773 18
4774 22
4775 34
4776 20
4777 16
4778 24
4779 24
4780 16
4781 22
4782 18
4783 28
4784 24
4785 18
4786 20
4787 12
4788 24
4789 20
4790 12
4791 20
4792 18
4793 14
4794 24
4795 16
4796 18
4797 22
4798 18
4799 20
4800 30
4801 48
4802 40
4803 24
4804 18
4805 22
4806 28
4807 16
4808 28
4809 24
4810 22
4811 26
4812 28
4813 46
4814 22
4815 16
4816 20
4817 26
4818 24
4819 14
4820 20
4821 32
4822 18
4823 20
4824 18
4825 20
4826 18
4827 20
4828 28
4829 18
4830 24
4831 18
4832 24
4833 14
4834 20
4835 24
4836 22
4837 20
4838 18
4839 20
4840 22
4841 14
4842 20
4843 36
4844 18
4845 36
4846 30
4847 18
4848 20
4849 26
4850 28
4851 24
4852 26
4853 34
4854 38
4855 34
4856 28
4857 18
4858 22
4859 24
4860 30
4861 22
4862 20
4863 26
4864 22
4865 12
4866 24
4867 24
4868 26
4869 26
4870 22
4871 24
4872 28
4873 22
4874 24
4875 18
4876 16
4877 18
4878 16
4879 22
4880 22
4881 34
4882 24
4883 12
4884 24
4885 18
4886 40
4887 28
4888 22
4889 22
4890 16
4891 36
4892 20
4893 14
4894 20
4895 22
4896 14
4897 24
4898 16
4899 22
4900 14
4901 30
4902 22
4903 24
4904 18
4905 22
4906 18
4907 24
4908 16
4909 22
4910 18
4911 22
4912 22
4913 14
4914 22
4915 44
4916 20
4917 20
4918 24
4919 26
4920 22
4921 18
4922 22
4923 24
4924 16
4925 20
4926 18
4927 22
4928 18
4929 20
4930 18
4931 14
4932 26
4933 24
4934 20
4935 24
4936 18
4937 30
4938 16
4939 22
4940 26
4941 28
4942 22
4943 18
4944 28
4945 24
4946 24
4947 20
4948 22
4949 36
4950 52
4951 26
4952 24
4953 36
4954 20
4955 38
4956 18
4957 14
4958 24
4959 26
4960 48
4961 20
4962 30
4963 24
4964 20
4965 20
4966 34
4967 24
4968 20
4969 28
4970 12
4971 22
4972 32
4973 14
4974 48
4975 12
4976 22
4977 34
4978 26
4979 20
4980 20
4981 62
4982 42
4983 20
4984 28
4985 12
4986 26
4987 22
4988 22
4989 26
4990 16
4991 18
4992 16
4993 30
4994 22
4995 18
4996 36
4997 24
4998 16
4999 20
5000 24
5001 12
5002 26
5003 18
5004 20
5005 26
5006 20
5007 28
5008 22
5009 18
5010 30
5011 28
5012 20
5013 14
5014 22
5015 30
5016 24
5017 16
5018 16
5019 16
5020 26
5021 30
5022 24
5023 30
5024 24
5025 24
5026 14
5027 18
5028 16
5029 14
5030 20
5031 24
5032 12
5033 20
5034 24
5035 22
5036 26
5037 22
5038 20
5039 26
5040 22
5041 44
5042 26
5043 22
5044 16
5045 18
5046 22
5047 24
5048 16
5049 18
5050 26
5051 24
5052 38
5053 26
5054 22
5055 24
5056 20
5057 20
5058 18
5059 24
5060 16
5061 26
5062 20
5063 18
5064 40
5065 18
5066 16
5067 20
5068 18
5069 20
5070 18
5071 20
5072 24
5073 32
5074 22
5075 20
5076 18
5077 16
5078 22
5079 36
5080 22
5081 22
5082 20
5083 38
5084 50
5085 16
5086 18
5087 20
5088 14
5089 18
5090 18
5091 70
5092 34
5093 34
5094 30
5095 36
5096 28
5097 20
5098 16
5099 30
5100 44
5101 36
5102 28
5103 12
5104 34
5105 24
5106 20
5107 22
5108 22
5109 26
5110 26
5111 24
5112 20
5113 22
5114 18
5115 18
5116 22
5117 18
5118 20
5119 14
5120 22
5121 16
5122 12
5123 16
5124 20
5125 18
5126 24
5127 20
5128 24
5129 18
5130 16
5131 22
5132 22
5133 14
5134 22
5135 32
5136 30
5137 28
5138 20
5139 26
5140 24
5141 22
5142 28
5143 26
5144 32
5145 30
5146 24
5147 34
5148 26
5149 12
5150 26
5151 32
5152 28
5153 22
5154 56
5155 26
5156 20
5157 20
5158 20
5159 22
5160 18
5161 14
5162 16
5163 18
5164 26
5165 22
5166 58
5167 18
5168 18
5169 26
5170 22
5171 26
5172 26
5173 20
5174 14
5175 18
5176 30
5177 22
5178 20
5179 22
5180 22
5181 18
5182 18
5183 26
5184 18
5185 30
5186 22
5187 20
5188 22
5189 20
5190 26
5191 34
5192 18
5193 24
5194 24
5195 22
5196 20
5197 14
5198 18
5199 18
5200 20
5201 20
5202 16
5203 18
5204 20
5205 24
5206 22
5207 22
5208 12
5209 28
5210 20
5211 26
5212 20
5213 22
5214 26
5215 26
5216 16
5217 24
5218 22
5219 18
5220 20
5221 32
5222 24
5223 30
5224 12
5225 44
5226 22
5227 20
5228 16
5229 20
5230 24
5231 28
5232 14
5233 28
5234 18
5235 22
5236 24
5237 16
5238 26
5239 16
5240 20
5241 16
5242 26
5243 22
5244 26
5245 18
5246 16
5247 20
5248 30
5249 14
5250 22
5251 24
5252 24
5253 20
5254 16
5255 20
5256 18
5257 24
5258 18
5259 20
5260 22
5261 20
5262 20
5263 22
5264 38
5265 44
5266 24
5267 36
5268 18
5269 26
5270 26
5271 24
5272 26
5273 28
5274 24
5275 26
5276 26
5277 26
5278 28
5279 16
5280 18
5281 26
5282 28
5283 22
5284 22
5285 18
5286 22
5287 20
5288 32
5289 16
5290 20
5291 30
5292 24
5293 20
5294 22
5295 26
5296 30
5297 28
5298 24
5299 34
5300 18
5301 28
5302 28
5303 28
5304 28
5305 28
5306 18
5307 28
5308 20
5309 26
5310 20
5311 22
5312 26
5313 18
5314 56
5315 24
5316 34
5317 16
5318 38
5319 16
5320 26
5321 22
5322 22
5323 24
5324 22
5325 24
5326 24
5327 18
5328 16
5329 22
5330 24
5331 16
5332 20
5333 20
5334 20
5335 24
5336 20
5337 18
5338 22
5339 16
5340 30
5341 16
5342 22
5343 18
5344 16
5345 22
5346 20
5347 20
5348 22
5349 20
5350 30
5351 24
5352 24
5353 30
5354 24
5355 26
5356 28
5357 22
5358 32
5359 18
5360 18
5361 20
5362 18
5363 18
5364 28
5365 26
5366 42
5367 22
5368 20
5369 24
5370 28
5371 38
5372 18
5373 26
5374 16
5375 24
5376 20
5377 20
5378 22
5379 22
5380 42
5381 12
5382 28
5383 28
5384 22
5385 18
5386 26
5387 26
5388 16
5389 24
5390 24
5391 44
5392 24
5393 22
5394 28
5395 18
5396 20
5397 22
5398 24
5399 28
5400 16
5401 24
5402 24
5403 26
5404 18
5405 22
5406 18
5407 22
5408 18
5409 24
5410 18
5411 18
5412 20
5413 24
5414 20
5415 22
5416 22
5417 22
5418 30
5419 22
5420 10
5421 26
5422 26
5423 20
5424 22
5425 16
5426 18
5427 28
5428 60
5429 22
5430 18
5431 20
5432 26
5433 30
5434 14
5435 20
5436 30
5437 24
5438 18
5439 16
5440 18
5441 28
5442 22
5443 24
5444 22
5445 24
5446 20
5447 22
5448 22
5449 24
5450 26
5451 22
5452 16
5453 20
5454 22
5455 22
5456 26
5457 22
5458 30
5459 40
5460 18
5461 12
5462 22
5463 16
5464 22
5465 20
5466 22
5467 20
5468 28
5469 32
5470 14
5471 22
5472 18
5473 24
5474 24
5475 14
5476 20
5477 22
5478 18
5479 22
5480 18
5481 22
5482 24
5483 20
5484 16
5485 16
5486 26
5487 18
5488 22
5489 20
5490 32
5491 20
5492 26
5493 16
5494 22
5495 36
5496 30
5497 26
5498 26
5499 18
5500 20
5501 34
5502 18
5503 18
5504 24
5505 24
5506 16
5507 18
5508 18
5509 18
5510 16
5511 12
5512 26
5513 22
5514 26
5515 20
5516 24
5517 22
5518 20
5519 24
5520 18
5521 24
5522 20
5523 16
5524 20
5525 20
5526 20
5527 22
5528 26
5529 40
5530 20
5531 20
5532 20
5533 28
5534 20
5535 22
5536 18
5537 18
5538 22
5539 16
5540 20
5541 14
5542 16
5543 28
5544 28
5545 20
5546 20
5547 20
5548 10
5549 22
5550 20
5551 20
5552 16
5553 22
5554 34
5555 24
5556 24
5557 20
5558 16
5559 26
5560 12
5561 18
5562 20
5563 36
5564 22
5565 24
5566 18
5567 20
5568 24
5569 34
5570 14
5571 24
5572 36
5573 28
5574 12
5575 24
5576 24
5577 22
5578 18
5579 22
5580 22
5581 22
5582 24
5583 26
5584 18
5585 20
5586 20
5587 26
5588 24
5589 18
5590 28
5591 26
5592 16
5593 22
5594 18
5595 22
5596 26
5597 22
5598 24
5599 28
5600 20
5601 26
5602 18
5603 22
5604 18
5605 20
5606 22
5607 22
5608 16
5609 26
5610 20
5611 22
5612 20
5613 28
5614 22
5615 38
5616 20
5617 20
5618 20
5619 32
5620 24
5621 30
5622 18
5623 32
5624 16
5625 16
5626 32
5627 18
5628 22
5629 26
5630 24
5631 16
5632 16
5633 16
5634 28
5635 22
5636 24
5637 24
5638 18
5639 18
5640 18
5641 22
5642 20
5643 26
5644 10
5645 22
5646 28
5647 18
5648 24
5649 22
5650 24
5651 16
5652 20
5653 44
5654 24
5655 30
5656 18
5657 14
5658 18
5659 20
5660 28
5661 20
5662 18
5663 24
5664 40
5665 20
5666 26
5667 28
5668 32
5669 26
5670 22
5671 16
5672 22
5673 20
5674 20
5675 18
5676 12
5677 20
5678 24
5679 26
5680 24
5681 20
5682 26
5683 14
5684 22
5685 22
5686 18
5687 24
5688 18
5689 16
5690 22
5691 14
5692 28
5693 14
5694 26
5695 22
5696 20
5697 20
5698 18
5699 24
5700 32
5701 22
5702 22
5703 12
5704 24
5705 18
5706 28
5707 20
5708 20
5709 24
5710 22
5711 36
5712 22
5713 20
5714 20
5715 18
5716 10
5717 20
5718 24
5719 12
5720 20
5721 18
5722 26
5723 16
5724 50
5725 18
5726 26
5727 26
5728 28
5729 20
5730 26
5731 22
5732 24
5733 16
5734 28
5735 16
5736 24
5737 22
5738 22
5739 20
5740 20
5741 18
5742 30
5743 22
5744 24
5745 28
5746 20
5747 20
5748 24
5749 22
5750 20
5751 18
5752 22
5753 24
5754 46
5755 32
5756 20
5757 22
5758 26
5759 24
5760 24
5761 18
5762 22
5763 34
5764 24
5765 24
5766 22
5767 34
5768 26
5769 24
5770 24
5771 34
5772 24
5773 28
5774 26
5775 22
5776 26
5777 26
5778 22
5779 22
5780 32
5781 22
5782 22
5783 20
5784 20
5785 16
5786 16
5787 18
5788 16
5789 28
5790 16
5791 28
5792 18
5793 20
5794 18
5795 28
5796 30
5797 20
5798 26
5799 28
5800 32
5801 44
5802 22
5803 24
5804 22
5805 24
5806 22
5807 26
5808 16
5809 24
5810 18
5811 18
5812 22
5813 22
5814 40
5815 14
5816 24
5817 24
5818 18
5819 32
5820 28
5821 36
5822 18
5823 34
5824 30
5825 24
5826 26
5827 24
5828 24
5829 24
5830 22
5831 22
5832 28
5833 24
5834 22
5835 12
5836 38
5837 14
5838 24
5839 22
5840 30
5841 20
5842 20
5843 12
5844 26
5845 20
5846 24
5847 20
5848 22
5849 24
5850 26
5851 22
5852 18
5853 28
5854 28
5855 16
5856 26
5857 26
5858 18
5859 20
5860 22
5861 24
5862 18
5863 22
5864 26
5865 20
5866 22
5867 30
5868 28
5869 30
5870 22
5871 22
5872 24
5873 32
5874 18
5875 22
5876 18
5877 14
5878 20
5879 18
5880 26
5881 24
5882 26
5883 14
5884 16
5885 16
5886 18
5887 20
5888 18
5889 14
5890 32
5891 28
5892 18
5893 24
5894 26
5895 22
5896 18
5897 26
5898 24
5899 14
5900 30
5901 22
5902 26
5903 18
5904 24
5905 30
5906 18
5907 24
5908 28
5909 28
5910 24
5911 28
5912 24
5913 18
5914 34
5915 30
5916 28
5917 24
5918 14
5919 16
5920 22
5921 20
5922 22
5923 22
5924 26
5925 16
5926 30
5927 30
5928 22
5929 20
5930 14
5931 24
5932 24
5933 14
5934 22
5935 28
5936 18
5937 14
5938 18
5939 26
5940 20
5941 36
5942 16
5943 18
5944 14
5945 28
5946 22
5947 26
5948 30
5949 18
5950 22
5951 16
5952 18
5953 14
5954 18
5955 32
5956 20
5957 22
5958 14
5959 14
5960 32
5961 18
5962 30
5963 20
5964 26
5965 24
5966 18
5967 32
5968 22
5969 12
5970 20
5971 28
5972 38
5973 38
5974 26
5975 22
5976 26
5977 24
5978 20
5979 28
5980 22
5981 30
5982 26
5983 20
5984 34
5985 22
5986 20
5987 20
5988 18
5989 24
5990 16
5991 28
5992 12
5993 22
5994 18
5995 14
5996 26
5997 14
5998 22
5999 22
6000 24
6001 18
6002 40
6003 20
6004 24
6005 28
6006 22
6007 42
6008 22
6009 14
6010 26
6011 18
6012 20
6013 20
6014 16
6015 16
6016 60
6017 22
6018 26
6019 22
6020 20
6021 14
6022 22
6023 16
6024 20
6025 24
6026 22
6027 22
6028 32
6029 28
6030 20
6031 18
6032 24
6033 24
6034 24
6035 28
6036 26
6037 18
6038 22
6039 30
6040 22
6041 18
6042 16
6043 30
6044 24
6045 22
6046 22
6047 20
6048 24
6049 24
6050 26
6051 18
6052 28
6053 20
6054 20
6055 22
6056 22
6057 24
6058 40
6059 22
6060 20
6061 20
6062 18
6063 30
6064 22
6065 20
6066 20
6067 14
6068 20
6069 24
6070 30
6071 22
6072 14
6073 16
6074 32
6075 18
6076 18
6077 22
6078 26
6079 22
6080 26
6081 22
6082 28
6083 30
6084 28
6085 26
6086 36
6087 22
6088 20
6089 24
6090 20
6091 24
6092 12
6093 40
6094 18
6095 64
6096 22
6097 20
6098 14
6099 28
6100 32
6101 14
6102 20
6103 24
6104 16
6105 32
6106 22
6107 30
6108 14
6109 24
6110 30
6111 24
6112 18
6113 24
6114 14
6115 18
6116 18
6117 16
6118 18
6119 26
6120 22
6121 24
6122 14
6123 22
6124 20
6125 34
6126 26
6127 22
6128 20
6129 30
6130 14
6131 22
6132 32
6133 20
6134 20
6135 24
6136 10
6137 28
6138 16
6139 18
6140 26
6141 18
6142 20
6143 22
6144 26
6145 18
6146 18
6147 20
6148 18
6149 28
6150 26
6151 20
6152 42
6153 26
6154 42
6155 28
6156 24
6157 16
6158 22
6159 20
6160 24
6161 22
6162 16
6163 22
6164 24
6165 24
6166 28
6167 18
6168 28
6169 14
6170 18
6171 20
6172 24
6173 22
6174 26
6175 16
6176 18
6177 24
6178 22
6179 16
6180 14
6181 22
6182 24
6183 26
6184 22
6185 32
6186 24
6187 26
6188 30
6189 32
6190 20
6191 22
6192 20
6193 28
6194 22
6195 26
6196 30
6197 20
6198 24
6199 30
6200 30
6201 30
6202 24
6203 26
6204 22
6205 26
6206 22
6207 24
6208 24
6209 20
6210 30
6211 26
6212 18
6213 16
6214 18
6215 26
6216 28
6217 26
6218 24
6219 22
6220 26
6221 30
6222 24
6223 30
6224 24
6225 24
6226 24
6227 20
6228 24
6229 30
6230 26
6231 26
6232 26
6233 44
6234 30
6235 18
6236 26
6237 30
6238 24
6239 16
6240 18
6241 22
6242 22
6243 22
6244 22
6245 20
6246 14
6247 14
6248 22
6249 22
6250 26
6251 30
6252 22
6253 24
6254 20
6255 14
6256 16
6257 16
6258 34
6259 22
6260 16
6261 24
6262 24
6263 18
6264 24
6265 22
6266 20
6267 20
6268 22
6269 28
6270 12
6271 20
6272 24
6273 24
6274 26
6275 16
6276 22
6277 22
6278 22
6279 28
6280 26
6281 22
6282 24
6283 18
6284 20
6285 26
6286 24
6287 18
6288 20
6289 18
6290 18
6291 26
6292 16
6293 14
6294 12
6295 16
6296 30
6297 24
6298 14
6299 20
6300 18
6301 20
6302 18
6303 24
6304 20
6305 14
6306 16
6307 20
6308 14
6309 24
6310 26
6311 26
6312 18
6313 26
6314 22
6315 26
6316 24
6317 14
6318 20
6319 18
6320 22
6321 20
6322 22
6323 34
6324 26
6325 30
6326 22
6327 20
6328 26
6329 22
6330 60
6331 26
6332 22
6333 20
6334 28
6335 22
6336 10
6337 22
6338 18
6339 26
6340 20
6341 26
6342 22
6343 22
6344 36
6345 20
6346 16
6347 40
6348 18
6349 20
6350 26
6351 20
6352 24
6353 22
6354 42
6355 24
6356 38
6357 38
6358 22
6359 14
6360 24
6361 16
6362 32
6363 24
6364 20
6365 46
6366 22
6367 18
6368 62
6369 28
6370 36
6371 26
6372 22
6373 26
6374 22
6375 24
6376 24
6377 20
6378 26
6379 22
6380 12
6381 20
6382 20
6383 24
6384 18
6385 18
6386 28
6387 26
6388 20
6389 24
6390 30
6391 42
6392 26
6393 18
6394 22
6395 26
6396 22
6397 28
6398 20
6399 30
6400 18
6401 26
6402 22
6403 26
6404 26
6405 28
6406 28
6407 20
6408 24
6409 34
6410 20
6411 26
6412 20
6413 18
6414 16
6415 22
6416 16
6417 18
6418 28
6419 34
6420 26
6421 24
6422 18
6423 20
6424 28
6425 26
6426 30
6427 18
6428 22
6429 20
6430 22
6431 20
6432 18
6433 20
6434 18
6435 18
6436 24
6437 22
6438 18
6439 28
6440 20
6441 22
6442 26
6443 16
6444 20
6445 26
6446 26
6447 24
6448 22
6449 20
6450 40
6451 24
6452 30
6453 34
6454 30
6455 28
6456 24
6457 22
6458 26
6459 34
6460 18
6461 24
6462 26
6463 24
6464 24
6465 26
6466 22
6467 26
6468 20
6469 28
6470 34
6471 26
6472 20
6473 22
6474 28
6475 30
6476 26
6477 26
6478 28
6479 28
6480 28
6481 28
6482 40
6483 22
6484 22
6485 20
6486 24
6487 24
6488 20
6489 20
6490 28
6491 20
6492 20
6493 24
6494 24
6495 26
6496 20
6497 28
6498 26
6499 30
6500 24
6501 20
6502 24
6503 20
6504 20
6505 20
6506 26
6507 26
6508 20
6509 24
6510 28
6511 24
6512 22
6513 18
6514 34
6515 22
6516 24
6517 20
6518 18
6519 20
6520 26
6521 22
6522 38
6523 28
6524 24
6525 28
6526 30
6527 24
6528 26
6529 24
6530 28
6531 28
6532 20
6533 26
6534 26
6535 28
6536 28
6537 20
6538 22
6539 20
6540 24
6541 20
6542 20
6543 18
6544 28
6545 18
6546 20
6547 26
6548 26
6549 24
6550 24
6551 20
6552 24
6553 22
6554 42
6555 20
6556 36
6557 18
6558 26
6559 22
6560 22
6561 22
6562 18
6563 18
6564 16
6565 22
6566 22
6567 10
6568 20
6569 22
6570 20
6571 30
6572 18
6573 24
6574 26
6575 26
6576 28
6577 38
6578 24
6579 18
6580 22
6581 28
6582 22
6583 22
6584 22
6585 24
6586 26
6587 20
6588 22
6589 22
6590 20
6591 24
6592 18
6593 16
6594 26
6595 16
6596 22
6597 16
6598 14
6599 40
6600 20
6601 38
6602 28
6603 18
6604 26
6605 28
6606 26
6607 18
6608 24
6609 22
6610 24
6611 16
6612 24
6613 24
6614 18
6615 26
6616 26
6617 30
6618 12
6619 20
6620 22
6621 26
6622 28
6623 26
6624 28
6625 12
6626 40
6627 28
6628 26
6629 32
6630 24
6631 22
6632 26
6633 22
6634 22
6635 18
6636 20
6637 22
6638 20
6639 20
6640 26
6641 22
6642 44
6643 24
6644 48
6645 36
6646 20
6647 20
6648 22
6649 24
6650 20
6651 30
6652 58
6653 18
6654 38
6655 22
6656 18
6657 26
6658 44
6659 18
6660 38
6661 26
6662 22
6663 32
6664 28
6665 28
6666 32
6667 28
6668 24
6669 22
6670 26
6671 20
6672 34
6673 26
6674 36
6675 32
6676 22
6677 26
6678 18
6679 22
6680 20
6681 18
6682 30
6683 28
6684 28
6685 22
6686 26
6687 26
6688 26
6689 32
6690 20
6691 24
6692 26
6693 20
6694 30
6695 20
6696 20
6697 24
6698 24
6699 28
6700 20
6701 34
6702 24
6703 38
6704 28
6705 24
6706 14
6707 20
6708 24
6709 14
6710 24
6711 28
6712 28
6713 18
6714 34
6715 24
6716 28
6717 22
6718 20
6719 26
6720 14
6721 22
6722 28
6723 26
6724 24
6725 26
6726 22
6727 18
6728 18
6729 20
6730 24
6731 20
6732 24
6733 28
6734 24
6735 20
6736 26
6737 24
6738 14
6739 20
6740 20
6741 26
6742 26
6743 20
6744 16
6745 18
6746 24
6747 24
6748 18
6749 20
6750 24
6751 20
6752 18
6753 22
6754 24
6755 16
6756 26
6757 20
6758 28
6759 24
6760 18
6761 20
6762 28
6763 34
6764 32
6765 28
6766 22
6767 26
6768 30
6769 32
6770 24
6771 38
6772 34
6773 26
6774 20
6775 24
6776 22
6777 18
6778 26
6779 22
6780 12
6781 14
6782 30
6783 18
6784 28
6785 20
6786 24
6787 22
6788 16
6789 16
6790 26
6791 16
6792 24
6793 22
6794 20
6795 18
6796 18
6797 18
6798 24
6799 16
6800 22
6801 32
6802 18
6803 22
6804 20
6805 16
6806 30
6807 28
6808 20
6809 24
6810 26
6811 32
6812 14
6813 16
6814 26
6815 22
6816 14
6817 24
6818 24
6819 16
6820 30
6821 14
6822 28
6823 16
6824 24
6825 20
6826 28
6827 16
6828 18
6829 20
6830 28
6831 18
6832 28
6833 26
6834 28
6835 16
6836 22
6837 18
6838 24
6839 18
6840 74
6841 24
6842 28
6843 24
6844 24
6845 16
6846 22
6847 22
6848 24
6849 16
6850 16
6851 32
6852 28
6853 22
6854 42
6855 26
6856 24
6857 40
6858 26
6859 22
6860 22
6861 20
6862 40
6863 22
6864 20
6865 30
6866 20
6867 22
6868 24
6869 22
6870 26
6871 18
6872 24
6873 28
6874 18
6875 26
6876 18
6877 22
6878 18
6879 26
6880 22
6881 20
6882 22
6883 22
6884 24
6885 26
6886 18
6887 22
6888 34
6889 22
6890 24
6891 18
6892 18
6893 24
6894 22
6895 26
6896 14
6897 16
6898 30
6899 20
6900 26
6901 34
6902 16
6903 24
6904 20
6905 16
6906 20
6907 24
6908 32
6909 30
6910 24
6911 28
6912 28
6913 26
6914 22
6915 22
6916 24
6917 22
6918 38
6919 20
6920 24
6921 50
6922 30
6923 26
6924 22
6925 24
6926 18
6927 20
6928 22
6929 26
6930 26
6931 18
6932 20
6933 26
6934 20
6935 22
6936 18
6937 20
6938 26
6939 22
6940 20
6941 20
6942 22
6943 14
6944 42
6945 30
6946 24
6947 18
6948 26
6949 20
6950 22
6951 22
6952 22
6953 14
6954 22
6955 24
6956 28
6957 20
6958 22
6959 24
6960 22
6961 20
6962 24
6963 16
6964 24
6965 24
6966 20
6967 18
6968 18
6969 18
6970 20
6971 22
6972 14
6973 22
6974 16
6975 22
6976 18
6977 24
6978 24
6979 18
6980 20
6981 28
6982 20
6983 24
6984 20
6985 16
6986 24
6987 16
6988 26
6989 18
6990 26
6991 22
6992 28
6993 24
6994 28
6995 16
6996 24
6997 26
6998 14
6999 24
7000 26
7001 14
7002 30
7003 22
7004 20
7005 22
7006 20
7007 24
7008 18
7009 44
7010 16
7011 26
7012 20
7013 14
7014 24
7015 20
7016 22
7017 26
7018 24
7019 20
7020 26
7021 22
7022 22
7023 16
7024 18
7025 18
7026 16
7027 18
7028 26
7029 18
7030 24
7031 16
7032 14
7033 24
7034 84
7035 22
7036 50
7037 26
7038 20
7039 26
7040 28
7041 32
7042 22
7043 32
7044 20
7045 34
7046 22
7047 30
7048 24
7049 62
7050 28
7051 30
7052 20
7053 26
7054 26
7055 30
7056 22
7057 28
7058 28
7059 20
7060 22
7061 20
7062 22
7063 20
7064 24
7065 24
7066 22
7067 16
7068 22
7069 16
7070 30
7071 22
7072 34
7073 24
7074 16
7075 22
7076 24
7077 36
7078 20
7079 24
7080 18
7081 18
7082 28
7083 22
7084 20
7085 22
7086 30
7087 28
7088 24
7089 24
7090 24
7091 26
7092 20
7093 16
7094 28
7095 24
7096 20
7097 20
7098 28
7099 24
7100 12
7101 24
7102 22
7103 28
7104 22
7105 28
7106 24
7107 22
7108 14
7109 20
7110 32
7111 24
7112 40
7113 26
7114 28
7115 22
7116 26
7117 22
7118 20
7119 20
7120 18
7121 22
7122 30
7123 24
7124 18
7125 22
7126 20
7127 26
7128 18
7129 22
7130 20
7131 20
7132 16
7133 26
7134 24
7135 24
7136 14
7137 12
7138 34
7139 26
7140 22
7141 22
7142 20
7143 26
7144 18
7145 22
7146 18
7147 20
7148 24
7149 20
7150 24
7151 24
7152 22
7153 26
7154 24
7155 16
7156 30
7157 20
7158 18
7159 22
7160 22
7161 22
7162 20
7163 22
7164 30
7165 16
7166 26
7167 20
7168 28
7169 26
7170 26
7171 26
7172 20
7173 28
7174 22
7175 24
7176 22
7177 22
7178 20
7179 28
7180 24
7181 22
7182 32
7183 26
7184 36
7185 14
7186 30
7187 22
7188 16
7189 22
7190 24
7191 28
7192 28
7193 16
7194 26
7195 26
7196 26
7197 62
7198 20
7199 24
7200 24
7201 34
7202 64
7203 28
7204 18
7205 18
7206 14
7207 22
7208 10
7209 26
7210 26
7211 20
7212 18
7213 16
7214 26
7215 28
7216 22
7217 16
7218 20
7219 18
7220 28
7221 18
7222 24
7223 20
7224 30
7225 32
7226 20
7227 28
7228 18
7229 16
7230 26
7231 20
7232 24
7233 24
7234 28
7235 34
7236 26
7237 18
7238 20
7239 24
7240 26
7241 24
7242 16
7243 28
7244 22
7245 24
7246 22
7247 20
7248 16
7249 18
7250 24
7251 20
7252 18
7253 24
7254 48
7255 16
7256 20
7257 26
7258 18
7259 18
7260 24
7261 22
7262 20
7263 16
7264 26
7265 26
7266 24
7267 18
7268 20
7269 24
7270 22
7271 16
7272 32
7273 20
7274 28
7275 30
7276 8
7277 26
7278 24
7279 40
7280 20
7281 22
7282 20
7283 18
7284 28
7285 26
7286 24
7287 20
7288 40
7289 18
7290 28
7291 20
7292 24
7293 20
7294 16
7295 18
7296 46
7297 14
7298 24
7299 14
7300 18
7301 32
7302 26
7303 24
7304 32
7305 20
7306 22
7307 26
7308 28
7309 22
7310 22
7311 18
7312 18
7313 26
7314 30
7315 22
7316 20
7317 30
7318 14
7319 18
7320 16
7321 30
7322 28
7323 22
7324 22
7325 32
7326 20
7327 22
7328 34
7329 42
7330 48
7331 14
7332 24
7333 14
7334 20
7335 24
7336 26
7337 18
7338 18
7339 18
7340 16
7341 22
7342 20
7343 20
7344 22
7345 18
7346 28
7347 28
7348 18
7349 20
7350 24
7351 32
7352 20
7353 24
7354 20
7355 32
7356 22
7357 36
7358 34
7359 28
7360 20
7361 20
7362 40
7363 24
7364 24
7365 26
7366 30
7367 16
7368 22
7369 22
7370 24
7371 24
7372 22
7373 22
7374 24
7375 22
7376 16
7377 26
7378 26
7379 20
7380 18
7381 24
7382 20
7383 26
7384 20
7385 24
7386 32
7387 26
7388 20
7389 26
7390 32
7391 22
7392 14
7393 20
7394 26
7395 16
7396 42
7397 16
7398 22
7399 26
7400 22
7401 20
7402 22
7403 26
7404 26
7405 16
7406 24
7407 18
7408 24
7409 14
7410 20
7411 18
7412 18
7413 18
7414 22
7415 18
7416 20
7417 20
7418 22
7419 22
7420 20
7421 16
7422 20
7423 26
7424 20
7425 14
7426 20
7427 18
7428 32
7429 26
7430 34
7431 22
7432 40
7433 20
7434 20
7435 20
7436 28
7437 18
7438 22
7439 24
7440 24
7441 14
7442 22
7443 18
7444 24
7445 24
7446 24
7447 26
7448 16
7449 28
7450 28
7451 20
7452 16
7453 24
7454 26
7455 16
7456 28
7457 20
7458 22
7459 18
7460 28
7461 22
7462 20
7463 28
7464 22
7465 30
7466 26
7467 24
7468 28
7469 26
7470 24
7471 32
7472 22
7473 18
7474 20
7475 26
7476 30
7477 20
7478 26
7479 22
7480 26
7481 28
7482 28
7483 24
7484 26
7485 16
7486 20
7487 24
7488 24
7489 28
7490 32
7491 20
7492 34
7493 20
7494 20
7495 18
7496 22
7497 22
7498 20
7499 24
7500 28
7501 22
7502 24
7503 30
7504 20
7505 22
7506 16
7507 24
7508 50
7509 52
7510 24
7511 20
7512 12
7513 40
7514 26
7515 28
7516 24
7517 26
7518 18
7519 20
7520 20
7521 24
7522 26
7523 24
7524 26
7525 22
7526 22
7527 26
7528 24
7529 26
7530 20
7531 34
7532 22
7533 24
7534 34
7535 32
7536 24
7537 22
7538 36
7539 20
7540 28
7541 24
7542 24
7543 24
7544 24
7545 24
7546 18
7547 22
7548 22
7549 22
7550 20
7551 22
7552 16
7553 18
7554 24
7555 18
7556 22
7557 24
7558 24
7559 20
7560 20
7561 42
7562 26
7563 22
7564 18
7565 20
7566 26
7567 22
7568 14
7569 22
7570 22
7571 14
7572 18
7573 22
7574 24
7575 22
7576 22
7577 22
7578 26
7579 22
7580 22
7581 28
7582 22
7583 26
7584 32
7585 24
7586 24
7587 20
7588 26
7589 20
7590 24
7591 20
7592 32
7593 44
7594 30
7595 26
7596 24
7597 32
7598 22
7599 28
7600 26
7601 42
7602 24
7603 18
7604 20
7605 18
7606 22
7607 26
7608 26
7609 20
7610 16
7611 20
7612 28
7613 24
7614 24
7615 34
7616 18
7617 24
7618 18
7619 18
7620 32
7621 46
7622 18
7623 22
7624 18
7625 30
7626 26
7627 30
7628 24
7629 28
7630 22
7631 30
7632 24
7633 22
7634 28
7635 18
7636 20
7637 20
7638 22
7639 18
7640 14
7641 24
7642 16
7643 18
7644 20
7645 28
7646 28
7647 20
7648 24
7649 22
7650 30
7651 18
7652 28
7653 24
7654 24
7655 26
7656 24
7657 28
7658 30
7659 20
7660 28
7661 26
7662 28
7663 24
7664 32
7665 18
7666 24
7667 30
7668 22
7669 28
7670 26
7671 26
7672 30
7673 22
7674 20
7675 20
7676 22
7677 18
7678 32
7679 20
7680 22
7681 28
7682 22
7683 20
7684 18
7685 16
7686 16
7687 20
7688 22
7689 30
7690 32
7691 22
7692 24
7693 32
7694 24
7695 26
7696 28
7697 34
7698 20
7699 28
7700 18
7701 30
7702 28
7703 24
7704 28
7705 32
7706 24
7707 26
7708 30
7709 30
7710 26
7711 18
7712 28
7713 22
7714 22
7715 26
7716 28
7717 26
7718 22
7719 24
7720 32
7721 28
7722 24
7723 28
7724 26
7725 20
7726 20
7727 24
7728 22
7729 16
7730 28
7731 20
7732 22
7733 20
7734 22
7735 24
7736 18
7737 22
7738 20
7739 28
7740 28
7741 24
7742 20
7743 26
7744 24
7745 22
7746 22
7747 24
7748 24
7749 16
7750 22
7751 16
7752 24
7753 18
7754 18
7755 20
7756 22
7757 20
7758 22
7759 40
7760 16
7761 22
7762 26
7763 22
7764 30
7765 22
7766 24
7767 24
7768 20
7769 18
7770 24
7771 16
7772 20
7773 24
7774 28
7775 18
7776 16
7777 22
7778 20
7779 22
7780 28
7781 18
7782 28
7783 20
7784 22
7785 18
7786 36
7787 16
7788 18
7789 22
7790 24
7791 28
7792 34
7793 24
7794 20
7795 20
7796 22
7797 26
7798 22
7799 28
7800 24
7801 26
7802 16
7803 24
7804 20
7805 20
7806 36
7807 20
7808 24
7809 22
7810 20
7811 24
7812 28
7813 16
7814 18
7815 20
7816 28
7817 22
7818 40
7819 22
7820 22
7821 28
7822 20
7823 16
7824 26
7825 30
7826 42
7827 22
7828 42
7829 24
7830 26
7831 26
7832 18
7833 14
7834 38
7835 20
7836 24
7837 28
7838 26
7839 22
7840 26
7841 24
7842 56
7843 22
7844 28
7845 24
7846 18
7847 16
7848 20
7849 26
7850 24
7851 26
7852 32
7853 26
7854 16
7855 24
7856 34
7857 24
7858 20
7859 24
7860 26
7861 42
7862 22
7863 22
7864 18
7865 20
7866 76
7867 28
7868 24
7869 26
7870 26
7871 28
7872 22
7873 26
7874 24
7875 24
7876 16
7877 30
7878 22
7879 32
7880 24
7881 28
7882 32
7883 20
7884 26
7885 18
7886 24
7887 30
7888 20
7889 18
7890 26
7891 18
7892 28
7893 28
7894 32
7895 20
7896 20
7897 22
7898 18
7899 28
7900 26
7901 22
7902 38
7903 22
7904 50
7905 30
7906 20
7907 20
7908 20
7909 22
7910 38
7911 28
7912 28
7913 14
7914 20
7915 20
7916 20
7917 24
7918 38
7919 24
7920 30
7921 24
7922 22
7923 22
7924 20
7925 32
7926 16
7927 22
7928 18
7929 16
7930 22
7931 18
7932 20
7933 18
7934 30
7935 22
7936 20
7937 18
7938 22
7939 24
7940 26
7941 18
7942 16
7943 16
7944 20
7945 26
7946 24
7947 44
7948 30
7949 26
7950 22
7951 14
7952 24
7953 22
7954 30
7955 18
7956 26
7957 18
7958 22
7959 28
7960 24
7961 20
7962 14
7963 46
7964 16
7965 22
7966 28
7967 16
7968 24
7969 24
7970 24
7971 24
7972 26
7973 20
7974 26
7975 18
7976 24
7977 14
7978 24
7979 20
7980 28
7981 20
7982 18
7983 18
7984 20
7985 22
7986 22
7987 30
7988 22
7989 22
7990 16
7991 20
7992 28
7993 14
7994 24
7995 28
7996 24
7997 36
7998 22
7999 36
8000 28
8001 22
8002 36
8003 30
8004 16
8005 24
8006 20
8007 18
8008 22
8009 28
8010 18
8011 18
8012 24
8013 22
8014 28
8015 20
8016 20
8017 28
8018 22
8019 18
8020 22
8021 30
8022 26
8023 24
8024 24
8025 18
8026 20
8027 24
8028 22
8029 24
8030 26
8031 22
8032 34
8033 20
8034 22
8035 18
8036 22
8037 28
8038 28
8039 18
8040 18
8041 24
8042 20
8043 40
8044 24
8045 24
8046 22
8047 20
8048 22
8049 56
8050 36
8051 36
8052 28
8053 18
8054 18
8055 32
8056 16
8057 20
8058 22
8059 22
8060 24
8061 22
8062 22
8063 20
8064 14
8065 18
8066 28
8067 18
8068 24
8069 28
8070 16
8071 22
8072 22
8073 26
8074 28
8075 20
8076 24
8077 30
8078 18
8079 28
8080 22
8081 20
8082 16
8083 28
8084 24
8085 14
8086 50
8087 30
8088 26
8089 30
8090 26
8091 26
8092 28
8093 24
8094 46
8095 20
8096 22
8097 22
8098 26
8099 16
8100 28
8101 14
8102 16
8103 18
8104 18
8105 20
8106 24
8107 26
8108 22
8109 24
8110 16
8111 24
8112 20
8113 22
8114 20
8115 22
8116 30
8117 26
8118 24
8119 24
8120 22
8121 16
8122 22
8123 20
8124 26
8125 22
8126 18
8127 22
8128 14
8129 28
8130 24
8131 26
8132 44
8133 20
8134 40
8135 42
8136 22
8137 28
8138 34
8139 18
8140 18
8141 26
8142 18
8143 20
8144 38
8145 20
8146 20
8147 24
8148 40
8149 20
8150 24
8151 30
8152 22
8153 24
8154 20
8155 28
8156 16
8157 20
8158 20
8159 20
8160 26
8161 24
8162 26
8163 32
8164 26
8165 22
8166 26
8167 22
8168 22
8169 18
8170 32
8171 26
8172 18
8173 20
8174 24
8175 26
8176 28
8177 22
8178 26
8179 24
8180 18
8181 34
8182 26
8183 28
8184 26
8185 32
8186 24
8187 24
8188 18
8189 32
8190 22
8191 24
8192 24
8193 32
8194 24
8195 28
8196 28
8197 32
8198 22
8199 30
8200 20
8201 24
8202 22
8203 34
8204 18
8205 28
8206 22
8207 20
8208 22
8209 20
8210 26
8211 22
8212 22
8213 22
8214 26
8215 30
8216 40
8217 18
8218 26
8219 22
8220 22
8221 26
8222 22
8223 18
8224 22
8225 20
8226 22
8227 20
8228 28
8229 22
8230 30
8231 20
8232 18
8233 22
8234 22
8235 18
8236 24
8237 20
8238 28
8239 18
8240 24
8241 24
8242 18
8243 24
8244 26
8245 28
8246 16
8247 30
8248 18
8249 14
8250 22
8251 26
8252 22
8253 18
8254 20
8255 18
8256 26
8257 22
8258 30
8259 20
8260 12
8261 30
8262 20
8263 26
8264 22
8265 20
8266 24
8267 20
8268 28
8269 22
8270 26
8271 26
8272 24
8273 22
8274 26
8275 24
8276 16
8277 26
8278 80
8279 28
8280 18
8281 24
8282 20
8283 16
8284 22
8285 24
8286 26
8287 22
8288 30
8289 22
8290 14
8291 30
8292 16
8293 28
8294 30
8295 24
8296 20
8297 14
8298 22
8299 16
8300 22
8301 24
8302 26
8303 24
8304 18
8305 26
8306 16
8307 28
8308 26
8309 22
8310 20
8311 20
8312 22
8313 22
8314 32
8315 22
8316 30
8317 20
8318 26
8319 18
8320 22
8321 24
8322 26
8323 22
8324 12
8325 22
8326 16
8327 32
8328 20
8329 34
8330 24
8331 34
8332 26
8333 34
8334 30
8335 24
8336 20
8337 40
8338 24
8339 22
8340 22
8341 30
8342 22
8343 26
8344 34
8345 28
8346 20
8347 26
8348 24
8349 22
8350 20
8351 20
8352 26
8353 16
8354 24
8355 24
8356 42
8357 32
8358 22
8359 18
8360 22
8361 22
8362 22
8363 28
8364 22
8365 24
8366 24
8367 12
8368 20
8369 32
8370 22
8371 22
8372 16
8373 28
8374 22
8375 26
8376 20
8377 24
8378 26
8379 22
8380 24
8381 36
8382 20
8383 50
8384 38
8385 22
8386 20
8387 16
8388 28
8389 24
8390 22
8391 20
8392 22
8393 22
8394 18
8395 20
8396 20
8397 24
8398 28
8399 26
8400 16
8401 24
8402 16
8403 28
8404 24
8405 22
8406 22
8407 22
8408 26
8409 22
8410 18
8411 12
8412 24
8413 26
8414 22
8415 16
8416 22
8417 18
8418 20
8419 24
8420 18
8421 24
8422 30
8423 24
8424 26
8425 20
8426 22
8427 20
8428 24
8429 18
8430 16
8431 16
8432 16
8433 30
8434 18
8435 22
8436 26
8437 22
8438 16
8439 30
8440 22
8441 18
8442 18
8443 20
8444 22
8445 24
8446 18
8447 22
8448 22
8449 40
8450 24
8451 20
8452 22
8453 26
8454 20
8455 20
8456 24
8457 22
8458 18
8459 26
8460 22
8461 26
8462 16
8463 24
8464 26
8465 20
8466 20
8467 20
8468 34
8469 16
8470 16
8471 18
8472 18
8473 22
8474 30
8475 18
8476 12
8477 18
8478 16
8479 36
8480 28
8481 28
8482 24
8483 28
8484 18
8485 28
8486 34
8487 30
8488 26
8489 40
8490 20
8491 22
8492 26
8493 24
8494 34
8495 28
8496 28
8497 42
8498 30
8499 22
8500 22
8501 26
8502 20
8503 20
8504 30
8505 28
8506 26
8507 24
8508 18
8509 26
8510 22
8511 22
8512 20
8513 32
8514 42
8515 26
8516 24
8517 14
8518 26
8519 30
8520 32
8521 26
8522 28
8523 32
8524 24
8525 18
8526 20
8527 22
8528 24
8529 18
8530 26
8531 24
8532 24
8533 16
8534 14
8535 26
8536 22
8537 18
8538 22
8539 22
8540 26
8541 20
8542 26
8543 24
8544 24
8545 18
8546 18
8547 22
8548 20
8549 22
8550 14
8551 18
8552 16
8553 66
8554 26
8555 22
8556 28
8557 30
8558 24
8559 28
8560 30
8561 30
8562 28
8563 24
8564 30
8565 28
8566 32
8567 32
8568 18
8569 24
8570 30
8571 26
8572 20
8573 26
8574 34
8575 30
8576 22
8577 24
8578 26
8579 24
8580 22
8581 58
8582 22
8583 20
8584 26
8585 20
8586 24
8587 28
8588 30
8589 14
8590 24
8591 24
8592 16
8593 20
8594 28
8595 12
8596 30
8597 20
8598 28
8599 36
8600 26
8601 30
8602 16
8603 22
8604 18
8605 22
8606 26
8607 22
8608 20
8609 18
8610 24
8611 24
8612 26
8613 20
8614 16
8615 24
8616 22
8617 16
8618 20
8619 22
8620 20
8621 24
8622 18
8623 22
8624 22
8625 26
8626 20
8627 24
8628 24
8629 28
8630 18
8631 26
8632 20
8633 14
8634 16
8635 28
8636 28
8637 22
8638 34
8639 34
8640 30
8641 28
8642 24
8643 22
8644 28
8645 18
8646 24
8647 22
8648 38
8649 22
8650 20
8651 20
8652 18
8653 14
8654 24
8655 26
8656 24
8657 20
8658 28
8659 20
8660 16
8661 20
8662 20
8663 22
8664 20
8665 30
8666 24
8667 46
8668 22
8669 24
8670 26
8671 14
8672 22
8673 28
8674 14
8675 18
8676 28
8677 28
8678 40
8679 20
8680 44
8681 28
8682 36
8683 26
8684 18
8685 20
8686 38
8687 18
8688 36
8689 24
8690 28
8691 22
8692 24
8693 30
8694 22
8695 28
8696 24
8697 14
8698 46
8699 24
8700 32
8701 26
8702 32
8703 24
8704 20
8705 34
8706 28
8707 24
8708 26
8709 18
8710 30
8711 30
8712 26
8713 28
8714 26
8715 22
8716 20
8717 22
8718 30
8719 20
8720 22
8721 28
8722 28
8723 12
8724 30
8725 36
8726 32
8727 28
8728 24
8729 32
8730 34
8731 24
8732 32
8733 32
8734 24
8735 24
8736 20
8737 20
8738 26
8739 22
8740 26
8741 26
8742 18
8743 56
8744 18
8745 18
8746 16
8747 18
8748 22
8749 22
8750 26
8751 24
8752 20
8753 30
8754 16
8755 28
8756 26
8757 22
8758 28
8759 26
8760 28
8761 20
8762 24
8763 26
8764 26
8765 16
8766 66
8767 26
8768 24
8769 20
8770 16
8771 24
8772 24
8773 36
8774 20
8775 28
8776 24
8777 22
8778 16
8779 24
8780 14
8781 22
8782 24
8783 24
8784 22
8785 26
8786 18
8787 20
8788 24
8789 20
8790 22
8791 20
8792 20
8793 34
8794 28
8795 18
8796 48
8797 26
8798 28
8799 44
8800 38
8801 24
8802 30
8803 20
8804 20
8805 18
8806 24
8807 22
8808 14
8809 26
8810 24
8811 24
8812 22
8813 18
8814 24
8815 26
8816 18
8817 22
8818 20
8819 22
8820 18
8821 16
8822 24
8823 22
8824 26
8825 24
8826 16
8827 20
8828 20
8829 22
8830 18
8831 20
8832 22
8833 16
8834 30
8835 24
8836 24
8837 24
8838 12
8839 24
8840 28
8841 34
8842 24
8843 28
8844 20
8845 18
8846 28
8847 28
8848 20
8849 34
8850 20
8851 20
8852 24
8853 18
8854 16
8855 30
8856 26
8857 28
8858 22
8859 30
8860 24
8861 38
8862 16
8863 34
8864 26
8865 44
8866 18
8867 20
8868 26
8869 28
8870 22
8871 20
8872 18
8873 20
8874 20
8875 28
8876 30
8877 26
8878 28
8879 26
8880 18
8881 22
8882 22
8883 18
8884 20
8885 26
8886 28
8887 22
8888 20
8889 20
8890 26
8891 20
8892 24
8893 26
8894 24
8895 22
8896 30
8897 22
8898 20
8899 22
8900 38
8901 38
8902 18
8903 22
8904 18
8905 24
8906 30
8907 22
8908 22
8909 16
8910 18
8911 18
8912 24
8913 20
8914 22
8915 22
8916 22
8917 32
8918 20
8919 20
8920 26
8921 14
8922 18
8923 24
8924 22
8925 22
8926 32
8927 24
8928 20
8929 26
8930 26
8931 22
8932 24
8933 20
8934 24
8935 22
8936 20
8937 20
8938 22
8939 18
8940 28
8941 18
8942 16
8943 18
8944 26
8945 22
8946 20
8947 22
8948 18
8949 20
8950 24
8951 24
8952 18
8953 20
8954 22
8955 26
8956 26
8957 28
8958 28
8959 36
8960 22
8961 24
8962 22
8963 32
8964 22
8965 24
8966 16
8967 28
8968 22
8969 30
8970 24
8971 34
8972 30
8973 30
8974 26
8975 18
8976 22
8977 18
8978 20
8979 20
8980 28
8981 24
8982 18
8983 22
8984 18
8985 20
8986 22
8987 18
8988 16
8989 20
8990 16
8991 26
8992 16
8993 28
8994 36
8995 18
8996 30
8997 20
8998 36
8999 22
9000 26
9001 16
9002 38
9003 24
9004 38
9005 16
9006 20
9007 24
9008 48
9009 28
9010 24
9011 46
9012 28
9013 24
9014 28
9015 32
9016 24
9017 24
9018 26
9019 32
9020 20
9021 18
9022 28
9023 26
9024 26
9025 28
9026 30
9027 16
9028 20
9029 28
9030 28
9031 24
9032 24
9033 24
9034 16
9035 22
9036 28
9037 30
9038 24
9039 28
9040 14
9041 18
9042 28
9043 12
9044 22
9045 30
9046 24
9047 64
9048 30
9049 28
9050 28
9051 26
9052 18
9053 26
9054 18
9055 26
9056 22
9057 20
9058 18
9059 28
9060 20
9061 24
9062 28
9063 26
9064 26
9065 16
9066 20
9067 18
9068 16
9069 22
9070 22
9071 20
9072 44
9073 30
9074 24
9075 40
9076 34
9077 20
9078 28
9079 16
9080 24
9081 22
9082 20
9083 26
9084 22
9085 18
9086 20
9087 18
9088 16
9089 22
9090 16
9091 22
9092 24
9093 22
9094 20
9095 16
9096 24
9097 24
9098 22
9099 22
9100 32
9101 26
9102 24
9103 20
9104 20
9105 20
9106 26
9107 34
9108 26
9109 22
9110 30
9111 12
9112 28
9113 46
9114 24
9115 24
9116 28
9117 22
9118 24
9119 24
9120 36
9121 20
9122 34
9123 24
9124 36
9125 22
9126 24
9127 28
9128 24
9129 28
9130 24
9131 30
9132 22
9133 18
9134 30
9135 28
9136 20
9137 16
9138 20
9139 18
9140 20
9141 22
9142 20
9143 22
9144 18
9145 44
9146 18
9147 22
9148 36
9149 20
9150 22
9151 20
9152 30
9153 28
9154 20
9155 22
9156 22
9157 22
9158 16
9159 24
9160 18
9161 22
9162 20
9163 42
9164 28
9165 32
9166 20
9167 30
9168 22
9169 18
9170 18
9171 28
9172 36
9173 18
9174 22
9175 20
9176 20
9177 20
9178 26
9179 22
9180 18
9181 16
9182 22
9183 26
9184 26
9185 26
9186 26
9187 30
9188 24
9189 30
9190 18
9191 20
9192 36
9193 18
9194 16
9195 22
9196 28
9197 22
9198 32
9199 24
9200 22
9201 20
9202 20
9203 26
9204 34
9205 18
9206 20
9207 12
9208 24
9209 24
9210 24
9211 44
9212 26
9213 24
9214 22
9215 34
9216 28
9217 16
9218 24
9219 16
9220 26
9221 30
9222 30
9223 36
9224 18
9225 28
9226 18
9227 26
9228 22
9229 22
9230 26
9231 24
9232 22
9233 18
9234 20
9235 20
9236 26
9237 20
9238 18
9239 16
9240 26
9241 24
9242 64
9243 14
9244 22
9245 22
9246 16
9247 18
9248 36
9249 24
9250 20
9251 30
9252 14
9253 18
9254 18
9255 44
9256 40
9257 38
9258 32
9259 26
9260 36
9261 34
9262 26
9263 28
9264 18
9265 28
9266 30
9267 18
9268 20
9269 24
9270 30
9271 28
9272 26
9273 20
9274 28
9275 32
9276 22
9277 46
9278 32
9279 32
9280 24
9281 24
9282 18
9283 52
9284 22
9285 26
9286 24
9287 24
9288 24
9289 22
9290 22
9291 24
9292 22
9293 28
9294 22
9295 14
9296 28
9297 24
9298 18
9299 22
9300 26
9301 30
9302 22
9303 22
9304 24
9305 28
9306 22
9307 22
9308 22
9309 22
9310 24
9311 24
9312 26
9313 22
9314 14
9315 24
9316 26
9317 44
9318 24
9319 20
9320 16
9321 22
9322 18
9323 24
9324 26
9325 22
9326 28
9327 22
9328 28
9329 22
9330 20
9331 22
9332 26
9333 32
9334 20
9335 28
9336 20
9337 22
9338 16
9339 22
9340 26
9341 26
9342 26
9343 18
9344 20
9345 24
9346 14
9347 32
9348 30
9349 18
9350 28
9351 28
9352 32
9353 22
9354 30
9355 18
9356 38
9357 24
9358 46
9359 18
9360 30
9361 30
9362 20
9363 28
9364 20
9365 18
9366 16
9367 20
9368 34
9369 18
9370 22
9371 22
9372 28
9373 28
9374 20
9375 28
9376 24
9377 22
9378 18
9379 50
9380 34
9381 30
9382 28
9383 32
9384 26
9385 24
9386 28
9387 38
9388 34
9389 40
9390 36
9391 26
9392 28
9393 22
9394 20
9395 24
9396 22
9397 12
9398 40
9399 24
9400 26
9401 22
9402 22
9403 28
9404 26
9405 28
9406 26
9407 24
9408 48
9409 24
9410 26
9411 18
9412 24
9413 24
9414 22
9415 26
9416 18
9417 16
9418 20
9419 20
9420 26
9421 26
9422 18
9423 24
9424 20
9425 26
9426 20
9427 14
9428 30
9429 30
9430 12
9431 56
9432 20
9433 14
9434 26
9435 20
9436 22
9437 20
9438 24
9439 28
9440 22
9441 30
9442 22
9443 20
9444 24
9445 28
9446 28
9447 22
9448 14
9449 26
9450 22
9451 34
9452 16
9453 20
9454 22
9455 20
9456 14
9457 16
9458 20
9459 18
9460 18
9461 22
9462 22
9463 16
9464 20
9465 26
9466 26
9467 20
9468 18
9469 20
9470 24
9471 18
9472 24
9473 32
9474 22
9475 22
9476 24
9477 28
9478 26
9479 22
9480 22
9481 22
9482 14
9483 30
9484 30
9485 28
9486 20
9487 30
9488 16
9489 26
9490 22
9491 14
9492 22
9493 28
9494 20
9495 26
9496 22
9497 18
9498 30
9499 22
9500 28
9501 16
9502 24
9503 22
9504 20
9505 16
9506 18
9507 28
9508 32
9509 24
9510 16
9511 26
9512 16
9513 26
9514 22
9515 28
9516 18
9517 38
9518 46
9519 30
9520 22
9521 26
9522 18
9523 16
9524 16
9525 20
9526 18
9527 20
9528 18
9529 18
9530 18
9531 26
9532 18
9533 18
9534 16
9535 20
9536 30
9537 24
9538 28
9539 20
9540 20
9541 30
9542 32
9543 18
9544 26
9545 24
9546 20
9547 26
9548 18
9549 30
9550 26
9551 26
9552 28
9553 24
9554 32
9555 20
9556 32
9557 30
9558 24
9559 24
9560 22
9561 24
9562 44
9563 28
9564 24
9565 30
9566 20
9567 18
9568 28
9569 26
9570 14
9571 26
9572 26
9573 24
9574 24
9575 24
9576 22
9577 28
9578 24
9579 36
9580 22
9581 22
9582 12
9583 24
9584 22
9585 20
9586 24
9587 20
9588 26
9589 28
9590 26
9591 20
9592 26
9593 22
9594 22
9595 26
9596 28
9597 20
9598 22
9599 24
9600 70
9601 18
9602 26
9603 24
9604 16
9605 18
9606 26
9607 26
9608 40
9609 30
9610 12
9611 22
9612 20
9613 28
9614 26
9615 22
9616 30
9617 20
9618 24
9619 44
9620 24
9621 26
9622 12
9623 28
9624 22
9625 22
9626 28
9627 14
9628 24
9629 22
9630 28
9631 24
9632 22
9633 22
9634 22
9635 24
9636 44
9637 22
9638 26
9639 26
9640 26
9641 20
9642 22
9643 20
9644 18
9645 28
9646 20
9647 32
9648 16
9649 20
9650 22
9651 24
9652 26
9653 22
9654 24
9655 20
9656 22
9657 28
9658 24
9659 22
9660 18
9661 38
9662 26
9663 14
9664 16
9665 26
9666 22
9667 22
9668 26
9669 36
9670 14
9671 28
9672 40
9673 22
9674 18
9675 48
9676 18
9677 24
9678 30
9679 28
9680 22
9681 28
9682 50
9683 22
9684 18
9685 20
9686 32
9687 38
9688 22
9689 52
9690 42
9691 22
9692 32
9693 22
9694 42
9695 24
9696 20
9697 38
9698 24
9699 38
9700 26
9701 36
9702 26
9703 30
9704 28
9705 34
9706 24
9707 30
9708 32
9709 22
9710 28
9711 28
9712 24
9713 26
9714 16
9715 24
9716 24
9717 26
9718 22
9719 24
9720 36
9721 24
9722 20
9723 28
9724 18
9725 24
9726 22
9727 30
9728 20
9729 28
9730 24
9731 30
9732 22
9733 20
9734 30
9735 24
9736 28
9737 42
9738 22
9739 24
9740 26
9741 44
9742 26
9743 22
9744 30
9745 38
9746 22
9747 26
9748 24
9749 34
9750 24
9751 32
9752 26
9753 16
9754 28
9755 26
9756 28
9757 24
9758 24
9759 24
9760 24
9761 26
9762 24
9763 20
9764 28
9765 36
9766 20
9767 20
9768 18
9769 16
9770 20
9771 26
9772 14
9773 20
9774 46
9775 28
9776 34
9777 22
9778 20
9779 20
9780 30
9781 14
9782 26
9783 18
9784 22
9785 16
9786 18
9787 20
9788 24
9789 22
9790 34
9791 24
9792 16
9793 38
9794 32
9795 18
9796 16
9797 22
9798 22
9799 28
9800 24
9801 26
9802 20
9803 20
9804 24
9805 24
9806 22
9807 28
9808 22
9809 22
9810 22
9811 18
9812 26
9813 22
9814 24
9815 18
9816 18
9817 26
9818 40
9819 24
9820 26
9821 22
9822 18
9823 30
9824 18
9825 20
9826 22
9827 26
9828 28
9829 18
9830 28
9831 24
9832 28
9833 26
9834 22
9835 20
9836 26
9837 28
9838 20
9839 28
9840 26
9841 24
9842 28
9843 28
9844 24
9845 20
9846 16
9847 26
9848 22
9849 34
9850 26
9851 34
9852 50
9853 28
9854 30
9855 32
9856 32
9857 28
9858 26
9859 24
9860 30
9861 20
9862 26
9863 28
9864 30
9865 24
9866 20
9867 24
9868 18
9869 30
9870 32
9871 20
9872 22
9873 12
9874 22
9875 26
9876 24
9877 20
9878 28
9879 22
9880 24
9881 26
9882 20
9883 38
9884 20
9885 28
9886 24
9887 28
9888 32
9889 26
9890 34
9891 30
9892 22
9893 40
9894 32
9895 14
9896 42
9897 32
9898 24
9899 28
9900 32
9901 18
9902 32
9903 20
9904 28
9905 10
9906 30
9907 32
9908 22
9909 22
9910 26
9911 28
9912 22
9913 18
9914 28
9915 26
9916 24
9917 22
9918 36
9919 22
9920 24
9921 28
9922 38
9923 22
9924 24
9925 18
9926 20
9927 32
9928 28
9929 26
9930 26
9931 20
9932 28
9933 18
9934 26
9935 20
9936 28
9937 28
9938 20
9939 22
9940 26
9941 28
9942 26
9943 22
9944 20
9945 32
9946 16
9947 34
9948 16
9949 24
9950 22
9951 20
9952 20
9953 18
9954 18
9955 18
9956 28
9957 18
9958 30
9959 30
9960 26
9961 30
9962 24
9963 28
9964 20
9965 24
9966 28
9967 32
9968 30
9969 22
9970 24
9971 26
9972 26
9973 24
9974 24
9975 28
9976 24
9977 32
9978 18
9979 32
9980 24
9981 24
9982 54
9983 20
9984 22
9985 28
9986 26
9987 20
9988 26
9989 24
9990 20
9991 22
9992 28
9993 18
9994 28
9995 14
9996 18
9997 24
9998 40
9999 14
10000 26
10001 26
10002 20
10003 38
10004 34
10005 84
10006 22
10007 20
10008 18
10009 22
10010 26
10011 14
10012 26
10013 26
10014 22
10015 30
10016 26
10017 40
10018 22
10019 24
10020 18
10021 24
10022 18
10023 14
10024 16
10025 26
10026 22
10027 40
10028 24
10029 56
10030 46
10031 50
10032 18
10033 24
10034 22
10035 32
10036 14
10037 24
10038 16
10039 24
10040 16
10041 44
10042 32
10043 22
10044 26
10045 24
10046 22
10047 52
10048 28
10049 54
10050 14
10051 20
10052 18
10053 26
10054 22
10055 20
10056 16
10057 22
10058 24
10059 22
10060 22
10061 28
10062 20
10063 26
10064 24
10065 22
10066 24
10067 28
10068 30
10069 22
10070 26
10071 30
10072 26
10073 18
10074 22
10075 24
10076 20
10077 24
10078 20
10079 16
10080 28
10081 20
10082 20
10083 24
10084 34
10085 18
10086 16
10087 44
10088 22
10089 22
10090 22
10091 32
10092 24
10093 26
10094 18
10095 18
10096 22
10097 24
10098 36
10099 26
