100 18
101 23
102 20
103 17
104 20
105 19
106 19
107 21
108 17
109 26
110 25
111 28
112 26
113 16
114 13
115 20
116 14
117 19
118 13
119 23
120 26
121 20
122 11
123 29
124 17
125 17
126 25
127 31
128 32
129 20
130 8
131 20
132 8
133 20
134 24
135 14
136 14
137 20
138 26
139 14
140 17
141 23
142 17
143 23
144 17
145 20
146 17
147 23
148 14
149 23
150 23
151 14
152 26
153 17
154 17
155 17
156 20
157 23
158 30
159 15
160 24
161 17
162 19
163 14
164 17
165 17
166 20
167 17
168 17
169 20
170 19
171 17
172 14
173 23
174 20
175 17
176 20
177 17
178 29
179 23
180 21
181 22
182 20
183 17
184 20
185 23
186 26
187 17
188 19
189 23
190 35
191 14
192 17
193 14
194 13
195 20
196 23
197 14
198 23
199 20
200 22
201 20
202 14
203 23
204 25
205 11
206 14
207 11
208 28
209 26
210 20
211 16
212 17
213 27
214 17
215 20
216 17
217 17
218 23
219 17
220 22
221 26
222 17
223 20
224 17
225 23
226 11
227 19
228 20
229 23
230 14
231 21
232 14
233 14
234 22
235 23
236 23
237 20
238 17
239 17
240 25
241 25
242 23
243 14
244 27
245 27
246 23
247 11
248 38
249 17
250 25
251 20
252 31
253 22
254 27
255 22
256 30
257 26
258 17
259 17
260 24
261 14
262 32
263 17
264 25
265 23
266 20
267 23
268 19
269 20
270 23
271 20
272 20
273 19
274 24
275 26
276 20
277 20
278 19
279 39
280 22
281 24
282 19
283 20
284 16
285 33
286 23
287 35
288 26
289 20
290 15
291 36
292 19
293 24
294 34
295 37
296 14
297 23
298 25
299 25
300 17
301 19
302 27
303 17
304 19
305 20
306 20
307 20
308 19
309 23
310 16
311 14
312 28
313 20
314 19
315 20
316 20
317 20
318 23
319 8
320 23
321 20
322 20
323 28
324 16
325 17
326 22
327 20
328 20
329 20
330 23
331 23
332 24
333 21
334 23
335 22
336 25
337 23
338 14
339 28
340 16
341 20
342 14
343 17
344 17
345 20
346 20
347 14
348 17
349 17
350 22
351 23
352 20
353 20
354 17
355 20
356 26
357 23
358 11
359 26
360 17
361 23
362 51
363 20
364 20
365 20
366 14
367 20
368 20
369 27
370 20
371 31
372 19
373 35
374 42
375 38
376 23
377 14
378 17
379 14
380 23
381 26
382 20
383 28
384 23
385 23
386 14
387 20
388 23
389 29
390 27
391 8
392 23
393 25
394 40
395 23
396 17
397 16
398 23
399 26
400 20
401 19
402 32
403 22
404 17
405 23
406 23
407 20
408 26
409 23
410 20
411 25
412 23
413 22
414 23
415 26
416 26
417 23
418 26
419 21
420 34
421 33
422 38
423 30
424 29
425 28
426 29
427 25
428 26
429 26
430 14
431 26
432 20
433 19
434 20
435 18
436 22
437 22
438 25
439 25
440 29
441 13
442 25
443 23
444 23
445 26
446 23
447 32
448 24
449 59
450 19
451 28
452 25
453 20
454 17
455 33
456 19
457 14
458 23
459 28
460 20
461 45
462 27
463 23
464 30
465 28
466 40
467 20
468 25
469 17
470 32
471 31
472 27
473 23
474 32
475 21
476 23
477 24
478 33
479 25
480 30
481 20
482 23
483 27
484 25
485 25
486 28
487 24
488 22
489 24
490 27
491 23
492 25
493 21
494 26
495 16
496 22
497 23
498 23
499 23
500 29
501 24
502 22
503 33
504 22
505 28
506 33
507 26
508 28
509 23
510 23
511 25
512 20
513 17
514 20
515 23
516 20
517 23
518 14
519 26
520 11
521 17
522 26
523 20
524 23
525 22
526 20
527 14
528 31
529 23
530 43
531 29
532 23
533 22
534 24
535 17
536 31
537 20
538 20
539 20
540 72
541 28
542 23
543 24
544 20
545 20
546 22
547 14
548 25
549 20
550 34
551 20
552 20
553 28
554 31
555 17
556 20
557 32
558 17
559 28
560 14
561 20
562 29
563 17
564 22
565 27
566 23
567 26
568 16
569 26
570 14
571 26
572 20
573 23
574 14
575 20
576 17
577 32
578 29
579 31
580 23
581 20
582 25
583 26
584 22
585 23
586 37
587 28
588 17
589 20
590 29
591 29
592 23
593 20
594 20
595 14
596 26
597 20
598 29
599 23
600 16
601 23
602 20
603 30
604 29
605 20
606 28
607 34
608 20
609 27
610 23
611 19
612 23
613 13
614 46
615 29
616 20
617 20
618 27
619 22
620 25
621 23
622 19
623 23
624 26
625 26
626 34
627 26
628 28
629 19
630 23
631 23
632 32
633 17
634 26
635 27
636 34
637 19
638 20
639 13
640 25
641 34
642 17
643 29
644 20
645 35
646 19
647 20
648 32
649 17
650 20
651 23
652 28
653 24
654 40
655 29
656 24
657 22
658 33
659 25
660 20
661 34
662 23
663 16
664 20
665 13
666 45
667 23
668 17
669 26
670 20
671 25
672 36
673 20
674 23
675 25
676 17
677 17
678 22
679 20
680 17
681 27
682 19
683 21
684 20
685 23
686 26
687 25
688 20
689 26
690 20
691 14
692 26
693 26
694 17
695 23
696 20
697 39
698 26
699 26
700 20
701 35
702 14
703 38
704 26
705 23
706 32
707 20
708 17
709 20
710 29
711 40
712 24
713 25
714 31
715 20
716 23
717 25
718 22
719 31
720 28
721 16
722 35
723 22
724 35
725 25
726 17
727 20
728 32
729 17
730 20
731 20
732 20
733 25
734 20
735 26
736 29
737 20
738 21
739 29
740 26
741 22
742 23
743 20
744 22
745 28
746 39
747 26
748 36
749 29
750 25
751 31
752 26
753 26
754 29
755 17
756 16
757 17
758 17
759 24
760 17
761 29
762 28
763 29
764 29
765 32
766 23
767 11
768 30
769 23
770 20
771 20
772 36
773 27
774 32
775 26
776 20
777 10
778 19
779 29
780 37
781 23
782 24
783 28
784 20
785 29
786 28
787 31
788 26
789 23
790 20
791 26
792 25
793 26
794 28
795 25
796 29
797 23
798 26
799 26
800 32
801 23
802 18
803 25
804 34
805 25
806 17
807 26
808 20
809 22
810 30
811 24
812 19
813 31
814 24
815 23
816 22
817 19
818 26
819 33
820 17
821 35
822 19
823 29
824 37
825 23
826 17
827 40
828 26
829 26
830 17
831 20
832 20
833 25
834 23
835 17
836 20
837 28
838 30
839 23
840 26
841 17
842 27
843 22
844 28
845 23
846 32
847 19
848 20
849 41
850 23
851 31
852 23
853 20
854 30
855 26
856 31
857 23
858 21
859 22
860 34
861 25
862 20
863 17
864 26
865 15
866 17
867 11
868 17
869 20
870 26
871 29
872 34
873 26
874 23
875 20
876 23
877 30
878 28
879 23
880 19
881 26
882 23
883 20
884 26
885 30
886 20
887 19
888 20
889 36
890 11
891 14
892 19
893 23
894 25
895 35
896 11
897 23
898 26
899 26
900 31
901 35
902 32
903 29
904 14
905 37
906 29
907 22
908 31
909 30
910 29
911 23
912 33
913 23
914 23
915 17
916 26
917 14
918 20
919 17
920 20
921 27
922 26
923 27
924 14
925 20
926 14
927 25
928 32
929 36
930 25
931 25
932 29
933 26
934 23
935 32
936 23
937 18
938 34
939 22
940 23
941 23
942 21
943 20
944 24
945 17
946 41
947 26
948 26
949 20
950 26
951 20
952 28
953 17
954 24
955 14
956 32
957 27
958 27
959 32
960 30
961 28
962 27
963 38
964 24
965 45
966 40
967 29
968 27
969 24
970 20
971 23
972 28
973 23
974 30
975 17
976 37
977 20
978 23
979 25
980 28
981 22
982 24
983 27
984 17
985 19
986 23
987 20
988 26
989 26
990 20
991 25
992 28
993 32
994 38
995 30
996 24
997 20
998 24
999 22
1000 26
1001 17
1002 32
1003 28
1004 45
1005 20
1006 28
1007 29
1008 22
1009 21
1010 20
1011 26
1012 29
1013 29
1014 27
1015 33
1016 27
1017 35
1018 8
1019 27
1020 23
1021 32
1022 17
1023 23
1024 26
1025 19
1026 14
1027 17
1028 36
1029 28
1030 23
1031 35
1032 27
1033 23
1034 13
1035 33
1036 25
1037 30
1038 36
1039 23
1040 20
1041 23
1042 26
1043 8
1044 29
1045 17
1046 23
1047 25
1048 34
1049 20
1050 30
1051 23
1052 31
1053 20
1054 20
1055 31
1056 25
1057 20
1058 26
1059 19
1060 20
1061 29
1062 22
1063 17
1064 32
1065 22
1066 26
1067 49
1068 20
1069 17
1070 39
1071 23
1072 28
1073 17
1074 22
1075 27
1076 20
1077 26
1078 48
1079 20
1080 11
1081 22
1082 26
1083 46
1084 25
1085 22
1086 28
1087 37
1088 24
1089 40
1090 20
1091 37
1092 38
1093 56
1094 53
1095 23
1096 32
1097 28
1098 23
1099 23
1100 25
1101 32
1102 23
1103 26
1104 35
1105 26
1106 25
1107 36
1108 33
1109 28
1110 42
1111 31
1112 22
1113 24
1114 30
1115 23
1116 28
1117 36
1118 23
1119 23
1120 29
1121 31
1122 35
1123 27
1124 27
1125 25
1126 17
1127 21
1128 29
1129 35
1130 29
1131 23
1132 23
1133 31
1134 26
1135 17
1136 34
1137 20
1138 30
1139 26
1140 25
1141 38
1142 36
1143 28
1144 21
1145 51
1146 28
1147 26
1148 26
1149 21
1150 25
1151 17
1152 44
1153 26
1154 29
1155 17
1156 28
1157 27
1158 17
1159 34
1160 26
1161 26
1162 23
1163 23
1164 26
1165 23
1166 23
1167 20
1168 17
1169 25
1170 24
1171 19
1172 28
1173 27
1174 34
1175 20
1176 23
1177 23
1178 23
1179 22
1180 17
1181 33
1182 28
1183 28
1184 30
1185 20
1186 49
1187 28
1188 29
1189 17
1190 19
1191 30
1192 30
1193 24
1194 38
1195 33
1196 41
1197 29
1198 17
1199 26
1200 20
1201 25
1202 40
1203 29
1204 17
1205 17
1206 29
1207 23
1208 29
1209 23
1210 20
1211 26
1212 26
1213 17
1214 23
1215 32
1216 19
1217 28
1218 26
1219 27
1220 32
1221 30
1222 21
1223 26
1224 23
1225 26
1226 24
1227 26
1228 30
1229 16
1230 17
1231 23
1232 32
1233 29
1234 32
1235 20
1236 35
1237 28
1238 25
1239 41
1240 25
1241 28
1242 20
1243 33
1244 21
1245 33
1246 36
1247 24
1248 26
1249 17
1250 25
1251 21
1252 20
1253 34
1254 34
1255 20
1256 26
1257 26
1258 29
1259 24
1260 30
1261 23
1262 27
1263 23
1264 27
1265 34
1266 19
1267 28
1268 28
1269 31
1270 36
1271 26
1272 39
1273 42
1274 31
1275 29
1276 42
1277 23
1278 29
1279 26
1280 28
1281 38
1282 26
1283 23
1284 23
1285 23
1286 17
1287 23
1288 50
1289 29
1290 26
1291 22
1292 32
1293 30
1294 34
1295 20
1296 23
1297 30
1298 20
1299 28
1300 26
1301 28
1302 28
1303 17
1304 20
1305 20
1306 32
1307 26
1308 35
1309 35
1310 29
1311 30
1312 36
1313 38
1314 29
1315 46
1316 27
1317 17
1318 28
1319 29
1320 23
1321 22
1322 14
1323 23
1324 23
1325 31
1326 27
1327 17
1328 30
1329 32
1330 23
1331 25
1332 33
1333 38
1334 28
1335 26
1336 22
1337 26
1338 19
1339 29
1340 17
1341 25
1342 28
1343 25
1344 26
1345 29
1346 38
1347 30
1348 25
1349 32
1350 33
1351 35
1352 28
1353 27
1354 27
1355 43
1356 33
1357 27
1358 17
1359 28
1360 29
1361 20
1362 29
1363 28
1364 31
1365 30
1366 23
1367 32
1368 29
1369 36
1370 32
1371 50
1372 33
1373 29
1374 36
1375 26
1376 35
1377 25
1378 20
1379 29
1380 23
1381 31
1382 32
1383 23
1384 31
1385 28
1386 16
1387 26
1388 23
1389 17
1390 26
1391 42
1392 25
1393 23
1394 35
1395 24
1396 30
1397 22
1398 20
1399 22
1400 25
1401 26
1402 17
1403 22
1404 30
1405 20
1406 20
1407 29
1408 28
1409 25
1410 28
1411 57
1412 28
1413 34
1414 29
1415 36
1416 34
1417 36
1418 27
1419 28
1420 30
1421 30
1422 23
1423 24
1424 17
1425 23
1426 29
1427 25
1428 20
1429 23
1430 33
1431 26
1432 29
1433 20
1434 28
1435 14
1436 29
1437 23
1438 23
1439 27
1440 23
1441 32
1442 37
1443 23
1444 33
1445 25
1446 24
1447 26
1448 36
1449 18
1450 23
1451 33
1452 34
1453 37
1454 24
1455 20
1456 35
1457 17
1458 27
1459 26
1460 19
1461 24
1462 21
1463 35
1464 26
1465 33
1466 27
1467 29
1468 19
1469 20
1470 66
1471 17
1472 23
1473 20
1474 28
1475 36
1476 32
1477 26
1478 36
1479 37
1480 32
1481 23
1482 41
1483 32
1484 16
1485 23
1486 23
1487 33
1488 26
1489 44
1490 35
1491 17
1492 38
1493 33
1494 23
1495 17
1496 25
1497 38
1498 20
1499 29
1500 31
1501 28
1502 35
1503 28
1504 17
1505 43
1506 25
1507 14
1508 17
1509 29
1510 26
1511 20
1512 22
1513 30
1514 29
1515 20
1516 23
1517 33
1518 30
1519 46
1520 17
1521 32
1522 23
1523 19
1524 20
1525 23
1526 23
1527 39
1528 42
1529 26
1530 58
1531 17
1532 38
1533 26
1534 29
1535 26
1536 14
1537 23
1538 26
1539 28
1540 22
1541 27
1542 25
1543 22
1544 30
1545 26
1546 29
1547 20
1548 28
1549 20
1550 23
1551 25
1552 32
1553 27
1554 21
1555 14
1556 29
1557 40
1558 30
1559 31
1560 38
1561 29
1562 23
1563 26
1564 22
1565 22
1566 24
1567 31
1568 29
1569 29
1570 43
1571 35
1572 28
1573 29
1574 24
1575 26
1576 35
1577 28
1578 28
1579 21
1580 23
1581 27
1582 26
1583 29
1584 53
1585 44
1586 22
1587 26
1588 22
1589 17
1590 31
1591 35
1592 32
1593 35
1594 21
1595 38
1596 35
1597 28
1598 27
1599 27
1600 22
1601 30
1602 20
1603 30
1604 31
1605 25
1606 31
1607 17
1608 26
1609 31
1610 29
1611 26
1612 11
1613 26
1614 23
1615 25
1616 29
1617 17
1618 29
1619 26
1620 26
1621 18
1622 27
1623 22
1624 20
1625 26
1626 40
1627 27
1628 23
1629 33
1630 41
1631 25
1632 29
1633 26
1634 25
1635 20
1636 47
1637 35
1638 32
1639 19
1640 26
1641 53
1642 40
1643 40
1644 29
1645 32
1646 26
1647 16
1648 22
1649 17
1650 30
1651 21
1652 25
1653 30
1654 22
1655 23
1656 27
1657 30
1658 32
1659 20
1660 29
1661 24
1662 19
1663 20
1664 20
1665 20
1666 41
1667 31
1668 20
1669 20
1670 23
1671 30
1672 34
1673 23
1674 17
1675 22
1676 26
1677 21
1678 20
1679 20
1680 24
1681 24
1682 26
1683 44
1684 17
1685 17
1686 25
1687 30
1688 32
1689 20
1690 29
1691 31
1692 30
1693 25
1694 18
1695 23
1696 28
1697 28
1698 25
1699 30
1700 22
1701 31
1702 26
1703 16
1704 46
1705 22
1706 36
1707 20
1708 23
1709 23
1710 35
1711 19
1712 23
1713 22
1714 28
1715 23
1716 27
1717 23
1718 20
1719 24
1720 28
1721 28
1722 28
1723 25
1724 25
1725 19
1726 14
1727 28
1728 26
1729 20
1730 23
1731 29
1732 22
1733 16
1734 20
1735 26
1736 21
1737 14
1738 25
1739 25
1740 20
1741 34
1742 33
1743 36
1744 33
1745 26
1746 19
1747 35
1748 27
1749 25
1750 35
1751 30
1752 31
1753 29
1754 57
1755 30
1756 28
1757 29
1758 28
1759 26
1760 44
1761 22
1762 18
1763 20
1764 23
1765 29
1766 20
1767 23
1768 26
1769 42
1770 33
1771 27
1772 26
1773 28
1774 19
1775 29
1776 25
1777 22
1778 30
1779 26
1780 27
1781 23
1782 29
1783 41
1784 26
1785 38
1786 23
1787 25
1788 22
1789 24
1790 26
1791 32
1792 23
1793 30
1794 31
1795 20
1796 23
1797 38
1798 19
1799 27
1800 22
1801 26
1802 30
1803 22
1804 26
1805 24
1806 24
1807 31
1808 22
1809 20
1810 23
1811 19
1812 23
1813 29
1814 39
1815 26
1816 23
1817 36
1818 23
1819 48
1820 66
1821 29
1822 35
1823 32
1824 20
1825 17
1826 27
1827 28
1828 26
1829 23
1830 19
1831 25
1832 29
1833 23
1834 29
1835 31
1836 29
1837 18
1838 29
1839 20
1840 28
1841 30
1842 20
1843 23
1844 22
1845 26
1846 29
1847 23
1848 29
1849 20
1850 11
1851 25
1852 27
1853 33
1854 39
1855 32
1856 21
1857 16
1858 28
1859 26
1860 53
1861 20
1862 14
1863 44
1864 27
1865 24
1866 90
1867 36
1868 28
1869 20
1870 24
1871 31
1872 28
1873 17
1874 22
1875 25
1876 19
1877 33
1878 34
1879 22
1880 25
1881 22
1882 32
1883 19
1884 20
1885 31
1886 33
1887 28
1888 32
1889 8
1890 27
1891 27
1892 19
1893 32
1894 25
1895 26
1896 23
1897 22
1898 32
1899 23
1900 23
1901 23
1902 32
1903 22
1904 30
1905 43
1906 25
1907 20
1908 41
1909 43
1910 20
1911 35
1912 20
1913 24
1914 26
1915 26
1916 20
1917 21
1918 31
1919 33
1920 32
1921 26
1922 20
1923 23
1924 30
1925 28
1926 23
1927 23
1928 20
1929 25
1930 22
1931 38
1932 29
1933 31
1934 36
1935 53
1936 28
1937 26
1938 26
1939 45
1940 35
1941 34
1942 29
1943 28
1944 29
1945 19
1946 54
1947 29
1948 26
1949 29
1950 32
1951 37
1952 28
1953 22
1954 30
1955 25
1956 19
1957 23
1958 22
1959 28
1960 31
1961 26
1962 23
1963 24
1964 20
1965 17
1966 29
1967 26
1968 24
1969 25
1970 18
1971 23
1972 59
1973 20
1974 34
1975 29
1976 33
1977 20
1978 25
1979 26
1980 34
1981 35
1982 35
1983 23
1984 23
1985 19
1986 23
1987 36
1988 29
1989 26
1990 26
1991 25
1992 26
1993 28
1994 28
1995 28
1996 30
1997 22
1998 20
1999 32
2000 30
2001 26
2002 23
2003 22
2004 33
2005 39
2006 16
2007 36
2008 33
2009 16
2010 23
2011 30
2012 29
2013 30
2014 33
2015 36
2016 37
2017 23
2018 34
2019 23
2020 29
2021 22
2022 28
2023 30
2024 14
2025 26
2026 22
2027 31
2028 29
2029 26
2030 24
2031 31
2032 24
2033 22
2034 22
2035 26
2036 35
2037 17
2038 25
2039 40
2040 31
2041 36
2042 29
2043 25
2044 25
2045 41
2046 46
2047 35
2048 28
2049 23
2050 20
2051 26
2052 27
2053 26
2054 20
2055 20
2056 28
2057 20
2058 30
2059 28
2060 27
2061 23
2062 31
2063 23
2064 26
2065 17
2066 30
2067 26
2068 32
2069 31
2070 41
2071 40
2072 28
2073 29
2074 20
2075 24
2076 26
2077 29
2078 20
2079 30
2080 24
2081 27
2082 26
2083 22
2084 22
2085 28
2086 17
2087 44
2088 23
2089 27
2090 34
2091 23
2092 17
2093 28
2094 28
2095 32
2096 31
2097 17
2098 27
2099 38
2100 23
2101 31
2102 31
2103 58
2104 22
2105 23
2106 19
2107 19
2108 31
2109 26
2110 14
2111 31
2112 16
2113 55
2114 25
2115 22
2116 27
2117 31
2118 23
2119 39
2120 29
2121 26
2122 36
2123 35
2124 47
2125 31
2126 29
2127 8
2128 25
2129 35
2130 11
2131 32
2132 29
2133 17
2134 28
2135 22
2136 26
2137 8
2138 23
2139 35
2140 21
2141 43
2142 47
2143 43
2144 30
2145 26
2146 30
2147 23
2148 26
2149 45
2150 38
2151 39
2152 28
2153 54
2154 50
2155 28
2156 29
2157 39
2158 47
2159 33
2160 40
2161 31
2162 33
2163 32
2164 19
2165 22
2166 33
2167 28
2168 28
2169 29
2170 23
2171 33
2172 29
2173 25
2174 41
2175 35
2176 32
2177 30
2178 30
2179 29
2180 65
2181 30
2182 38
2183 32
2184 26
2185 20
2186 33
2187 29
2188 28
2189 22
2190 23
2191 35
2192 43
2193 17
2194 22
2195 36
2196 20
2197 34
2198 30
2199 28
2200 26
2201 29
2202 32
2203 28
2204 25
2205 30
2206 24
2207 24
2208 33
2209 29
2210 21
2211 20
2212 24
2213 31
2214 32
2215 32
2216 28
2217 23
2218 23
2219 29
2220 26
2221 19
2222 34
2223 33
2224 29
2225 35
2226 18
2227 38
2228 22
2229 26
2230 23
2231 37
2232 18
2233 27
2234 23
2235 28
2236 27
2237 20
2238 34
2239 32
2240 42
2241 22
2242 26
2243 17
2244 27
2245 22
2246 17
2247 39
2248 28
2249 23
2250 32
2251 25
2252 17
2253 34
2254 19
2255 28
2256 31
2257 28
2258 25
2259 20
2260 41
2261 25
2262 16
2263 23
2264 31
2265 22
2266 20
2267 30
2268 23
2269 26
2270 36
2271 37
2272 24
2273 30
2274 27
2275 30
2276 38
2277 23
2278 23
2279 30
2280 26
2281 24
2282 27
2283 30
2284 32
2285 29
2286 29
2287 40
2288 20
2289 23
2290 26
2291 39
2292 33
2293 23
2294 29
2295 34
2296 23
2297 29
2298 29
2299 25
2300 38
2301 35
2302 36
2303 31
2304 28
2305 30
2306 25
2307 23
2308 26
2309 26
2310 23
2311 36
2312 29
2313 26
2314 26
2315 28
2316 23
2317 27
2318 23
2319 28
2320 28
2321 29
2322 26
2323 30
2324 22
2325 28
2326 27
2327 20
2328 34
2329 32
2330 39
2331 39
2332 43
2333 36
2334 30
2335 31
2336 23
2337 36
2338 17
2339 37
2340 27
2341 24
2342 23
2343 20
2344 24
2345 31
2346 33
2347 35
2348 33
2349 26
2350 24
2351 37
2352 26
2353 30
2354 32
2355 19
2356 23
2357 28
2358 32
2359 28
2360 22
2361 40
2362 39
2363 16
2364 23
2365 29
2366 25
2367 32
2368 44
2369 23
2370 26
2371 35
2372 29
2373 22
2374 20
2375 23
2376 29
2377 36
2378 31
2379 26
2380 21
2381 28
2382 27
2383 23
2384 22
2385 37
2386 32
2387 38
2388 27
2389 23
2390 26
2391 20
2392 25
2393 35
2394 31
2395 25
2396 18
2397 33
2398 29
2399 31
2400 22
2401 20
2402 20
2403 25
2404 30
2405 31
2406 17
2407 14
2408 30
2409 41
2410 30
2411 29
2412 41
2413 36
2414 26
2415 24
2416 35
2417 20
2418 19
2419 36
2420 20
2421 36
2422 22
2423 26
2424 35
2425 28
2426 34
2427 29
2428 27
2429 38
2430 42
2431 26
2432 26
2433 32
2434 24
2435 22
2436 35
2437 29
2438 29
2439 22
2440 21
2441 28
2442 26
2443 22
2444 33
2445 34
2446 23
2447 19
2448 32
2449 31
2450 31
2451 23
2452 31
2453 28
2454 14
2455 22
2456 34
2457 23
2458 25
2459 32
2460 31
2461 30
2462 36
2463 32
2464 33
2465 32
2466 24
2467 24
2468 45
2469 35
2470 34
2471 31
2472 30
2473 23
2474 27
2475 26
2476 26
2477 31
2478 32
2479 23
2480 27
2481 23
2482 22
2483 36
2484 31
2485 30
2486 17
2487 25
2488 20
2489 29
2490 42
2491 14
2492 25
2493 23
2494 26
2495 26
2496 32
2497 29
2498 21
2499 32
2500 27
2501 27
2502 26
2503 23
2504 14
2505 24
2506 22
2507 26
2508 33
2509 20
2510 35
2511 25
2512 35
2513 27
2514 28
2515 23
2516 20
2517 23
2518 27
2519 23
2520 32
2521 34
2522 34
2523 23
2524 27
2525 33
2526 20
2527 17
2528 34
2529 29
2530 22
2531 38
2532 23
2533 29
2534 32
2535 26
2536 25
2537 26
2538 27
2539 40
2540 26
2541 21
2542 32
2543 26
2544 26
2545 25
2546 23
2547 24
2548 29
2549 32
2550 23
2551 38
2552 44
2553 26
2554 37
2555 25
2556 26
2557 36
2558 22
2559 29
2560 29
2561 17
2562 22
2563 31
2564 85
2565 34
2566 34
2567 23
2568 33
2569 28
2570 35
2571 30
2572 31
2573 27
2574 28
2575 23
2576 29
2577 20
2578 19
2579 27
2580 38
2581 32
2582 27
2583 27
2584 22
2585 20
2586 30
2587 32
2588 22
2589 26
2590 31
2591 37
2592 20
2593 31
2594 34
2595 32
2596 33
2597 35
2598 31
2599 36
2600 33
2601 31
2602 40
2603 34
2604 28
2605 28
2606 26
2607 17
2608 29
2609 20
2610 23
2611 23
2612 27
2613 21
2614 29
2615 29
2616 35
2617 45
2618 11
2619 29
2620 27
2621 23
2622 31
2623 29
2624 23
2625 29
2626 27
2627 30
2628 36
2629 49
2630 22
2631 35
2632 17
2633 44
2634 31
2635 23
2636 26
2637 27
2638 35
2639 31
2640 39
2641 24
2642 32
2643 33
2644 29
2645 28
2646 22
2647 27
2648 21
2649 19
2650 19
2651 17
2652 20
2653 28
2654 30
2655 25
2656 29
2657 22
2658 28
2659 29
2660 22
2661 22
2662 29
2663 30
2664 26
2665 19
2666 23
2667 18
2668 38
2669 22
2670 41
2671 34
2672 43
2673 28
2674 23
2675 26
2676 32
2677 31
2678 29
2679 26
2680 22
2681 17
2682 29
2683 32
2684 27
2685 37
2686 26
2687 24
2688 23
2689 30
2690 33
2691 36
2692 20
2693 31
2694 20
2695 29
2696 31
2697 44
2698 23
2699 20
2700 20
2701 29
2702 44
2703 34
2704 20
2705 29
2706 16
2707 29
2708 34
2709 28
2710 17
2711 26
2712 22
2713 23
2714 23
2715 25
2716 35
2717 40
2718 38
2719 25
2720 30
2721 34
2722 29
2723 23
2724 20
2725 24
2726 28
2727 19
2728 29
2729 30
2730 30
2731 27
2732 34
2733 31
2734 30
2735 30
2736 30
2737 41
2738 22
2739 33
2740 50
2741 50
2742 29
2743 20
2744 30
2745 29
2746 38
2747 22
2748 25
2749 30
2750 27
2751 29
2752 29
2753 27
2754 19
2755 35
2756 26
2757 27
2758 33
2759 31
2760 24
2761 37
2762 28
2763 20
2764 23
2765 19
2766 35
2767 25
2768 29
2769 31
2770 26
2771 23
2772 22
2773 30
2774 13
2775 36
2776 35
2777 26
2778 26
2779 33
2780 29
2781 27
2782 34
2783 35
2784 34
2785 22
2786 22
2787 30
2788 19
2789 40
2790 27
2791 29
2792 43
2793 29
2794 29
2795 40
2796 20
2797 30
2798 28
2799 31
2800 48
2801 28
2802 51
2803 37
2804 27
2805 32
2806 34
2807 30
2808 34
2809 46
2810 27
2811 30
2812 41
2813 55
2814 22
2815 38
2816 29
2817 24
2818 38
2819 29
2820 54
2821 23
2822 34
2823 26
2824 30
2825 23
2826 32
2827 31
2828 21
2829 32
2830 26
2831 46
2832 26
2833 25
2834 33
2835 27
2836 25
2837 35
2838 25
2839 25
2840 30
2841 24
2842 22
2843 26
2844 21
2845 23
2846 23
2847 28
2848 27
2849 22
2850 25
2851 29
2852 26
2853 35
2854 33
2855 26
2856 23
2857 20
2858 37
2859 31
2860 49
2861 23
2862 28
2863 31
2864 27
2865 33
2866 31
2867 32
2868 29
2869 41
2870 26
2871 35
2872 42
2873 33
2874 37
2875 23
2876 23
2877 23
2878 28
2879 27
2880 22
2881 26
2882 26
2883 63
2884 26
2885 31
2886 35
2887 29
2888 44
2889 23
2890 35
2891 24
2892 25
2893 17
2894 26
2895 20
2896 31
2897 41
2898 25
2899 23
2900 23
2901 22
2902 29
2903 77
2904 44
2905 54
2906 33
2907 38
2908 46
2909 24
2910 14
2911 44
2912 23
2913 28
2914 26
2915 30
2916 28
2917 48
2918 22
2919 24
2920 26
2921 25
2922 23
2923 31
2924 25
2925 26
2926 24
2927 32
2928 33
2929 23
2930 18
2931 26
2932 30
2933 25
2934 40
2935 31
2936 25
2937 34
2938 32
2939 22
2940 31
2941 32
2942 31
2943 34
2944 32
2945 33
2946 28
2947 44
2948 33
2949 27
2950 33
2951 31
2952 28
2953 37
2954 20
2955 25
2956 26
2957 33
2958 28
2959 31
2960 27
2961 20
2962 33
2963 23
2964 25
2965 18
2966 27
2967 42
2968 28
2969 29
2970 27
2971 25
2972 23
2973 33
2974 30
2975 46
2976 45
2977 41
2978 23
2979 44
2980 40
2981 35
2982 30
2983 23
2984 33
2985 23
2986 31
2987 23
2988 29
2989 28
2990 36
2991 32
2992 26
2993 25
2994 20
2995 29
2996 36
2997 31
2998 26
2999 20
3000 32
3001 33
3002 23
3003 33
3004 32
3005 57
3006 26
3007 33
3008 51
3009 26
3010 44
3011 37
3012 25
3013 23
3014 32
3015 52
3016 22
3017 48
3018 52
3019 27
3020 33
3021 29
3022 25
3023 36
3024 34
3025 25
3026 43
3027 34
3028 32
3029 20
3030 43
3031 29
3032 20
3033 25
3034 29
3035 34
3036 26
3037 20
3038 40
3039 17
3040 30
3041 34
3042 43
3043 25
3044 42
3045 30
3046 54
3047 34
3048 29
3049 30
3050 23
3051 34
3052 38
3053 29
3054 16
3055 34
3056 29
3057 26
3058 42
3059 33
3060 32
3061 29
3062 34
3063 25
3064 28
3065 27
3066 43
3067 32
3068 47
3069 27
3070 23
3071 20
3072 28
3073 26
3074 49
3075 23
3076 49
3077 26
3078 27
3079 29
3080 45
3081 46
3082 49
3083 34
3084 50
3085 27
3086 28
3087 31
3088 17
3089 32
3090 31
3091 20
3092 38
3093 31
3094 30
3095 27
3096 46
3097 30
3098 30
3099 25
3100 36
3101 21
3102 21
3103 29
3104 33
3105 39
3106 27
3107 32
3108 36
3109 39
3110 34
3111 37
3112 26
3113 19
3114 38
3115 25
3116 27
3117 25
3118 20
3119 20
3120 29
3121 31
3122 27
3123 31
3124 33
3125 34
3126 45
3127 34
3128 29
3129 32
3130 20
3131 26
3132 26
3133 56
3134 36
3135 20
3136 32
3137 38
3138 40
3139 25
3140 28
3141 30
3142 34
3143 31
3144 34
3145 25
3146 24
3147 23
3148 42
3149 24
3150 38
3151 25
3152 36
3153 27
3154 23
3155 38
3156 28
3157 33
3158 27
3159 23
3160 30
3161 25
3162 34
3163 20
3164 29
3165 30
3166 34
3167 57
3168 40
3169 36
3170 23
3171 35
3172 24
3173 34
3174 26
3175 29
3176 29
3177 30
3178 30
3179 35
3180 30
3181 27
3182 22
3183 22
3184 34
3185 20
3186 35
3187 23
3188 40
3189 19
3190 25
3191 28
3192 29
3193 31
3194 29
3195 28
3196 26
3197 27
3198 26
3199 32
3200 37
3201 35
3202 26
3203 43
3204 41
3205 41
3206 30
3207 23
3208 33
3209 25
3210 32
3211 26
3212 23
3213 52
3214 29
3215 20
3216 30
3217 34
3218 32
3219 37
3220 30
3221 43
3222 22
3223 23
3224 26
3225 40
3226 26
3227 28
3228 25
3229 28
3230 17
3231 39
3232 38
3233 23
3234 29
3235 29
3236 39
3237 26
3238 21
3239 25
3240 24
3241 35
3242 36
3243 28
3244 27
3245 29
3246 31
3247 36
3248 31
3249 42
3250 35
3251 28
3252 26
3253 31
3254 38
3255 30
3256 33
3257 31
3258 21
3259 20
3260 30
3261 30
3262 36
3263 20
3264 23
3265 27
3266 26
3267 45
3268 34
3269 25
3270 21
3271 30
3272 28
3273 23
3274 16
3275 31
3276 29
3277 29
3278 25
3279 30
3280 31
3281 15
3282 28
3283 19
3284 24
3285 29
3286 33
3287 33
3288 35
3289 33
3290 55
3291 26
3292 26
3293 36
3294 23
3295 28
3296 20
3297 29
3298 31
3299 22
3300 37
3301 43
3302 20
3303 30
3304 31
3305 31
3306 33
3307 27
3308 30
3309 25
3310 33
3311 17
3312 19
3313 30
3314 30
3315 43
3316 24
3317 16
3318 38
3319 39
3320 28
3321 37
3322 28
3323 22
3324 28
3325 59
3326 31
3327 49
3328 26
3329 22
3330 50
3331 23
3332 35
3333 38
3334 44
3335 53
3336 32
3337 33
3338 30
3339 32
3340 22
3341 26
3342 68
3343 30
3344 25
3345 33
3346 34
3347 39
3348 26
3349 29
3350 36
3351 32
3352 34
3353 39
3354 36
3355 36
3356 31
3357 35
3358 37
3359 27
3360 28
3361 34
3362 29
3363 35
3364 32
3365 26
3366 35
3367 28
3368 29
3369 36
3370 26
3371 24
3372 26
3373 40
3374 35
3375 33
3376 25
3377 26
3378 30
3379 38
3380 43
3381 33
3382 45
3383 38
3384 25
3385 35
3386 26
3387 27
3388 34
3389 34
3390 22
3391 31
3392 25
3393 30
3394 24
3395 19
3396 31
3397 30
3398 29
3399 31
3400 22
3401 18
3402 28
3403 28
3404 25
3405 20
3406 27
3407 29
3408 32
3409 41
3410 30
3411 26
3412 36
3413 37
3414 39
3415 29
3416 20
3417 30
3418 28
3419 26
3420 23
3421 27
3422 19
3423 39
3424 25
3425 34
3426 26
3427 31
3428 26
3429 26
3430 26
3431 20
3432 36
3433 30
3434 29
3435 26
3436 30
3437 26
3438 28
3439 17
3440 23
3441 23
3442 33
3443 31
3444 25
3445 36
3446 35
3447 22
3448 36
3449 28
3450 61
3451 29
3452 26
3453 30
3454 23
3455 29
3456 41
3457 35
3458 19
3459 35
3460 42
3461 25
3462 24
3463 26
3464 26
3465 26
3466 27
3467 31
3468 33
3469 25
3470 24
3471 41
3472 17
3473 33
3474 29
3475 29
3476 31
3477 22
3478 22
3479 19
3480 28
3481 31
3482 23
3483 39
3484 22
3485 33
3486 31
3487 35
3488 28
3489 24
3490 33
3491 20
3492 28
3493 24
3494 29
3495 25
3496 29
3497 31
3498 31
3499 38
3500 35
3501 31
3502 35
3503 28
3504 37
3505 45
3506 24
3507 32
3508 25
3509 60
3510 30
3511 23
3512 35
3513 27
3514 68
3515 28
3516 29
3517 31
3518 28
3519 27
3520 37
3521 31
3522 38
3523 33
3524 28
3525 38
3526 29
3527 33
3528 21
3529 35
3530 33
3531 23
3532 28
3533 45
3534 36
3535 26
3536 28
3537 35
3538 23
3539 32
3540 14
3541 40
3542 35
3543 34
3544 24
3545 30
3546 35
3547 23
3548 28
3549 36
3550 45
3551 35
3552 21
3553 41
3554 26
3555 30
3556 26
3557 17
3558 25
3559 41
3560 24
3561 28
3562 41
3563 32
3564 36
3565 27
3566 40
3567 26
3568 33
3569 33
3570 19
3571 20
3572 55
3573 29
3574 32
3575 19
3576 36
3577 28
3578 42
3579 22
3580 32
3581 22
3582 36
3583 33
3584 41
3585 28
3586 28
3587 25
3588 23
3589 31
3590 20
3591 14
3592 18
3593 22
3594 26
3595 39
3596 36
3597 29
3598 20
3599 26
3600 28
3601 53
3602 43
3603 26
3604 33
3605 23
3606 25
3607 20
3608 31
3609 23
3610 25
3611 50
3612 20
3613 27
3614 27
3615 23
3616 30
3617 20
3618 26
3619 26
3620 20
3621 33
3622 29
3623 33
3624 34
3625 22
3626 23
3627 20
3628 48
3629 20
3630 32
3631 24
3632 29
3633 25
3634 30
3635 31
3636 26
3637 57
3638 30
3639 27
3640 54
3641 28
3642 31
3643 36
3644 39
3645 27
3646 36
3647 30
3648 43
3649 29
3650 29
3651 31
3652 30
3653 36
3654 34
3655 31
3656 34
3657 25
3658 33
3659 33
3660 31
3661 29
3662 49
3663 38
3664 26
3665 29
3666 39
3667 62
3668 25
3669 31
3670 40
3671 35
3672 29
3673 25
3674 23
3675 31
3676 32
3677 28
3678 34
3679 27
3680 25
3681 36
3682 25
3683 38
3684 33
3685 28
3686 19
3687 26
3688 25
3689 23
3690 25
3691 23
3692 23
3693 28
3694 28
3695 38
3696 25
3697 31
3698 30
3699 31
3700 20
3701 28
3702 32
3703 26
3704 20
3705 26
3706 20
3707 28
3708 24
3709 23
3710 30
3711 54
3712 29
3713 23
3714 26
3715 26
3716 19
3717 35
3718 23
3719 23
3720 22
3721 26
3722 18
3723 26
3724 46
3725 35
3726 43
3727 33
3728 20
3729 28
3730 48
3731 23
3732 39
3733 33
3734 41
3735 34
3736 32
3737 28
3738 31
3739 35
3740 25
3741 21
3742 29
3743 20
3744 36
3745 26
3746 32
3747 26
3748 29
3749 33
3750 31
3751 22
3752 49
3753 31
3754 36
3755 31
3756 25
3757 33
3758 22
3759 25
3760 28
3761 23
3762 20
3763 32
3764 26
3765 30
3766 22
3767 31
3768 32
3769 28
3770 14
3771 17
3772 28
3773 21
3774 26
3775 22
3776 24
3777 34
3778 23
3779 39
3780 29
3781 31
3782 23
3783 30
3784 25
3785 34
3786 39
3787 36
3788 43
3789 31
3790 25
3791 23
3792 27
3793 30
3794 35
3795 25
3796 36
3797 41
3798 32
3799 25
3800 57
3801 22
3802 21
3803 26
3804 25
3805 38
3806 19
3807 39
3808 23
3809 40
3810 48
3811 33
3812 35
3813 35
3814 17
3815 32
3816 24
3817 32
3818 23
3819 27
3820 36
3821 29
3822 29
3823 33
3824 38
3825 36
3826 23
3827 29
3828 36
3829 28
3830 32
3831 24
3832 26
3833 25
3834 23
3835 26
3836 28
3837 19
3838 22
3839 37
3840 29
3841 17
3842 29
3843 21
3844 31
3845 32
3846 41
3847 28
3848 24
3849 29
3850 28
3851 37
3852 30
3853 27
3854 21
3855 18
3856 31
3857 29
3858 30
3859 33
3860 28
3861 29
3862 25
3863 31
3864 23
3865 25
3866 23
3867 40
3868 26
3869 24
3870 26
3871 23
3872 22
3873 34
3874 42
3875 40
3876 38
3877 26
3878 43
3879 26
3880 29
3881 48
3882 35
3883 43
3884 30
3885 27
3886 32
3887 26
3888 23
3889 47
3890 29
3891 26
3892 36
3893 34
3894 36
3895 29
3896 21
3897 29
3898 27
3899 20
3900 35
3901 29
3902 46
3903 19
3904 25
3905 29
3906 33
3907 23
3908 36
3909 28
3910 28
3911 36
3912 29
3913 22
3914 33
3915 37
3916 18
3917 36
3918 33
3919 23
3920 29
3921 33
3922 25
3923 31
3924 23
3925 25
3926 26
3927 31
3928 26
3929 29
3930 36
3931 25
3932 38
3933 24
3934 26
3935 23
3936 25
3937 33
3938 23
3939 29
3940 31
3941 44
3942 28
3943 29
3944 25
3945 44
3946 20
3947 32
3948 34
3949 23
3950 31
3951 31
3952 49
3953 19
3954 29
3955 42
3956 28
3957 33
3958 22
3959 42
3960 42
3961 32
3962 40
3963 30
3964 33
3965 33
3966 23
3967 32
3968 33
3969 23
3970 28
3971 32
3972 29
3973 26
3974 22
3975 29
3976 17
3977 26
3978 28
3979 29
3980 35
3981 42
3982 35
3983 47
3984 30
3985 34
3986 33
3987 25
3988 20
3989 31
3990 41
3991 23
3992 37
3993 32
3994 31
3995 36
3996 23
3997 34
3998 35
3999 38
4000 25
4001 30
4002 28
4003 44
4004 38
4005 40
4006 17
4007 30
4008 34
4009 24
4010 22
4011 28
4012 35
4013 31
4014 39
4015 39
4016 28
4017 32
4018 33
4019 26
4020 31
4021 23
4022 32
4023 30
4024 38
4025 31
4026 26
4027 29
4028 30
4029 31
4030 27
4031 29
4032 30
4033 23
4034 38
4035 43
4036 46
4037 34
4038 32
4039 37
4040 36
4041 37
4042 14
4043 29
4044 31
4045 17
4046 19
4047 23
4048 27
4049 25
4050 29
4051 16
4052 31
4053 29
4054 27
4055 20
4056 27
4057 34
4058 34
4059 27
4060 34
4061 27
4062 25
4063 24
4064 30
4065 34
4066 25
4067 35
4068 35
4069 28
4070 29
4071 36
4072 28
4073 42
4074 29
4075 31
4076 38
4077 27
4078 31
4079 28
4080 34
4081 32
4082 28
4083 17
4084 26
4085 28
4086 29
4087 33
4088 33
4089 26
4090 41
4091 29
4092 28
4093 51
4094 36
4095 47
4096 31
4097 27
4098 30
4099 45
4100 25
4101 25
4102 24
4103 27
4104 20
4105 25
4106 32
4107 28
4108 22
4109 45
4110 41
4111 32
4112 33
4113 25
4114 20
4115 37
4116 34
4117 34
4118 28
4119 17
4120 26
4121 32
4122 31
4123 25
4124 32
4125 33
4126 24
4127 20
4128 31
4129 20
4130 23
4131 29
4132 32
4133 44
4134 37
4135 43
4136 29
4137 26
4138 48
4139 34
4140 34
4141 17
4142 31
4143 35
4144 20
4145 35
4146 33
4147 33
4148 31
4149 31
4150 38
4151 23
4152 31
4153 16
4154 25
4155 42
4156 24
4157 35
4158 26
4159 30
4160 24
4161 27
4162 35
4163 29
4164 23
4165 41
4166 22
4167 27
4168 36
4169 14
4170 29
4171 33
4172 63
4173 23
4174 34
4175 22
4176 43
4177 27
4178 27
4179 35
4180 17
4181 26
4182 30
4183 30
4184 30
4185 31
4186 28
4187 26
4188 28
4189 41
4190 26
4191 23
4192 19
4193 38
4194 49
4195 47
4196 31
4197 22
4198 29
4199 32
4200 26
4201 26
4202 24
4203 32
4204 38
4205 30
4206 55
4207 60
4208 34
4209 32
4210 31
4211 40
4212 27
4213 26
4214 30
4215 33
4216 28
4217 29
4218 44
4219 33
4220 32
4221 24
4222 36
4223 32
4224 24
4225 30
4226 31
4227 33
4228 33
4229 37
4230 29
4231 29
4232 20
4233 28
4234 34
4235 30
4236 26
4237 25
4238 40
4239 25
4240 28
4241 32
4242 31
4243 36
4244 30
4245 30
4246 26
4247 29
4248 39
4249 42
4250 32
4251 23
4252 46
4253 26
4254 35
4255 63
4256 23
4257 42
4258 50
4259 22
4260 32
4261 32
4262 36
4263 35
4264 29
4265 28
4266 26
4267 20
4268 25
4269 23
4270 36
4271 65
4272 16
4273 25
4274 38
4275 36
4276 17
4277 28
4278 32
4279 46
4280 23
4281 26
4282 31
4283 23
4284 46
4285 22
4286 31
4287 14
4288 40
4289 32
4290 24
4291 28
4292 29
4293 38
4294 56
4295 34
4296 33
4297 29
4298 28
4299 36
4300 27
4301 29
4302 35
4303 29
4304 25
4305 19
4306 35
4307 22
4308 42
4309 33
4310 33
4311 23
4312 34
4313 31
4314 74
4315 37
4316 29
4317 24
4318 28
4319 17
4320 26
4321 32
4322 44
4323 26
4324 37
4325 26
4326 40
4327 17
4328 41
4329 32
4330 37
4331 45
4332 25
4333 25
4334 33
4335 41
4336 29
4337 30
4338 24
4339 40
4340 31
4341 24
4342 28
4343 16
4344 32
4345 21
4346 25
4347 36
4348 31
4349 30
4350 39
4351 36
4352 25
4353 27
4354 28
4355 35
4356 27
4357 25
4358 34
4359 37
4360 32
4361 40
4362 42
4363 37
4364 28
4365 24
4366 20
4367 38
4368 51
4369 22
4370 27
4371 35
4372 32
4373 25
4374 23
4375 28
4376 28
4377 21
4378 35
4379 32
4380 39
4381 27
4382 20
4383 30
4384 32
4385 30
4386 31
4387 36
4388 27
4389 22
4390 29
4391 31
4392 30
4393 24
4394 23
4395 25
4396 39
4397 29
4398 29
4399 24
4400 29
4401 35
4402 51
4403 38
4404 20
4405 26
4406 20
4407 27
4408 29
4409 22
4410 32
4411 33
4412 33
4413 36
4414 32
4415 20
4416 40
4417 36
4418 36
4419 31
4420 26
4421 38
4422 30
4423 24
4424 34
4425 20
4426 32
4427 21
4428 28
4429 25
4430 26
4431 45
4432 43
4433 29
4434 28
4435 34
4436 35
4437 37
4438 32
4439 35
4440 26
4441 27
4442 42
4443 23
4444 33
4445 25
4446 29
4447 40
4448 28
4449 33
4450 30
4451 25
4452 41
4453 26
4454 50
4455 33
4456 24
4457 35
4458 23
4459 34
4460 24
4461 23
4462 26
4463 26
4464 36
4465 44
4466 26
4467 26
4468 37
4469 24
4470 36
4471 26
4472 26
4473 33
4474 32
4475 23
4476 29
4477 30
4478 26
4479 22
4480 32
4481 36
4482 34
4483 30
4484 32
4485 33
4486 32
4487 23
4488 28
4489 33
4490 25
4491 51
4492 23
4493 28
4494 32
4495 33
4496 37
4497 34
4498 32
4499 30
4500 38
4501 32
4502 39
4503 34
4504 18
4505 32
4506 26
4507 43
4508 30
4509 18
4510 34
4511 29
4512 47
4513 32
4514 25
4515 36
4516 45
4517 30
4518 22
4519 54
4520 28
4521 32
4522 29
4523 22
4524 39
4525 30
4526 33
4527 29
4528 41
4529 32
4530 36
4531 34
4532 31
4533 35
4534 32
4535 26
4536 29
4537 29
4538 49
4539 23
4540 26
4541 28
4542 47
4543 25
4544 23
4545 28
4546 24
4547 26
4548 25
4549 28
4550 24
4551 37
4552 19
4553 19
4554 25
4555 21
4556 14
4557 20
4558 36
4559 30
4560 29
4561 40
4562 39
4563 29
4564 38
4565 31
4566 46
4567 23
4568 48
4569 34
4570 21
4571 21
4572 34
4573 21
4574 25
4575 22
4576 32
4577 35
4578 39
4579 24
4580 24
4581 32
4582 36
4583 33
4584 29
4585 40
4586 30
4587 30
4588 26
4589 29
4590 23
4591 32
4592 29
4593 28
4594 34
4595 31
4596 26
4597 35
4598 25
4599 20
4600 30
4601 13
4602 17
4603 34
4604 34
4605 32
4606 28
4607 29
4608 23
4609 32
4610 34
4611 29
4612 27
4613 42
4614 43
4615 41
4616 38
4617 23
4618 48
4619 49
4620 47
4621 38
4622 35
4623 27
4624 43
4625 36
4626 29
4627 30
4628 23
4629 37
4630 23
4631 38
4632 30
4633 27
4634 23
4635 27
4636 31
4637 28
4638 29
4639 32
4640 23
4641 35
4642 23
4643 31
4644 40
4645 28
4646 37
4647 43
4648 29
4649 27
4650 27
4651 34
4652 47
4653 27
4654 26
4655 43
4656 29
4657 35
4658 30
4659 33
4660 33
4661 33
4662 35
4663 30
4664 31
4665 35
4666 29
4667 26
4668 27
4669 28
4670 29
4671 39
4672 32
4673 26
4674 23
4675 25
4676 31
4677 31
4678 22
4679 22
4680 20
4681 40
4682 29
4683 29
4684 29
4685 25
4686 32
4687 30
4688 39
4689 32
4690 23
4691 34
4692 32
4693 30
4694 31
4695 28
4696 36
4697 35
4698 30
4699 30
4700 35
4701 32
4702 25
4703 23
4704 20
4705 27
4706 23
4707 30
4708 36
4709 29
4710 29
4711 34
4712 30
4713 36
4714 26
4715 34
4716 30
4717 35
4718 33
4719 31
4720 21
4721 31
4722 30
4723 32
4724 41
4725 17
4726 32
4727 36
4728 42
4729 35
4730 32
4731 36
4732 22
4733 23
4734 36
4735 39
4736 32
4737 35
4738 26
4739 17
4740 27
4741 33
4742 29
4743 30
4744 29
4745 34
4746 26
4747 26
4748 25
4749 39
4750 40
4751 38
4752 29
4753 22
4754 39
4755 22
4756 49
4757 29
4758 23
4759 23
4760 32
4761 29
4762 43
4763 34
4764 35
4765 38
4766 46
4767 29
4768 54
4769 32
4770 44
4771 29
4772 44
4773 28
4774 33
4775 32
4776 40
4777 21
4778 31
4779 32
4780 30
4781 39
4782 20
4783 29
4784 22
4785 25
4786 34
4787 28
4788 43
4789 32
4790 26
4791 28
4792 29
4793 22
4794 35
4795 30
4796 30
4797 45
4798 32
4799 29
4800 35
4801 22
4802 29
4803 25
4804 30
4805 31
4806 25
4807 34
4808 29
4809 38
4810 29
4811 26
4812 27
4813 25
4814 31
4815 22
4816 34
4817 34
4818 24
4819 57
4820 37
4821 30
4822 46
4823 40
4824 78
4825 17
4826 32
4827 47
4828 26
4829 39
4830 37
4831 28
4832 24
4833 23
4834 32
4835 32
4836 35
4837 31
4838 35
4839 29
4840 34
4841 19
4842 28
4843 31
4844 36
4845 28
4846 38
4847 30
4848 26
4849 25
4850 34
4851 35
4852 38
4853 29
4854 28
4855 31
4856 30
4857 31
4858 33
4859 23
4860 38
4861 23
4862 58
4863 39
4864 29
4865 30
4866 38
4867 28
4868 27
4869 44
4870 49
4871 36
4872 28
4873 22
4874 35
4875 31
4876 29
4877 29
4878 25
4879 36
4880 32
4881 30
4882 44
4883 30
4884 58
4885 41
4886 35
4887 36
4888 28
4889 47
4890 37
4891 32
4892 23
4893 33
4894 28
4895 45
4896 31
4897 39
4898 30
4899 25
4900 36
4901 39
4902 31
4903 63
4904 30
4905 54
4906 30
4907 17
4908 49
4909 68
4910 57
4911 23
4912 63
4913 34
4914 52
4915 40
4916 37
4917 42
4918 27
4919 25
4920 41
4921 46
4922 35
4923 32
4924 45
4925 35
4926 34
4927 38
4928 55
4929 44
4930 22
4931 33
4932 23
4933 30
4934 26
4935 36
4936 34
4937 17
4938 19
4939 22
4940 29
4941 33
4942 27
4943 25
4944 40
4945 23
4946 28
4947 25
4948 39
4949 20
4950 36
4951 32
4952 36
4953 17
4954 29
4955 23
4956 30
4957 32
4958 28
4959 26
4960 27
4961 43
4962 48
4963 43
4964 23
4965 29
4966 36
4967 36
4968 32
4969 8
4970 29
4971 28
4972 24
4973 17
4974 31
4975 33
4976 29
4977 35
4978 33
4979 20
4980 29
4981 35
4982 29
4983 24
4984 31
4985 20
4986 19
4987 26
4988 30
4989 22
4990 35
4991 29
4992 20
4993 23
4994 38
4995 45
4996 22
4997 30
4998 39
4999 44
5000 32
5001 36
5002 34
5003 30
5004 26
5005 42
5006 39
5007 19
5008 28
5009 26
5010 28
5011 32
5012 22
5013 31
5014 37
5015 28
5016 17
5017 32
5018 26
5019 30
5020 30
5021 33
5022 42
5023 29
5024 33
5025 25
5026 30
5027 31
5028 25
5029 28
5030 30
5031 35
5032 27
5033 37
5034 26
5035 26
5036 33
5037 30
5038 23
5039 32
5040 29
5041 26
5042 21
5043 31
5044 27
5045 36
5046 31
5047 29
5048 29
5049 35
5050 19
5051 26
5052 37
5053 35
5054 39
5055 27
5056 26
5057 25
5058 38
5059 29
5060 30
5061 30
5062 56
5063 38
5064 33
5065 23
5066 36
5067 30
5068 40
5069 23
5070 35
5071 34
5072 33
5073 29
5074 33
5075 21
5076 23
5077 27
5078 25
5079 40
5080 14
5081 33
5082 30
5083 31
5084 35
5085 31
5086 32
5087 32
5088 36
5089 31
5090 28
5091 38
5092 26
5093 37
5094 31
5095 34
5096 25
5097 31
5098 41
5099 26
5100 35
5101 20
5102 28
5103 42
5104 41
5105 31
5106 32
5107 28
5108 43
5109 19
5110 35
5111 21
5112 48
5113 43
5114 25
5115 23
5116 36
5117 26
5118 33
5119 37
5120 37
5121 33
5122 40
5123 23
5124 33
5125 28
5126 31
5127 23
5128 33
5129 26
5130 24
5131 34
5132 38
5133 51
5134 58
5135 36
5136 82
5137 31
5138 50
5139 19
5140 42
5141 26
5142 29
5143 19
5144 23
5145 34
5146 20
5147 37
5148 19
5149 23
5150 31
5151 34
5152 28
5153 29
5154 39
5155 26
5156 22
5157 31
5158 26
5159 26
5160 24
5161 31
5162 36
5163 42
5164 39
5165 24
5166 25
5167 34
5168 35
5169 25
5170 39
5171 31
5172 51
5173 30
5174 20
5175 30
5176 46
5177 29
5178 41
5179 29
5180 24
5181 42
5182 36
5183 35
5184 45
5185 17
5186 29
5187 36
5188 29
5189 28
5190 35
5191 37
5192 28
5193 31
5194 26
5195 44
5196 31
5197 27
5198 33
5199 32
5200 29
5201 38
5202 33
5203 26
5204 26
5205 38
5206 48
5207 38
5208 42
5209 39
5210 35
5211 30
5212 29
5213 44
5214 28
5215 29
5216 27
5217 20
5218 20
5219 25
5220 43
5221 29
5222 33
5223 37
5224 24
5225 31
5226 30
5227 38
5228 27
5229 22
5230 20
5231 19
5232 26
5233 23
5234 34
5235 38
5236 29
5237 27
5238 42
5239 34
5240 33
5241 35
5242 33
5243 34
5244 23
5245 36
5246 61
5247 32
5248 27
5249 20
5250 29
5251 31
5252 36
5253 14
5254 22
5255 33
5256 34
5257 32
5258 26
5259 23
5260 30
5261 32
5262 35
5263 31
5264 34
5265 31
5266 30
5267 35
5268 24
5269 40
5270 38
5271 26
5272 36
5273 30
5274 43
5275 38
5276 26
5277 45
5278 23
5279 35
5280 35
5281 44
5282 45
5283 61
5284 23
5285 28
5286 26
5287 31
5288 32
5289 23
5290 32
5291 37
5292 25
5293 27
5294 32
5295 32
5296 35
5297 37
5298 39
5299 37
5300 32
5301 54
5302 23
5303 32
5304 27
5305 31
5306 28
5307 28
5308 29
5309 28
5310 31
5311 28
5312 33
5313 36
5314 30
5315 40
5316 29
5317 30
5318 39
5319 23
5320 25
5321 35
5322 54
5323 44
5324 33
5325 30
5326 35
5327 21
5328 49
5329 23
5330 47
5331 30
5332 30
5333 20
5334 31
5335 34
5336 23
5337 35
5338 26
5339 38
5340 28
5341 35
5342 34
5343 28
5344 32
5345 29
5346 17
5347 27
5348 32
5349 32
5350 45
5351 32
5352 29
5353 46
5354 26
5355 24
5356 38
5357 14
5358 37
5359 28
5360 36
5361 49
5362 26
5363 34
5364 15
5365 23
5366 29
5367 38
5368 37
5369 18
5370 31
5371 32
5372 28
5373 23
5374 37
5375 33
5376 29
5377 27
5378 25
5379 28
5380 25
5381 26
5382 16
5383 24
5384 31
5385 20
5386 32
5387 19
5388 38
5389 31
5390 22
5391 27
5392 50
5393 29
5394 39
5395 34
5396 29
5397 36
5398 35
5399 38
5400 38
5401 36
5402 38
5403 25
5404 46
5405 53
5406 30
5407 35
5408 40
5409 29
5410 59
5411 44
5412 33
5413 47
5414 49
5415 21
5416 23
5417 40
5418 34
5419 41
5420 55
5421 37
5422 34
5423 36
5424 22
5425 34
5426 37
5427 41
5428 33
5429 39
5430 37
5431 28
5432 29
5433 38
5434 38
5435 42
5436 25
5437 26
5438 37
5439 26
5440 35
5441 33
5442 28
5443 36
5444 31
5445 31
5446 48
5447 55
5448 24
5449 43
5450 50
5451 27
5452 22
5453 47
5454 40
5455 41
5456 57
5457 35
5458 11
5459 25
5460 46
5461 34
5462 26
5463 36
5464 43
5465 33
5466 30
5467 23
5468 40
5469 33
5470 20
5471 34
5472 29
5473 38
5474 33
5475 38
5476 29
5477 43
5478 41
5479 48
5480 34
5481 17
5482 26
5483 38
5484 29
5485 27
5486 35
5487 26
5488 37
5489 35
5490 27
5491 41
5492 38
5493 43
5494 29
5495 17
5496 23
5497 34
5498 31
5499 27
5500 36
5501 34
5502 29
5503 27
5504 38
5505 36
5506 40
5507 35
5508 22
5509 26
5510 62
5511 40
5512 30
5513 32
5514 22
5515 33
5516 16
5517 29
5518 31
5519 34
5520 37
5521 43
5522 35
5523 44
5524 31
5525 23
5526 40
5527 20
5528 32
5529 35
5530 32
5531 39
5532 56
5533 27
5534 40
5535 41
5536 27
5537 34
5538 41
5539 45
5540 27
5541 26
5542 54
5543 42
5544 53
5545 28
5546 28
5547 33
5548 17
5549 26
5550 37
5551 34
5552 34
5553 32
5554 48
5555 23
5556 32
5557 20
5558 47
5559 40
5560 43
5561 34
5562 30
5563 28
5564 34
5565 33
5566 27
5567 35
5568 30
5569 34
5570 24
5571 30
5572 38
5573 27
5574 37
5575 38
5576 35
5577 29
5578 38
5579 31
5580 21
5581 29
5582 38
5583 31
5584 28
5585 17
5586 27
5587 25
5588 21
5589 40
5590 45
5591 29
5592 32
5593 38
5594 32
5595 33
5596 40
5597 35
5598 39
5599 35
5600 20
5601 39
5602 30
5603 43
5604 42
5605 17
5606 41
5607 32
5608 50
5609 31
5610 31
5611 33
5612 26
5613 32
5614 28
5615 29
5616 31
5617 33
5618 35
5619 35
5620 25
5621 28
5622 34
5623 23
5624 33
5625 21
5626 30
5627 42
5628 38
5629 31
5630 35
5631 40
5632 31
5633 35
5634 30
5635 35
5636 85
5637 36
5638 45
5639 30
5640 26
5641 16
5642 38
5643 29
5644 28
5645 20
5646 26
5647 31
5648 37
5649 32
5650 30
5651 39
5652 28
5653 34
5654 52
5655 48
5656 54
5657 34
5658 38
5659 41
5660 30
5661 26
5662 26
5663 30
5664 30
5665 35
5666 29
5667 29
5668 72
5669 28
5670 24
5671 35
5672 38
5673 44
5674 32
5675 23
5676 32
5677 34
5678 34
5679 13
5680 40
5681 23
5682 37
5683 27
5684 24
5685 41
5686 55
5687 50
5688 31
5689 34
5690 25
5691 53
5692 23
5693 33
5694 25
5695 34
5696 30
5697 32
5698 35
5699 31
5700 42
5701 31
5702 29
5703 29
5704 22
5705 42
5706 20
5707 34
5708 21
5709 29
5710 31
5711 31
5712 27
5713 23
5714 23
5715 31
5716 17
5717 26
5718 25
5719 46
5720 44
5721 29
5722 41
5723 25
5724 37
5725 29
5726 34
5727 42
5728 37
5729 23
5730 25
5731 30
5732 35
5733 25
5734 41
5735 22
5736 30
5737 30
5738 36
5739 29
5740 30
5741 30
5742 24
5743 34
5744 28
5745 26
5746 23
5747 49
5748 32
5749 34
5750 26
5751 32
5752 33
5753 43
5754 19
5755 18
5756 29
5757 37
5758 27
5759 32
5760 37
5761 34
5762 31
5763 24
5764 23
5765 26
5766 30
5767 41
5768 29
5769 28
5770 26
5771 28
5772 28
5773 33
5774 23
5775 24
5776 36
5777 34
5778 28
5779 21
5780 27
5781 37
5782 39
5783 30
5784 30
5785 32
5786 34
5787 37
5788 19
5789 30
5790 20
5791 29
5792 31
5793 29
5794 30
5795 33
5796 30
5797 35
5798 36
5799 33
5800 40
5801 34
5802 28
5803 34
5804 24
5805 36
5806 27
5807 29
5808 22
5809 32
5810 22
5811 42
5812 36
5813 20
5814 39
5815 25
5816 24
5817 26
5818 29
5819 34
5820 27
5821 30
5822 26
5823 41
5824 21
5825 40
5826 34
5827 26
5828 32
5829 52
5830 23
5831 29
5832 34
5833 22
5834 22
5835 32
5836 34
5837 34
5838 49
5839 29
5840 26
5841 28
5842 35
5843 25
5844 40
5845 23
5846 39
5847 22
5848 55
5849 20
5850 29
5851 27
5852 36
5853 27
5854 28
5855 49
5856 25
5857 29
5858 31
5859 28
5860 36
5861 22
5862 22
5863 26
5864 21
5865 34
5866 30
5867 30
5868 19
5869 33
5870 26
5871 31
5872 40
5873 31
5874 28
5875 24
5876 36
5877 36
5878 37
5879 32
5880 30
5881 30
5882 37
5883 25
5884 25
5885 35
5886 41
5887 25
5888 26
5889 22
5890 16
5891 32
5892 26
5893 36
5894 33
5895 38
5896 25
5897 36
5898 24
5899 31
5900 33
5901 35
5902 25
5903 28
5904 30
5905 28
5906 28
5907 32
5908 28
5909 30
5910 26
5911 28
5912 36
5913 27
5914 61
5915 40
5916 35
5917 26
5918 28
5919 41
5920 17
5921 34
5922 29
5923 33
5924 47
5925 34
5926 32
5927 23
5928 35
5929 35
5930 19
5931 22
5932 41
5933 23
5934 37
5935 27
5936 47
5937 19
5938 23
5939 33
5940 25
5941 31
5942 16
5943 26
5944 30
5945 28
5946 42
5947 32
5948 31
5949 38
5950 47
5951 27
5952 22
5953 34
5954 34
5955 31
5956 44
5957 62
5958 65
5959 26
5960 28
5961 32
5962 38
5963 29
5964 28
5965 25
5966 25
5967 25
5968 27
5969 18
5970 31
5971 28
5972 30
5973 24
5974 25
5975 30
5976 28
5977 35
5978 27
5979 30
5980 32
5981 43
5982 37
5983 31
5984 49
5985 31
5986 29
5987 21
5988 29
5989 25
5990 28
5991 20
5992 32
5993 20
5994 33
5995 29
5996 28
5997 44
5998 30
5999 32
6000 39
6001 34
6002 54
6003 35
6004 26
6005 38
6006 31
6007 35
6008 35
6009 25
6010 29
6011 22
6012 35
6013 20
6014 29
6015 40
6016 36
6017 28
6018 25
6019 44
6020 26
6021 17
6022 28
6023 19
6024 26
6025 35
6026 17
6027 29
6028 21
6029 33
6030 50
6031 46
6032 38
6033 32
6034 36
6035 29
6036 38
6037 27
6038 69
6039 26
6040 33
6041 40
6042 46
6043 27
6044 41
6045 50
6046 37
6047 35
6048 29
6049 43
6050 29
6051 28
6052 25
6053 38
6054 23
6055 21
6056 32
6057 27
6058 31
6059 26
6060 33
6061 35
6062 35
6063 35
6064 38
6065 37
6066 38
6067 35
6068 47
6069 20
6070 19
6071 39
6072 28
6073 39
6074 20
6075 44
6076 48
6077 42
6078 37
6079 32
6080 32
6081 33
6082 37
6083 32
6084 31
6085 45
6086 43
6087 33
6088 41
6089 38
6090 35
6091 33
6092 28
6093 32
6094 40
6095 34
6096 34
6097 29
6098 39
6099 40
6100 39
6101 38
6102 31
6103 26
6104 25
6105 39
6106 32
6107 34
6108 58
6109 29
6110 52
6111 32
6112 35
6113 29
6114 26
6115 27
6116 35
6117 32
6118 25
6119 27
6120 28
6121 28
6122 39
6123 20
6124 24
6125 43
6126 38
6127 37
6128 29
6129 37
6130 32
6131 29
6132 28
6133 34
6134 32
6135 34
6136 36
6137 33
6138 29
6139 36
6140 47
6141 34
6142 17
6143 28
6144 35
6145 30
6146 34
6147 45
6148 25
6149 26
6150 28
6151 35
6152 31
6153 24
6154 44
6155 44
6156 17
6157 59
6158 26
6159 25
6160 28
6161 33
6162 35
6163 23
6164 39
6165 44
6166 35
6167 35
6168 28
6169 32
6170 31
6171 16
6172 26
6173 34
6174 22
6175 25
6176 23
6177 31
6178 23
6179 39
6180 36
6181 29
6182 30
6183 30
6184 34
6185 26
6186 42
6187 23
6188 33
6189 39
6190 31
6191 26
6192 25
6193 35
6194 28
6195 24
6196 28
6197 22
6198 19
6199 44
6200 26
6201 26
6202 40
6203 37
6204 24
6205 26
6206 30
6207 32
6208 31
6209 25
6210 33
6211 27
6212 31
6213 35
6214 31
6215 52
6216 33
6217 37
6218 25
6219 37
6220 36
6221 34
6222 37
6223 23
6224 21
6225 31
6226 44
6227 29
6228 22
6229 28
6230 26
6231 40
6232 31
6233 32
6234 45
6235 41
6236 44
6237 67
6238 69
6239 44
6240 37
6241 28
6242 35
6243 50
6244 40
6245 24
6246 23
6247 30
6248 28
6249 30
6250 36
6251 41
6252 32
6253 34
6254 35
6255 34
6256 37
6257 43
6258 42
6259 45
6260 23
6261 39
6262 69
6263 29
6264 20
6265 27
6266 31
6267 26
6268 44
6269 24
6270 34
6271 26
6272 25
6273 38
6274 28
6275 28
6276 23
6277 30
6278 39
6279 28
6280 27
6281 32
6282 26
6283 29
6284 33
6285 32
6286 20
6287 32
6288 30
6289 39
6290 32
6291 36
6292 23
6293 53
6294 34
6295 28
6296 28
6297 26
6298 27
6299 29
6300 34
6301 37
6302 30
6303 31
6304 43
6305 40
6306 35
6307 29
6308 23
6309 22
6310 33
6311 25
6312 38
6313 35
6314 28
6315 38
6316 32
6317 28
6318 29
6319 30
6320 28
6321 28
6322 34
6323 26
6324 41
6325 34
6326 36
6327 30
6328 38
6329 38
6330 25
6331 27
6332 41
6333 29
6334 25
6335 33
6336 39
6337 45
6338 39
6339 29
6340 23
6341 29
6342 33
6343 27
6344 33
6345 22
6346 42
6347 32
6348 33
6349 28
6350 23
6351 24
6352 27
6353 42
6354 19
6355 36
6356 34
6357 26
6358 31
6359 25
6360 29
6361 23
6362 35
6363 48
6364 29
6365 24
6366 41
6367 33
6368 21
6369 27
6370 36
6371 30
6372 41
6373 33
6374 28
6375 34
6376 32
6377 33
6378 40
6379 46
6380 28
6381 36
6382 18
6383 23
6384 34
6385 35
6386 34
6387 40
6388 28
6389 29
6390 35
6391 77
6392 58
6393 76
6394 44
6395 47
6396 33
6397 42
6398 35
6399 40
6400 49
6401 29
6402 21
6403 39
6404 31
6405 44
6406 35
6407 23
6408 36
6409 39
6410 27
6411 48
6412 17
6413 36
6414 34
6415 14
6416 33
6417 43
6418 42
6419 46
6420 29
6421 36
6422 40
6423 35
6424 35
6425 27
6426 29
6427 27
6428 29
6429 29
6430 39
6431 47
6432 35
6433 40
6434 57
6435 48
6436 29
6437 43
6438 25
6439 38
6440 32
6441 35
6442 47
6443 53
6444 31
6445 40
6446 26
6447 36
6448 43
6449 28
6450 48
6451 31
6452 35
6453 31
6454 34
6455 38
6456 32
6457 33
6458 35
6459 34
6460 38
6461 35
6462 32
6463 28
6464 24
6465 39
6466 43
6467 30
6468 36
6469 31
6470 34
6471 36
6472 25
6473 50
6474 39
6475 44
6476 41
6477 47
6478 39
6479 71
6480 23
6481 23
6482 27
6483 21
6484 28
6485 49
6486 29
6487 45
6488 30
6489 33
6490 34
6491 33
6492 31
6493 26
6494 30
6495 38
6496 25
6497 43
6498 26
6499 46
6500 51
6501 34
6502 38
6503 28
6504 22
6505 37
6506 36
6507 20
6508 36
6509 39
6510 36
6511 39
6512 32
6513 32
6514 26
6515 29
6516 34
6517 35
6518 32
6519 29
6520 43
6521 38
6522 37
6523 32
6524 32
6525 65
6526 24
6527 37
6528 31
6529 32
6530 23
6531 23
6532 25
6533 45
6534 30
6535 35
6536 37
6537 38
6538 35
6539 25
6540 35
6541 30
6542 22
6543 32
6544 38
6545 47
6546 30
6547 34
6548 39
6549 30
6550 23
6551 29
6552 42
6553 28
6554 22
6555 54
6556 37
6557 23
6558 32
6559 38
6560 25
6561 36
6562 33
6563 27
6564 31
6565 21
6566 38
6567 47
6568 42
6569 35
6570 38
6571 21
6572 39
6573 29
6574 34
6575 29
6576 36
6577 28
6578 26
6579 17
6580 37
6581 62
6582 25
6583 33
6584 20
6585 34
6586 37
6587 31
6588 20
6589 33
6590 39
6591 22
6592 42
6593 53
6594 34
6595 33
6596 23
6597 32
6598 36
6599 30
6600 44
6601 41
6602 24
6603 23
6604 31
6605 24
6606 31
6607 35
6608 28
6609 35
6610 28
6611 34
6612 31
6613 39
6614 33
6615 36
6616 35
6617 34
6618 32
6619 25
6620 26
6621 23
6622 38
6623 34
6624 43
6625 34
6626 24
6627 32
6628 30
6629 25
6630 28
6631 41
6632 37
6633 36
6634 35
6635 40
6636 27
6637 23
6638 36
6639 48
6640 27
6641 52
6642 31
6643 39
6644 36
6645 21
6646 29
6647 23
6648 35
6649 36
6650 30
6651 25
6652 37
6653 32
6654 28
6655 35
6656 37
6657 27
6658 43
6659 25
6660 24
6661 43
6662 29
6663 38
6664 25
6665 27
6666 35
6667 26
6668 41
6669 25
6670 20
6671 26
6672 20
6673 33
6674 26
6675 28
6676 36
6677 40
6678 30
6679 34
6680 53
6681 35
6682 23
6683 28
6684 29
6685 17
6686 38
6687 26
6688 28
6689 25
6690 32
6691 32
6692 55
6693 24
6694 35
6695 20
6696 43
6697 30
6698 27
6699 32
6700 25
6701 20
6702 22
6703 34
6704 38
6705 31
6706 43
6707 30
6708 33
6709 43
6710 41
6711 30
6712 29
6713 49
6714 23
6715 32
6716 60
6717 47
6718 78
6719 42
6720 26
6721 36
6722 21
6723 38
6724 20
6725 44
6726 30
6727 28
6728 30
6729 32
6730 29
6731 34
6732 33
6733 28
6734 40
6735 22
6736 47
6737 19
6738 20
6739 25
6740 17
6741 36
6742 29
6743 28
6744 37
6745 17
6746 21
6747 25
6748 35
6749 35
6750 35
6751 32
6752 34
6753 18
6754 28
6755 32
6756 47
6757 48
6758 18
6759 39
6760 37
6761 19
6762 33
6763 32
6764 27
6765 21
6766 34
6767 26
6768 53
6769 48
6770 28
6771 41
6772 27
6773 32
6774 20
6775 39
6776 34
6777 33
6778 31
6779 20
6780 34
6781 48
6782 30
6783 43
6784 39
6785 24
6786 22
6787 30
6788 32
6789 43
6790 24
6791 23
6792 19
6793 41
6794 43
6795 24
6796 30
6797 32
6798 28
6799 39
6800 34
6801 65
6802 38
6803 23
6804 35
6805 33
6806 24
6807 19
6808 26
6809 28
6810 28
6811 62
6812 32
6813 43
6814 21
6815 39
6816 21
6817 25
6818 28
6819 27
6820 27
6821 28
6822 30
6823 29
6824 27
6825 43
6826 30
6827 30
6828 28
6829 26
6830 29
6831 21
6832 23
6833 47
6834 34
6835 38
6836 33
6837 42
6838 30
6839 35
6840 28
6841 34
6842 64
6843 43
6844 37
6845 48
6846 28
6847 17
6848 34
6849 23
6850 30
6851 51
6852 27
6853 22
6854 40
6855 24
6856 23
6857 21
6858 34
6859 32
6860 32
6861 29
6862 32
6863 19
6864 21
6865 19
6866 17
6867 30
6868 31
6869 36
6870 35
6871 41
6872 29
6873 24
6874 27
6875 28
6876 39
6877 33
6878 37
6879 14
6880 53
6881 29
6882 36
6883 34
6884 34
6885 41
6886 28
6887 28
6888 39
6889 40
6890 30
6891 35
6892 35
6893 30
6894 31
6895 25
6896 30
6897 33
6898 37
6899 27
6900 22
6901 31
6902 24
6903 36
6904 32
6905 28
6906 43
6907 40
6908 38
6909 28
6910 23
6911 38
6912 32
6913 33
6914 38
6915 34
6916 38
6917 37
6918 40
6919 27
6920 32
6921 30
6922 31
6923 46
6924 26
6925 32
6926 26
6927 22
6928 35
6929 51
6930 33
6931 26
6932 39
6933 45
6934 36
6935 32
6936 38
6937 25
6938 43
6939 46
6940 31
6941 33
6942 34
6943 23
6944 34
6945 27
6946 41
6947 37
6948 45
6949 42
6950 35
6951 23
6952 43
6953 32
6954 34
6955 26
6956 27
6957 30
6958 34
6959 40
6960 43
6961 33
6962 28
6963 27
6964 48
6965 24
6966 39
6967 33
6968 31
6969 42
6970 43
6971 28
6972 28
6973 32
6974 27
6975 26
6976 28
6977 39
6978 46
6979 31
6980 25
6981 53
6982 43
6983 53
6984 47
6985 33
6986 19
6987 33
6988 35
6989 23
6990 22
6991 48
6992 30
6993 25
6994 29
6995 39
6996 23
6997 37
6998 25
6999 37
7000 39
7001 36
7002 30
7003 36
7004 29
7005 27
7006 43
7007 35
7008 26
7009 29
7010 30
7011 28
7012 51
7013 28
7014 26
7015 23
7016 32
7017 40
7018 33
7019 49
7020 26
7021 40
7022 33
7023 42
7024 35
7025 31
7026 30
7027 31
7028 25
7029 47
7030 29
7031 20
7032 26
7033 28
7034 33
7035 37
7036 26
7037 18
7038 29
7039 37
7040 29
7041 38
7042 31
7043 36
7044 30
7045 25
7046 28
7047 20
7048 26
7049 54
7050 31
7051 34
7052 29
7053 37
7054 35
7055 36
7056 23
7057 25
7058 37
7059 30
7060 46
7061 39
7062 38
7063 34
7064 28
7065 40
7066 30
7067 51
7068 28
7069 31
7070 46
7071 42
7072 31
7073 53
7074 36
7075 32
7076 28
7077 35
7078 28
7079 41
7080 31
7081 31
7082 36
7083 34
7084 49
7085 27
7086 29
7087 28
7088 36
7089 45
7090 33
7091 37
7092 26
7093 37
7094 28
7095 42
7096 30
7097 29
7098 34
7099 39
7100 25
7101 20
7102 35
7103 25
7104 31
7105 36
7106 46
7107 31
7108 38
7109 23
7110 31
7111 29
7112 20
7113 23
7114 29
7115 23
7116 28
7117 39
7118 33
7119 47
7120 23
7121 29
7122 22
7123 41
7124 28
7125 27
7126 29
7127 34
7128 23
7129 34
7130 34
7131 24
7132 39
7133 30
7134 35
7135 29
7136 35
7137 28
7138 20
7139 40
7140 31
7141 34
7142 34
7143 30
7144 34
7145 19
7146 23
7147 32
7148 23
7149 32
7150 29
7151 34
7152 17
7153 33
7154 48
7155 67
7156 56
7157 43
7158 29
7159 33
7160 26
7161 29
7162 19
7163 30
7164 38
7165 29
7166 26
7167 23
7168 39
7169 28
7170 31
7171 38
7172 29
7173 25
7174 38
7175 33
7176 44
7177 31
7178 42
7179 29
7180 21
7181 29
7182 25
7183 31
7184 32
7185 31
7186 37
7187 32
7188 26
7189 33
7190 32
7191 27
7192 39
7193 26
7194 29
7195 30
7196 36
7197 23
7198 19
7199 34
7200 31
7201 31
7202 18
7203 26
7204 29
7205 29
7206 34
7207 43
7208 32
7209 34
7210 31
7211 37
7212 39
7213 33
7214 33
7215 35
7216 26
7217 31
7218 36
7219 37
7220 47
7221 31
7222 28
7223 29
7224 59
7225 60
7226 47
7227 28
7228 42
7229 26
7230 28
7231 26
7232 34
7233 42
7234 20
7235 45
7236 28
7237 24
7238 25
7239 36
7240 29
7241 41
7242 30
7243 28
7244 27
7245 28
7246 50
7247 32
7248 29
7249 40
7250 50
7251 29
7252 31
7253 30
7254 33
7255 29
7256 31
7257 23
7258 23
7259 25
7260 34
7261 36
7262 42
7263 35
7264 34
7265 24
7266 32
7267 24
7268 41
7269 29
7270 35
7271 26
7272 42
7273 30
7274 46
7275 34
7276 26
7277 33
7278 23
7279 31
7280 35
7281 25
7282 29
7283 30
7284 28
7285 27
7286 45
7287 33
7288 28
7289 29
7290 42
7291 31
7292 23
7293 33
7294 27
7295 33
7296 23
7297 25
7298 27
7299 38
7300 33
7301 28
7302 43
7303 30
7304 43
7305 39
7306 27
7307 26
7308 39
7309 26
7310 30
7311 32
7312 28
7313 28
7314 40
7315 27
7316 31
7317 38
7318 25
7319 29
7320 42
7321 44
7322 28
7323 29
7324 31
7325 32
7326 25
7327 27
7328 25
7329 27
7330 27
7331 36
7332 38
7333 32
7334 58
7335 30
7336 23
7337 39
7338 28
7339 35
7340 48
7341 49
7342 31
7343 29
7344 37
7345 27
7346 26
7347 39
7348 37
7349 36
7350 33
7351 47
7352 35
7353 29
7354 28
7355 36
7356 43
7357 30
7358 47
7359 30
7360 36
7361 22
7362 39
7363 28
7364 41
7365 30
7366 28
7367 34
7368 30
7369 32
7370 41
7371 26
7372 32
7373 23
7374 32
7375 34
7376 42
7377 39
7378 26
7379 35
7380 84
7381 28
7382 23
7383 28
7384 28
7385 34
7386 34
7387 23
7388 35
7389 24
7390 39
7391 29
7392 31
7393 34
7394 30
7395 29
7396 28
7397 35
7398 29
7399 35
7400 24
7401 36
7402 20
7403 30
7404 33
7405 58
7406 26
7407 43
7408 25
7409 32
7410 31
7411 35
7412 38
7413 47
7414 19
7415 35
7416 25
7417 38
7418 22
7419 33
7420 31
7421 32
7422 32
7423 26
7424 42
7425 28
7426 19
7427 29
7428 28
7429 27
7430 21
7431 41
7432 27
7433 22
7434 60
7435 29
7436 46
7437 36
7438 33
7439 28
7440 32
7441 23
7442 33
7443 27
7444 35
7445 33
7446 26
7447 29
7448 32
7449 34
7450 40
7451 25
7452 29
7453 38
7454 31
7455 40
7456 24
7457 30
7458 23
7459 31
7460 31
7461 42
7462 47
7463 34
7464 21
7465 38
7466 32
7467 40
7468 34
7469 26
7470 34
7471 28
7472 25
7473 45
7474 38
7475 25
7476 39
7477 28
7478 28
7479 38
7480 31
7481 32
7482 29
7483 48
7484 26
7485 38
7486 23
7487 23
7488 32
7489 31
7490 30
7491 39
7492 31
7493 56
7494 28
7495 43
7496 38
7497 26
7498 51
7499 62
7500 30
7501 56
7502 50
7503 23
7504 50
7505 39
7506 37
7507 37
7508 35
7509 25
7510 28
7511 30
7512 22
7513 29
7514 26
7515 30
7516 36
7517 27
7518 30
7519 35
7520 33
7521 29
7522 25
7523 46
7524 37
7525 33
7526 35
7527 22
7528 29
7529 34
7530 17
7531 41
7532 29
7533 35
7534 26
7535 32
7536 40
7537 34
7538 27
7539 46
7540 33
7541 23
7542 24
7543 31
7544 32
7545 22
7546 34
7547 29
7548 30
7549 35
7550 37
7551 19
7552 29
7553 30
7554 40
7555 32
7556 49
7557 26
7558 26
7559 28
7560 39
7561 49
7562 32
7563 33
7564 28
7565 23
7566 42
7567 20
7568 36
7569 30
7570 27
7571 30
7572 36
7573 35
7574 42
7575 31
7576 28
7577 29
7578 46
7579 36
7580 28
7581 30
7582 28
7583 26
7584 38
7585 36
7586 40
7587 30
7588 37
7589 31
7590 28
7591 33
7592 29
7593 28
7594 42
7595 23
7596 29
7597 33
7598 36
7599 33
7600 33
7601 23
7602 41
7603 17
7604 41
7605 27
7606 38
7607 30
7608 52
7609 28
7610 27
7611 33
7612 49
7613 38
7614 25
7615 31
7616 24
7617 41
7618 29
7619 31
7620 23
7621 29
7622 33
7623 30
7624 36
7625 34
7626 26
7627 25
7628 23
7629 31
7630 24
7631 34
7632 28
7633 26
7634 29
7635 36
7636 33
7637 37
7638 32
7639 36
7640 27
7641 22
7642 35
7643 28
7644 34
7645 38
7646 27
7647 37
7648 28
7649 27
7650 34
7651 32
7652 40
7653 32
7654 20
7655 28
7656 30
7657 35
7658 27
7659 27
7660 29
7661 35
7662 30
7663 26
7664 25
7665 27
7666 32
7667 23
7668 23
7669 39
7670 30
7671 28
7672 25
7673 42
7674 37
7675 31
7676 34
7677 45
7678 23
7679 42
7680 32
7681 31
7682 19
7683 25
7684 34
7685 17
7686 34
7687 29
7688 32
7689 38
7690 33
7691 37
7692 31
7693 45
7694 30
7695 35
7696 29
7697 36
7698 24
7699 21
7700 37
7701 25
7702 56
7703 39
7704 33
7705 27
7706 29
7707 20
7708 33
7709 37
7710 44
7711 20
7712 42
7713 49
7714 25
7715 36
7716 30
7717 42
7718 31
7719 32
7720 25
7721 27
7722 27
7723 34
7724 24
7725 31
7726 17
7727 31
7728 30
7729 33
7730 23
7731 25
7732 22
7733 29
7734 25
7735 44
7736 35
7737 33
7738 30
7739 77
7740 29
7741 29
7742 46
7743 33
7744 37
7745 22
7746 34
7747 26
7748 37
7749 31
7750 26
7751 27
7752 50
7753 31
7754 23
7755 22
7756 37
7757 34
7758 30
7759 25
7760 28
7761 32
7762 32
7763 36
7764 33
7765 29
7766 25
7767 38
7768 25
7769 51
7770 42
7771 58
7772 40
7773 43
7774 44
7775 34
7776 27
7777 37
7778 36
7779 32
7780 33
7781 26
7782 23
7783 34
7784 35
7785 35
7786 29
7787 32
7788 36
7789 30
7790 40
7791 31
7792 30
7793 29
7794 33
7795 42
7796 34
7797 38
7798 35
7799 35
7800 31
7801 24
7802 34
7803 30
7804 40
7805 34
7806 40
7807 32
7808 32
7809 31
7810 41
7811 46
7812 33
7813 24
7814 23
7815 48
7816 34
7817 32
7818 16
7819 20
7820 22
7821 31
7822 42
7823 39
7824 33
7825 17
7826 30
7827 21
7828 27
7829 21
7830 33
7831 32
7832 34
7833 27
7834 30
7835 40
7836 34
7837 25
7838 34
7839 38
7840 69
7841 29
7842 34
7843 23
7844 26
7845 28
7846 26
7847 41
7848 34
7849 20
7850 24
7851 34
7852 35
7853 48
7854 31
7855 26
7856 31
7857 32
7858 34
7859 33
7860 34
7861 31
7862 41
7863 39
7864 30
7865 39
7866 33
7867 40
7868 41
7869 23
7870 30
7871 39
7872 44
7873 26
7874 37
7875 41
7876 33
7877 36
7878 45
7879 35
7880 41
7881 39
7882 40
7883 41
7884 37
7885 50
7886 29
7887 33
7888 19
7889 25
7890 38
7891 27
7892 37
7893 26
7894 37
7895 23
7896 35
7897 19
7898 34
7899 28
7900 29
7901 52
7902 43
7903 35
7904 28
7905 36
7906 49
7907 27
7908 28
7909 42
7910 25
7911 32
7912 40
7913 26
7914 31
7915 34
7916 30
7917 44
7918 33
7919 23
7920 40
7921 32
7922 38
7923 33
7924 37
7925 25
7926 54
7927 24
7928 44
7929 28
7930 40
7931 32
7932 38
7933 31
7934 38
7935 36
7936 42
7937 28
7938 33
7939 21
7940 32
7941 41
7942 36
7943 43
7944 34
7945 33
7946 32
7947 29
7948 31
7949 20
7950 50
7951 25
7952 37
7953 36
7954 40
7955 26
7956 34
7957 32
7958 44
7959 38
7960 37
7961 29
7962 25
7963 33
7964 35
7965 35
7966 28
7967 28
7968 41
7969 33
7970 36
7971 62
7972 47
7973 40
7974 41
7975 33
7976 31
7977 26
7978 40
7979 34
7980 30
7981 23
7982 36
7983 23
7984 36
7985 31
7986 29
7987 29
7988 34
7989 29
7990 32
7991 36
7992 35
7993 25
7994 28
7995 40
7996 38
7997 34
7998 35
7999 43
8000 45
8001 28
8002 68
8003 41
8004 39
8005 32
8006 49
8007 32
8008 33
8009 40
8010 36
8011 39
8012 33
8013 34
8014 40
8015 40
8016 36
8017 42
8018 23
8019 46
8020 54
8021 36
8022 30
8023 28
8024 33
8025 26
8026 33
8027 26
8028 40
8029 26
8030 32
8031 27
8032 35
8033 29
8034 26
8035 32
8036 38
8037 44
8038 26
8039 35
8040 29
8041 35
8042 32
8043 22
8044 31
8045 33
8046 36
8047 30
8048 26
8049 37
8050 25
8051 42
8052 38
8053 42
8054 23
8055 40
8056 31
8057 32
8058 21
8059 30
8060 43
8061 29
8062 40
8063 24
8064 42
8065 37
8066 23
8067 34
8068 42
8069 36
8070 36
8071 33
8072 36
8073 41
8074 48
8075 36
8076 36
8077 32
8078 39
8079 24
8080 36
8081 27
8082 19
8083 26
8084 26
8085 36
8086 38
8087 29
8088 40
8089 39
8090 33
8091 42
8092 26
8093 23
8094 47
8095 37
8096 35
8097 38
8098 61
8099 47
8100 19
8101 37
8102 33
8103 26
8104 26
8105 21
8106 30
8107 37
8108 36
8109 31
8110 32
8111 22
8112 35
8113 20
8114 39
8115 34
8116 45
8117 39
8118 29
8119 33
8120 23
8121 29
8122 25
8123 31
8124 32
8125 28
8126 44
8127 29
8128 33
8129 36
8130 28
8131 28
8132 30
8133 26
8134 36
8135 35
8136 32
8137 32
8138 28
8139 49
8140 33
8141 36
8142 40
8143 35
8144 38
8145 31
8146 32
8147 24
8148 31
8149 32
8150 32
8151 34
8152 37
8153 29
8154 59
8155 37
8156 28
8157 29
8158 33
8159 30
8160 33
8161 38
8162 45
8163 28
8164 26
8165 34
8166 31
8167 45
8168 28
8169 55
8170 35
8171 35
8172 37
8173 39
8174 35
8175 37
8176 25
8177 26
8178 30
8179 35
8180 30
8181 35
8182 26
8183 25
8184 42
8185 31
8186 20
8187 26
8188 56
8189 44
8190 28
8191 32
8192 38
8193 44
8194 33
8195 33
8196 32
8197 26
8198 37
8199 27
8200 44
8201 28
8202 41
8203 42
8204 37
8205 50
8206 29
8207 38
8208 40
8209 28
8210 36
8211 44
8212 37
8213 26
8214 39
8215 29
8216 32
8217 25
8218 30
8219 35
8220 28
8221 33
8222 31
8223 25
8224 77
8225 25
8226 25
8227 32
8228 36
8229 39
8230 26
8231 31
8232 28
8233 25
8234 28
8235 25
8236 31
8237 39
8238 22
8239 25
8240 43
8241 25
8242 34
8243 34
8244 27
8245 25
8246 32
8247 25
8248 44
8249 27
8250 32
8251 26
8252 32
8253 53
8254 22
8255 27
8256 35
8257 43
8258 44
8259 39
8260 45
8261 33
8262 21
8263 39
8264 51
8265 37
8266 26
8267 29
8268 29
8269 22
8270 31
8271 30
8272 22
8273 43
8274 41
8275 28
8276 30
8277 35
8278 79
8279 39
8280 47
8281 34
8282 32
8283 37
8284 28
8285 59
8286 34
8287 34
8288 48
8289 40
8290 48
8291 38
8292 18
8293 29
8294 34
8295 33
8296 38
8297 21
8298 34
8299 31
8300 26
8301 25
8302 29
8303 31
8304 25
8305 26
8306 35
8307 26
8308 33
8309 30
8310 37
8311 42
8312 24
8313 33
8314 26
8315 41
8316 61
8317 48
8318 35
8319 54
8320 34
8321 35
8322 26
8323 31
8324 35
8325 25
8326 24
8327 24
8328 25
8329 31
8330 32
8331 33
8332 27
8333 29
8334 27
8335 35
8336 23
8337 36
8338 25
8339 36
8340 44
8341 33
8342 40
8343 31
8344 32
8345 28
8346 22
8347 29
8348 34
8349 24
8350 42
8351 60
8352 31
8353 63
8354 25
8355 51
8356 60
8357 32
8358 33
8359 29
8360 42
8361 37
8362 29
8363 29
8364 38
8365 26
8366 29
8367 30
8368 33
8369 72
8370 36
8371 45
8372 38
8373 35
8374 42
8375 49
8376 32
8377 30
8378 34
8379 37
8380 32
8381 26
8382 30
8383 30
8384 34
8385 33
8386 38
8387 27
8388 47
8389 27
8390 38
8391 23
8392 28
8393 30
8394 28
8395 23
8396 23
8397 25
8398 39
8399 40
8400 33
8401 32
8402 27
8403 33
8404 56
8405 39
8406 21
8407 36
8408 29
8409 23
8410 29
8411 27
8412 40
8413 35
8414 36
8415 33
8416 25
8417 32
8418 32
8419 29
8420 32
8421 33
8422 23
8423 32
8424 28
8425 38
8426 53
8427 39
8428 35
8429 34
8430 30
8431 31
8432 39
8433 29
8434 31
8435 56
8436 34
8437 39
8438 30
8439 38
8440 34
8441 24
8442 33
8443 36
8444 29
8445 33
8446 30
8447 34
8448 35
8449 23
8450 25
8451 60
8452 26
8453 31
8454 44
8455 29
8456 49
8457 36
8458 21
8459 33
8460 28
8461 41
8462 36
8463 31
8464 42
8465 38
8466 29
8467 29
8468 26
8469 25
8470 25
8471 25
8472 30
8473 25
8474 34
8475 39
8476 20
8477 19
8478 36
8479 23
8480 25
8481 26
8482 31
8483 25
8484 52
8485 31
8486 28
8487 40
8488 29
8489 51
8490 29
8491 45
8492 33
8493 38
8494 26
8495 32
8496 27
8497 37
8498 36
8499 35
8500 45
8501 30
8502 37
8503 20
8504 36
8505 21
8506 33
8507 22
8508 34
8509 24
8510 38
8511 40
8512 40
8513 30
8514 20
8515 28
8516 36
8517 36
8518 32
8519 40
8520 30
8521 47
8522 46
8523 36
8524 42
8525 30
8526 34
8527 39
8528 27
8529 25
8530 30
8531 39
8532 33
8533 42
8534 36
8535 39
8536 34
8537 41
8538 35
8539 33
8540 23
8541 27
8542 26
8543 37
8544 25
8545 35
8546 27
8547 38
8548 44
8549 40
8550 52
8551 47
8552 40
8553 37
8554 45
8555 57
8556 45
8557 47
8558 37
8559 32
8560 39
8561 48
8562 34
8563 40
8564 35
8565 68
8566 31
8567 41
8568 35
8569 31
8570 35
8571 36
8572 31
8573 42
8574 26
8575 31
8576 54
8577 42
8578 38
8579 33
8580 58
8581 55
8582 31
8583 37
8584 54
8585 22
8586 16
8587 36
8588 30
8589 38
8590 23
8591 36
8592 47
8593 33
8594 34
8595 22
8596 25
8597 35
8598 42
8599 29
8600 26
8601 44
8602 28
8603 29
8604 40
8605 36
8606 40
8607 36
8608 40
8609 28
8610 39
8611 37
8612 34
8613 30
8614 37
8615 26
8616 33
8617 45
8618 40
8619 37
8620 39
8621 54
8622 24
8623 34
8624 42
8625 32
8626 27
8627 24
8628 26
8629 39
8630 38
8631 29
8632 33
8633 47
8634 30
8635 46
8636 26
8637 30
8638 38
8639 29
8640 26
8641 50
8642 32
8643 45
8644 58
8645 34
8646 29
8647 41
8648 34
8649 36
8650 26
8651 35
8652 34
8653 30
8654 33
8655 32
8656 36
8657 43
8658 34
8659 23
8660 33
8661 32
8662 33
8663 23
8664 23
8665 33
8666 26
8667 32
8668 20
8669 29
8670 43
8671 35
8672 36
8673 36
8674 34
8675 34
8676 34
8677 42
8678 44
8679 31
8680 47
8681 29
8682 40
8683 45
8684 50
8685 36
8686 34
8687 44
8688 38
8689 32
8690 37
8691 26
8692 34
8693 26
8694 46
8695 44
8696 35
8697 33
8698 37
8699 36
8700 47
8701 45
8702 39
8703 28
8704 26
8705 40
8706 40
8707 50
8708 29
8709 33
8710 36
8711 31
8712 27
8713 31
8714 28
8715 34
8716 34
8717 38
8718 33
8719 41
8720 29
8721 31
8722 58
8723 27
8724 50
8725 42
8726 20
8727 27
8728 30
8729 36
8730 38
8731 30
8732 36
8733 36
8734 27
8735 32
8736 21
8737 22
8738 33
8739 34
8740 33
8741 20
8742 30
8743 48
8744 26
8745 27
8746 29
8747 32
8748 42
8749 26
8750 28
8751 24
8752 23
8753 23
8754 36
8755 27
8756 17
8757 22
8758 36
8759 13
8760 28
8761 26
8762 29
8763 29
8764 41
8765 29
8766 37
8767 28
8768 32
8769 28
8770 18
8771 30
8772 32
8773 36
8774 36
8775 26
8776 35
8777 28
8778 31
8779 50
8780 39
8781 41
8782 32
8783 27
8784 37
8785 37
8786 32
8787 31
8788 25
8789 47
8790 56
8791 32
8792 37
8793 27
8794 36
8795 44
8796 34
8797 25
8798 36
8799 25
8800 29
8801 30
8802 27
8803 27
8804 32
8805 25
8806 29
8807 34
8808 41
8809 37
8810 28
8811 36
8812 29
8813 20
8814 28
8815 49
8816 34
8817 28
8818 49
8819 38
8820 25
8821 28
8822 30
8823 34
8824 35
8825 38
8826 32
8827 33
8828 42
8829 23
8830 30
8831 49
8832 30
8833 39
8834 48
8835 40
8836 23
8837 26
8838 25
8839 26
8840 38
8841 28
8842 45
8843 31
8844 29
8845 28
8846 35
8847 20
8848 30
8849 48
8850 27
8851 19
8852 26
8853 35
8854 40
8855 23
8856 57
8857 31
8858 44
8859 26
8860 33
8861 25
8862 35
8863 26
8864 37
8865 30
8866 29
8867 26
8868 29
8869 36
8870 23
8871 28
8872 25
8873 36
8874 39
8875 28
8876 25
8877 45
8878 43
8879 28
8880 36
8881 36
8882 23
8883 40
8884 34
8885 29
8886 39
8887 29
8888 25
8889 33
8890 25
8891 29
8892 61
8893 37
8894 31
8895 22
8896 46
8897 25
8898 30
8899 58
8900 38
8901 36
8902 28
8903 27
8904 29
8905 35
8906 29
8907 40
8908 24
8909 48
8910 34
8911 26
8912 25
8913 28
8914 34
8915 52
8916 36
8917 47
8918 38
8919 34
8920 28
8921 36
8922 24
8923 49
8924 34
8925 30
8926 34
8927 30
8928 40
8929 47
8930 22
8931 39
8932 63
8933 29
8934 29
8935 31
8936 48
8937 31
8938 25
8939 34
8940 26
8941 23
8942 37
8943 24
8944 29
8945 22
8946 37
8947 31
8948 33
8949 29
8950 36
8951 37
8952 33
8953 25
8954 19
8955 26
8956 34
8957 40
8958 34
8959 32
8960 29
8961 36
8962 48
8963 41
8964 30
8965 32
8966 34
8967 28
8968 16
8969 36
8970 23
8971 20
8972 40
8973 36
8974 29
8975 42
8976 26
8977 33
8978 23
8979 25
8980 30
8981 33
8982 48
8983 42
8984 38
8985 29
8986 52
8987 43
8988 23
8989 30
8990 29
8991 44
8992 39
8993 34
8994 34
8995 29
8996 37
8997 23
8998 45
8999 31
9000 29
9001 34
9002 34
9003 25
9004 31
9005 25
9006 34
9007 47
9008 64
9009 36
9010 50
9011 42
9012 39
9013 45
9014 19
9015 24
9016 34
9017 20
9018 68
9019 50
9020 45
9021 27
9022 81
9023 22
9024 50
9025 60
9026 87
9027 69
9028 86
9029 65
9030 41
9031 29
9032 37
9033 23
9034 50
9035 54
9036 78
9037 33
9038 45
9039 25
9040 23
9041 38
9042 20
9043 24
9044 34
9045 30
9046 36
9047 47
9048 32
9049 29
9050 32
9051 24
9052 31
9053 46
9054 45
9055 39
9056 45
9057 31
9058 41
9059 32
9060 38
9061 34
9062 29
9063 28
9064 40
9065 17
9066 38
9067 31
9068 36
9069 40
9070 42
9071 31
9072 30
9073 29
9074 34
9075 27
9076 27
9077 36
9078 20
9079 29
9080 35
9081 24
9082 30
9083 31
9084 30
9085 25
9086 30
9087 37
9088 35
9089 37
9090 43
9091 29
9092 42
9093 37
9094 38
9095 44
9096 28
9097 44
9098 33
9099 26
9100 34
9101 27
9102 42
9103 39
9104 28
9105 20
9106 26
9107 31
9108 29
9109 20
9110 35
9111 26
9112 34
9113 22
9114 32
9115 14
9116 23
9117 27
9118 51
9119 39
9120 53
9121 32
9122 20
9123 28
9124 23
9125 28
9126 33
9127 38
9128 39
9129 53
9130 35
9131 31
9132 23
9133 42
9134 31
9135 44
9136 27
9137 32
9138 28
9139 30
9140 31
9141 48
9142 41
9143 32
9144 31
9145 34
9146 26
9147 38
9148 29
9149 39
9150 29
9151 38
9152 19
9153 32
9154 38
9155 27
9156 23
9157 27
9158 23
9159 28
9160 36
9161 36
9162 24
9163 28
9164 32
9165 37
9166 48
9167 35
9168 20
9169 50
9170 37
9171 22
9172 39
9173 27
9174 22
9175 37
9176 32
9177 31
9178 39
9179 29
9180 40
9181 31
9182 39
9183 22
9184 41
9185 39
9186 26
9187 33
9188 30
9189 34
9190 16
9191 26
9192 23
9193 29
9194 32
9195 22
9196 28
9197 25
9198 33
9199 32
9200 49
9201 30
9202 35
9203 68
9204 23
9205 34
9206 32
9207 20
9208 26
9209 36
9210 39
9211 62
9212 28
9213 27
9214 33
9215 36
9216 33
9217 36
9218 29
9219 45
9220 38
9221 32
9222 37
9223 44
9224 68
9225 46
9226 32
9227 23
9228 35
9229 40
9230 26
9231 33
9232 29
9233 32
9234 60
9235 50
9236 31
9237 38
9238 44
9239 29
9240 28
9241 52
9242 25
9243 34
9244 35
9245 36
9246 28
9247 53
9248 33
9249 29
9250 34
9251 46
9252 27
9253 62
9254 32
9255 38
9256 70
9257 32
9258 19
9259 25
9260 33
9261 35
9262 40
9263 33
9264 29
9265 31
9266 29
9267 36
9268 31
9269 26
9270 33
9271 39
9272 43
9273 26
9274 38
9275 44
9276 25
9277 29
9278 36
9279 33
9280 42
9281 62
9282 34
9283 28
9284 34
9285 38
9286 42
9287 35
9288 31
9289 32
9290 21
9291 34
9292 30
9293 23
9294 22
9295 25
9296 34
9297 44
9298 24
9299 35
9300 26
9301 32
9302 47
9303 36
9304 22
9305 33
9306 39
9307 24
9308 24
9309 28
9310 24
9311 23
9312 46
9313 31
9314 40
9315 39
9316 35
9317 36
9318 41
9319 31
9320 33
9321 32
9322 42
9323 34
9324 30
9325 29
9326 32
9327 33
9328 38
9329 34
9330 34
9331 52
9332 47
9333 26
9334 45
9335 37
9336 41
9337 29
9338 24
9339 29
9340 29
9341 27
9342 48
9343 23
9344 37
9345 34
9346 30
9347 35
9348 23
9349 31
9350 33
9351 28
9352 36
9353 47
9354 29
9355 38
9356 34
9357 23
9358 33
9359 29
9360 56
9361 28
9362 30
9363 33
9364 36
9365 33
9366 57
9367 40
9368 34
9369 23
9370 50
9371 38
9372 38
9373 31
9374 34
9375 49
9376 32
9377 34
9378 26
9379 36
9380 35
9381 27
9382 41
9383 38
9384 33
9385 32
9386 26
9387 25
9388 29
9389 31
9390 33
9391 50
9392 33
9393 25
9394 50
9395 37
9396 28
9397 40
9398 37
9399 37
9400 68
9401 44
9402 26
9403 41
9404 22
9405 30
9406 32
9407 50
9408 22
9409 29
9410 37
9411 40
9412 43
9413 26
9414 28
9415 42
9416 36
9417 35
9418 33
9419 35
9420 56
9421 29
9422 50
9423 27
9424 21
9425 31
9426 36
9427 35
9428 25
9429 29
9430 37
9431 48
9432 41
9433 28
9434 86
9435 28
9436 40
9437 32
9438 68
9439 31
9440 44
9441 44
9442 49
9443 43
9444 30
9445 64
9446 22
9447 38
9448 30
9449 33
9450 25
9451 36
9452 33
9453 32
9454 42
9455 53
9456 26
9457 32
9458 24
9459 23
9460 39
9461 47
9462 36
9463 38
9464 37
9465 38
9466 37
9467 38
9468 46
9469 28
9470 39
9471 36
9472 44
9473 32
9474 30
9475 38
9476 31
9477 30
9478 32
9479 43
9480 26
9481 44
9482 42
9483 22
9484 35
9485 23
9486 32
9487 44
9488 42
9489 31
9490 29
9491 26
9492 40
9493 36
9494 31
9495 38
9496 33
9497 42
9498 27
9499 41
9500 31
9501 25
9502 34
9503 34
9504 29
9505 32
9506 28
9507 26
9508 40
9509 27
9510 36
9511 36
9512 31
9513 45
9514 37
9515 29
9516 45
9517 42
9518 34
9519 32
9520 40
9521 25
9522 35
9523 35
9524 40
9525 28
9526 43
9527 30
9528 33
9529 58
9530 25
9531 34
9532 34
9533 26
9534 21
9535 43
9536 25
9537 33
9538 29
9539 28
9540 34
9541 51
9542 29
9543 28
9544 37
9545 37
9546 37
9547 37
9548 32
9549 60
9550 19
9551 21
9552 32
9553 29
9554 36
9555 26
9556 42
9557 36
9558 36
9559 40
9560 28
9561 29
9562 48
9563 26
9564 32
9565 34
9566 32
9567 34
9568 43
9569 29
9570 25
9571 20
9572 50
9573 65
9574 32
9575 25
9576 29
9577 40
9578 28
9579 26
9580 41
9581 24
9582 40
9583 29
9584 31
9585 26
9586 36
9587 29
9588 23
9589 30
9590 36
9591 34
9592 37
9593 32
9594 28
9595 48
9596 39
9597 34
9598 48
9599 28
9600 26
9601 34
9602 37
9603 36
9604 20
9605 32
9606 22
9607 25
9608 31
9609 28
9610 24
9611 44
9612 40
9613 40
9614 42
9615 36
9616 40
9617 34
9618 37
9619 23
9620 34
9621 41
9622 32
9623 36
9624 36
9625 30
9626 36
9627 45
9628 43
9629 38
9630 24
9631 22
9632 38
9633 26
9634 48
9635 29
9636 30
9637 34
9638 24
9639 26
9640 32
9641 40
9642 32
9643 35
9644 31
9645 31
9646 35
9647 23
9648 40
9649 25
9650 24
9651 25
9652 23
9653 34
9654 28
9655 38
9656 20
9657 47
9658 29
9659 32
9660 30
9661 30
9662 40
9663 31
9664 32
9665 28
9666 51
9667 23
9668 25
9669 43
9670 29
9671 38
9672 37
9673 37
9674 36
9675 31
9676 28
9677 36
9678 41
9679 40
9680 34
9681 28
9682 33
9683 23
9684 24
9685 34
9686 28
9687 28
9688 36
9689 37
9690 32
9691 37
9692 27
9693 31
9694 38
9695 31
9696 28
9697 44
9698 43
9699 41
9700 57
9701 59
9702 26
9703 27
9704 35
9705 24
9706 26
9707 31
9708 33
9709 22
9710 33
9711 28
9712 35
9713 36
9714 31
9715 48
9716 31
9717 42
9718 48
9719 26
9720 26
9721 36
9722 28
9723 26
9724 32
9725 38
9726 37
9727 33
9728 33
9729 37
9730 35
9731 26
9732 29
9733 41
9734 46
9735 42
9736 23
9737 34
9738 34
9739 27
9740 27
9741 34
9742 22
9743 32
9744 37
9745 27
9746 45
9747 37
9748 39
9749 36
9750 43
9751 36
9752 27
9753 34
9754 31
9755 33
9756 41
9757 41
9758 32
9759 38
9760 19
9761 36
9762 50
9763 35
9764 22
9765 37
9766 26
9767 38
9768 36
9769 42
9770 34
9771 35
9772 27
9773 33
9774 32
9775 33
9776 42
9777 30
9778 35
9779 29
9780 42
9781 38
9782 29
9783 25
9784 32
9785 28
9786 33
9787 30
9788 32
9789 30
9790 37
9791 45
9792 29
9793 47
9794 40
9795 43
9796 37
9797 31
9798 37
9799 32
9800 37
9801 36
9802 36
9803 31
9804 30
9805 42
9806 45
9807 29
9808 34
9809 29
9810 26
9811 26
9812 30
9813 31
9814 31
9815 29
9816 11
9817 30
9818 27
9819 22
9820 29
9821 31
9822 32
9823 31
9824 23
9825 27
9826 48
9827 29
9828 28
9829 34
9830 35
9831 43
9832 33
9833 40
9834 42
9835 37
9836 42
9837 40
9838 33
9839 25
9840 25
9841 37
9842 32
9843 42
9844 43
9845 36
9846 39
9847 30
9848 31
9849 31
9850 45
9851 31
9852 25
9853 37
9854 32
9855 36
9856 36
9857 65
9858 29
9859 19
9860 28
9861 32
9862 38
9863 35
9864 29
9865 55
9866 40
9867 32
9868 24
9869 26
9870 37
9871 31
9872 33
9873 31
9874 30
9875 27
9876 25
9877 29
9878 26
9879 26
9880 26
9881 28
9882 27
9883 37
9884 46
9885 30
9886 23
9887 19
9888 32
9889 33
9890 36
9891 36
9892 34
9893 28
9894 38
9895 19
9896 38
9897 31
9898 43
9899 28
9900 42
9901 34
9902 26
9903 23
9904 29
9905 24
9906 29
9907 30
9908 35
9909 34
9910 35
9911 35
9912 35
9913 35
9914 32
9915 29
9916 41
9917 27
9918 20
9919 28
9920 31
9921 31
9922 29
9923 33
9924 27
9925 32
9926 37
9927 31
9928 29
9929 30
9930 42
9931 31
9932 33
9933 35
9934 36
9935 17
9936 30
9937 22
9938 34
9939 30
9940 28
9941 41
9942 30
9943 37
9944 39
9945 28
9946 28
9947 37
9948 33
9949 25
9950 34
9951 28
9952 39
9953 42
9954 39
9955 53
9956 53
9957 36
9958 38
9959 29
9960 26
9961 33
9962 49
9963 25
9964 30
9965 25
9966 35
9967 21
9968 26
9969 51
9970 30
9971 26
9972 32
9973 30
9974 44
9975 26
9976 32
9977 33
9978 31
9979 24
9980 57
9981 49
9982 30
9983 24
9984 39
9985 27
9986 38
9987 33
9988 36
9989 37
9990 37
9991 23
9992 26
9993 61
9994 43
9995 31
9996 27
9997 31
9998 33
9999 34
10000 33
10001 31
10002 36
10003 20
10004 22
10005 32
10006 24
10007 39
10008 26
10009 24
10010 29
10011 28
10012 19
10013 38
10014 31
10015 43
10016 29
10017 35
10018 34
10019 30
10020 37
10021 36
10022 27
10023 31
10024 37
10025 32
10026 26
10027 56
10028 29
10029 24
10030 46
10031 25
10032 32
10033 42
10034 34
10035 31
10036 46
10037 41
10038 31
10039 45
10040 62
10041 45
10042 45
10043 26
10044 45
10045 32
10046 26
10047 31
10048 38
10049 40
10050 27
10051 39
10052 21
10053 31
10054 35
10055 28
10056 23
10057 30
10058 22
10059 41
10060 38
10061 30
10062 37
10063 43
10064 68
10065 39
10066 32
10067 29
10068 25
10069 40
10070 41
10071 70
10072 57
10073 50
10074 36
10075 32
10076 38
10077 31
10078 28
10079 35
10080 47
10081 36
10082 59
10083 73
10084 23
10085 45
10086 32
10087 39
10088 61
10089 38
10090 27
10091 23
10092 22
10093 32
10094 19
10095 60
10096 34
10097 41
10098 49
10099 35
