104 14
103 17
105 15
101 21
119 8
100 32
109 31
116 24
110 31
106 36
117 25
112 32
121 23
130 14
122 23
113 33
118 28
120 26
107 40
108 40
127 22
132 17
111 39
123 27
125 25
136 14
102 51
126 28
128 27
124 32
140 16
142 14
151 6
115 43
134 24
114 45
139 20
149 11
133 28
141 20
146 15
154 8
138 27
143 22
148 17
129 37
144 23
147 20
150 17
131 37
135 35
158 12
152 20
155 18
145 29
157 17
159 15
153 22
156 19
137 39
160 18
168 11
165 15
166 14
171 11
161 23
162 22
164 20
163 23
169 17
167 20
172 19
177 14
176 17
170 24
178 17
181 14
173 23
183 14
179 20
182 17
174 26
185 17
180 23
175 29
184 22
193 14
186 23
192 17
187 23
188 23
191 20
194 17
201 10
190 23
196 17
198 17
206 10
195 23
200 19
197 23
203 17
204 17
189 34
211 13
214 14
209 20
208 23
212 20
210 23
199 35
207 27
223 11
215 21
216 20
202 37
219 22
205 37
224 23
217 32
242 7
227 23
221 30
222 31
235 23
245 13
213 47
218 42
234 26
238 23
247 14
225 37
228 34
233 31
229 38
230 37
231 36
249 18
220 48
258 10
226 43
251 20
232 40
244 29
237 37
243 31
257 17
239 36
252 23
236 40
241 35
255 21
248 29
259 18
246 33
263 17
256 25
264 17
240 46
260 26
261 25
265 21
266 20
254 33
267 20
275 15
272 20
253 41
274 20
278 17
281 14
262 34
270 26
273 23
276 20
250 47
271 26
268 30
279 23
282 20
280 24
285 20
288 17
277 29
284 23
269 39
286 23
294 17
298 14
290 23
293 22
287 29
299 17
292 28
297 23
283 38
289 33
296 26
304 20
295 30
300 25
308 17
306 20
291 39
311 23
321 13
309 26
302 34
301 36
314 23
305 33
324 17
313 29
325 17
327 15
310 33
320 23
323 20
330 13
307 37
303 44
317 30
318 30
331 17
326 23
312 39
315 37
338 14
319 34
333 20
328 26
316 39
335 20
342 13
322 39
329 32
343 20
341 23
347 18
348 17
346 20
334 33
350 17
332 37
352 17
345 26
349 23
358 14
336 37
337 37
339 35
351 23
362 14
344 35
340 41
355 26
359 23
360 23
366 17
361 23
365 20
381 8
364 26
370 20
353 38
363 28
354 38
356 38
369 26
372 23
368 30
378 20
382 16
373 26
376 23
357 43
377 23
385 17
391 11
396 8
379 26
380 26
386 20
384 23
374 34
388 20
367 42
389 21
371 40
383 29
375 38
393 20
394 20
399 17
395 24
400 20
406 14
387 35
392 35
411 16
413 14
403 26
390 41
410 21
398 34
419 14
408 26
412 22
401 34
414 23
415 23
421 17
402 37
407 32
397 43
423 17
405 36
418 23
425 17
417 26
427 17
404 41
426 20
432 14
424 23
409 39
428 20
436 12
429 21
416 36
430 23
438 17
439 17
434 23
420 38
422 36
431 29
437 23
448 13
435 29
445 19
441 25
446 20
433 34
447 20
443 26
449 20
452 17
451 20
442 34
460 17
455 23
461 20
450 32
454 28
453 30
458 26
464 20
440 47
459 28
467 20
444 44
465 23
468 23
473 20
457 37
477 20
456 43
462 38
463 37
480 21
479 23
466 37
471 33
481 23
484 20
490 14
494 11
472 34
483 23
469 39
482 26
495 14
487 23
493 17
470 43
475 38
476 37
478 35
485 29
488 26
497 17
491 26
500 17
474 44
492 26
498 20
496 23
499 20
508 11
505 17
503 20
507 16
506 20
486 42
489 39
504 26
511 20
509 23
512 23
501 35
522 14
514 23
526 11
518 20
521 17
519 20
523 17
516 27
502 42
524 20
527 17
525 20
531 14
520 26
535 11
530 17
513 35
517 34
540 11
510 43
515 39
536 23
545 14
539 23
541 23
528 37
548 17
551 17
549 20
544 26
547 23
533 38
542 29
554 17
543 29
555 17
534 39
538 35
550 23
556 17
532 42
529 46
552 23
553 23
537 40
562 17
557 23
564 17
546 37
560 23
561 23
566 19
573 14
558 33
577 14
580 12
576 17
559 35
571 23
569 28
574 23
575 23
581 17
579 21
578 23
583 20
586 17
568 36
584 20
594 11
563 43
565 42
567 41
582 26
585 23
590 20
588 23
592 20
572 41
593 20
591 23
597 17
603 14
595 23
596 23
599 20
570 51
602 20
610 14
606 20
608 20
601 28
587 43
604 27
609 23
607 26
616 17
598 37
621 14
589 47
600 36
614 23
618 20
613 26
611 29
620 20
612 29
615 26
605 39
624 20
627 17
622 23
628 17
639 11
642 9
617 35
635 17
630 23
629 26
638 17
634 23
637 20
631 28
619 41
636 26
646 17
641 23
625 41
643 23
623 45
632 38
626 45
651 20
656 17
654 23
633 45
655 23
662 17
640 40
644 36
652 29
665 17
657 26
658 26
661 23
650 35
666 20
648 39
659 29
645 44
669 20
667 23
668 22
670 20
647 45
672 20
675 17
676 17
674 20
677 17
653 42
649 47
673 23
660 38
663 37
678 23
671 34
683 23
681 26
664 45
688 23
691 20
695 17
679 34
686 29
689 26
699 17
680 37
694 23
698 20
684 36
690 31
697 26
709 14
693 35
696 32
682 47
712 17
704 26
702 29
708 23
711 20
692 40
685 48
713 20
687 49
710 26
701 39
714 26
729 11
706 35
700 42
716 26
719 23
722 20
703 40
705 38
720 23
721 23
707 38
718 28
717 33
723 29
733 20
728 26
734 20
735 20
739 17
731 26
727 31
715 45
740 20
724 38
726 36
732 31
738 26
725 40
742 23
755 11
745 22
744 24
751 17
757 11
736 33
743 26
749 20
730 40
741 30
748 23
752 20
737 41
750 29
758 21
753 29
762 20
760 23
747 38
765 20
756 30
770 17
763 26
766 26
778 14
754 40
768 26
746 49
784 14
772 27
777 23
783 17
775 27
782 20
759 45
788 17
769 37
761 47
764 44
779 29
786 23
767 43
774 37
776 35
785 26
771 41
773 39
789 23
787 26
791 23
781 34
793 23
796 20
794 23
798 20
801 17
797 23
803 17
799 23
802 20
805 17
813 9
800 23
790 34
808 17
780 46
809 22
792 40
804 29
807 26
816 17
811 23
795 40
806 32
819 20
825 17
817 26
827 17
822 23
826 20
832 14
820 29
812 38
824 26
830 20
831 20
818 34
829 23
814 39
815 39
810 46
839 17
828 29
834 23
837 20
846 11
841 20
844 17
842 20
823 41
847 17
843 23
821 46
848 20
833 37
849 23
851 23
850 26
836 41
840 37
845 32
852 26
838 41
859 20
860 20
835 46
858 23
861 20
864 20
853 32
869 20
873 17
868 23
866 26
872 20
878 14
867 26
870 23
862 33
881 14
854 42
855 41
856 40
876 20
871 26
857 41
865 35
874 26
863 41
882 23
883 23
890 17
886 23
889 20
880 32
892 20
887 26
893 20
891 23
895 20
899 17
875 42
885 32
894 24
877 42
906 14
879 42
898 23
897 26
903 20
909 14
904 20
896 29
900 26
901 26
902 26
884 46
888 42
910 20
911 20
905 29
913 23
914 23
907 34
915 26
924 17
912 30
926 17
929 14
918 26
916 29
922 23
921 26
923 26
908 43
919 34
933 20
934 20
920 35
935 20
936 20
928 29
931 26
917 42
932 29
938 23
925 39
941 23
951 14
954 11
947 20
939 29
946 23
949 20
944 26
927 46
930 43
959 14
948 26
952 22
950 26
953 23
937 40
942 38
943 38
962 20
940 47
945 45
955 35
965 25
967 23
974 17
960 32
975 17
968 26
964 31
972 23
984 11
958 38
963 33
970 26
971 26
956 42
957 42
961 38
979 20
977 23
981 20
988 14
966 39
980 26
989 17
986 22
985 26
973 39
993 20
976 39
987 28
990 26
1000 17
969 50
1007 15
999 26
1002 23
997 29
1003 23
1006 20
1001 26
994 34
983 46
978 52
996 34
982 50
1005 29
992 43
998 37
995 41
1010 26
991 46
1009 29
1015 23
1021 17
1013 26
1025 14
1008 32
1017 26
1012 32
1019 26
1026 20
1028 20
1023 26
1018 32
1024 26
1027 23
1004 47
1011 42
1033 20
1022 32
1014 41
1035 20
1036 20
1016 43
1038 23
1020 43
1034 29
1029 35
1042 23
1031 35
1037 29
1046 20
1044 23
1039 29
1047 23
1032 39
1040 32
1049 23
1050 23
1030 44
1045 29
1057 17
1056 20
1060 17
1055 23
1043 38
1058 23
1067 14
1065 17
1041 44
1062 26
1068 20
1071 17
1048 41
1066 23
1069 20
1051 39
1064 26
1070 20
1076 14
1061 32
1073 20
1054 40
1052 46
1053 45
1078 20
1075 26
1059 43
1082 20
1088 16
1080 26
1087 20
1074 34
1083 26
1084 26
1089 21
1063 48
1079 33
1077 38
1098 17
1072 44
1103 14
1101 17
1081 38
1097 23
1092 29
1095 26
1104 17
1099 23
1102 20
1086 37
1085 42
1090 38
1091 37
1111 17
1106 23
1096 34
1100 32
1094 39
1118 17
1093 43
1112 26
1115 23
1116 23
1126 14
1122 20
1114 29
1123 20
1127 18
1129 17
1107 40
1120 27
1105 43
1109 39
1113 36
1110 41
1128 23
1138 14
1124 29
1108 46
1125 29
1117 39
1136 20
1131 26
1132 25
1137 20
1119 39
1135 23
1121 39
1133 29
1140 22
1142 20
1143 20
1146 17
1148 17
1134 32
1141 26
1147 20
1144 26
1130 42
1153 23
1158 20
1167 11
1159 20
1151 29
1157 23
1160 20
1155 26
1156 26
1139 47
1163 23
1161 26
1152 36
1165 23
1149 40
1150 39
1166 23
1145 45
1170 20
1154 39
1164 29
1172 23
1169 29
1185 14
1178 23
1173 29
1174 29
1177 26
1175 29
1181 23
1162 43
1184 21
1179 29
1183 26
1168 43
1188 23
1186 29
1189 26
1171 45
1190 26
1193 23
1180 37
1191 26
1192 26
1176 43
1182 37
1187 32
1195 29
1210 14
1196 29
1204 23
1194 34
1214 14
1203 26
1201 29
1207 23
1211 20
1197 37
1205 29
1213 23
1216 20
1208 29
1199 39
1212 26
1217 23
1218 23
1221 20
1223 20
1198 46
1200 44
1215 30
1233 15
1220 29
1209 42
1219 32
1206 47
1230 23
1202 52
1234 20
1226 29
1225 33
1229 29
1231 29
1237 23
1240 20
1242 20
1243 20
1238 26
1222 46
1227 41
1228 40
1241 29
1245 26
1251 20
1246 26
1224 49
1236 37
1232 42
1254 20
1252 23
1253 23
1257 23
1248 33
1256 26
1258 26
1235 50
1250 35
1259 26
1265 20
1244 42
1262 24
1268 20
1249 40
1260 29
1270 20
1261 30
1277 14
1239 53
1247 45
1255 38
1264 29
1274 20
1273 23
1275 23
1279 20
1280 23
1267 38
1271 35
1287 20
1266 42
1285 23
1288 20
1263 47
1290 20
1276 39
1293 23
1281 36
1291 26
1272 46
1292 26
1269 50
1302 17
1278 43
1296 26
1283 40
1301 23
1282 44
1309 20
1284 46
1304 26
1313 17
1286 45
1297 35
1307 26
1310 23
1300 34
1320 14
1289 46
1311 24
1308 29
1317 20
1315 23
1318 20
1305 35
1294 48
1295 47
1319 24
1322 23
1328 17
1299 47
1316 32
1306 43
1323 26
1332 17
1298 52
1303 47
1331 20
1326 26
1312 41
1325 29
1335 20
1327 29
1339 17
1314 44
1338 20
1330 32
1337 26
1321 43
1340 24
1341 23
1354 10
1324 41
1334 36
1346 26
1352 20
1329 44
1350 23
1345 29
1351 23
1333 42
1358 17
1349 29
1355 23
1353 26
1362 17
1342 38
1360 20
1364 20
1336 49
1343 43
1344 42
1357 29
1361 26
1356 32
1359 29
1371 17
1372 17
1347 44
1348 43
1380 11
1363 29
1367 26
1365 29
1375 23
1376 22
1377 23
1389 13
1383 23
1381 26
1382 26
1388 20
1368 41
1374 35
1384 26
1385 26
1366 46
1369 44
1370 43
1393 20
1391 23
1392 23
1395 20
1373 43
1378 38
1390 26
1396 23
1394 26
1397 23
1408 14
1400 23
1401 23
1404 20
1379 46
1387 38
1399 26
1403 26
1398 32
1414 17
1405 27
1409 23
1386 48
1413 23
1416 20
1425 11
1411 26
1417 26
1402 42
1424 20
1422 23
1428 17
1407 39
1420 26
1410 37
1415 32
1412 37
1432 17
1430 20
1419 32
1406 46
1426 26
1429 23
1423 31
1437 17
1433 23
1439 17
1434 23
1431 29
1438 23
1444 17
1421 44
1445 20
1427 41
1442 26
1418 51
1443 29
1446 26
1447 26
1455 20
1450 26
1466 11
1449 29
1456 23
1462 17
1435 45
1457 23
1436 46
1440 43
1461 23
1464 20
1441 44
1459 26
1460 26
1451 36
1458 29
1448 43
1468 26
1474 20
1453 42
1454 42
1470 26
1452 45
1463 34
1473 26
1477 23
1480 20
1478 23
1479 26
1482 23
1469 37
1481 27
1484 26
1490 20
1471 41
1497 17
1465 50
1467 48
1472 43
1501 14
1493 23
1491 26
1503 14
1476 42
1498 20
1500 20
1489 32
1492 29
1495 26
1475 49
1502 23
1505 20
1515 11
1504 23
1485 43
1486 43
1506 23
1509 20
1488 42
1514 17
1513 20
1511 23
1517 17
1487 48
1494 41
1496 39
1483 53
1510 26
1512 26
1522 16
1507 32
1520 20
1499 44
1518 26
1521 23
1524 23
1527 20
1523 26
1526 23
1529 20
1535 14
1528 23
1539 14
1508 46
1531 23
1533 23
1536 23
1537 23
1516 45
1525 37
1519 45
1542 23
1530 38
1549 20
1552 17
1534 38
1546 26
1547 26
1554 20
1555 20
1553 23
1548 29
1532 47
1538 42
1557 23
1543 38
1559 23
1558 26
1540 45
1545 40
1560 26
1563 23
1544 43
1564 23
1541 49
1565 26
1568 23
1576 17
1550 45
1566 29
1572 23
1573 23
1556 43
1561 39
1571 29
1577 23
1562 41
1578 26
1584 20
1582 23
1551 55
1574 32
1583 24
1567 42
1589 23
1569 44
1588 26
1591 23
1586 29
1587 29
1590 26
1593 23
1575 42
1599 20
1570 50
1597 23
1581 40
1580 42
1598 26
1604 20
1602 23
1585 42
1607 20
1579 49
1608 23
1600 32
1615 17
1613 20
1611 23
1614 20
1620 14
1601 34
1609 26
1595 41
1592 46
1594 47
1612 30
1619 23
1603 40
1617 26
1624 19
1621 23
1616 29
1622 26
1610 39
1626 23
1625 26
1596 56
1605 47
1606 46
1637 17
1629 26
1632 23
1628 29
1627 32
1639 20
1635 26
1638 23
1618 44
1634 29
1643 20
1640 26
1646 20
1648 20
1623 46
1636 33
1631 39
1647 26
1630 44
1642 32
1645 29
1650 26
1662 14
1651 26
1633 45
1652 26
1654 26
1658 23
1661 20
1656 26
1641 42
1657 26
1660 27
1644 44
1665 23
1672 20
1649 44
1664 29
1666 29
1676 20
1655 42
1674 23
1653 46
1673 26
1682 17
1671 29
1678 24
1690 14
1659 46
1663 42
1684 21
1688 17
1683 26
1695 14
1667 44
1668 43
1675 36
1694 17
1687 26
1670 45
1681 36
1685 32
1669 49
1677 43
1697 23
1679 43
1703 20
1706 17
1686 38
1680 45
1705 20
1698 29
1701 26
1699 29
1702 26
1692 39
1693 39
1700 32
1704 29
1710 23
1689 45
1691 44
1709 26
1715 20
1696 42
1712 26
1718 20
1707 32
1711 29
1727 14
1716 26
1722 20
1708 38
1723 23
1721 26
1728 20
1720 29
1726 23
1724 26
1725 26
1713 42
1734 23
1714 45
1739 20
1737 23
1740 20
1732 29
1730 32
1729 34
1717 47
1738 26
1736 29
1719 47
1743 23
1749 17
1747 20
1752 17
1741 29
1744 26
1746 26
1753 20
1733 42
1756 20
1751 26
1757 20
1750 28
1731 48
1735 47
1768 15
1748 36
1745 40
1742 47
1760 29
1763 26
1761 29
1769 23
1764 29
1754 40
1774 20
1762 35
1771 26
1787 11
1773 26
1776 23
1779 20
1755 45
1759 41
1777 23
1772 29
1770 32
1775 29
1781 23
1782 23
1758 48
1783 23
1788 20
1790 20
1799 12
1786 26
1766 47
1767 47
1791 23
1765 51
1780 37
1797 20
1792 26
1785 34
1798 23
1778 44
1802 20
1795 29
1807 18
1803 23
1784 45
1806 26
1789 44
1794 40
1800 34
1808 26
1817 17
1810 26
1814 23
1818 20
1821 17
1813 26
1816 23
1820 20
1812 29
1822 20
1824 20
1793 52
1796 49
1801 44
1805 41
1815 32
1823 26
1804 46
1825 29
1834 20
1811 44
1832 23
1833 23
1837 20
1809 49
1844 14
1819 41
1829 32
1838 23
1842 20
1830 35
1843 23
1827 40
1852 17
1826 44
1847 23
1828 43
1831 41
1841 32
1856 17
1845 29
1849 26
1853 23
1836 41
1839 38
1851 26
1854 23
1859 20
1835 45
1863 17
1850 32
1862 20
1860 23
1867 17
1866 20
1869 17
1861 26
1840 49
1855 36
1868 23
1881 11
1883 10
1865 29
1848 47
1857 39
1870 26
1871 26
1874 23
1858 40
1864 34
1846 53
1873 26
1876 23
1882 17
1878 23
1880 23
1890 17
1892 18
1885 26
1894 17
1891 23
1893 23
1872 45
1897 20
1875 43
1895 23
1898 20
1884 35
1907 14
1896 26
1877 46
1899 24
1901 23
1879 46
1886 40
1903 23
1906 20
1905 23
1887 43
1904 26
1888 44
1913 23
1911 26
1889 50
1910 29
1918 23
1921 20
1916 26
1920 23
1900 44
1922 23
1925 20
1919 29
1928 20
1931 17
1935 17
1902 51
1908 45
1927 26
1929 26
1932 23
1909 47
1917 39
1915 43
1912 47
1941 20
1914 49
1940 23
1923 42
1924 41
1926 39
1936 29
1939 26
1942 23
1944 23
1943 26
1946 23
1949 20
1951 20
1952 20
1934 39
1947 26
1954 20
1933 43
1930 47
1937 40
1961 17
1956 23
1965 14
1955 26
1958 23
1953 29
1959 23
1938 47
1962 23
1964 23
1968 20
1969 20
1948 42
1967 23
1974 17
1960 32
1945 48
1950 44
1963 32
1972 23
1975 20
1982 14
1970 29
1971 29
1980 20
1978 23
1983 20
1976 32
1957 53
1987 23
1966 45
1988 23
1973 39
1989 23
1984 29
1993 20
1997 17
1995 20
1998 17
1996 20
1979 45
2005 20
1994 32
2012 14
1977 52
2000 29
2003 26
2009 20
1981 49
1986 44
1990 40
1992 39
2002 29
1991 43
1985 50
2010 26
2015 23
2018 20
2016 23
2023 17
2013 29
2007 36
2014 29
2021 23
2004 42
2001 46
2006 42
2029 20
2025 26
2034 17
1999 54
2030 23
2022 32
2011 45
2027 29
2031 26
2008 50
2019 39
2039 20
2033 29
2038 26
2036 29
2042 23
2046 20
2017 50
2041 26
2044 23
2040 29
2035 35
2050 20
2045 26
2020 52
2024 48
2043 29
2048 24
2028 45
2032 41
2026 49
2047 29
2056 23
2059 20
2051 29
2054 26
2049 32
2061 20
2053 29
2057 26
2074 11
2060 26
2063 23
2037 50
2064 23
2067 20
2052 36
2069 20
2077 14
2066 26
2087 6
2073 23
2089 8
2055 43
2079 20
2072 29
2062 40
2076 26
2082 20
2065 39
2080 24
2084 20
2068 41
2071 39
2088 23
2094 17
2058 54
2086 26
2070 43
2078 35
2090 26
2091 26
2093 26
2099 20
2081 41
2096 26
2102 23
2075 51
2085 41
2092 35
2095 32
2104 23
2100 29
2083 48
2105 26
2111 20
2109 23
2101 32
2110 23
2114 20
2097 38
2103 35
2112 26
2115 23
2121 17
2107 32
2098 43
2113 29
2119 26
2123 23
2127 20
2124 26
2106 45
2118 33
2125 26
2131 20
2130 23
2117 37
2108 48
2134 23
2143 14
2129 29
2132 26
2116 44
2120 40
2137 23
2139 23
2142 20
2140 23
2146 17
2138 26
2147 17
2122 47
2126 44
2141 29
2151 20
2133 41
2144 30
2154 20
2128 47
2152 26
2135 44
2153 26
2156 23
2136 44
2149 33
2159 26
2148 41
2160 29
2145 45
2163 29
2150 43
2167 26
2165 29
2168 26
2157 38
2166 29
2172 23
2178 17
2173 23
2177 20
2158 40
2155 44
2170 29
2164 36
2180 20
2171 31
2181 23
2184 20
2169 36
2179 26
2161 45
2174 32
2186 20
2176 32
2162 47
2190 23
2188 26
2195 20
2175 43
2196 23
2194 26
2197 23
2182 39
2193 29
2200 23
2203 20
2183 42
2185 40
2189 36
2199 26
2209 17
2187 40
2202 29
2210 23
2192 42
2204 30
2206 29
2191 45
2213 23
2208 29
2214 23
2212 29
2215 26
2224 17
2207 35
2216 26
2211 32
2217 26
2220 23
2201 43
2218 26
2221 23
2205 41
2198 49
2219 29
2231 17
2226 23
2229 20
2230 26
2236 20
2232 26
2234 26
2233 29
2223 43
2246 20
2222 46
2242 26
2240 29
2243 26
2228 42
2241 29
2245 26
2249 23
2227 46
2244 29
2259 14
2239 35
2251 26
2254 23
2225 53
2235 44
2253 26
2248 32
2260 20
2264 17
2238 44
2256 26
2268 14
2250 33
2263 20
2266 17
2267 17
2237 50
2247 40
2261 26
2262 26
2252 38
2258 32
2265 26
2270 26
2274 23
2289 9
2276 23
2255 45
2277 23
2283 17
2272 29
2269 34
2271 32
2257 47
2284 20
2290 14
2279 29
2288 20
2281 28
2273 38
2282 29
2291 20
2294 17
2286 26
2287 26
2280 34
2285 29
2296 20
2275 43
2293 26
2300 20
2278 43
2292 29
2302 20
2297 26
2306 20
2295 32
2305 23
2308 20
2301 29
2307 23
2299 32
2304 29
2310 23
2312 23
2298 38
2327 9
2317 20
2309 29
2319 23
2325 17
2326 17
2316 29
2322 23
2315 32
2313 35
2328 20
2303 46
2323 26
2324 26
2330 20
2329 23
2321 32
2331 23
2334 20
2318 37
2333 23
2332 26
2341 17
2314 45
2311 49
2337 23
2339 26
2342 23
2345 20
2346 20
2340 27
2343 26
2336 35
2344 29
2347 26
2353 20
2320 54
2354 20
2355 20
2356 20
2338 40
2349 29
2335 45
2357 23
2352 29
2360 23
2361 23
2359 26
2365 20
2371 14
2363 23
2370 17
2368 20
2348 43
2362 29
2364 29
2351 43
2350 48
2369 29
2358 41
2379 20
2372 29
2375 26
2382 20
2386 20
2381 26
2380 29
2383 26
2384 26
2376 35
2366 47
2367 48
2387 29
2390 26
2393 23
2395 21
2391 26
2394 23
2374 45
2396 23
2373 48
2398 23
2407 14
2377 46
2385 38
2397 26
2392 32
2402 23
2378 48
2389 37
2404 23
2413 14
2411 17
2403 26
2406 23
2401 29
2405 29
2408 26
2399 37
2415 23
2400 39
2419 20
2417 23
2412 29
2388 54
2418 26
2421 23
2416 29
2425 20
2424 23
2428 23
2423 29
2429 23
2436 17
2420 36
2427 29
2439 17
2434 23
2409 49
2410 49
2432 28
2440 20
2438 23
2422 40
2433 29
2450 14
2414 51
2444 23
2447 20
2446 23
2435 35
2442 29
2448 23
2443 29
2452 20
2454 20
2449 26
2455 20
2426 50
2453 23
2430 47
2431 46
2441 38
2459 20
2451 29
2460 20
2473 7
2457 24
2456 26
2462 20
2445 40
2466 23
2467 23
2469 21
2468 23
2471 20
2464 29
2437 57
2472 23
2475 20
2470 26
2458 40
2476 23
2474 26
2477 23
2485 20
2487 18
2461 45
2479 29
2488 20
2481 29
2493 17
2463 48
2465 46
2491 20
2483 29
2486 26
2489 23
2478 36
2494 20
2492 23
2500 17
2482 36
2505 14
2503 17
2498 23
2484 38
2490 32
2499 23
2497 26
2504 20
2496 29
2502 23
2508 17
2480 49
2501 29
2507 23
2509 23
2511 26
2514 23
2520 20
2512 29
2515 26
2495 48
2517 26
2523 20
2519 26
2518 29
2510 38
2531 17
2532 17
2524 26
2527 23
2506 45
2513 38
2528 26
2529 26
2525 32
2534 23
2516 42
2526 32
2538 20
2521 41
2536 26
2539 23
2540 23
2541 23
2544 20
2543 23
2535 32
2530 38
2522 48
2549 23
2547 26
2550 23
2545 29
2551 26
2552 26
2546 35
2558 23
2537 45
2554 29
2560 24
2562 23
2563 23
2542 45
2561 26
2559 29
2568 20
2572 17
2555 35
2567 23
2571 20
2533 59
2569 23
2582 10
2565 29
2566 28
2564 32
2570 26
2581 17
2548 51
2556 44
2577 23
2578 23
2553 50
2557 50
2587 20
2579 29
2585 23
2586 23
2589 20
2599 11
2594 17
2573 39
2580 32
2583 29
2575 38
2584 29
2588 26
2591 23
2592 22
2595 20
2590 26
2574 43
2597 20
2596 23
2576 45
2598 23
2605 17
2603 23
2604 23
2609 20
2621 8
2601 29
2602 29
2606 26
2593 40
2610 26
2611 26
2614 23
2613 26
2600 41
2624 17
2619 23
2620 23
2626 17
2612 32
2615 29
2607 43
2608 42
2618 32
2629 23
2628 26
2631 23
2632 23
2616 41
2636 23
2625 35
2639 21
2640 20
2622 39
2623 38
2634 29
2638 26
2641 23
2630 36
2643 23
2642 26
2617 52
2646 26
2649 23
2655 17
2627 46
2637 36
2635 39
2651 23
2633 42
2644 32
2650 26
2653 23
2657 21
2658 20
2652 29
2661 20
2656 26
2662 20
2654 29
2659 26
2660 26
2663 23
2669 17
2664 23
2667 20
2673 14
2668 20
2666 26
2672 20
2648 45
2647 47
2665 29
2675 20
2670 26
2676 20
2645 52
2671 26
2678 23
2681 20
2674 29
2679 26
2682 23
2687 20
2680 29
2684 26
2685 26
2688 23
2689 23
2690 23
2697 17
2692 23
2693 23
2677 40
2691 29
2694 26
2698 23
2695 29
2704 20
2700 26
2709 17
2705 23
2703 26
2686 44
2701 29
2710 20
2699 32
2683 49
2707 26
2713 23
2714 23
2715 23
2696 43
2708 32
2717 23
2702 39
2712 29
2718 23
2726 17
2719 26
2720 26
2729 17
2706 41
2723 26
2721 29
2731 23
2736 21
2735 23
2711 48
2727 32
2730 29
2742 17
2725 35
2734 26
2738 23
2739 23
2737 26
2743 20
2722 42
2716 49
2724 43
2741 26
2748 20
2744 26
2733 40
2754 20
2746 29
2749 26
2752 23
2750 26
2732 45
2751 26
2756 21
2757 20
2740 38
2758 20
2753 26
2762 17
2728 53
2755 26
2745 37
2763 20
2761 23
2764 20
2766 20
2767 20
2768 20
2759 32
2765 26
2769 23
2747 47
2770 26
2772 26
2777 23
2778 26
2779 26
2780 26
2783 23
2790 17
2782 26
2760 50
2784 26
2787 23
2773 38
2785 26
2794 17
2775 37
2781 32
2793 20
2791 23
2797 17
2786 29
2789 26
2795 23
2798 20
2776 43
2771 50
2792 29
2774 48
2802 23
2800 26
2806 20
2804 23
2805 26
2801 32
2796 38
2811 23
2803 32
2809 26
2808 29
2812 26
2807 32
2810 29
2816 23
2817 23
2799 42
2815 26
2818 23
2788 56
2823 23
2824 23
2813 35
2814 34
2829 20
2821 29
2827 26
2819 35
2822 32
2828 26
2831 23
2834 20
2830 26
2836 20
2833 26
2820 40
2826 35
2835 29
2838 26
2839 25
2844 20
2841 26
2847 20
2842 26
2845 23
2848 20
2851 20
2837 35
2832 41
2849 26
2825 53
2843 35
2846 32
2855 23
2853 26
2859 20
2852 29
2856 29
2863 23
2858 29
2861 26
2871 17
2840 49
2854 36
2862 29
2874 17
2850 44
2860 35
2866 29
2875 20
2864 32
2877 20
2865 33
2878 20
2870 29
2857 43
2869 32
2867 35
2876 26
2868 37
2885 20
2880 26
2886 20
2884 23
2872 37
2882 29
2890 23
2879 35
2897 17
2900 17
2895 23
2898 20
2873 46
2901 20
2904 17
2893 29
2894 29
2891 33
2902 23
2906 20
2889 38
2892 35
2903 26
2881 50
2883 49
2910 23
2899 35
2908 26
2911 23
2887 48
2912 23
2907 29
2916 20
2905 32
2914 23
2909 29
2913 26
2888 52
2918 23
2915 29
2896 49
2923 23
2921 26
2922 26
2928 20
2924 26
2919 32
2925 26
2920 34
2931 23
2937 17
2935 23
2938 20
2934 26
2940 20
2917 44
2932 29
2941 20
2927 35
2936 26
2933 32
2942 23
2926 40
2930 36
2939 29
2943 26
2944 26
2945 26
2951 20
2953 20
2952 23
2929 47
2950 26
2954 23
2949 29
2956 23
2957 29
2959 29
2966 23
2946 44
2948 42
2970 20
2962 29
2972 20
2961 32
2968 26
2974 20
2947 48
2960 35
2964 32
2965 31
2983 14
2973 26
2955 45
2977 23
2958 43
2979 23
2988 14
2978 26
2985 20
2967 40
2975 32
2987 20
2982 26
2981 29
2991 20
2980 32
2986 26
2989 23
2969 44
2971 42
2994 20
2984 32
2995 23
2976 44
2997 23
2992 29
2993 29
3006 17
2963 62
2996 29
2998 29
3000 27
3001 26
3010 17
3003 26
3018 11
3007 23
3002 30
3009 23
3012 20
3005 29
3024 17
2990 52
3013 29
3011 32
3015 29
3016 29
3025 20
2999 47
3014 32
3017 29
3021 26
3036 11
3008 40
3019 29
3020 29
3034 17
3004 49
3030 23
3031 23
3023 32
3026 29
3028 29
3035 23
3039 20
3037 23
3040 20
3032 29
3051 11
3047 20
3027 41
3043 26
3049 20
3022 48
3044 26
3050 20
3042 29
3045 26
3048 23
3041 32
3053 20
3029 45
3038 40
3054 26
3052 29
3055 26
3056 29
3057 29
3061 26
3065 23
3063 26
3069 20
3033 58
3046 46
3075 17
3064 29
3067 26
3071 23
3078 17
3073 23
3074 26
3077 23
3083 17
3072 29
3068 35
3086 18
3087 17
3059 47
3066 40
3081 26
3076 32
3060 49
3070 40
3090 20
3079 32
3058 54
3092 20
3082 32
3062 53
3100 17
3105 14
3091 29
3095 26
3094 29
3093 32
3096 29
3099 26
3097 29
3098 29
3101 26
3104 23
3080 49
3084 46
3088 42
3103 29
3109 23
3121 11
3110 23
3106 29
3085 52
3111 26
3117 20
3089 49
3114 24
3108 32
3123 17
3102 40
3113 29
3115 29
3118 26
3116 29
3120 26
3125 23
3112 38
3139 11
3119 32
3137 14
3131 23
3135 20
3136 20
3128 29
3124 34
3126 32
3132 26
3138 20
3127 32
3130 29
3134 26
3145 17
3143 20
3107 57
3122 43
3133 32
3151 14
3144 23
3142 26
3148 20
3140 29
3141 29
3156 14
3152 20
3157 20
3146 32
3158 20
3153 26
3129 51
3154 26
3161 20
3159 23
3149 35
3155 29
3162 23
3168 20
3171 20
3160 32
3163 29
3166 26
3169 23
3174 20
3172 23
3150 48
3147 52
3167 32
3164 37
3179 23
3175 29
3181 23
3176 29
3180 26
3183 23
3184 23
3182 26
3177 32
3170 40
3186 26
3192 20
3165 48
3190 23
3191 23
3189 26
3173 43
3185 32
3187 32
3188 32
3194 26
3195 26
3178 44
3196 26
3201 23
3207 17
3193 32
3202 23
3197 29
3204 23
3210 17
3199 29
3209 20
3205 26
3203 29
3206 26
3219 13
3212 23
3215 23
3218 20
3200 39
3213 26
3208 32
3216 26
3214 29
3221 23
3224 20
3222 23
3198 48
3217 29
3229 17
3220 29
3223 26
3232 20
3227 26
3231 23
3211 44
3226 29
3225 31
3230 26
3228 29
3235 23
3233 26
3240 20
3237 26
3242 23
3243 23
3252 14
3236 32
3245 23
3234 35
3238 32
3241 29
3247 23
3250 20
3239 32
3246 29
3253 23
3248 29
3260 17
3255 23
3244 35
3251 29
3249 32
3254 29
3258 29
3262 26
3263 26
3259 32
3266 26
3272 20
3261 32
3264 29
3267 26
3265 29
3269 26
3256 40
3279 17
3275 23
3284 14
3270 29
3268 32
3277 23
3274 29
3281 23
3285 20
3257 49
3271 35
3273 35
3276 32
3278 32
3286 26
3290 23
3288 26
3291 23
3292 23
3287 29
3293 23
3289 29
3280 40
3294 26
3297 23
3283 38
3295 26
3296 26
3306 20
3282 45
3298 29
3308 20
3303 26
3302 29
3304 27
3305 26
3311 20
3307 26
3299 35
3300 35
3309 29
3313 26
3328 11
3310 30
3315 26
3314 29
3318 26
3329 17
3301 46
3312 35
3324 23
3316 32
3317 32
3332 17
3326 26
3321 32
3327 26
3334 20
3330 26
3323 34
3341 17
3331 29
3319 42
3333 29
3338 26
3335 32
3347 20
3336 32
3320 49
3340 29
3343 26
3351 20
3322 50
3346 26
3325 48
3350 23
3339 35
3342 32
3345 29
3357 17
3352 23
3353 23
3355 23
3349 30
3348 32
3356 26
3354 29
3361 23
3362 23
3365 20
3358 29
3337 51
3363 26
3344 47
3360 32
3366 26
3372 20
3364 29
3376 17
3371 26
3370 29
3373 26
3378 23
3388 14
3379 26
3359 47
3374 32
3387 20
3377 32
3381 29
3390 20
3382 29
3380 32
3368 45
3384 29
3394 20
3383 32
3386 29
3389 26
3367 50
3392 26
3395 23
3393 26
3404 17
3375 47
3400 26
3398 29
3413 14
3405 23
3385 44
3397 32
3369 62
3402 29
3403 29
3410 23
3391 43
3417 17
3409 26
3408 29
3414 23
3396 43
3406 35
3412 29
3416 26
3411 32
3426 17
3418 26
3419 26
3420 26
3415 32
3423 26
3432 17
3421 32
3407 47
3428 26
3431 23
3399 56
3401 54
3425 32
3434 23
3441 17
3424 35
3439 20
3435 26
3427 35
3437 26
3429 35
3422 43
3436 31
3438 29
3440 29
3442 29
3445 26
3451 20
3444 29
3443 32
3446 29
3449 26
3433 43
3447 29
3453 23
3455 22
3452 26
3456 23
3459 20
3462 17
3430 50
3457 23
3450 32
3460 23
3454 32
3463 23
3458 29
3461 29
3465 26
3448 44
3469 23
3475 17
3464 29
3467 26
3470 23
3472 21
3479 17
3466 32
3474 26
3477 23
3481 20
3478 29
3482 26
3471 39
3490 20
3480 32
3484 29
3476 38
3489 26
3494 23
3509 8
3495 23
3488 32
3491 29
3492 29
3473 49
3496 26
3503 20
3498 26
3499 26
3497 29
3468 59
3486 41
3501 26
3510 17
3500 29
3483 47
3517 13
3487 44
3505 26
3504 29
3522 11
3502 32
3485 50
3512 23
3513 23
3518 20
3507 32
3514 26
3493 48
3506 35
3515 26
3521 20
3526 17
3516 29
3528 17
3525 23
3511 38
3520 29
3523 26
3524 26
3530 20
3540 10
3508 43
3519 32
3529 23
3527 26
3537 20
3531 29
3533 29
3536 26
3543 20
3546 17
3532 32
3538 26
3539 26
3544 23
3545 23
3542 27
3541 29
3548 23
3551 20
3557 15
3553 20
3549 26
3535 43
3552 26
3555 23
3550 29
3534 46
3547 35
3560 23
3565 20
3554 32
3564 23
3559 29
3562 26
3570 20
3568 23
3563 29
3558 35
3567 26
3571 23
3566 29
3569 26
3574 23
3572 26
3575 26
3577 26
3578 25
3580 23
3589 14
3587 17
3573 32
3584 23
3593 14
3556 52
3581 29
3561 50
3576 35
3582 29
3585 26
3588 23
3586 29
3590 26
3591 26
3592 26
3601 17
3596 23
3599 20
3598 23
3600 23
3602 23
3594 32
3597 29
3579 48
3606 23
3583 48
3595 36
3608 23
3615 17
3614 20
3603 32
3609 26
3613 23
3605 32
3607 32
3619 20
3622 17
3611 29
3620 20
3626 14
3618 23
3621 20
3604 39
3616 29
3628 17
3617 29
3623 26
3632 17
3610 40
3625 26
3624 29
3627 26
3633 23
3629 29
3635 23
3634 26
3638 23
3637 26
3640 23
3631 35
3644 23
3643 26
3646 23
3642 29
3630 42
3641 32
3647 26
3667 6
3654 20
3649 26
3612 64
3656 20
3657 20
3660 17
3653 26
3652 29
3645 37
3636 47
3664 20
3661 26
3650 38
3659 29
3662 26
3663 26
3665 26
3666 26
3669 23
3677 15
3651 42
3674 20
3673 22
3658 39
3668 29
3671 27
3681 17
3678 23
3676 26
3672 32
3688 17
3639 67
3655 51
3697 9
3648 59
3682 26
3685 23
3691 17
3680 29
3683 26
3684 26
3670 42
3686 29
3689 26
3695 26
3693 29
3696 26
3698 26
3687 38
3699 26
3675 51
3694 32
3692 35
3704 23
3679 49
3705 23
3713 17
3700 32
3703 29
3706 26
3707 26
3708 26
3690 45
3712 23
3710 26
3719 17
3709 29
3720 18
3711 29
3715 29
3702 43
3714 32
3717 29
3723 23
3701 46
3718 29
3727 20
3722 26
3725 23
3730 20
3736 17
3737 17
3726 29
3729 26
3735 20
3724 32
3728 32
3731 29
3732 29
3744 17
3721 41
3739 23
3734 29
3750 14
3741 26
3716 52
3733 35
3751 17
3746 23
3738 32
3748 23
3749 23
3745 29
3747 29
3742 35
3754 23
3740 38
3753 26
3762 17
3757 23
3755 26
3760 26
3758 29
3764 23
3743 45
3759 29
3768 20
3769 20
3772 17
3775 14
3767 23
3756 35
3777 14
3771 23
3766 29
3763 33
3779 20
3778 23
3781 20
3776 26
3761 42
3765 38
3780 23
3752 52
3773 32
3774 32
3784 23
3787 20
3783 26
3770 41
3785 29
3794 20
3797 17
3786 29
3788 29
3791 26
3792 26
3795 23
3798 20
3799 20
3806 14
3789 32
3782 41
3800 23
3801 26
3807 20
3803 26
3805 26
3793 40
3796 37
3809 26
3790 46
3811 26
3814 23
3810 29
3816 23
3825 14
3812 29
3815 26
3821 20
3804 39
3820 23
3802 43
3819 26
3822 23
3824 23
3817 31
3829 20
3830 20
3826 26
3818 36
3834 20
3808 50
3832 29
3838 23
3836 26
3845 17
3837 26
3835 29
3828 37
3840 26
3846 23
3841 29
3844 29
3847 26
3823 51
3827 50
3857 20
3813 65
3849 29
3833 46
3850 29
3859 20
3867 13
3831 50
3855 26
3839 43
3842 40
3853 29
3862 20
3858 26
3865 20
3852 35
3843 45
3851 37
3856 32
3866 23
3848 42
3873 17
3870 23
3868 26
3871 23
3874 23
3888 9
3854 44
3861 38
3877 23
3883 17
3864 37
3869 32
3884 17
3872 32
3881 23
3882 23
3885 20
3860 46
3863 43
3887 20
3879 29
3886 23
3875 35
3878 32
3889 23
3892 20
3891 23
3895 23
3890 29
3893 26
3894 26
3897 23
3896 29
3902 23
3905 20
3876 50
3898 29
3901 26
3899 29
3900 29
3913 17
3880 52
3906 26
3912 20
3904 29
3916 17
3907 29
3911 29
3903 38
3915 26
3910 32
3919 23
3917 26
3921 23
3924 20
3926 20
3930 17
3925 23
3927 23
3928 23
3931 20
3920 32
3932 20
3918 35
3908 50
3909 49
3929 29
3933 26
3934 29
3923 41
3938 26
3957 7
3937 29
3935 32
3922 46
3936 32
3939 29
3951 17
3943 26
3949 20
3950 20
3945 26
3940 32
3955 17
3944 29
3958 15
3941 33
3946 29
3947 32
3953 26
3952 32
3948 39
3914 74
3962 26
3942 47
3963 26
3971 20
3966 26
3972 20
3964 29
3959 35
3980 17
3969 29
3975 23
3967 32
3956 44
3960 41
3961 40
3981 20
3973 29
3976 26
3974 29
3977 26
3979 26
3954 52
3968 38
3983 23
3978 29
3984 23
3982 26
3985 23
3965 44
3993 17
3989 23
3990 23
3992 23
3999 17
3986 31
3987 32
3996 23
4007 14
3991 32
3994 29
3970 54
4010 14
4005 20
3995 32
4003 26
4004 26
4021 11
4011 23
3988 47
4006 29
4009 26
3997 42
4001 38
4013 26
4008 32
4012 29
4016 26
4024 20
4014 32
4020 26
4015 32
4018 29
4017 32
4029 20
4000 50
4027 23
4019 32
4023 29
4002 51
3998 57
4032 23
4028 29
4031 26
4026 32
4030 29
4046 14
4033 29
4022 41
4037 26
4043 20
4025 39
4035 29
4039 26
4040 26
4044 26
4036 35
4034 39
4038 35
4042 32
4050 24
4054 20
4057 17
4051 26
4049 29
4047 33
4063 20
4052 32
4059 26
4060 29
4058 32
4062 29
4065 26
4055 38
4056 37
4064 29
4041 53
4048 46
4071 26
4083 14
4066 32
4069 29
4084 14
4067 32
4070 29
4073 26
4068 32
4061 40
4053 49
4076 26
4077 26
4075 29
4081 23
4079 26
4080 26
4072 35
4082 26
4045 64
4092 18
4093 17
4086 26
4078 35
4090 23
4085 29
4094 20
4087 29
4099 17
4102 14
4074 44
4089 29
4088 32
4098 26
4101 23
4097 29
4106 20
4095 32
4104 23
4096 32
4108 20
4091 40
4105 26
4113 20
4111 23
4107 29
4110 26
4112 26
4116 23
4117 23
4103 38
4109 32
4119 23
4114 29
4118 26
4128 20
4123 26
4127 23
4120 32
4100 53
4121 32
4124 29
4131 23
4126 29
4125 32
4129 29
4135 23
4144 14
4115 44
4130 29
4136 23
4133 29
4134 29
4137 26
4140 23
4132 32
4146 20
4138 29
4142 26
4149 20
4122 48
4150 20
4145 26
4139 34
4147 26
4143 32
4153 23
4141 38
4148 32
4151 29
4157 23
4160 22
4166 17
4152 32
4156 29
4162 26
4164 29
4169 24
4168 26
4174 20
4163 32
4178 17
4173 23
4171 26
4172 26
4170 29
4176 23
4158 42
4165 35
4177 23
4155 46
4185 17
4190 12
4180 23
4154 50
4161 43
4184 23
4175 35
4159 52
4188 23
4183 29
4189 23
4192 20
4181 32
4187 26
4167 49
4179 38
4186 32
4204 14
4193 26
4196 23
4194 26
4200 20
4182 39
4202 20
4191 32
4198 26
4197 29
4207 20
4205 23
4203 26
4199 32
4208 23
4206 26
4195 38
4201 32
4210 23
4215 20
4214 23
4212 26
4209 32
4219 23
4220 23
4213 32
4216 29
4228 17
4211 35
4223 23
4218 29
4224 23
4222 26
4217 32
4227 23
4226 26
4229 26
4230 26
4233 26
4221 39
4231 29
4240 20
4232 29
4238 23
4236 26
4242 20
4246 17
4247 17
4239 26
4235 32
4251 20
4249 23
4243 32
4250 26
4259 17
4225 52
4245 35
4237 46
4255 29
4257 29
4234 53
4241 46
4267 20
4253 35
4260 29
4263 26
4261 29
4244 47
4256 35
4266 26
4270 23
4252 42
4262 32
4269 26
4265 32
4274 23
4273 26
4277 23
4248 53
4254 47
4275 26
4271 32
4290 14
4280 26
4268 39
4287 20
4258 50
4276 32
4272 38
4278 33
4291 20
4264 48
4286 26
4279 35
4282 32
4285 32
4288 29
4292 26
4293 26
4281 41
4283 40
4294 29
4317 6
4305 20
4297 29
4303 23
4289 38
4298 29
4304 23
4299 29
4312 17
4284 46
4301 29
4307 23
4302 29
4300 34
4309 26
4320 17
4315 23
4308 32
4314 26
4318 23
4310 32
4296 48
4325 20
4313 35
4316 32
4328 20
4295 54
4326 23
4319 32
4329 23
4311 42
4331 23
4334 20
4323 32
4321 35
4327 29
4335 23
4330 32
4306 57
4332 32
4336 29
4342 23
4337 29
4343 23
4333 34
4341 26
4339 29
4322 47
4344 26
4347 23
4350 20
4340 32
4352 20
4324 49
4351 23
4357 17
4349 26
4338 40
4346 32
4345 35
4358 23
4353 29
4356 26
4361 23
4368 17
4354 32
4363 23
4359 29
4366 23
4369 20
4367 23
4373 17
4381 11
4355 38
4364 29
4370 23
4362 32
4371 23
4376 20
4380 17
4348 52
4360 41
4372 29
4387 14
4382 20
4379 26
4374 32
4386 20
4378 29
4384 23
4389 20
4391 26
4394 23
4377 42
4393 26
4375 45
4388 32
4398 23
4390 32
4402 20
4400 23
4365 59
4396 29
4399 26
4395 32
4404 23
4405 26
4392 40
4397 35
4409 23
4383 50
4408 26
4407 29
4410 26
4413 23
4411 26
4385 53
4406 32
4418 20
4414 26
4415 26
4419 22
4421 20
4417 26
4403 41
4412 32
4424 20
4422 23
4401 47
4416 35
4431 20
4426 26
4430 23
4428 26
4423 32
4429 26
4436 20
4434 23
4435 23
4427 32
4439 20
4449 11
4425 38
4432 32
4438 26
4440 26
4433 34
4444 23
4442 26
4443 26
4441 32
4450 23
4420 54
4462 14
4446 32
4453 26
4451 29
4457 23
4456 26
4465 17
4460 23
4455 29
4464 20
4448 38
4454 32
4463 23
4459 29
4437 52
4466 23
4467 26
4470 23
4469 26
4475 20
4445 51
4458 38
4471 26
4474 23
4452 47
4477 23
4472 29
4476 26
4478 26
4481 23
4473 32
4490 17
4479 29
4480 29
4483 26
4489 20
4492 17
4487 26
4482 32
4485 29
4494 20
4461 54
4447 72
4468 51
4496 23
4499 20
4484 36
4497 23
4495 26
4504 17
4493 29
4488 35
4503 20
4500 26
4509 17
4502 26
4505 23
4498 32
4501 32
4513 20
4506 29
4486 50
4491 46
4508 29
4517 20
4507 32
4511 30
4515 26
4519 23
4512 32
4522 23
4528 17
4520 29
4531 20
4523 29
4514 39
4521 32
4533 20
4518 36
4525 29
4537 17
4535 20
4524 32
4527 29
4526 32
4529 29
4536 23
4540 20
4543 20
4510 55
4530 35
4539 26
4544 23
4516 52
4542 26
4534 35
4546 23
4548 23
4549 23
4552 23
4541 35
4547 29
4553 23
4538 39
4551 26
4554 23
4557 23
4532 50
4559 23
4562 20
4550 33
4558 26
4555 32
4556 32
4560 29
4545 47
4569 23
4563 32
4561 35
4567 29
4570 26
4565 32
4571 26
4579 20
4564 36
4566 37
4568 35
4574 29
4577 26
4580 23
4572 32
4581 23
4573 32
4575 30
4583 23
4576 32
4585 23
4587 23
4586 26
4584 29
4582 32
4588 26
4589 26
4598 17
4594 23
4601 17
4593 26
4590 32
4599 23
4591 32
4597 26
4600 23
4578 46
4607 17
4596 29
4605 20
4606 23
4602 29
4614 17
4592 40
4609 23
4604 29
4610 23
4613 20
4608 29
4617 20
4612 26
4618 23
4595 48
4603 43
4615 32
4621 26
4616 32
4622 26
4625 23
4628 20
4631 17
4623 27
4624 26
4611 40
4620 32
4635 17
4626 29
4629 26
4632 23
4627 29
4630 26
4633 23
4637 20
4638 20
4639 20
4642 20
4619 44
4640 26
4644 23
4643 26
4641 29
4653 17
4651 20
4650 23
4654 23
4660 17
4663 14
4645 33
4646 32
4649 29
4652 26
4656 23
4657 23
4655 26
4647 35
4658 26
4661 23
4636 49
4634 53
4667 20
4659 29
4662 26
4671 20
4674 17
4669 26
4675 20
4666 32
4670 31
4678 23
4681 20
4668 34
4676 26
4677 26
4648 56
4673 32
4682 23
4665 41
4679 29
4685 23
4680 29
4686 23
4684 26
4687 23
4691 26
4694 23
4689 29
4692 26
4698 20
4701 17
4664 55
4672 48
4697 23
4690 32
4696 26
4695 29
4693 32
4712 14
4688 39
4702 26
4704 26
4699 32
4706 26
4707 26
4713 20
4705 29
4708 26
4683 52
4700 35
4721 14
4711 26
4723 14
4709 29
4716 26
4720 23
4718 26
4703 42
4728 17
4714 32
4726 20
4715 32
4725 23
4730 23
4722 32
4734 20
4737 17
4727 29
4733 23
4724 35
4729 32
4738 23
4731 32
4732 32
4739 26
4744 23
4717 51
4736 32
4742 26
4745 23
4710 59
4743 26
4747 23
4719 55
4748 26
4746 29
4749 26
4741 35
4752 26
4755 23
4761 17
4735 44
4753 26
4759 20
4740 42
4750 32
4756 26
4751 32
4757 26
4766 17
4765 20
4763 23
4762 26
4768 20
4769 20
4767 23
4775 23
4764 35
4773 26
4779 20
4760 40
4780 20
4772 29
4771 32
4781 23
4784 20
4770 35
4777 29
4783 23
4774 35
4786 23
4794 16
4785 26
4792 20
4790 23
4782 32
4754 62
4788 29
4791 26
4776 42
4789 29
4758 62
4797 23
4795 26
4801 20
4778 47
4799 26
4793 35
4800 29
4804 26
4810 20
4796 35
4802 29
4805 26
4808 23
4803 29
4812 20
4798 35
4814 20
4806 29
4815 20
4819 20
4811 29
4825 17
4817 26
4813 32
4807 39
4820 26
4787 60
4818 29
4821 26
4827 20
4823 26
4809 41
4831 20
4833 18
4822 32
4816 39
4830 26
4840 17
4824 35
4836 26
4843 20
4828 36
4832 32
4835 29
4842 23
4834 32
4849 17
4841 26
4844 23
4845 23
4837 32
4846 23
4847 23
4826 46
4839 36
4856 20
4861 15
4848 29
4852 26
4851 29
4854 26
4860 20
4858 23
4864 17
4865 17
4829 56
4853 32
4859 26
4857 29
4855 32
4838 51
4866 23
4862 32
4871 23
4872 23
4873 23
4850 47
4874 23
4868 32
4880 20
4881 20
4863 39
4870 32
4877 27
4886 20
4884 23
4879 29
4878 32
4883 27
4876 35
4890 23
4885 29
4889 26
4887 29
4893 23
4869 50
4882 38
4892 29
4902 20
4894 29
4897 26
4900 23
4867 57
4895 29
4896 29
4901 26
4904 26
4875 56
4899 32
4903 29
4905 29
4907 27
4908 26
4914 20
4906 29
4918 17
4910 26
4898 40
4912 26
4888 51
4915 26
4891 51
4916 26
4911 32
4925 20
4917 29
4921 26
4924 23
4919 29
4922 26
4930 20
4913 39
4928 26
4909 46
4932 23
4920 36
4927 29
4937 20
4929 29
4935 23
4931 29
4926 35
4933 29
4936 26
4934 29
4944 20
4938 29
4947 20
4939 29
4941 29
4923 48
4949 23
4942 32
4957 20
4946 32
4950 29
4956 23
4948 32
4963 17
4940 41
4952 29
4958 23
4953 29
4962 20
4951 32
4954 29
4945 42
4943 45
4971 17
4960 29
4965 26
4961 32
4955 39
4972 23
4978 17
4964 32
4967 29
4959 38
4968 29
4977 20
4969 29
4973 26
4984 17
4970 32
4979 23
4974 29
4976 29
4980 26
4975 32
4981 26
4987 20
4985 26
4983 29
4982 32
4988 26
4994 20
4966 49
4992 23
4990 26
4991 29
4986 35
4998 23
5001 20
4993 29
4996 26
4989 35
5002 23
5003 23
4999 29
4997 32
5000 29
5004 26
5007 23
5014 17
5005 29
5008 26
5011 23
4995 41
5016 22
5018 20
5021 20
5023 20
5009 35
5012 32
5015 32
5024 23
5027 20
5010 39
5017 32
5031 20
5020 32
5026 26
5030 23
5019 35
5022 32
5025 29
5035 20
5028 29
5034 23
5006 53
5033 26
5032 29
5037 26
5040 23
5043 20
5036 31
5038 29
5041 26
5054 14
5029 41
5046 26
5044 29
5013 61
5042 32
5045 29
5051 23
5039 37
5047 32
5052 29
5055 26
5061 20
5048 35
5057 26
5060 23
5058 29
5065 23
5056 35
5059 32
5066 26
5050 43
5049 46
5063 32
5064 32
5062 35
5068 29
5071 26
5074 23
5053 45
5084 14
5070 29
5080 20
5069 32
5072 29
5067 35
5073 29
5077 26
5086 17
5078 26
5076 29
5075 32
5082 26
5081 32
5087 26
5090 26
5088 29
5091 26
5093 24
5094 23
5097 20
5092 26
5098 20
5099 20
5103 17
5101 20
5102 20
5100 23
5110 14
5095 32
5079 49
5083 47
5096 35
5106 26
5109 23
5085 48
5104 29
5108 26
5120 14
5105 32
5115 23
5107 32
5089 51
5111 29
5117 23
5114 29
5116 29
5122 23
5125 20
5112 35
5119 32
5123 29
5134 18
5121 32
5133 20
5131 23
5126 29
5138 17
5124 32
5127 29
5128 29
5129 29
5118 43
5132 29
5130 32
5136 26
5113 51
5142 23
5140 26
5151 17
5144 26
5139 32
5149 23
5141 32
5154 20
5143 32
5152 23
5148 29
5160 17
5155 23
5135 44
5137 42
5145 34
5147 32
5156 23
5158 23
5159 26
5162 23
5157 29
5166 20
5164 25
5153 38
5163 29
5150 44
5168 26
5169 26
5175 20
5173 23
5176 20
5179 17
5165 32
5174 23
5180 17
5146 52
5167 31
5161 38
5170 29
5171 29
5177 23
5172 29
5178 23
5186 23
5181 29
5184 26
5188 23
5191 20
5187 26
5183 32
5197 20
5192 26
5182 38
5185 35
5206 14
5195 26
5196 26
5194 29
5201 26
5205 23
5208 20
5200 29
5198 32
5207 23
5199 32
5190 42
5203 29
5209 23
5202 32
5193 42
5189 47
5204 32
5214 23
5211 29
5217 23
5221 20
5224 17
5210 32
5212 32
5215 29
5220 26
5218 30
5222 29
5228 23
5223 29
5226 26
5225 29
5229 26
5232 23
5244 11
5213 49
5236 26
5240 23
5233 32
5248 17
5234 32
5216 52
5242 26
5219 50
5227 44
5247 26
5262 11
5235 39
5249 26
5238 38
5254 23
5258 20
5231 48
5250 29
5230 51
5246 35
5252 29
5255 26
5241 41
5256 29
5257 29
5263 23
5237 50
5253 35
5259 29
5261 29
5265 26
5260 32
5239 54
5264 29
5271 23
5267 30
5268 29
5274 23
5266 32
5275 23
5243 56
5270 29
5245 55
5280 20
5283 17
5269 32
5272 29
5281 20
5251 56
5276 32
5277 32
5273 37
5286 26
5284 29
5290 23
5279 35
5282 32
5299 17
5289 29
5296 23
5278 42
5291 30
5292 29
5297 26
5300 23
5293 32
5303 26
5309 20
5285 45
5295 35
5298 32
5301 29
5307 23
5302 29
5294 38
5304 29
5305 29
5288 47
5306 29
5312 23
5310 26
5313 23
5325 12
5322 17
5287 55
5314 29
5318 26
5319 26
5323 23
5315 32
5311 38
5317 32
5320 29
5321 29
5324 26
5308 43
5340 11
5326 26
5327 26
5339 14
5332 23
5334 23
5335 23
5338 20
5328 32
5331 29
5337 23
5316 46
5330 32
5341 23
5336 29
5348 20
5343 26
5350 20
5345 26
5329 43
5346 26
5344 29
5353 23
5333 46
5351 29
5354 26
5349 32
5357 26
5342 42
5362 23
5360 26
5366 20
5347 40
5364 23
5363 26
5367 23
5352 40
5361 32
5378 17
5355 42
5368 29
5369 29
5372 26
5370 29
5376 23
5379 20
5356 44
5374 26
5375 26
5373 29
5382 20
5359 44
5371 32
5380 26
5384 23
5390 17
5388 20
5377 32
5385 26
5383 29
5365 48
5387 26
5396 17
5381 34
5386 29
5393 23
5400 17
5389 29
5392 26
5398 20
5395 27
5401 23
5394 32
5391 38
5410 20
5402 29
5403 29
5406 26
5399 35
5412 23
5415 20
5404 32
5407 29
5405 32
5411 26
5358 81
5413 26
5409 32
5421 20
5397 45
5414 29
5423 20
5427 17
5419 26
5425 20
5408 38
5418 29
5426 22
5424 26
5422 29
5429 26
5430 26
5428 32
5432 29
5435 26
5431 32
5434 29
5416 49
5448 17
5440 26
5438 29
5433 35
5439 29
5446 23
5420 50
5444 26
5451 20
5449 23
5452 20
5417 56
5441 32
5447 26
5442 32
5453 23
5445 32
5450 29
5443 41
5455 29
5436 49
5456 29
5459 26
5458 29
5465 23
5461 29
5464 26
5470 20
5473 17
5437 54
5466 26
5469 23
5467 26
5462 32
5460 35
5463 32
5457 40
5468 29
5471 26
5474 23
5472 26
5478 23
5481 20
5484 17
5476 26
5477 26
5454 50
5475 29
5479 26
5480 26
5485 23
5483 29
5487 26
5486 29
5482 35
5488 29
5491 26
5500 17
5489 29
5492 26
5493 26
5498 23
5490 32
5496 26
5494 29
5497 26
5503 20
5504 20
5506 18
5499 29
5513 17
5501 32
5507 26
5511 23
5516 20
5505 32
5508 29
5514 23
5524 14
5510 29
5502 38
5509 32
5512 29
5518 23
5521 21
5525 17
5519 26
5529 17
5515 32
5517 32
5495 57
5523 29
5526 26
5528 29
5537 20
5520 38
5538 20
5527 32
5534 26
5535 26
5541 20
5531 32
5542 23
5547 20
5536 33
5546 26
5549 23
5552 20
5553 20
5545 29
5554 20
5543 32
5540 36
5557 20
5550 29
5556 23
5522 58
5539 41
5544 36
5530 52
5568 14
5551 32
5558 26
5571 14
5548 38
5560 26
5559 29
5562 26
5533 56
5569 20
5561 29
5555 36
5563 29
5566 26
5564 32
5573 23
5576 20
5582 14
5578 20
5572 38
5575 35
5581 29
5587 23
5585 26
5588 23
5598 13
5583 29
5589 23
5570 43
5565 49
5579 35
5574 41
5590 26
5594 23
5586 32
5593 26
5532 88
5567 55
5584 38
5596 29
5597 29
5603 23
5604 23
5577 51
5599 29
5602 26
5580 50
5605 26
5601 31
5592 41
5591 43
5608 26
5611 23
5600 35
5606 29
5609 26
5615 20
5607 29
5613 23
5617 20
5610 29
5616 23
5614 29
5595 49
5626 20
5620 29
5623 26
5625 26
5629 23
5621 35
5630 26
5636 20
5628 30
5635 23
5624 36
5631 29
5634 26
5622 39
5633 29
5639 23
5637 26
5643 20
5632 32
5618 47
5649 17
5644 23
5647 20
5642 26
5648 20
5640 29
5619 51
5638 32
5645 26
5641 32
5654 20
5646 29
5652 23
5651 26
5657 20
5627 51
5660 20
5612 70
5656 26
5658 26
5659 26
5663 23
5661 26
5664 23
5662 29
5668 23
5666 26
5673 20
5650 44
5665 29
5671 23
5653 42
5672 23
5681 14
5667 29
5670 26
5669 29
5678 20
5655 45
5677 23
5676 26
5688 14
5686 17
5679 26
5675 32
5685 23
5682 29
5680 32
5687 29
5695 23
5690 29
5696 23
5674 46
5694 26
5702 20
5697 26
5689 35
5684 42
5691 35
5700 26
5703 23
5693 36
5698 32
5701 29
5699 32
5705 26
5707 26
5719 14
5683 52
5704 32
5710 26
5713 23
5725 11
5708 29
5711 26
5714 23
5706 32
5720 20
5692 50
5728 14
5726 17
5709 35
5712 32
5723 23
5715 32
5721 26
5718 32
5724 26
5730 20
5717 35
5733 26
5716 44
5722 38
5731 29
5734 26
5746 14
5736 26
5748 14
5738 26
5732 33
5740 26
5735 32
5737 32
5739 32
5745 26
5744 29
5742 32
5754 20
5743 32
5749 26
5758 17
5729 47
5741 35
5747 29
5751 26
5761 17
5753 29
5759 26
5752 35
5750 38
5727 62
5763 26
5756 35
5760 32
5766 29
5764 32
5770 26
5765 32
5768 32
5774 26
5777 26
5769 35
5778 26
5767 38
5772 34
5780 26
5773 35
5779 29
5782 26
5788 20
5757 54
5791 20
5762 50
5792 20
5781 32
5790 23
5796 17
5755 59
5775 41
5776 41
5787 32
5795 26
5798 23
5793 29
5802 20
5771 52
5809 15
5789 37
5810 17
5794 35
5784 46
5801 29
5786 46
5800 32
5803 29
5806 26
5804 29
5785 49
5799 35
5807 29
5805 32
5808 29
5811 29
5812 29
5813 29
5817 26
5818 26
5821 23
5819 26
5820 26
5824 23
5816 32
5830 20
5797 54
5825 26
5827 26
5822 32
5828 26
5823 32
5826 29
5832 23
5783 73
5833 23
5837 20
5829 29
5814 46
5815 45
5838 23
5836 26
5846 17
5835 29
5834 32
5843 23
5842 30
5852 23
5850 26
5853 23
5856 20
5831 47
5849 29
5844 35
5851 29
5854 26
5857 23
5847 35
5862 23
5868 20
5845 44
5840 50
5855 35
5864 26
5839 52
5841 51
5866 26
5870 23
5873 20
5860 34
5872 23
5867 29
5871 26
5869 29
5879 20
5859 41
5861 39
5874 26
5876 26
5865 38
5848 56
5882 23
5885 20
5877 29
5880 26
5884 23
5883 26
5858 52
5875 35
5891 23
5886 29
5892 23
5863 53
5893 26
5878 42
5894 26
5897 26
5889 35
5900 26
5908 18
5895 32
5898 29
5887 41
5896 32
5899 29
5911 17
5903 26
5881 49
5904 26
5907 26
5905 29
5909 26
5888 49
5906 32
5919 20
5916 26
5922 20
5914 29
5902 44
5923 23
5915 32
5918 29
5927 20
5910 38
5913 35
5912 38
5928 23
5929 23
5890 63
5924 29
5925 29
5901 54
5921 35
5930 26
5917 40
5926 32
5933 26
5936 23
5920 40
5935 26
5944 17
5931 32
5945 20
5937 29
5939 29
5934 35
5940 29
5938 35
5941 32
5942 32
5943 32
5949 26
5952 23
5947 31
5932 47
5950 29
5948 32
5951 29
5957 23
5964 17
5955 28
5961 23
5962 23
5953 35
5966 23
5946 44
5967 23
5960 32
5958 35
5970 23
5971 23
5969 26
5959 37
5965 32
5972 26
5978 23
5963 39
5973 29
5956 47
5974 32
5980 26
5983 23
5954 53
5981 26
5984 26
5979 32
5982 29
5985 29
5987 27
5994 20
5977 39
5988 29
5997 20
5968 50
5998 20
5993 26
5996 26
5989 35
5995 29
5990 35
6003 23
5992 35
6004 23
5999 29
6005 23
5976 54
5986 44
6007 23
6010 20
6008 23
5975 58
6001 32
6009 26
5991 45
6002 34
6000 38
6015 26
6021 20
6013 29
6019 23
6011 32
6018 26
6024 20
6025 20
6014 32
6017 32
6020 29
6006 46
6012 42
6016 38
6038 17
6030 26
6042 14
6031 26
6037 20
6023 35
6027 32
6028 32
6034 26
6040 20
6043 17
6035 26
6033 29
6029 35
6032 32
6041 23
6036 32
6039 29
6046 23
6053 17
6044 29
6048 26
6049 26
6057 20
6047 32
6022 58
6026 55
6055 26
6051 32
6066 17
6050 35
6059 26
6060 26
6056 32
6062 26
6064 26
6052 39
6069 23
6058 35
6073 20
6075 20
6067 29
6076 20
6045 52
6078 20
6061 38
6070 29
6054 46
6074 26
6077 23
6079 23
6071 32
6085 20
6084 23
6090 17
6063 45
6082 26
6068 41
6080 29
6093 17
6097 14
6086 26
6065 49
6083 32
6089 26
6095 20
6096 20
6102 14
6088 29
6087 32
6092 29
6072 54
6112 14
6081 46
6091 38
6100 29
6098 32
6107 23
6099 32
6108 23
6106 26
6115 17
6105 29
6114 20
6094 43
6121 17
6113 29
6116 26
6109 35
6119 26
6122 23
6103 43
6120 26
6123 26
6124 26
6104 47
6129 23
6118 36
6125 29
6134 20
6101 54
6132 26
6133 26
6111 49
6128 32
6140 20
6126 35
6141 20
6110 52
6139 23
6136 29
6127 39
6137 29
6117 50
6138 29
6131 37
6142 26
6143 26
6144 26
6147 23
6148 23
6146 26
6130 43
6150 23
6135 39
6151 23
6152 26
6159 20
6154 26
6157 29
6155 32
6158 29
6162 26
6149 40
6161 29
6153 38
6145 48
6166 29
6169 26
6164 32
6174 23
6175 23
6171 29
6170 32
6160 43
6163 40
6165 39
6178 26
6184 20
6156 49
6167 38
6173 32
6177 29
6186 20
6172 35
6181 26
6168 40
6176 32
6183 26
6179 31
6191 20
6180 32
6182 32
6187 29
6185 33
6189 29
6194 29
6190 34
6195 29
6204 20
6196 29
6202 23
6199 29
6197 32
6200 29
6207 24
6203 29
6212 20
6192 42
6214 20
6188 47
6206 29
6210 26
6193 44
6219 20
6224 17
6213 29
6201 42
6211 32
6209 35
6198 47
6208 38
6217 29
6215 32
6216 32
6222 26
6225 23
6205 44
6220 30
6228 23
6227 26
6218 36
6223 32
6229 26
6232 23
6230 26
6236 20
6251 6
6239 20
6226 35
6231 32
6234 29
6235 29
6240 26
6247 20
6243 26
6241 29
6221 52
6246 29
6255 20
6233 44
6242 35
6245 32
6258 20
6253 26
6248 32
6249 32
6250 32
6244 39
6254 29
6259 26
6257 29
6262 26
6263 26
6269 20
6237 53
6261 29
6238 54
6266 26
6264 29
6267 26
6273 20
6282 11
6265 29
6271 29
6274 26
6256 47
6260 44
6281 23
6268 37
6285 20
6283 23
6294 12
6275 32
6284 23
6276 32
6279 29
6280 28
6277 32
6292 17
6278 32
6287 23
6293 20
6288 29
6289 29
6297 23
6252 69
6286 35
6291 32
6300 23
6295 29
6301 23
6290 35
6298 29
6296 32
6303 26
6307 23
6270 61
6309 23
6304 29
6302 32
6316 20
6305 32
6310 29
6313 26
6308 32
6311 29
6272 69
6306 35
6312 29
6315 29
6322 23
6325 20
6314 33
6318 29
6319 29
6326 26
6321 32
6344 9
6320 35
6299 57
6330 26
6341 15
6331 26
6324 35
6333 26
6334 26
6332 29
6339 23
6342 20
6337 26
6335 29
6317 49
6348 20
6340 29
6346 23
6345 26
6343 29
6329 44
6336 38
6349 26
6323 53
6328 48
6347 29
6327 50
6351 26
6353 26
6354 26
6352 29
6356 26
6363 20
6368 15
6350 35
6365 20
6367 20
6362 26
6355 35
6358 32
6361 29
6359 32
6357 35
6360 32
6364 29
6369 26
6381 17
6371 29
6366 35
6378 23
6374 29
6386 17
6375 29
6370 35
6338 69
6379 29
6388 20
6384 26
6376 35
6385 26
6382 32
6383 31
6394 20
6380 35
6389 26
6392 23
6373 43
6387 29
6372 46
6377 42
6390 29
6397 23
6399 23
6401 23
6396 29
6391 35
6395 32
6398 29
6404 23
6403 31
6393 42
6406 29
6409 26
6407 29
6400 40
6411 32
6402 42
6413 32
6416 29
6408 38
6414 32
6420 26
6410 37
6426 23
6429 20
6418 32
6417 35
6421 32
6424 29
6419 35
6425 29
6422 35
6431 26
6405 53
6415 44
6430 29
6433 26
6436 23
6434 26
6432 29
6440 23
6441 23
6412 54
6423 44
6438 29
6447 20
6427 41
6444 26
6445 26
6451 20
6437 35
6450 23
6435 40
6446 29
6449 26
6453 23
6442 35
6448 29
6456 23
6458 23
6462 20
6454 29
6443 41
6457 29
6469 17
6455 32
6461 26
6466 23
6472 17
6428 64
6439 54
6464 29
6460 35
6467 29
6470 26
6473 23
6474 23
6478 20
6465 38
6477 26
6480 23
6475 29
6482 25
6463 45
6452 57
6489 20
6484 26
6490 20
6479 32
6488 23
6491 20
6492 20
6495 17
6487 26
6459 55
6486 29
6502 14
6471 46
6483 35
6493 26
6497 23
6468 53
6496 26
6485 38
6494 29
6476 48
6501 23
6499 26
6500 26
6509 23
6505 29
6508 26
6481 54
6504 32
6511 26
6498 40
6524 14
6507 32
6517 23
6512 29
6527 14
6510 32
6525 17
6514 29
6518 26
6506 40
6523 23
6519 29
6529 20
6521 29
6530 20
6516 38
6513 44
6515 43
6503 58
6535 26
6541 20
6537 26
6520 44
6536 29
6542 23
6540 26
6538 29
6539 29
6534 35
6549 20
6526 44
6544 29
6553 20
6556 17
6531 43
6551 23
6555 20
6547 29
6550 26
6533 44
6552 26
6543 38
6558 23
6571 11
6522 61
6528 60
6559 29
6565 23
6563 26
6561 29
6564 26
6567 23
6532 59
6546 45
6568 23
6566 26
6545 48
6548 45
6554 39
6562 32
6576 20
6572 26
6570 29
6589 11
6575 26
6560 45
6574 32
6557 50
6569 38
6588 20
6583 26
6579 32
6592 20
6578 35
6581 32
6587 26
6580 35
6573 45
6577 41
6586 32
6593 26
6597 23
6582 40
6608 14
6584 40
6596 29
6603 23
6609 17
6595 32
6601 26
6594 35
6607 23
6585 47
6598 35
6599 35
6615 20
6604 32
6616 20
6591 46
6606 32
6605 35
6611 29
6614 26
6618 23
6617 26
6629 14
6612 32
6590 58
6602 46
6620 29
6630 20
6613 38
6625 26
6631 20
6624 29
6619 35
6623 32
6626 29
6632 23
6600 57
6628 29
6635 23
6627 32
6633 26
6621 39
6634 26
6637 23
6622 39
6641 23
6638 29
6644 23
6646 23
6610 61
6639 32
6643 29
6647 26
6642 32
6656 20
6645 32
6652 26
6650 29
6653 29
6666 17
6649 35
6654 32
6657 29
6636 52
6665 26
6661 32
6664 29
6667 26
6670 23
6648 47
6669 26
6675 20
6673 23
6663 35
6659 40
6679 20
6655 45
6668 32
6640 61
6660 41
6658 44
6677 26
6680 23
6672 32
6671 34
6683 26
6692 17
6651 59
6678 32
6689 23
6684 29
6686 29
6662 55
6685 32
6700 17
6674 44
6698 20
6690 29
6699 20
6676 44
6681 39
6691 29
6701 20
6694 29
6695 29
6702 23
6703 23
6688 41
6704 26
6705 26
6707 26
6709 26
6713 23
6717 20
6710 29
6682 58
6708 32
6711 30
6712 29
6716 26
6715 29
6697 48
6722 23
6714 32
6720 26
6693 54
6687 61
6725 23
6706 45
6740 11
6726 29
6729 26
6718 38
6730 26
6728 32
6732 29
6735 26
6738 23
6696 66
6731 32
6727 38
6745 20
6734 32
6719 49
6733 35
6736 32
6739 29
6748 20
6746 23
6742 29
6724 48
6744 29
6721 53
6723 51
6751 23
6757 17
6755 20
6761 14
6753 26
6743 38
6749 32
6747 35
6759 23
6760 23
6752 32
6756 29
6737 49
6758 29
6767 20
6763 26
6768 23
6766 26
6764 29
6770 23
6771 23
6741 58
6773 26
6769 32
6778 23
6754 49
6774 29
6775 29
6782 23
6777 29
6765 42
6781 26
6776 32
6783 26
6786 23
6772 38
6787 23
6789 23
6790 23
6780 35
6750 66
6762 54
6784 32
6785 32
6788 29
6791 26
6792 26
6798 20
6793 26
6796 23
6799 20
6794 26
6797 26
6795 29
6779 46
6802 23
6804 23
6807 20
6801 29
6814 17
6803 29
6813 23
6808 29
6800 38
6806 32
6812 26
6816 23
6811 29
6809 32
6818 23
6810 32
6817 26
6821 23
6819 26
6820 29
6823 26
6805 46
6843 8
6827 26
6822 32
6831 23
6826 29
6828 29
6836 21
6825 35
6835 26
6838 23
6815 48
6834 29
6832 32
6830 35
6837 32
6839 32
6841 32
6840 35
6846 29
6858 17
6829 47
6850 26
6842 35
6851 26
6861 17
6847 32
6853 26
6863 16
6845 35
6848 32
6833 48
6855 26
6854 29
6857 26
6860 23
6852 32
6859 26
6869 20
6864 26
6870 20
6824 69
6844 49
6849 44
6876 17
6866 29
6867 29
6865 32
6875 23
6884 17
6873 29
6878 26
6877 29
6871 38
6880 29
6881 29
6879 32
6889 23
6882 32
6888 26
6883 32
6862 54
6890 26
6893 23
6885 32
6872 46
6894 26
6874 47
6898 23
6897 26
6892 32
6868 57
6896 29
6899 26
6856 70
6904 23
6891 38
6895 34
6887 43
6886 45
6900 32
6901 32
6907 26
6905 29
6908 26
6903 32
6915 20
6919 17
6911 26
6909 29
6912 26
6902 37
6906 35
6914 29
6917 26
6913 32
6916 29
6921 26
6922 25
6920 29
6930 20
6926 26
6929 23
6910 43
6918 35
6925 29
6931 23
6927 29
6928 29
6937 20
6932 26
6933 29
6940 23
6934 30
6935 29
6936 29
6942 23
6938 29
6941 26
6943 26
6924 47
6946 26
6947 29
6945 32
6951 26
6923 55
6952 26
6959 20
6965 14
6948 32
6954 26
6957 23
6958 23
6939 44
6969 14
6949 35
6955 29
6950 35
6953 32
6960 26
6944 49
6961 32
6964 29
6968 26
6973 23
6971 26
6963 35
6975 23
6962 38
6966 35
6970 32
6976 26
6967 37
6979 26
6972 34
6974 35
6977 32
6986 23
6978 32
6981 29
6982 29
6988 23
6956 56
6984 29
6990 23
6992 23
6983 35
6989 29
7000 20
6995 26
6985 38
6991 32
7012 11
7001 23
6997 29
6980 47
6999 29
7003 26
7004 26
7002 29
7005 26
7006 29
7009 26
6987 49
7016 20
6998 40
6994 45
6996 43
7008 32
7011 29
7018 23
7010 32
7013 29
6993 52
7014 32
7017 29
7022 26
7025 23
7015 35
7021 29
7007 47
7019 35
7034 20
7023 32
7026 29
7029 26
7024 32
7030 26
7031 26
7042 17
7028 32
7037 23
7040 20
7032 29
7038 23
7036 26
7043 20
7033 32
7046 20
7041 26
7039 29
7044 26
7047 23
7020 52
7035 39
7045 29
7052 23
7050 26
7054 23
7049 29
7027 53
7060 20
7058 23
7051 32
7057 26
7055 29
7056 29
7063 23
7053 35
7059 29
7069 23
7067 26
7065 29
7066 29
7072 23
7062 35
7068 29
7070 29
7075 26
7078 23
7048 54
7071 32
7081 23
7090 14
7074 32
7077 29
7087 20
7079 29
7082 29
7091 20
7086 26
7076 38
7080 34
7088 26
7094 20
7083 32
7085 31
7064 54
7084 35
7061 60
7092 29
7096 26
7093 32
7099 26
7097 29
7100 26
7095 32
7098 29
7101 26
7073 55
7102 26
7103 26
7109 20
7089 43
7106 26
7115 17
7108 26
7111 23
7110 26
7120 17
7104 35
7114 29
7105 40
7113 32
7112 36
7116 32
7130 20
7119 32
7107 45
7122 32
7117 38
7121 35
7133 23
7129 29
7132 26
7124 35
7127 32
7134 26
7136 26
7138 26
7144 20
7118 48
7143 23
7146 20
7137 32
7140 29
7155 14
7123 47
7141 29
7156 14
7139 32
7148 23
7128 44
7135 38
7142 32
7157 17
7151 26
7145 33
7161 17
7126 53
7131 48
7147 32
7150 29
7159 20
7154 29
7149 35
7162 23
7153 38
7125 67
7163 29
7166 26
7171 23
7174 20
7158 38
7164 32
7167 29
7170 26
7165 32
7185 13
7169 32
7175 26
7178 23
7187 14
7176 26
7182 20
7152 52
7172 32
7184 20
7179 26
7168 38
7177 29
7180 26
7173 35
7160 49
7181 29
7183 32
7186 29
7188 29
7194 23
7192 26
7191 29
7189 32
7195 26
7199 23
7202 20
7197 26
7201 23
7193 32
7203 23
7204 23
7190 38
7206 23
7200 32
7205 32
7217 20
7212 26
7198 41
7207 32
7213 26
7214 26
7220 20
7216 26
7211 32
7209 35
7218 26
7208 38
7226 20
7227 20
7196 52
7223 26
7229 20
7221 29
7222 29
7233 20
7236 20
7219 38
7237 20
7210 48
7232 26
7215 44
7225 35
7231 29
7235 26
7238 23
7224 38
7230 32
7228 35
7234 29
7247 17
7248 17
7242 26
7240 29
7250 20
7243 29
7246 26
7249 23
7241 32
7256 17
7239 35
7245 29
7255 23
7258 20
7251 29
7252 29
7259 23
7257 26
7254 32
7253 35
7265 23
7260 29
7263 29
7269 23
7267 26
7264 32
7262 35
7270 29
7273 26
7268 32
7278 23
7274 29
7280 23
7283 20
7275 29
7244 61
7279 26
7285 20
7271 35
7277 29
7282 26
7276 35
7292 20
7295 20
7281 35
7297 20
7261 57
7290 29
7286 35
7287 35
7266 57
7288 35
7272 53
7293 32
7299 26
7305 20
7300 26
7294 33
7298 29
7301 29
7302 29
7311 20
7284 49
7310 23
7308 26
7303 32
7306 29
7315 20
7304 32
7307 29
7314 23
7312 26
7289 50
7316 23
7309 32
7318 23
7317 26
7291 54
7321 26
7319 29
7296 54
7324 26
7313 38
7328 23
7320 32
7323 29
7335 17
7322 32
7331 23
7326 29
7330 26
7325 32
7334 23
7329 29
7332 26
7336 23
7343 17
7337 26
7339 26
7338 29
7342 26
7340 29
7346 23
7345 26
7348 26
7333 42
7347 29
7350 26
7356 20
7354 23
7327 52
7341 41
7353 29
7366 17
7357 29
7363 23
7355 32
7361 26
7349 40
7351 39
7358 32
7364 26
7359 32
7362 29
7374 17
7344 49
7360 33
7367 26
7365 29
7368 26
7352 46
7372 26
7378 20
7376 23
7377 23
7373 29
7371 32
7375 32
7384 23
7379 29
7381 32
7387 26
7394 20
7380 35
7396 20
7382 37
7385 35
7391 29
7389 32
7392 29
7395 26
7398 26
7404 20
7407 17
7369 57
7388 38
7401 26
7390 38
7370 59
7397 32
7400 29
7403 26
7383 47
7419 11
7402 29
7405 28
7410 23
7409 26
7413 23
7415 23
7416 23
7422 17
7408 32
7412 29
7421 20
7411 32
7399 45
7418 26
7386 59
7417 29
7426 20
7393 56
7433 20
7406 50
7424 32
7425 35
7428 32
7435 26
7423 39
7430 32
7420 45
7436 29
7431 35
7414 55
7440 29
7441 29
7452 20
7446 29
7444 32
7447 29
7453 23
7427 50
7434 43
7458 20
7456 23
7451 29
7443 38
7449 32
7450 32
7454 29
7465 20
7439 47
7457 29
7472 14
7432 55
7442 45
7429 59
7459 29
7448 42
7460 32
7463 29
7466 26
7437 56
7464 29
7438 56
7478 17
7473 23
7469 29
7481 17
7445 54
7471 29
7477 23
7475 26
7470 32
7455 49
7461 44
7476 29
7474 32
7480 26
7486 20
7484 23
7467 41
7483 26
7489 20
7482 29
7487 26
7479 35
7496 20
7491 26
7494 23
7495 23
7499 20
7485 35
7498 23
7462 60
7503 20
7505 20
7468 58
7488 38
7497 29
7492 35
7490 38
7493 35
7506 23
7502 29
7508 23
7510 23
7515 19
7501 35
7504 32
7507 29
7523 14
7509 29
7512 26
7513 26
7511 29
7521 20
7514 29
7516 29
7517 29
7518 29
7530 17
7519 29
7522 26
7520 29
7527 23
7528 23
7536 17
7531 23
7526 29
7533 23
7500 57
7532 26
7544 17
7537 26
7529 35
7535 29
7534 32
7542 26
7538 32
7541 29
7548 23
7555 17
7525 49
7543 32
7547 29
7554 23
7557 20
7524 55
7539 42
7550 32
7553 29
7549 35
7552 32
7546 39
7561 26
7567 20
7559 29
7563 26
7566 23
7569 20
7540 51
7545 46
7574 17
7562 32
7572 26
7570 29
7571 29
7575 26
7580 21
7573 29
7579 23
7556 47
7565 38
7583 20
7551 54
7578 29
7558 50
7568 40
7582 26
7577 32
7585 26
7594 17
7581 32
7590 23
7560 55
7586 29
7587 29
7596 20
7593 26
7564 59
7591 32
7584 43
7595 32
7601 26
7604 23
7607 20
7598 32
7602 29
7588 46
7599 35
7576 59
7609 26
7615 20
7608 29
7597 41
7617 23
7606 35
7624 17
7603 39
7616 26
7611 32
7589 55
7612 32
7592 53
7613 32
7622 23
7614 32
7618 29
7600 48
7625 23
7620 32
7638 14
7621 32
7630 23
7634 20
7623 32
7626 29
7610 46
7633 23
7636 20
7605 52
7637 20
7650 14
7629 36
7642 23
7635 32
7639 29
7619 54
7628 46
7648 26
7640 35
7646 29
7644 32
7662 14
7627 50
7645 32
7649 32
7647 35
7654 29
7666 17
7661 26
7660 29
7658 32
7641 50
7659 32
7665 26
7663 29
7672 20
7655 38
7670 23
7656 38
7668 26
7631 64
7632 63
7667 29
7643 54
7669 29
7675 23
7680 20
7653 49
7664 38
7651 52
7674 29
7652 52
7673 32
7676 29
7677 29
7683 23
7657 50
7690 20
7679 32
7691 20
7698 14
7682 32
7685 29
7686 29
7689 26
7693 23
7688 29
7684 34
7692 26
7696 23
7701 20
7702 20
7697 26
7671 53
7681 44
7694 32
7700 26
7699 29
7705 23
7708 20
7678 51
7703 26
7706 23
7695 35
7687 44
7721 14
7717 20
7709 29
7704 35
7707 32
7713 26
7712 28
7714 26
7722 20
7723 20
7715 29
7718 26
7733 11
7716 29
7719 26
7710 37
7725 23
7724 26
7731 23
7737 17
7720 35
7732 23
7734 23
7726 32
7729 32
7735 26
7711 53
7744 20
7747 17
7736 29
7727 40
7728 39
7738 29
7730 38
7748 20
7743 26
7742 29
7740 32
7746 26
7752 23
7753 26
7762 17
7745 35
7751 29
7757 23
7739 42
7755 26
7741 42
7754 29
7758 26
7764 20
7760 26
7756 32
7765 23
7771 17
7768 23
7763 29
7781 11
7761 32
7767 26
7750 47
7777 20
7780 17
7766 32
7775 23
7749 50
7776 23
7783 17
7773 29
7779 23
7774 29
7769 35
7778 26
7782 23
7759 48
7788 23
7786 29
7792 23
7787 29
7793 23
7770 47
7794 23
7791 29
7784 39
7800 23
7798 26
7790 35
7805 20
7797 29
7803 23
7795 32
7802 26
7806 23
7809 20
7796 35
7799 32
7789 43
7785 48
7801 32
7804 29
7808 26
7772 63
7807 29
7810 26
7811 26
7812 26
7817 23
7816 26
7815 29
7818 26
7824 20
7819 26
7820 29
7832 17
7821 29
7825 26
7814 40
7823 32
7839 17
7822 35
7831 26
7833 26
7827 33
7835 26
7836 26
7837 26
7838 26
7843 23
7829 38
7842 26
7813 56
7840 29
7847 23
7845 26
7849 23
7841 32
7844 29
7828 46
7850 26
7856 20
7826 51
7846 32
7851 29
7857 23
7852 29
7834 48
7855 29
7867 17
7830 55
7848 38
7854 32
7864 26
7853 38
7862 29
7865 26
7871 20
7860 32
7863 29
7866 26
7858 36
7873 23
7868 29
7869 29
7875 23
7870 29
7883 17
7878 23
7874 29
7877 29
7876 32
7880 29
7881 29
7861 50
7859 53
7886 26
7892 20
7879 35
7887 27
7872 44
7884 32
7885 32
7890 29
7893 26
7894 26
7889 32
7905 17
7888 35
7897 26
7882 42
7898 26
7896 29
7902 23
7899 29
7901 29
7900 31
7909 23
7903 32
7912 23
7904 32
7907 29
7895 42
7908 29
7911 26
7891 49
7914 26
7906 35
7918 23
7920 23
7910 35
7913 32
7919 26
7915 32
7916 31
7927 20
7922 26
7925 23
7928 20
7924 26
7934 17
7917 35
7926 26
7929 26
7930 26
7936 20
7931 26
7935 23
7921 38
7938 23
7933 29
7940 23
7941 23
7942 23
7937 29
7932 35
7949 20
7961 11
7939 35
7945 29
7923 53
7948 29
7953 26
7951 29
7955 26
7947 35
7960 23
7952 32
7958 26
7956 29
7943 43
7954 32
7957 29
7963 23
7959 29
7962 26
7965 26
7969 23
7944 50
7968 29
7971 26
7950 48
7972 26
7982 17
7985 14
7984 17
7970 32
7973 29
7964 39
7966 38
7978 26
7979 26
7977 29
7983 23
7974 35
7946 65
7967 45
7995 17
7976 37
7981 32
7987 26
7990 23
7986 29
7988 29
7989 29
7996 23
7994 26
7992 29
7993 29
8000 23
8006 20
7975 53
8002 26
7980 51
7999 32
7997 35
8013 20
8005 29
8009 26
8001 35
8007 29
8020 17
8004 35
8011 29
8014 26
7998 44
8029 13
8017 26
8012 32
8015 29
8021 23
8019 26
7991 57
8026 23
8024 26
8008 43
8025 26
8031 20
8018 35
8027 26
8035 20
8003 54
8010 47
8034 23
8028 32
8046 20
8036 32
8039 29
8042 26
8016 53
8040 29
8052 17
8032 38
8044 26
8037 35
8041 32
8023 52
8043 32
8050 26
8047 30
8030 48
8058 20
8033 47
8048 32
8022 59
8055 26
8053 29
8056 26
8051 32
8059 26
8054 32
8049 38
8064 23
8060 29
8063 26
8061 29
8073 17
8062 29
8065 26
8068 23
8038 54
8057 35
8067 26
8066 32
8078 20
8045 54
8071 29
8069 32
8087 14
8074 29
8077 26
8079 26
8082 23
8091 14
8070 37
8075 35
8080 32
8084 28
8094 20
8083 32
8089 26
8092 23
8081 35
8090 29
8088 32
8096 26
8072 52
8105 20
8097 29
8086 42
8076 53
8093 36
8100 29
8095 35
8098 35
8103 30
8104 29
8107 26
8110 23
8109 26
8113 23
8116 20
8106 32
8085 54
8101 38
8118 23
8114 29
8115 29
8124 20
8099 47
8108 38
8126 20
8119 29
8131 17
8121 29
8125 26
8128 23
8120 32
8123 29
8132 20
8122 32
8102 54
8134 23
8111 48
8133 26
8139 20
8112 49
8129 32
8117 45
8136 26
8137 26
8141 23
8130 35
8143 23
8138 29
8149 20
8152 17
8142 29
8151 20
8140 32
8144 29
8147 26
8146 29
8150 26
8127 50
8145 35
8148 35
8155 29
8158 26
8164 20
8156 29
8159 26
8163 23
8167 20
8162 26
8154 35
8160 29
8161 29
8168 23
8169 26
8170 26
8153 44
8165 32
8135 66
8175 26
8178 23
8177 26
8172 32
8181 23
8187 20
8173 35
8176 32
8174 35
8183 26
8184 26
8157 55
8166 46
8180 32
8186 26
8193 20
8188 26
8200 14
8189 26
8182 37
8190 29
8185 35
8191 29
8194 26
8196 24
8192 29
8201 20
8203 20
8195 29
8207 20
8198 32
8205 26
8211 20
8179 54
8204 29
8213 20
8171 63
8199 35
8208 26
8197 39
8202 35
8215 23
8206 35
8209 32
8210 32
8217 26
8218 26
8221 23
8214 32
8212 35
8224 23
8227 20
8229 20
8216 35
8219 32
8220 32
8230 23
8225 29
8234 20
8226 32
8235 26
8222 40
8233 29
8223 40
8228 35
8232 32
8236 29
8239 26
8231 35
8240 26
8242 29
8243 29
8237 36
8241 32
8244 29
8247 26
8248 26
8251 23
8252 23
8250 26
8245 32
8254 26
8249 32
8238 44
8253 29
8256 29
8258 29
8261 26
8264 23
8262 26
8246 44
8260 31
8263 29
8277 17
8255 40
8257 38
8269 26
8275 20
8265 32
8272 26
8268 32
8271 29
8267 35
8276 26
8274 29
8270 35
8259 48
8281 26
8279 29
8291 17
8287 23
8282 29
8285 26
8283 29
8288 26
8278 40
8280 38
8292 29
8295 26
8266 56
8293 29
8296 26
8289 35
8298 26
8301 23
8299 26
8273 53
8297 29
8302 26
8308 20
8294 35
8304 26
8307 23
8290 42
8306 26
8311 23
8303 32
8312 23
8286 50
8310 26
8284 53
8314 26
8315 26
8324 17
8316 26
8300 43
8320 23
8317 32
8319 32
8322 29
8305 48
8321 32
8330 23
8318 36
8323 32
8327 29
8331 26
8329 29
8333 26
8313 47
8309 52
8341 20
8336 26
8325 38
8326 37
8338 26
8334 32
8340 26
8332 35
8335 32
8349 20
8346 26
8347 26
8342 32
8337 38
8348 29
8343 35
8344 35
8350 29
8345 35
8358 23
8356 26
8365 17
8354 29
8355 29
8353 32
8328 58
8360 26
8366 20
8339 49
8362 26
8357 32
8375 14
8352 38
8364 26
8359 32
8374 17
8368 26
8378 17
8367 29
8382 14
8363 35
8372 26
8373 26
8371 29
8369 35
8384 20
8388 17
8370 36
8379 29
8351 59
8381 29
8377 35
8386 26
8387 26
8376 38
8391 23
8383 32
8389 26
8394 23
8361 57
8392 26
8398 20
8390 29
8393 26
8385 35
8402 20
8380 45
8408 17
8401 26
8400 29
8397 34
8406 26
8407 26
8396 38
8405 29
8410 26
8399 38
8395 43
8403 35
8409 29
8411 32
8414 29
8412 32
8415 29
8413 32
8422 23
8420 26
8418 29
8424 23
8427 20
8426 23
8419 32
8428 23
8425 29
8417 40
8404 54
8441 17
8434 26
8429 32
8432 29
8437 26
8431 35
8443 23
8416 51
8423 45
8430 38
8439 29
8440 29
8444 26
8442 29
8446 26
8447 26
8451 23
8448 29
8454 23
8449 29
8421 60
8452 29
8433 51
8455 29
8461 23
8456 29
8462 23
8436 50
8438 48
8450 38
8463 26
8458 32
8467 23
8453 38
8457 35
8435 59
8464 30
8474 20
8445 50
8475 20
8470 26
8465 32
8466 32
8476 23
8471 29
8472 29
8469 35
8481 23
8468 39
8459 49
8460 48
8479 29
8492 17
8478 32
8473 38
8485 26
8484 29
8490 23
8488 29
8486 32
8487 32
8493 26
8483 38
8491 32
8501 23
8499 26
8502 23
8497 29
8498 29
8482 46
8511 17
8513 17
8500 32
8489 44
8504 29
8477 57
8506 29
8508 27
8515 20
8480 57
8496 41
8509 29
8512 26
8510 29
8518 23
8520 23
8523 20
8503 41
8507 38
8516 29
8522 23
8514 32
8517 29
8529 20
8495 55
8521 29
8494 57
8525 26
8528 23
8531 20
8533 20
8519 35
8505 50
8526 29
8535 20
8524 32
8527 29
8537 20
8551 7
8536 26
8530 35
8545 20
8534 32
8543 29
8546 26
8538 35
8548 26
8549 26
8544 32
8553 23
8556 20
8542 35
8547 32
8550 29
8552 29
8555 26
8539 43
8557 26
8532 52
8570 14
8541 44
8561 26
8559 29
8565 26
8560 32
8563 29
8566 26
8568 26
8540 55
8572 23
8567 29
8573 23
8576 20
8558 41
8564 35
8571 28
8574 26
8582 20
8577 26
8579 26
8554 53
8575 32
8583 26
8562 48
8578 32
8587 23
8585 26
8588 23
8586 29
8581 35
8584 32
8595 23
8600 18
8590 29
8596 26
8591 32
8594 29
8597 29
8598 29
8602 26
8603 26
8607 23
8593 38
8599 32
8605 26
8614 17
8609 23
8580 53
8604 29
8606 29
8612 23
8601 35
8569 68
8589 48
8613 26
8616 23
8619 23
8620 24
8624 20
8625 23
8610 40
8621 29
8622 29
8623 29
8626 26
8615 39
8629 26
8631 26
8634 23
8638 20
8627 32
8630 29
8617 44
8633 29
8636 26
8642 20
8608 55
8635 29
8639 26
8640 26
8632 35
8653 14
8643 26
8650 20
8592 80
8637 35
8618 55
8644 29
8611 63
8648 26
8655 20
8628 48
8651 26
8646 32
8649 29
8658 23
8656 29
8654 32
8657 29
8662 26
8660 29
8641 49
8652 38
8664 26
8673 17
8645 46
8647 44
8661 32
8668 26
8669 26
8674 23
8677 20
8666 32
8663 36
8671 29
8675 26
8685 17
8680 23
8684 20
8683 23
8678 29
8679 29
8659 50
8681 29
8687 23
8676 35
8665 49
8694 20
8686 29
8691 26
8690 29
8693 26
8667 53
8670 50
8697 23
8692 32
8695 29
8672 53
8696 29
8708 20
8703 26
8698 32
8700 30
8704 26
8702 30
8701 32
8707 26
8705 29
8711 23
8682 53
8706 29
8709 26
8710 29
8713 26
8689 51
8717 23
8688 54
8720 23
8718 26
8721 23
8716 29
8699 51
8715 35
8719 32
8722 29
8727 26
8725 29
8723 32
8736 20
8728 29
8726 32
8735 23
8730 29
8740 20
8732 29
8742 20
8737 26
8745 20
8712 54
8714 52
8734 32
8741 26
8731 38
8744 26
8739 32
8751 20
8733 40
8747 29
8753 23
8759 17
8729 48
8748 29
8743 35
8746 32
8749 29
8752 26
8750 29
8762 17
8760 20
8754 29
8755 29
8756 29
8761 26
8767 20
8758 30
8757 32
8763 26
8738 52
8764 26
8768 23
8724 68
8766 29
8769 26
8765 32
8780 17
8773 26
8782 17
8771 29
8772 29
8778 23
8774 29
8776 29
8785 20
8786 20
8783 26
8781 29
8777 35
8797 17
8792 23
8787 29
8790 26
8789 29
8784 35
8793 26
8794 26
8775 49
8798 26
8808 17
8788 38
8806 20
8779 48
8796 32
8799 29
8803 26
8770 60
8802 29
8805 26
8800 32
8807 26
8818 17
8791 45
8810 26
8811 26
8809 29
8804 35
8816 23
8795 47
8814 29
8820 23
8823 20
8801 43
8812 32
8815 29
8824 20
8819 26
8817 29
8813 35
8831 17
8830 20
8836 20
8825 32
8837 20
8827 32
8833 26
8839 20
8821 39
8828 32
8832 29
8835 26
8826 39
8829 38
8822 47
8840 29
8841 29
8843 29
8846 26
8863 13
8842 35
8848 29
8852 26
8850 29
8853 26
8838 42
8854 26
8847 35
8849 35
8858 26
8859 26
8857 29
8861 26
8855 33
8865 23
8867 23
8834 57
8862 29
8860 32
8845 48
8844 52
8864 32
8870 26
8868 29
8874 23
8869 29
8875 23
8876 23
8866 35
8871 32
8880 23
8872 32
8878 26
8877 29
8886 20
8856 51
8873 34
8881 26
8879 29
8885 23
8891 20
8851 62
8887 26
8883 32
8884 32
8890 26
8896 20
8894 23
8898 20
8893 26
8897 23
8899 26
8903 23
8906 20
8895 32
8905 23
8909 20
8889 41
8888 43
8902 29
8892 40
8900 32
8912 20
8907 26
8913 20
8904 35
8910 29
8914 26
8882 61
8922 23
8919 29
8911 38
8917 32
8920 29
8924 26
8923 29
8901 52
8908 45
8915 38
8921 32
8925 29
8926 29
8918 38
8930 26
8933 23
8928 29
8938 20
8927 32
8932 29
8936 26
8934 29
8937 26
8916 50
8935 32
8944 23
8939 32
8948 23
8943 29
8941 32
8951 23
8946 29
8947 29
8931 46
8945 32
8940 38
8950 29
8960 20
8952 29
8949 35
8958 26
8954 32
8957 29
8929 59
8953 35
8959 29
8962 26
8963 26
8966 23
8971 20
8964 29
8973 20
8942 52
8956 43
8967 32
8970 29
8968 32
8983 17
8961 40
8972 29
8974 29
8980 23
8981 23
8979 26
8977 29
8986 20
8978 29
8984 23
8955 53
8975 35
8987 23
8976 35
8982 29
8965 47
8969 44
8988 26
8990 26
8995 23
8992 29
8993 29
8991 32
8994 29
8997 26
8989 35
8996 29
9005 20
9000 26
9008 19
8999 29
8985 45
9001 29
9003 29
9006 26
9004 32
9011 26
9009 29
9021 17
9002 37
9020 20
9015 26
9010 32
9013 29
9016 29
9019 26
9025 20
8998 51
9017 32
9023 26
9018 32
9027 23
9022 29
9024 29
9029 26
9041 14
9007 50
9028 29
9037 20
9026 32
9039 20
9031 29
9034 26
9043 20
9038 26
9012 53
9014 54
9033 35
9036 32
9047 23
9050 20
9032 40
9044 29
9048 26
9030 47
9045 32
9058 20
9051 29
9054 26
9035 47
9057 26
9052 32
9056 29
9060 26
9064 23
9062 26
9040 50
9059 32
9066 26
9053 40
9069 24
9070 23
9073 20
9068 26
9042 54
9071 26
9063 35
9078 20
9085 15
9049 54
9080 23
9046 60
9084 23
9082 26
9065 44
9067 42
9083 26
9081 29
9087 26
9079 35
9086 29
9089 26
9075 41
9076 40
9077 39
9090 26
9088 29
9092 26
9061 58
9055 65
9091 29
9074 49
9094 29
9097 26
9072 54
9098 29
9104 23
9102 26
9109 20
9107 23
9114 17
9106 26
9101 32
9110 23
9111 23
9103 32
9105 32
9112 26
9108 32
9099 44
9115 29
9127 17
9113 32
9117 29
9118 29
9100 48
9119 29
9120 29
9132 17
9096 54
9130 20
9093 59
9095 57
9123 29
9136 17
9122 32
9125 29
9128 26
9124 32
9116 41
9129 29
9134 26
9138 23
9131 32
9133 32
9121 46
9135 32
9142 26
9137 32
9143 26
9139 32
9148 23
9151 20
9144 29
9147 26
9154 23
9149 29
9153 26
9162 17
9146 35
9152 29
9158 23
9126 57
9140 43
9160 23
9141 45
9155 32
9171 20
9167 26
9168 26
9164 32
9170 26
9176 20
9173 26
9174 26
9175 26
9178 23
9159 43
9180 23
9166 38
9187 17
9150 56
9165 41
9157 50
9182 26
9177 32
9186 23
9145 67
9169 45
9188 26
9161 54
9163 54
9189 29
9190 29
9185 35
9191 29
9179 42
9198 23
9181 41
9193 29
9199 23
9156 69
9194 31
9172 57
9192 37
9200 29
9212 17
9201 29
9202 29
9207 26
9205 29
9210 26
9184 53
9195 42
9196 42
9209 32
9216 26
9219 23
9183 60
9208 35
9217 26
9215 29
9218 26
9231 14
9204 42
9220 26
9226 20
9213 35
9221 29
9197 54
9203 48
9214 38
9224 29
9225 29
9222 33
9223 32
9206 50
9228 29
9229 29
9244 14
9227 32
9230 29
9234 26
9233 30
9235 29
9236 29
9211 55
9240 26
9243 23
9247 20
9250 17
9239 29
9237 32
9238 32
9242 29
9245 32
9248 29
9251 26
9232 46
9253 26
9256 23
9246 35
9252 29
9255 26
9264 20
9257 29
9260 26
9266 20
9258 29
9254 35
9261 29
9259 32
9262 29
9263 29
9269 26
9271 26
9275 23
9241 58
9265 35
9270 32
9273 29
9277 26
9272 32
9281 26
9282 26
9288 20
9280 29
9286 23
9249 61
9278 32
9287 23
9285 26
9268 46
9276 39
9292 23
9299 17
9279 38
9297 20
9274 44
9289 29
9296 23
9290 32
9302 20
9294 29
9295 29
9305 20
9267 59
9284 42
9283 44
9308 20
9301 29
9310 20
9311 20
9300 32
9309 23
9298 35
9293 45
9306 32
9318 20
9317 23
9332 8
9291 50
9312 29
9313 29
9316 26
9315 29
9322 23
9314 32
9320 26
9303 46
9307 42
9333 17
9319 32
9325 26
9334 17
9326 26
9324 29
9323 32
9327 29
9304 53
9330 29
9331 29
9337 26
9321 44
9342 23
9340 26
9343 23
9344 26
9336 35
9348 23
9349 23
9329 44
9338 35
9347 26
9328 47
9352 23
9355 20
9353 23
9351 26
9346 32
9361 17
9364 14
9354 26
9345 38
9341 44
9359 26
9339 52
9350 42
9360 32
9366 26
9369 23
9363 33
9367 29
9376 20
9377 20
9357 41
9372 26
9375 23
9370 29
9373 29
9379 26
9388 17
9368 38
9378 29
9362 46
9371 38
9386 23
9382 29
9380 32
9390 23
9391 23
9394 20
9365 50
9335 81
9358 59
9383 35
9401 17
9356 63
9396 23
9374 47
9387 35
9389 34
9397 26
9385 41
9384 43
9412 17
9415 14
9395 35
9410 20
9393 38
9400 32
9406 26
9404 29
9413 20
9405 29
9392 44
9419 17
9398 39
9417 20
9416 23
9402 38
9414 26
9408 35
9407 39
9411 35
9418 29
9421 26
9399 50
9403 46
9430 23
9422 32
9434 20
9429 26
9423 33
9424 32
9433 23
9409 48
9425 32
9428 29
9431 26
9437 20
9381 78
9426 35
9432 29
9435 29
9436 29
9438 29
9440 29
9449 20
9420 51
9439 32
9445 26
9447 26
9453 20
9427 48
9443 32
9446 29
9452 23
9441 35
9444 32
9448 29
9458 20
9442 38
9450 32
9460 23
9451 33
9468 17
9463 23
9465 23
9457 32
9462 29
9455 37
9461 32
9464 29
9469 25
9459 38
9471 26
9475 23
9454 46
9474 29
9480 23
9456 48
9478 26
9470 35
9479 26
9482 23
9481 26
9486 23
9484 26
9472 39
9483 29
9489 23
9491 23
9494 20
9476 39
9477 38
9492 23
9487 29
9490 26
9493 23
9466 51
9467 52
9473 46
9485 35
9488 32
9497 23
9500 20
9495 26
9499 23
9496 29
9501 26
9504 23
9502 26
9506 23
9513 17
9511 23
9503 32
9515 20
9507 29
9505 32
9517 20
9509 29
9512 26
9510 29
9518 26
9516 29
9520 26
9523 23
9508 41
9514 35
9531 20
9526 26
9498 55
9521 32
9522 32
9525 29
9528 26
9533 23
9532 26
9535 23
9529 32
9530 32
9539 23
9534 29
9541 23
9519 47
9546 20
9542 26
9548 20
9547 23
9527 44
9536 35
9545 26
9540 32
9550 23
9551 23
9543 32
9555 20
9538 38
9544 32
9524 53
9554 23
9552 26
9553 26
9558 23
9537 45
9557 26
9561 23
9556 32
9577 11
9560 29
9564 26
9559 32
9573 20
9565 29
9568 26
9562 35
9574 23
9549 49
9569 29
9572 26
9570 29
9576 26
9580 23
9582 23
9575 32
9578 29
9579 29
9567 43
9581 29
9591 23
9583 32
9589 26
9592 23
9585 32
9563 55
9586 32
9566 53
9590 29
9593 26
9596 23
9587 35
9599 23
9571 52
9588 35
9594 29
9604 23
9584 44
9605 23
9600 29
9607 23
9608 23
9597 35
9602 32
9611 23
9606 29
9612 23
9598 38
9613 23
9609 29
9614 26
9615 29
9618 26
9610 35
9616 29
9619 29
9622 26
9631 17
9626 23
9621 29
9634 17
9624 29
9627 26
9636 17
9625 32
9628 29
9637 20
9601 57
9603 55
9630 29
9595 65
9623 37
9644 17
9633 29
9639 23
9629 35
9617 49
9640 26
9643 23
9635 32
9645 24
9632 38
9647 23
9620 51
9650 23
9657 17
9638 38
9641 35
9648 29
9653 26
9658 23
9656 26
9663 20
9642 42
9652 32
9662 23
9668 20
9649 41
9661 29
9666 26
9672 20
9651 42
9660 33
9664 29
9667 26
9646 48
9671 23
9670 26
9654 43
9677 20
9665 35
9669 32
9676 26
9674 29
9675 29
9678 26
9679 26
9682 23
9659 47
9686 23
9681 29
9673 38
9696 15
9655 60
9680 35
9692 23
9690 29
9689 32
9685 38
9694 29
9703 20
9701 23
9684 41
9708 17
9691 35
9706 20
9709 17
9695 32
9704 23
9702 29
9700 32
9687 46
9707 26
9683 51
9688 46
9699 35
9698 39
9705 32
9711 26
9714 23
9715 23
9721 17
9716 23
9697 43
9712 29
9713 29
9717 26
9723 23
9718 29
9729 20
9719 32
9728 23
9737 14
9720 32
9726 26
9710 43
9724 32
9730 26
9725 32
9731 26
9735 23
9727 32
9733 26
9740 23
9693 71
9739 26
9722 44
9738 29
9742 26
9734 35
9741 29
9743 29
9745 29
9749 26
9752 26
9747 32
9750 29
9756 23
9748 32
9751 29
9754 26
9746 35
9753 29
9763 20
9736 48
9767 17
9732 53
9762 23
9744 42
9755 32
9768 20
9772 17
9761 29
9760 32
9766 26
9758 36
9771 26
9764 35
9770 29
9777 23
9780 20
9774 29
9775 29
9787 17
9773 32
9776 29
9779 26
9757 51
9782 26
9759 50
9783 26
9786 23
9785 26
9781 32
9798 17
9784 32
9790 26
9788 32
9797 23
9792 32
9794 32
9795 32
9801 26
9793 35
9796 32
9799 29
9765 64
9806 23
9778 54
9811 23
9803 32
9809 26
9789 48
9800 38
9818 20
9805 36
9812 29
9791 51
9816 26
9817 26
9823 20
9815 29
9808 38
9814 32
9807 41
9813 35
9802 48
9822 29
9825 26
9820 32
9824 29
9830 23
9804 50
9829 26
9827 29
9833 23
9831 26
9832 26
9821 38
9854 6
9819 43
9836 26
9828 35
9834 32
9810 57
9841 26
9837 32
9843 26
9846 23
9835 35
9838 32
9847 23
9842 29
9850 23
9845 29
9848 26
9826 51
9851 26
9849 29
9855 23
9857 23
9858 23
9853 29
9856 26
9852 32
9866 20
9862 29
9872 20
9844 49
9861 32
9868 26
9840 55
9859 36
9860 36
9870 26
9839 60
9874 26
9873 29
9879 23
9869 35
9885 20
9877 29
9883 23
9871 38
9880 29
9882 29
9864 51
9886 29
9865 51
9890 26
9893 23
9891 26
9901 17
9867 54
9892 29
9863 59
9876 46
9884 38
9888 35
9881 45
9894 32
9903 23
9878 50
9887 41
9899 29
9908 20
9897 32
9875 55
9900 31
9902 29
9922 10
9904 29
9911 23
9906 29
9905 32
9914 23
9917 20
9898 40
9907 32
9910 29
9920 20
9909 32
9921 20
9895 47
9916 26
9918 26
9896 49
9931 14
9912 35
9924 23
9913 35
9919 29
9923 26
9927 26
9889 68
9933 26
9925 35
9928 32
9934 26
9915 47
9930 35
9936 29
9937 29
9943 23
9942 29
9935 37
9929 46
9952 23
9944 32
9940 38
9939 40
9950 29
9926 54
9932 49
9938 43
9949 32
9953 29
9959 23
9948 35
9958 26
9954 32
9941 47
9956 32
9965 23
9960 29
9963 26
9945 47
9946 46
9964 29
9968 26
9951 44
9957 38
9966 29
9947 49
9961 35
9970 26
9975 23
9962 38
9981 20
9971 32
9955 49
9972 32
9973 32
9974 32
9983 23
9969 38
9987 20
9988 20
9984 26
9993 17
9982 29
9985 26
9980 32
9967 47
9994 20
9986 29
9996 20
9976 46
9979 43
10005 17
9991 32
9997 26
9990 35
9992 35
10004 23
10000 29
10006 23
9978 52
9995 35
9998 32
10010 20
10003 29
10001 32
10016 17
9977 58
9999 36
9989 48
10012 26
10007 32
10019 20
10008 32
10017 23
10018 23
10013 29
10020 23
10023 20
10011 35
10024 23
10009 40
10022 29
10028 23
10021 32
10002 52
10025 29
10027 29
10033 26
10036 23
10031 29
10029 32
10035 26
10015 47
10042 20
10026 38
10014 54
10037 32
10041 29
10047 23
10045 26
10046 26
10052 20
10044 29
10048 26
10040 35
10049 26
10051 26
10043 35
10032 49
10058 23
10056 26
10059 23
10055 29
10061 23
10067 17
10050 35
10053 32
10054 32
10060 26
10039 49
10057 32
10066 23
10073 16
10030 62
10034 58
10038 56
10068 26
10069 26
10065 35
10074 26
10063 38
10070 32
10079 23
10071 32
10077 26
10078 26
10064 42
10080 26
10083 23
10075 32
10076 32
10084 26
10082 29
10093 20
10085 29
10091 23
10072 43
10081 38
10087 32
10089 32
10092 29
10090 32
10062 62
10086 38
10094 32
10095 32
10098 29
10096 32
10099 32
10088 53
10097 47
9769 1026
