100 12
101 14
102 14
103 14
104 14
105 14
106 14
107 14
108 12
109 10
110 10
111 10
112 14
113 8
114 14
115 12
116 10
117 6
118 8
119 12
120 14
121 8
122 14
123 16
124 14
125 12
126 8
127 10
128 14
129 10
130 14
131 8
132 8
133 18
134 12
135 16
136 14
137 14
138 14
139 16
140 10
141 8
142 16
143 14
144 16
145 12
146 14
147 14
148 14
149 16
150 10
151 12
152 14
153 16
154 10
155 12
156 10
157 16
158 16
159 16
160 10
161 10
162 12
163 12
164 12
165 10
166 10
167 8
168 12
169 20
170 14
171 16
172 10
173 14
174 12
175 10
176 12
177 18
178 18
179 10
180 12
181 12
182 14
183 18
184 12
185 12
186 14
187 10
188 14
189 14
190 14
191 14
192 18
193 10
194 12
195 14
196 16
197 10
198 16
199 10
200 12
201 14
202 10
203 14
204 16
205 12
206 14
207 12
208 10
209 16
210 14
211 6
212 12
213 10
214 12
215 10
216 12
217 14
218 14
219 18
220 12
221 16
222 12
223 14
224 14
225 14
226 16
227 14
228 14
229 16
230 14
231 14
232 10
233 14
234 12
235 12
236 14
237 12
238 14
239 20
240 14
241 14
242 12
243 12
244 16
245 12
246 14
247 14
248 16
249 12
250 14
251 16
252 16
253 18
254 14
255 8
256 16
257 12
258 14
259 6
260 16
261 12
262 18
263 12
264 10
265 16
266 8
267 16
268 14
269 18
270 12
271 12
272 16
273 10
274 20
275 12
276 14
277 14
278 14
279 14
280 10
281 16
282 10
283 14
284 12
285 20
286 16
287 18
288 16
289 12
290 16
291 20
292 14
293 12
294 12
295 16
296 14
297 18
298 12
299 12
300 14
301 12
302 12
303 16
304 12
305 14
306 16
307 12
308 14
309 12
310 10
311 14
312 16
313 16
314 16
315 18
316 12
317 22
318 16
319 16
320 16
321 16
322 14
323 14
324 12
325 14
326 12
327 14
328 14
329 14
330 14
331 14
332 14
333 16
334 20
335 14
336 12
337 10
338 12
339 20
340 14
341 16
342 18
343 14
344 16
345 14
346 12
347 14
348 12
349 12
350 18
351 16
352 8
353 16
354 18
355 10
356 12
357 12
358 12
359 20
360 22
361 16
362 18
363 20
364 24
365 18
366 20
367 10
368 18
369 18
370 10
371 16
372 18
373 16
374 18
375 8
376 8
377 16
378 14
379 28
380 12
381 16
382 14
383 12
384 16
385 14
386 14
387 14
388 18
389 16
390 16
391 16
392 14
393 16
394 14
395 12
396 14
397 16
398 20
399 16
400 16
401 10
402 18
403 14
404 18
405 18
406 12
407 12
408 12
409 22
410 18
411 16
412 16
413 12
414 12
415 12
416 12
417 16
418 16
419 16
420 16
421 14
422 14
423 14
424 18
425 12
426 16
427 20
428 12
429 20
430 16
431 18
432 14
433 12
434 16
435 14
436 12
437 20
438 14
439 14
440 16
441 10
442 16
443 14
444 18
445 14
446 16
447 20
448 12
449 20
450 12
451 16
452 16
453 18
454 20
455 18
456 10
457 14
458 30
459 14
460 14
461 16
462 14
463 8
464 12
465 16
466 14
467 12
468 12
469 6
470 12
471 14
472 10
473 14
474 18
475 16
476 20
477 10
478 22
479 16
480 16
481 14
482 20
483 14
484 16
485 18
486 14
487 22
488 14
489 12
490 12
491 18
492 18
493 16
494 12
495 16
496 14
497 8
498 16
499 10
500 26
501 26
502 14
503 12
504 18
505 12
506 14
507 8
508 10
509 16
510 16
511 14
512 14
513 12
514 16
515 12
516 18
517 12
518 12
519 24
520 18
521 14
522 8
523 16
524 12
525 14
526 16
527 16
528 12
529 14
530 14
531 24
532 16
533 20
534 14
535 18
536 10
537 18
538 18
539 18
540 12
541 18
542 16
543 18
544 16
545 22
546 14
547 16
548 14
549 16
550 8
551 20
552 18
553 12
554 16
555 14
556 12
557 14
558 20
559 18
560 16
561 10
562 18
563 16
564 14
565 24
566 18
567 14
568 20
569 16
570 14
571 16
572 22
573 16
574 18
575 14
576 22
577 18
578 10
579 10
580 18
581 14
582 18
583 18
584 32
585 16
586 14
587 14
588 22
589 20
590 18
591 36
592 14
593 14
594 16
595 16
596 20
597 14
598 18
599 18
600 22
601 18
602 10
603 12
604 26
605 10
606 16
607 16
608 16
609 14
610 14
611 14
612 16
613 14
614 12
615 12
616 14
617 14
618 14
619 16
620 20
621 18
622 10
623 14
624 16
625 18
626 14
628 14
629 8
627 30
630 14
631 16
632 16
633 16
634 14
635 16
636 16
637 16
638 28
639 14
640 18
641 12
642 22
643 14
644 20
645 16
646 14
647 12
648 20
649 16
650 10
651 16
652 16
653 16
654 14
655 16
656 14
657 14
658 16
659 18
660 14
661 18
662 12
663 12
664 14
665 16
666 14
667 16
668 18
669 8
670 20
671 14
672 14
673 14
674 18
675 18
676 14
677 14
678 18
679 18
680 16
681 16
682 18
683 14
684 14
685 16
686 18
687 10
688 14
689 20
690 14
691 14
692 20
693 12
694 26
695 16
696 24
697 14
698 14
699 20
700 14
701 18
702 14
703 24
704 14
705 16
706 20
707 16
708 12
709 14
710 20
711 14
712 14
713 24
714 20
715 10
716 10
717 18
718 14
719 18
720 8
721 14
722 12
723 14
724 16
725 12
726 10
727 14
728 8
729 8
730 14
731 16
732 18
733 12
734 18
735 14
736 10
737 16
738 10
739 14
740 18
741 16
742 14
743 12
744 10
745 16
746 14
747 12
748 18
749 18
750 18
751 14
752 18
753 14
754 24
755 16
756 14
757 20
758 12
759 22
760 14
761 18
762 14
763 10
764 12
765 18
766 20
767 14
768 18
769 12
770 20
771 16
772 14
773 12
774 16
775 16
776 32
777 14
778 20
779 16
780 18
781 12
782 12
783 20
784 12
785 16
786 16
787 26
788 18
789 16
790 20
791 16
792 18
793 14
794 22
795 10
796 16
797 12
798 14
799 36
800 10
801 12
802 16
803 20
804 16
805 16
806 28
807 18
808 14
809 30
810 28
811 20
812 14
813 16
814 22
815 34
816 20
817 14
818 22
819 16
820 24
821 18
822 20
823 12
824 18
825 20
826 26
827 14
828 14
829 16
830 20
831 20
832 16
833 14
834 14
835 18
836 16
837 20
838 18
839 22
840 16
841 26
842 16
843 18
844 12
845 28
846 20
847 24
848 28
849 16
850 14
851 32
852 16
853 18
854 14
855 12
856 18
857 24
858 10
859 12
860 14
861 14
862 28
863 18
864 18
865 16
866 14
867 18
868 16
869 20
870 16
871 16
872 22
873 14
874 18
875 12
876 16
877 12
878 14
879 16
880 18
881 14
882 18
883 22
884 12
885 16
886 12
887 14
888 18
889 18
890 18
891 12
892 14
893 12
894 18
895 14
896 20
897 20
898 20
899 16
900 14
901 16
902 16
903 18
904 16
905 14
906 16
907 16
908 14
909 16
910 30
911 14
912 18
913 16
914 16
915 12
916 16
917 16
918 14
919 14
920 16
921 12
922 10
923 18
924 22
925 20
926 18
927 12
928 22
929 18
930 16
931 14
932 22
933 18
934 18
935 14
936 10
937 16
938 16
939 16
940 18
941 44
942 14
943 10
944 18
945 18
946 14
947 18
948 12
949 16
950 18
951 14
952 14
953 28
954 16
955 18
956 14
957 14
958 18
959 14
960 16
961 14
962 18
963 16
964 18
965 14
966 14
967 12
968 22
969 14
970 16
971 16
972 18
973 10
974 18
975 14
976 16
977 16
978 18
979 16
980 12
981 18
982 12
983 14
984 16
985 16
986 12
987 30
988 20
989 12
990 16
991 22
992 12
993 14
994 16
995 20
996 16
997 16
998 18
999 16
1000 16
1001 14
1002 20
1003 20
1004 20
1005 16
1006 20
1007 22
1008 20
1009 16
1010 20
1011 18
1012 18
1013 26
1014 14
1015 20
1016 16
1017 20
1018 20
1019 18
1020 16
1021 14
1022 14
1023 14
1024 18
1025 18
1026 18
1027 24
1028 28
1029 14
1030 14
1031 22
1032 20
1033 14
1034 16
1035 20
1036 20
1037 18
1038 16
1039 16
1040 18
1041 14
1042 14
1043 12
1044 16
1045 16
1046 20
1047 14
1048 12
1049 14
1050 12
1051 20
1052 18
1053 16
1054 16
1055 12
1056 18
1057 20
1058 10
1059 14
1060 50
1061 16
1062 16
1063 18
1064 16
1065 14
1066 18
1067 10
1068 14
1069 18
1070 18
1071 6
1072 16
1073 18
1074 18
1075 12
1076 14
1077 10
1078 22
1079 20
1080 18
1081 34
1082 16
1083 16
1084 22
1085 18
1086 16
1087 16
1088 22
1089 18
1090 18
1091 18
1092 18
1093 14
1094 12
1095 18
1096 16
1097 14
1098 16
1099 16
1100 12
1101 18
1102 12
1103 18
1104 16
1105 16
1106 20
1107 14
1108 16
1109 12
1110 12
1111 16
1112 16
1113 16
1114 16
1115 18
1116 16
1117 20
1118 20
1119 22
1120 16
1121 12
1122 12
1123 18
1124 14
1125 44
1126 26
1127 14
1128 18
1129 32
1130 20
1131 14
1132 14
1133 12
1134 16
1135 12
1136 18
1137 18
1138 20
1139 14
1140 12
1141 10
1142 22
1143 14
1144 16
1145 18
1146 14
1147 14
1148 8
1149 18
1150 20
1151 20
1152 10
1153 16
1154 12
1155 30
1156 16
1157 18
1158 24
1159 14
1160 12
1161 34
1162 18
1163 18
1164 12
1165 24
1166 18
1167 6
1168 14
1169 16
1170 22
1171 14
1172 12
1173 12
1174 18
1175 30
1176 16
1177 18
1178 18
1179 14
1180 16
1181 16
1182 12
1183 20
1184 20
1185 18
1186 18
1187 16
1188 12
1189 14
1190 14
1191 20
1192 14
1193 18
1194 20
1195 20
1196 22
1197 12
1198 8
1199 16
1200 14
1201 14
1202 16
1203 30
1204 14
1205 10
1206 12
1207 16
1208 16
1209 32
1210 16
1211 22
1212 14
1213 16
1214 16
1215 14
1216 12
1217 22
1218 12
1219 12
1220 14
1221 16
1222 16
1223 18
1224 16
1225 12
1226 16
1227 16
1228 14
1229 20
1230 20
1231 14
1232 20
1233 16
1234 16
1235 16
1236 20
1237 16
1238 12
1239 16
1240 38
1241 14
1242 20
1243 12
1244 16
1245 14
1246 16
1247 20
1248 22
1249 18
1250 28
1251 14
1252 12
1253 14
1254 16
1255 26
1256 16
1258 16
1257 32
1259 16
1260 20
1261 12
1262 24
1263 14
1264 20
1265 18
1266 18
1267 16
1268 18
1269 18
1270 10
1271 16
1272 18
1273 26
1274 16
1275 18
1276 14
1277 18
1278 14
1279 20
1280 14
1281 16
1282 16
1283 16
1284 18
1285 16
1286 14
1287 14
1288 20
1289 10
1290 18
1291 16
1292 18
1293 22
1294 18
1295 20
1296 10
1297 20
1298 14
1299 10
1300 16
1301 18
1302 14
1303 22
1304 20
1305 14
1306 20
1307 18
1308 18
1309 12
1310 32
1311 18
1312 10
1313 16
1314 16
1315 16
1316 14
1317 16
1318 14
1319 16
1320 18
1321 12
1322 24
1323 14
1324 12
1325 10
1327 14
1328 16
1326 39
1329 18
1330 22
1331 24
1332 14
1333 14
1334 14
1335 18
1336 18
1337 18
1338 16
1339 14
1340 20
1341 12
1342 32
1343 18
1344 20
1345 16
1346 14
1347 16
1348 14
1349 12
1350 14
1351 16
1352 18
1353 14
1354 38
1355 34
1356 16
1357 14
1358 18
1359 16
1360 16
1361 14
1362 28
1363 16
1364 20
1365 20
1366 20
1367 22
1368 20
1369 10
1370 20
1371 30
1372 38
1373 14
1374 10
1375 16
1376 18
1377 24
1378 16
1379 32
1380 18
1381 16
1382 12
1383 12
1384 14
1385 18
1386 16
1387 14
1388 22
1389 20
1390 10
1391 22
1392 18
1393 20
1394 14
1395 14
1396 36
1397 12
1398 12
1399 18
1400 14
1401 20
1402 20
1403 12
1404 20
1405 16
1406 22
1407 22
1408 16
1409 12
1410 32
1411 16
1412 18
1413 18
1414 18
1415 16
1416 22
1417 28
1418 18
1419 16
1420 18
1421 14
1422 20
1423 12
1424 18
1425 16
1426 28
1427 18
1428 18
1429 20
1430 18
1431 16
1432 24
1433 20
1434 14
1435 30
1437 8
1438 16
1436 52
1439 18
1440 16
1441 14
1442 16
1443 44
1444 18
1445 44
1446 14
1447 14
1448 22
1449 16
1450 16
1451 8
1452 38
1453 16
1454 16
1455 12
1456 21
1457 16
1458 26
1459 16
1460 22
1461 26
1462 20
1463 16
1464 18
1465 30
1466 12
1467 26
1468 30
1469 16
1470 16
1471 14
1472 16
1473 12
1474 14
1475 18
1476 12
1477 30
1478 22
1479 40
1480 16
1481 12
1482 14
1483 18
1484 26
1485 8
1486 18
1487 16
1488 12
1489 18
1490 16
1491 16
1492 16
1493 18
1494 16
1495 42
1496 24
1497 14
1498 22
1499 32
1500 26
1501 18
1502 16
1503 30
1504 14
1505 12
1506 18
1507 14
1508 14
1509 26
1510 16
1511 16
1512 14
1513 12
1514 10
1515 26
1516 18
1517 20
1518 12
1519 18
1520 14
1521 34
1522 46
1523 26
1524 12
1525 20
1526 16
1527 18
1528 18
1529 64
1530 14
1531 24
1532 16
1533 20
1534 18
1535 16
1537 14
1536 42
1538 22
1539 14
1540 14
1541 16
1542 52
1543 16
1544 16
1545 20
1546 20
1547 10
1548 12
1549 20
1550 16
1551 14
1552 30
1553 14
1554 14
1555 18
1556 14
1557 16
1558 12
1559 16
1560 18
1561 24
1562 10
1563 16
1564 18
1565 20
1566 12
1567 16
1569 8
1568 20
1570 14
1571 18
1572 16
1573 16
1574 14
1575 14
1576 16
1577 14
1578 32
1579 16
1580 12
1581 28
1582 18
1583 30
1584 12
1585 16
1586 38
1587 20
1588 16
1589 18
1590 16
1591 16
1592 28
1593 20
1594 16
1595 16
1596 22
1597 16
1598 28
1599 18
1600 30
1601 12
1602 26
1603 12
1604 18
1605 18
1606 20
1607 20
1608 18
1609 20
1610 34
1611 18
1612 28
1613 24
1614 12
1615 22
1616 18
1617 18
1618 20
1619 20
1620 22
1621 18
1622 18
1623 14
1624 18
1625 16
1626 18
1627 20
1628 18
1629 16
1630 16
1631 14
1632 14
1633 20
1634 20
1635 20
1636 20
1637 16
1638 18
1639 20
1640 30
1641 14
1642 16
1643 18
1644 36
1645 18
1646 20
1647 22
1648 14
1649 20
1650 16
1651 22
1652 20
1653 14
1654 16
1655 16
1656 24
1657 18
1658 18
1659 18
1660 20
1661 16
1662 18
1663 18
1664 16
1665 14
1666 18
1667 16
1668 34
1669 18
1670 20
1671 28
1672 20
1673 26
1674 18
1675 14
1676 8
1677 14
1678 16
1679 20
1680 16
1681 14
1682 16
1683 32
1684 18
1685 20
1686 18
1687 14
1688 14
1689 16
1690 20
1691 18
1692 20
1693 16
1694 46
1695 6
1696 16
1697 12
1698 18
1699 14
1700 16
1701 26
1702 16
1703 24
1704 32
1705 32
1706 20
1707 16
1708 10
1709 20
1710 20
1711 12
1712 14
1713 22
1714 14
1715 14
1716 16
1717 22
1718 20
1719 14
1720 18
1721 14
1722 18
1723 30
1724 30
1725 22
1726 18
1727 38
1728 22
1729 20
1730 16
1731 22
1732 14
1733 18
1734 20
1735 14
1736 18
1737 12
1738 18
1739 20
1740 20
1741 16
1742 16
1743 38
1744 12
1745 18
1746 20
1747 22
1748 16
1749 16
1750 24
1751 16
1752 32
1753 22
1754 30
1755 16
1756 16
1757 16
1758 14
1759 16
1760 14
1761 20
1762 20
1763 14
1764 10
1765 18
1766 14
1768 16
1767 34
1769 14
1770 18
1771 28
1772 18
1773 26
1774 20
1775 18
1776 18
1777 28
1778 18
1779 20
1780 20
1781 26
1782 14
1783 12
1784 40
1785 20
1786 18
1787 18
1788 16
1789 12
1790 24
1791 24
1792 30
1793 20
1794 26
1795 18
1796 20
1797 16
1798 20
1799 20
1800 18
1801 22
1802 32
1803 18
1804 16
1805 16
1806 12
1807 20
1808 22
1809 22
1810 20
1811 18
1812 36
1813 32
1814 20
1815 26
1816 20
1817 16
1818 18
1819 18
1820 14
1821 20
1822 34
1823 14
1824 28
1825 22
1826 20
1827 22
1828 16
1829 14
1830 22
1831 20
1832 18
1833 28
1834 14
1835 16
1836 26
1837 16
1838 24
1839 12
1840 20
1841 12
1842 12
1843 22
1844 32
1845 16
1846 16
1848 16
1847 34
1849 14
1850 18
1851 18
1852 16
1853 18
1854 22
1855 16
1856 16
1857 16
1858 18
1859 16
1860 18
1861 16
1862 30
1863 10
1864 22
1865 12
1866 16
1867 18
1868 18
1869 24
1870 20
1871 14
1872 16
1873 34
1874 22
1875 16
1876 10
1877 16
1878 14
1879 18
1880 12
1881 24
1882 20
1883 18
1884 18
1885 18
1886 24
1887 12
1888 18
1889 12
1890 16
1891 26
1892 22
1893 32
1894 18
1895 20
1896 20
1897 12
1898 18
1899 24
1900 22
1901 22
1902 16
1903 20
1904 18
1905 16
1906 12
1907 16
1908 12
1909 20
1910 20
1911 16
1912 36
1913 16
1914 30
1915 20
1916 20
1917 18
1918 16
1919 20
1920 18
1921 18
1922 18
1923 16
1924 18
1925 36
1926 20
1927 12
1928 18
1929 28
1930 14
1931 18
1932 16
1933 16
1934 16
1935 20
1936 20
1938 14
1937 30
1939 18
1940 16
1941 20
1942 14
1943 14
1944 22
1945 20
1946 14
1947 16
1948 36
1949 16
1950 34
1951 18
1952 24
1953 36
1954 30
1955 20
1956 18
1957 18
1958 26
1959 10
1960 16
1961 16
1962 24
1963 12
1964 26
1965 26
1966 22
1967 18
1968 12
1969 16
1970 16
1971 16
1972 16
1973 16
1974 24
1975 12
1976 18
1977 18
1978 12
1979 18
1980 16
1981 18
1982 18
1983 14
1984 16
1985 18
1986 14
1987 20
1988 16
1989 14
1990 14
1991 16
1992 20
1993 14
1994 14
1995 22
1996 28
1997 16
1998 16
1999 14
2000 14
2001 12
2002 18
2003 38
2004 20
2005 30
2006 26
2007 16
2008 16
2009 16
2010 14
2011 36
2012 22
2013 16
2014 14
2015 12
2016 26
2017 20
2018 14
2019 16
2020 18
2021 22
2022 16
2023 16
2024 48
2025 20
2026 18
2028 14
2027 30
2029 24
2030 22
2031 16
2032 18
2033 20
2034 18
2035 18
2036 24
2037 20
2038 38
2039 24
2040 16
2041 24
2042 12
2043 20
2044 20
2045 18
2046 14
2047 22
2048 30
2049 24
2050 18
2051 18
2052 20
2053 18
2054 18
2055 16
2056 28
2057 14
2058 34
2059 36
2060 42
2061 14
2062 30
2063 16
2064 18
2065 32
2066 16
2067 20
2068 28
2069 20
2070 18
2071 16
2072 22
2073 16
2074 18
2075 46
2076 16
2077 16
2078 14
2079 28
2080 20
2081 22
2082 18
2083 22
2084 20
2085 10
2086 20
2087 16
2088 14
2089 30
2090 22
2091 40
2092 22
2093 22
2094 18
2095 38
2096 32
2097 16
2098 14
2099 20
2100 16
2101 20
2102 20
2103 18
2104 16
2105 18
2106 16
2107 14
2108 14
2109 18
2110 16
2111 22
2112 12
2113 18
2114 22
2115 12
2117 20
2116 74
2118 20
2119 32
2120 16
2121 16
2122 22
2123 20
2124 20
2125 22
2126 20
2127 12
2128 12
2129 16
2130 48
2131 20
2132 24
2133 14
2134 14
2135 14
2136 18
2137 18
2138 18
2139 24
2140 14
2141 20
2142 14
2143 20
2144 34
2145 18
2146 20
2147 20
2148 14
2149 22
2150 14
2151 20
2152 18
2153 18
2154 12
2155 18
2156 18
2157 22
2158 14
2159 20
2160 22
2161 18
2162 18
2163 18
2164 18
2165 16
2166 16
2167 14
2168 18
2169 14
2170 22
2171 16
2172 22
2173 20
2174 14
2175 16
2176 18
2177 22
2178 32
2179 14
2180 18
2181 18
2182 30
2183 16
2184 18
2185 16
2186 14
2187 20
2188 18
2189 16
2190 20
2191 16
2192 22
2193 18
2194 30
2195 14
2196 24
2197 16
2198 22
2199 16
2200 24
2201 18
2202 20
2203 16
2204 12
2205 18
2206 14
2208 14
2207 54
2209 18
2210 14
2211 16
2212 42
2213 16
2214 12
2215 16
2216 14
2217 20
2218 14
2219 18
2220 18
2221 16
2222 18
2223 18
2224 12
2225 18
2226 20
2227 12
2228 18
2229 36
2230 24
2231 40
2232 18
2233 16
2234 14
2235 12
2236 24
2237 24
2238 18
2239 18
2240 28
2241 12
2242 18
2243 20
2244 14
2245 24
2246 14
2247 18
2248 20
2249 32
2250 18
2251 18
2252 20
2253 54
2254 20
2255 20
2256 20
2257 18
2258 20
2259 24
2260 12
2261 18
2262 16
2263 18
2264 12
2265 16
2266 14
2267 16
2268 18
2269 12
2270 24
2271 20
2272 20
2273 12
2274 16
2275 22
2276 24
2277 22
2278 14
2279 14
2280 30
2281 18
2282 14
2283 16
2284 16
2285 14
2286 14
2287 16
2288 20
2289 14
2290 18
2291 16
2292 14
2293 12
2294 16
2295 16
2296 20
2297 14
2298 16
2299 22
2300 24
2301 22
2302 22
2303 14
2304 20
2305 16
2306 16
2307 16
2308 16
2309 14
2310 20
2311 20
2312 20
2313 20
2314 20
2315 18
2316 32
2317 12
2318 28
2319 12
2320 18
2321 22
2322 18
2323 10
2324 20
2325 20
2326 20
2327 22
2328 52
2329 20
2330 14
2331 20
2332 22
2333 14
2334 18
2335 22
2336 16
2337 16
2338 18
2339 22
2340 18
2341 12
2342 18
2343 24
2344 10
2345 16
2346 20
2347 12
2348 14
2349 16
2350 18
2351 16
2352 18
2353 14
2354 20
2355 44
2356 18
2357 18
2358 20
2359 22
2360 14
2361 16
2362 22
2363 12
2364 16
2365 16
2366 18
2368 18
2367 32
2369 12
2370 18
2371 18
2372 24
2373 20
2374 12
2375 22
2376 16
2377 16
2378 20
2379 20
2380 18
2381 22
2382 22
2383 30
2384 20
2385 18
2386 14
2387 18
2388 20
2389 18
2390 16
2391 14
2392 10
2393 20
2394 18
2395 14
2396 34
2397 14
2398 16
2399 14
2400 10
2401 20
2402 20
2403 18
2404 12
2405 20
2406 18
2407 12
2408 16
2409 26
2410 12
2411 16
2412 14
2413 22
2414 18
2415 18
2416 18
2417 14
2418 14
2419 24
2420 5
2421 22
2422 20
2423 16
2424 12
2425 20
2426 18
2427 16
2428 14
2429 16
2430 34
2431 16
2432 16
2433 20
2434 20
2435 20
2436 14
2437 12
2438 14
2439 14
2440 18
2441 16
2442 16
2443 38
2444 28
2445 28
2446 26
2447 16
2448 16
2449 14
2450 14
2451 14
2452 16
2453 16
2454 8
2455 16
2456 16
2457 16
2458 18
2459 18
2460 12
2461 16
2462 14
2463 8
2464 16
2465 14
2466 14
2467 12
2468 14
2469 16
2470 16
2471 12
2472 16
2473 20
2474 20
2475 26
2476 32
2477 20
2478 20
2479 16
2480 20
2481 20
2482 20
2483 22
2484 16
2485 12
2486 20
2488 14
2487 32
2489 14
2490 18
2491 20
2492 30
2493 12
2494 26
2495 12
2496 18
2497 14
2498 14
2499 12
2500 16
2501 18
2502 20
2503 18
2504 14
2505 16
2506 22
2507 20
2508 14
2509 20
2510 16
2511 14
2512 12
2513 24
2514 18
2515 20
2516 22
2517 14
2518 12
2519 14
2520 38
2521 16
2522 18
2523 18
2524 18
2525 20
2526 14
2527 18
2528 18
2529 20
2530 16
2531 18
2532 14
2533 18
2534 14
2535 18
2536 18
2537 14
2538 16
2539 46
2540 12
2541 18
2542 20
2543 10
2544 22
2545 20
2546 20
2547 14
2548 16
2549 32
2550 14
2551 14
2552 24
2553 20
2554 14
2555 18
2556 30
2557 20
2558 18
2559 14
2560 24
2561 16
2562 24
2563 20
2564 18
2565 18
2566 16
2567 20
2568 20
2569 16
2570 16
2571 16
2572 16
2573 18
2574 12
2575 12
2576 16
2577 20
2578 20
2579 20
2580 18
2581 18
2582 30
2583 20
2584 22
2585 18
2586 16
2587 46
2588 22
2589 20
2590 30
2591 18
2592 18
2593 12
2594 14
2595 22
2596 16
2597 8
2598 14
2599 18
2600 14
2601 28
2602 34
2603 18
2604 18
2605 20
2606 14
2607 14
2608 18
2609 16
2610 16
2611 14
2612 16
2613 12
2614 16
2615 16
2616 22
2617 14
2618 16
2619 20
2620 18
2621 22
2622 14
2623 18
2624 20
2625 24
2626 14
2627 20
2628 20
2629 12
2630 20
2631 16
2632 16
2633 16
2634 18
2635 12
2636 22
2637 22
2638 14
2639 20
2640 28
2641 24
2642 18
2643 18
2644 22
2645 18
2646 30
2647 14
2648 10
2649 16
2650 20
2651 20
2652 24
2653 14
2654 16
2655 20
2656 16
2657 18
2658 16
2659 18
2660 32
2661 22
2662 12
2663 20
2664 18
2665 20
2666 16
2667 20
2668 18
2669 10
2670 16
2671 18
2672 20
2673 16
2674 10
2675 36
2676 32
2677 20
2678 12
2679 26
2680 16
2681 16
2682 12
2683 18
2684 16
2685 24
2686 16
2687 12
2688 18
2689 18
2690 16
2691 18
2692 16
2693 22
2694 12
2695 14
2696 20
2697 20
2698 12
2699 16
2700 16
2701 24
2702 14
2703 18
2704 22
2705 20
2706 16
2707 18
2708 22
2709 22
2710 20
2711 16
2712 40
2713 18
2714 18
2715 16
2716 16
2717 18
2718 20
2719 12
2720 20
2721 16
2722 20
2723 34
2724 20
2725 30
2726 18
2727 16
2728 20
2729 12
2730 16
2731 14
2732 18
2733 18
2734 16
2735 14
2736 20
2737 12
2738 14
2739 18
2740 24
2741 20
2742 18
2743 24
2744 18
2745 30
2746 14
2747 14
2748 18
2749 16
2750 20
2751 20
2752 12
2753 36
2754 16
2755 20
2756 16
2757 18
2758 26
2759 28
2760 14
2761 16
2762 16
2763 20
2764 20
2765 22
2766 34
2767 16
2768 14
2769 18
2770 18
2771 18
2772 20
2773 58
2774 18
2775 18
2776 14
2778 18
2777 56
2779 30
2780 14
2781 16
2782 18
2783 18
2784 18
2785 14
2786 20
2787 32
2788 22
2789 18
2790 28
2791 18
2792 40
2793 22
2794 28
2795 18
2796 14
2797 20
2798 18
2799 14
2800 20
2801 20
2802 26
2803 24
2804 22
2805 16
2806 20
2807 14
2808 20
2809 18
2810 20
2811 12
2812 62
2813 16
2815 18
2816 32
2817 16
2818 16
2814 62
2819 16
2820 16
2821 30
2822 16
2823 20
2824 42
2825 14
2826 18
2828 14
2827 40
2829 18
2830 20
2831 18
2832 18
2833 16
2834 18
2835 14
2836 36
2837 20
2838 14
2839 14
2840 20
2841 18
2842 26
2843 18
2844 52
2845 32
2846 18
2847 16
2848 18
2849 38
2850 18
2851 20
2852 20
2853 22
2854 22
2855 20
2856 16
2858 18
2857 42
2859 22
2860 14
2861 34
2862 16
2863 30
2864 50
2865 20
2866 14
2867 20
2868 24
2869 16
2870 16
2871 20
2872 32
2873 30
2874 18
2875 14
2876 46
2877 56
2878 28
2879 20
2880 28
2881 20
2882 30
2883 38
2884 42
2885 12
2886 44
2887 32
2888 34
2889 20
2890 26
2891 20
2892 20
2893 20
2894 26
2895 18
2896 20
2897 22
2898 20
2899 20
2900 32
2901 18
2902 22
2903 28
2904 24
2905 36
2906 16
2907 14
2908 28
2909 20
2910 36
2911 24
2912 28
2913 20
2914 22
2915 20
2916 24
2917 18
2918 14
2919 52
2920 54
2921 24
2922 18
2923 26
2924 28
2925 38
2926 20
2927 24
2928 26
2929 18
2930 28
2931 24
2932 32
2933 36
2934 14
2935 26
2936 18
2937 14
2938 38
2939 20
2940 22
2941 28
2942 20
2943 26
2944 32
2945 18
2946 14
2947 24
2948 26
2949 18
2950 26
2951 18
2952 18
2953 32
2954 22
2955 28
2956 12
2957 30
2958 20
2959 34
2960 18
2961 36
2962 28
2963 22
2964 30
2965 16
2966 20
2967 18
2968 30
2969 18
2970 60
2971 22
2972 62
2973 18
2974 24
2975 26
2976 20
2977 18
2978 22
2979 42
2980 20
2981 18
2982 12
2983 26
2984 20
2985 20
2986 16
2987 59
2988 44
2989 24
2990 26
2991 36
2992 24
2993 20
2994 38
2995 20
2996 28
2997 22
2998 36
2999 16
3000 16
3001 28
3002 16
3003 20
3004 10
3005 16
3006 34
3007 22
3008 24
3009 24
3010 10
3011 14
3012 48
3013 32
3014 22
3015 14
3016 24
3017 58
3018 60
3019 22
3020 26
3021 20
3022 22
3023 18
3024 44
3025 24
3026 14
3027 18
3028 18
3029 10
3030 50
3031 44
3032 18
3033 56
3034 14
3035 22
3036 18
3037 18
3038 24
3039 14
3040 20
3041 40
3042 18
3043 20
3044 20
3045 24
3046 20
3047 20
3048 62
3049 26
3050 22
3051 42
3052 22
3053 14
3054 16
3055 20
3056 18
3057 20
3058 38
3059 18
3060 22
3061 16
3062 20
3063 22
3064 16
3065 30
3066 20
3067 22
3068 18
3069 24
3070 20
3071 44
3072 14
3073 18
3074 34
3076 28
3077 20
3075 50
3078 20
3079 24
3080 14
3081 18
3082 16
3083 14
3084 16
3085 24
3086 22
3087 18
3088 28
3089 22
3090 22
3091 14
3092 24
3093 18
3094 18
3095 18
3096 18
3097 16
3098 50
3099 50
3100 20
3101 38
3102 14
3103 28
3104 38
3105 30
3106 50
3107 30
3108 32
3109 16
3110 18
3111 36
3112 14
3113 20
3114 42
3115 24
3117 18
3116 48
3118 46
3119 26
3120 60
3121 58
3122 32
3123 34
3124 26
3125 18
3126 14
3127 16
3128 20
3129 18
3130 16
3131 34
3132 22
3133 14
3134 14
3135 14
3136 18
3137 16
3138 18
3139 18
3140 16
3141 26
3142 22
3143 14
3144 16
3145 16
3146 20
3147 14
3148 14
3149 16
3150 18
3151 20
3152 18
3153 24
3154 22
3155 24
3156 16
3157 16
3158 24
3159 10
3160 20
3161 20
3162 16
3163 14
3164 22
3165 18
3166 34
3167 14
3168 12
3169 16
3170 14
3171 22
3172 18
3173 34
3174 20
3175 22
3176 18
3177 22
3178 22
3179 20
3180 16
3181 20
3182 16
3183 14
3184 18
3185 14
3186 18
3188 16
3187 52
3189 18
3190 14
3191 18
3192 16
3193 20
3194 14
3195 14
3196 22
3197 14
3198 12
3199 18
3200 18
3201 22
3202 30
3203 36
3204 10
3205 16
3206 16
3207 20
3208 20
3209 20
3210 16
3211 20
3212 22
3213 14
3214 16
3215 30
3216 20
3217 22
3218 32
3219 16
3220 24
3221 34
3222 28
3223 24
3224 16
3225 16
3226 22
3227 36
3228 20
3229 32
3230 18
3231 14
3232 18
3233 20
3234 14
3235 16
3236 16
3237 14
3238 24
3239 22
3240 20
3241 16
3242 18
3243 22
3244 34
3245 14
3246 36
3247 22
3248 14
3249 20
3250 18
3251 12
3252 14
3253 16
3254 22
3255 26
3256 18
3257 16
3258 18
3259 14
3260 16
3261 20
3262 14
3263 44
3264 24
3265 34
3266 16
3267 20
3268 34
3269 16
3270 18
3271 12
3272 18
3273 20
3274 16
3275 16
3276 14
3277 24
3278 20
3279 16
3280 22
3281 28
3282 20
3283 22
3284 12
3285 16
3286 16
3288 18
3287 32
3289 16
3290 16
3291 24
3292 16
3293 18
3294 22
3295 18
3296 20
3297 18
3298 14
3299 14
3300 16
3301 22
3302 10
3303 14
3304 20
3305 22
3306 22
3307 24
3308 14
3309 20
3310 12
3311 34
3312 16
3313 20
3314 18
3315 14
3316 16
3317 18
3318 16
3319 30
3320 18
3321 18
3322 12
3323 20
3324 20
3325 16
3326 22
3327 12
3328 20
3329 14
3330 18
3331 10
3332 26
3333 20
3334 32
3335 20
3336 22
3337 22
3338 20
3339 16
3340 14
3341 16
3342 16
3343 28
3344 18
3345 12
3346 14
3347 18
3348 20
3349 40
3350 14
3351 12
3352 14
3353 12
3354 20
3355 20
3356 34
3357 16
3358 16
3359 22
3360 20
3361 18
3362 10
3363 16
3364 16
3365 16
3366 16
3367 16
3368 18
3369 18
3370 16
3371 40
3372 20
3373 18
3374 20
3375 18
3376 26
3377 14
3378 16
3379 12
3380 36
3381 20
3382 16
3383 16
3384 12
3385 28
3386 14
3387 24
3388 12
3389 18
3390 20
3391 54
3392 20
3393 18
3394 18
3395 17
3396 20
3397 18
3398 22
3399 24
3400 18
3401 20
3402 66
3403 16
3404 24
3405 20
3406 18
3407 10
3408 18
3409 16
3410 38
3411 12
3412 20
3413 22
3414 16
3415 22
3416 20
3417 16
3418 16
3419 30
3420 22
3421 20
3422 22
3423 16
3424 22
3425 14
3426 18
3427 18
3428 20
3429 12
3430 18
3431 18
3432 12
3433 20
3434 20
3435 20
3436 20
3437 16
3439 8
3438 20
3440 16
3441 22
3442 18
3443 18
3444 20
3445 22
3446 20
3447 20
3448 12
3449 24
3450 22
3451 18
3452 22
3453 18
3454 18
3455 20
3456 20
3457 28
3458 16
3459 22
3460 16
3461 14
3462 16
3463 34
3464 18
3465 26
3466 14
3467 12
3468 16
3469 18
3470 18
3471 22
3472 16
3473 28
3474 18
3475 18
3476 20
3478 16
3477 30
3479 18
3480 16
3481 18
3482 30
3483 22
3484 25
3485 20
3486 16
3487 18
3488 32
3489 20
3490 10
3491 16
3492 18
3493 18
3494 18
3495 14
3496 18
3497 14
3498 22
3499 20
3500 16
3501 22
3502 20
3503 20
3504 20
3505 18
3506 16
3507 14
3508 20
3509 14
3510 22
3511 12
3512 34
3513 14
3514 18
3515 20
3516 34
3517 14
3518 18
3519 22
3520 16
3521 50
3522 20
3523 52
3524 14
3525 16
3526 16
3527 20
3528 18
3529 20
3530 20
3531 20
3532 16
3533 16
3534 26
3535 26
3536 20
3537 16
3538 26
3539 14
3540 18
3541 18
3542 18
3543 14
3544 16
3545 10
3546 22
3548 18
3547 30
3549 18
3550 20
3551 20
3552 16
3553 14
3554 18
3555 16
3556 16
3557 16
3558 22
3559 18
3560 20
3561 34
3562 16
3563 20
3564 18
3565 30
3566 14
3567 14
3568 20
3569 20
3570 20
3571 16
3572 16
3573 16
3574 20
3575 22
3576 18
3577 18
3578 18
3579 14
3580 14
3581 16
3582 24
3583 18
3584 16
3585 18
3586 20
3587 18
3588 16
3589 28
3590 16
3591 20
3592 14
3593 20
3594 12
3595 16
3596 18
3597 14
3598 18
3599 16
3600 22
3601 18
3602 20
3603 22
3604 16
3605 16
3606 20
3607 12
3608 12
3609 14
3610 24
3611 30
3612 18
3613 20
3614 16
3615 22
3616 30
3617 14
3618 14
3619 22
3620 56
3621 18
3622 20
3623 32
3624 18
3625 22
3626 22
3627 12
3628 12
3629 32
3630 18
3631 18
3632 14
3633 14
3634 16
3635 48
3636 16
3637 12
3638 18
3639 16
3640 16
3641 20
3642 14
3643 18
3644 12
3645 10
3646 20
3647 18
3648 18
3649 20
3650 20
3651 16
3652 24
3653 22
3654 20
3655 22
3656 20
3657 16
3658 16
3659 14
3660 18
3661 18
3662 16
3663 18
3664 32
3665 20
3666 16
3667 14
3668 24
3669 22
3670 20
3671 18
3672 18
3673 14
3674 14
3675 22
3676 18
3677 18
3678 22
3679 18
3680 18
3681 24
3682 20
3683 20
3684 14
3685 16
3686 20
3687 20
3688 12
3689 16
3690 8
3691 18
3692 24
3693 20
3694 16
3695 32
3696 16
3697 22
3698 20
3699 18
3700 32
3701 12
3702 18
3703 16
3704 18
3705 16
3706 24
3707 16
3708 14
3709 20
3710 14
3711 18
3712 16
3713 26
3714 14
3715 18
3716 18
3717 20
3718 24
3719 16
3720 20
3721 18
3722 20
3723 14
3724 24
3725 24
3726 22
3727 18
3728 18
3729 18
3730 20
3731 20
3732 20
3733 16
3734 14
3735 20
3736 20
3737 18
3738 20
3739 18
3740 24
3741 18
3742 16
3743 22
3744 20
3745 16
3746 14
3747 20
3748 16
3749 18
3750 22
3751 16
3752 22
3753 20
3754 20
3755 20
3756 16
3757 22
3758 20
3759 20
3760 14
3761 12
3762 12
3763 18
3764 20
3765 10
3766 12
3767 16
3768 18
3769 16
3770 22
3771 18
3772 20
3773 20
3774 16
3775 20
3776 20
3778 14
3777 32
3779 16
3780 20
3781 22
3782 22
3783 20
3784 36
3785 18
3786 22
3788 12
3787 36
3789 16
3790 48
3791 20
3792 24
3793 20
3794 18
3795 16
3796 20
3797 26
3798 26
3799 20
3800 20
3801 26
3802 16
3803 20
3804 24
3805 30
3806 16
3807 24
3808 20
3809 14
3810 16
3811 32
3812 18
3813 22
3814 22
3815 20
3816 16
3817 10
3818 26
3819 16
3820 16
3821 14
3822 18
3823 16
3824 10
3825 14
3826 16
3828 18
3827 40
3829 18
3830 24
3831 20
3832 18
3833 16
3834 16
3835 22
3836 20
3837 24
3838 18
3839 14
3840 18
3841 12
3842 24
3843 12
3844 16
3845 24
3847 24
3846 40
3848 22
3849 18
3850 14
3851 14
3852 14
3853 18
3854 14
3855 18
3856 10
3857 14
3858 18
3859 12
3860 20
3861 22
3862 20
3863 16
3864 16
3867 18
3865 52
3866 50
3868 24
3869 14
3870 22
3871 36
3872 22
3873 22
3874 14
3875 16
3876 14
3877 10
3878 22
3879 30
3880 46
3881 24
3882 14
3883 20
3884 12
3885 20
3886 28
3887 20
3888 18
3889 18
3890 18
3891 24
3892 14
3893 16
3894 20
3895 22
3896 18
3897 14
3898 12
3899 14
3900 20
3901 28
3902 18
3903 16
3904 18
3905 18
3906 22
3907 26
3908 18
3909 8
3910 12
3911 12
3912 18
3913 14
3914 38
3915 16
3916 20
3917 16
3918 16
3919 16
3920 16
3921 18
3922 16
3923 20
3924 26
3925 12
3926 18
3927 20
3928 24
3929 16
3930 18
3931 18
3932 16
3933 18
3934 14
3935 18
3936 22
3937 14
3938 26
3939 14
3940 22
3941 14
3942 14
3943 14
3944 22
3945 14
3946 18
3947 20
3948 24
3949 20
3950 20
3951 20
3952 11
3953 18
3954 42
3955 18
3956 16
3957 18
3958 16
3959 16
3960 26
3961 14
3962 28
3963 14
3964 20
3965 14
3966 30
3967 16
3968 16
3969 12
3970 24
3971 18
3972 18
3973 22
3974 14
3975 16
3976 18
3977 28
3978 36
3979 24
3980 14
3981 16
3982 14
3983 20
3984 14
3985 36
3986 16
3987 18
3988 14
3989 22
3990 26
3991 24
3992 24
3993 34
3994 20
3995 20
3996 12
3997 16
3998 14
3999 22
4000 20
4001 16
4002 24
4003 34
4004 22
4005 18
4006 16
4007 20
4008 22
4009 22
4010 58
4011 12
4012 18
4013 22
4014 18
4015 24
4016 18
4017 16
4018 12
4019 12
4020 16
4021 16
4022 22
4023 36
4024 18
4025 22
4026 18
4027 16
4028 18
4029 12
4030 22
4031 14
4032 20
4033 20
4034 28
4035 16
4036 16
4037 18
4038 20
4039 20
4040 16
4041 22
4042 22
4043 18
4044 32
4045 18
4046 14
4047 18
4048 22
4049 16
4050 20
4051 22
4052 20
4053 18
4054 22
4055 18
4056 26
4057 28
4058 20
4059 18
4060 16
4061 12
4062 20
4063 14
4064 32
4065 22
4066 22
4067 16
4068 22
4069 30
4070 12
4071 22
4072 16
4073 20
4074 22
4075 10
4076 12
4077 16
4078 14
4079 24
4080 14
4081 18
4082 16
4083 20
4084 18
4085 20
4086 18
4087 18
4088 24
4089 14
4090 20
4091 26
4092 14
4093 22
4094 20
4095 18
4096 36
4097 20
4098 24
4099 14
4100 26
4101 18
4102 22
4103 18
4104 14
4105 18
4106 22
4107 18
4108 18
4109 14
4110 18
4111 16
4112 34
4113 16
4114 20
4115 16
4116 18
4117 16
4118 14
4119 20
4120 20
4121 14
4122 16
4123 18
4124 18
4125 18
4126 22
4127 18
4128 18
4129 12
4130 12
4131 30
4132 16
4133 32
4134 42
4135 20
4136 14
4137 18
4138 20
4139 22
4140 18
4141 30
4142 16
4143 16
4144 18
4145 16
4146 24
4147 10
4148 22
4149 22
4150 18
4151 16
4152 16
4153 24
4154 26
4155 16
4156 24
4157 18
4158 16
4159 32
4160 14
4161 8
4162 20
4163 20
4164 34
4165 30
4166 28
4167 28
4168 32
4169 20
4170 24
4171 18
4172 18
4173 22
4174 16
4175 28
4176 16
4177 20
4178 20
4179 16
4180 14
4181 20
4182 16
4183 18
4184 24
4185 14
4186 16
4187 16
4188 18
4189 16
4190 14
4191 18
4192 20
4193 26
4194 22
4195 28
4196 14
4197 24
4198 20
4199 22
4200 14
4201 40
4202 22
4203 20
4204 30
4205 20
4207 14
4206 44
4208 32
4209 34
4210 22
4211 18
4212 16
4213 24
4214 18
4215 18
4216 12
4217 16
4218 22
4219 22
4220 30
4221 24
4222 20
4223 18
4225 14
4226 12
4227 18
4224 66
4228 20
4229 18
4230 16
4231 22
4232 18
4233 18
4234 16
4235 16
4236 16
4237 18
4238 20
4239 44
4240 22
4241 36
4242 32
4243 18
4244 16
4245 24
4246 18
4247 18
4248 20
4249 16
4250 20
4251 18
4252 18
4253 28
4254 18
4255 22
4256 10
4257 16
4258 24
4259 14
4260 18
4261 50
4262 54
4263 26
4264 18
4265 20
4266 22
4267 28
4268 14
4269 26
4270 42
4271 26
4272 22
4273 22
4274 20
4275 20
4276 22
4277 14
4278 18
4279 18
4280 14
4281 16
4282 20
4283 18
4284 10
4285 32
4286 18
4287 16
4288 32
4289 20
4290 14
4291 18
4292 16
4293 20
4294 18
4295 16
4296 18
4298 18
4297 36
4299 36
4300 48
4301 34
4302 20
4303 44
4304 36
4305 20
4306 20
4308 16
4307 52
4309 22
4310 18
4311 16
4312 18
4313 22
4314 40
4315 18
4316 18
4317 20
4318 16
4319 38
4320 18
4321 18
4322 18
4323 14
4324 22
4325 24
4326 24
4327 22
4328 18
4329 14
4330 34
4331 14
4332 42
4333 16
4334 22
4335 14
4338 16
4336 50
4337 42
4339 14
4340 22
4341 26
4342 22
4343 22
4344 22
4345 20
4346 18
4347 20
4348 18
4349 16
4350 16
4351 50
4352 20
4353 16
4354 20
4355 20
4356 30
4357 18
4358 14
4359 20
4360 20
4361 28
4362 18
4363 20
4364 24
4365 22
4366 18
4367 18
4368 20
4369 18
4370 20
4371 20
4372 22
4373 24
4374 22
4375 38
4376 32
4377 14
4378 30
4379 26
4380 26
4381 20
4382 18
4383 24
4384 20
4385 30
4386 10
4387 16
4388 20
4389 20
4390 16
4391 16
4392 20
4393 20
4394 28
4395 16
4396 24
4397 24
4398 18
4399 18
4400 20
4401 20
4402 24
4403 60
4404 34
4405 20
4406 18
4407 20
4408 20
4409 20
4410 20
4411 22
4412 20
4413 26
4414 20
4415 36
4416 52
4417 32
4418 26
4419 20
4420 40
4421 22
4422 14
4423 22
4424 14
4425 18
4426 26
4427 16
4428 16
4429 12
4430 18
4431 26
4432 18
4433 40
4434 24
4435 24
4436 18
4437 18
4438 22
4439 22
4440 30
4441 18
4442 26
4443 20
4444 20
4445 24
4446 22
4447 32
4448 24
4449 48
4450 54
4451 32
4452 40
4453 24
4454 18
4455 28
4457 20
4456 40
4458 24
4459 54
4460 22
4461 32
4462 54
4463 16
4464 16
4465 14
4466 60
4467 44
4468 20
4469 30
4470 18
4471 20
4472 22
4473 40
4474 38
4475 32
4476 22
4477 36
4478 20
4479 52
4480 18
4481 20
4482 18
4483 20
4484 14
4485 28
4486 20
4487 18
4488 18
4489 14
4490 20
4491 16
4492 18
4493 32
4494 18
4495 42
4496 18
4497 16
4498 20
4499 14
4500 34
4501 28
4502 14
4503 12
4504 22
4505 14
4506 18
4507 22
4508 58
4509 22
4510 22
4511 26
4512 20
4513 18
4514 20
4515 20
4517 18
4516 81
4518 46
4519 42
4520 20
4521 24
4522 22
4523 30
4524 20
4525 16
4526 14
4527 26
4528 20
4529 16
4530 22
4531 22
4532 20
4533 18
4534 40
4535 24
4536 32
4537 26
4538 32
4539 14
4540 42
4541 18
4542 18
4543 22
4544 46
4545 26
4547 22
4548 18
4546 44
4549 20
4550 60
4551 16
4552 60
4553 22
4554 36
4555 18
4556 24
4557 46
4558 46
4559 30
4560 14
4561 16
4562 16
4563 22
4564 50
4565 20
4566 22
4567 18
4568 34
4569 14
4570 20
4571 14
4572 22
4573 16
4574 16
4575 24
4576 12
4577 18
4578 40
4579 22
4580 18
4581 16
4582 18
4583 50
4584 36
4585 20
4586 20
4587 24
4588 56
4589 20
4590 16
4591 14
4592 24
4593 20
4595 26
4597 20
4594 84
4596 52
4598 54
4599 22
4600 58
4601 26
4602 20
4603 24
4604 16
4605 16
4606 32
4607 20
4608 14
4609 44
4610 24
4612 22
4613 56
4614 16
4615 26
4616 24
4617 16
4611 118
4618 22
4619 16
4620 28
4621 22
4622 32
4623 22
4624 20
4625 28
4626 28
4627 26
4628 30
4629 34
4630 30
4631 20
4632 30
4633 26
4634 20
4635 22
4636 22
4637 26
4638 20
4639 20
4640 34
4641 16
4642 24
4643 20
4644 22
4645 14
4646 10
4647 22
4648 22
4649 20
4650 62
4651 26
4652 20
4653 20
4654 20
4655 18
4656 16
4657 22
4658 26
4659 24
4660 30
4661 14
4662 24
4663 18
4664 16
4665 20
4666 22
4667 40
4668 26
4669 18
4670 20
4671 24
4672 20
4673 32
4674 42
4675 22
4676 24
4677 22
4678 38
4679 26
4680 26
4681 20
4682 16
4683 20
4684 20
4685 14
4686 20
4687 18
4688 22
4689 16
4690 16
4691 18
4692 34
4693 18
4694 36
4695 16
4696 22
4697 18
4698 22
4699 18
4700 22
4701 20
4702 16
4703 28
4704 18
4705 24
4706 26
4707 18
4708 14
4709 20
4710 18
4711 16
4712 18
4713 22
4714 26
4715 24
4716 20
4717 20
4718 36
4719 18
4720 24
4721 16
4722 20
4723 22
4724 18
4725 16
4726 18
4727 18
4728 38
4729 18
4730 34
4731 20
4732 22
4733 14
4734 16
4735 20
4736 16
4737 24
4738 18
4739 18
4740 14
4741 20
4742 18
4743 16
4744 18
4745 30
4746 18
4747 34
4748 24
4749 20
4750 28
4751 20
4752 16
4753 18
4754 18
4755 20
4756 10
4757 12
4758 16
4759 20
4760 22
4761 14
4762 18
4763 26
4764 10
4765 18
4766 12
4767 34
4768 20
4769 20
4770 20
4771 14
4772 18
4773 16
4774 18
4775 18
4776 20
4777 20
4778 32
4779 16
4780 18
4781 18
4782 18
4783 16
4784 24
4785 34
4786 20
4787 18
4788 30
4789 18
4790 12
4791 26
4792 16
4793 24
4794 12
4795 22
4796 20
4797 24
4798 18
4799 16
4800 32
4801 30
4802 22
4803 16
4804 22
4805 20
4807 12
4808 16
4806 50
4809 22
4810 36
4811 14
4812 18
4813 20
4814 20
4815 16
4816 14
4817 20
4818 24
4819 18
4820 18
4821 16
4822 28
4823 17
4824 16
4825 18
4826 18
4827 16
4828 24
4829 14
4830 12
4831 16
4832 14
4833 16
4834 14
4835 14
4836 24
4837 20
4838 18
4839 16
4840 24
4841 22
4842 18
4843 18
4844 26
4845 16
4846 26
4847 22
4848 44
4849 18
4850 22
4851 18
4852 20
4853 16
4854 18
4855 14
4856 22
4857 18
4858 26
4859 22
4860 20
4861 14
4862 16
4863 8
4864 14
4865 12
4866 24
4867 20
4868 16
4869 26
4870 16
4871 14
4872 26
4873 32
4874 20
4875 20
4876 18
4877 10
4878 34
4879 16
4880 18
4881 16
4882 20
4883 36
4884 22
4885 20
4886 18
4887 24
4888 26
4889 18
4890 18
4891 32
4892 18
4893 22
4894 22
4895 12
4896 14
4897 22
4898 48
4899 24
4900 18
4901 16
4902 14
4903 14
4904 18
4905 12
4906 20
4907 18
4908 22
4909 20
4910 16
4911 14
4912 20
4913 18
4914 12
4915 20
4916 18
4917 20
4918 16
4919 18
4920 22
4921 40
4922 26
4923 18
4924 24
4925 18
4926 18
4927 20
4928 18
4929 18
4930 20
4931 24
4932 20
4933 22
4934 24
4935 24
4936 16
4937 24
4938 16
4939 22
4940 22
4941 20
4942 34
4943 18
4944 20
4945 14
4946 22
4947 28
4948 22
4949 14
4950 18
4951 20
4952 20
4953 18
4954 16
4955 16
4956 28
4957 22
4958 12
4959 14
4960 22
4961 16
4962 24
4963 22
4964 14
4965 28
4966 18
4967 16
4968 14
4969 16
4970 30
4971 12
4972 16
4973 26
4974 18
4975 14
4976 18
4977 18
4978 16
4979 18
4980 24
4981 16
4982 24
4983 24
4984 20
4985 16
4986 18
4987 16
4988 22
4989 14
4990 18
4991 22
4992 18
4993 16
4994 40
4995 22
4996 22
4997 14
4998 16
4999 20
5000 30
5001 24
5002 22
5003 20
5004 20
5005 22
5006 22
5007 18
5008 24
5009 16
5010 32
5011 24
5012 22
5013 16
5014 12
5015 16
5016 18
5018 14
5017 54
5019 18
5020 18
5021 38
5022 18
5023 24
5024 30
5025 18
5026 26
5027 44
5028 24
5029 14
5030 18
5031 16
5032 16
5033 18
5034 22
5035 12
5036 22
5037 20
5038 14
5039 12
5040 20
5041 14
5042 22
5043 22
5044 40
5045 18
5046 18
5047 18
5048 16
5049 16
5050 16
5051 16
5052 18
5053 16
5054 22
5055 18
5056 24
5057 50
5058 34
5059 22
5060 20
5061 40
5062 24
5063 16
5064 20
5065 22
5066 20
5067 18
5068 22
5069 18
5070 32
5071 24
5072 20
5073 16
5074 20
5075 20
5076 14
5077 20
5078 24
5079 18
5080 26
5081 22
5082 20
5083 20
5084 18
5085 18
5086 10
5087 16
5088 16
5089 14
5090 18
5091 20
5092 20
5093 24
5094 18
5095 16
5096 18
5097 28
5098 20
5099 26
5100 12
5101 18
5102 18
5103 44
5104 18
5105 22
5106 20
5107 20
5108 20
5109 24
5110 42
5111 18
5112 14
5113 20
5114 18
5115 24
5116 18
5117 16
5118 18
5119 20
5120 20
5121 16
5122 22
5123 22
5124 26
5125 18
5126 16
5127 26
5128 20
5129 16
5130 30
5131 16
5132 36
5133 26
5134 30
5135 16
5137 18
5138 18
5136 40
5139 24
5140 20
5141 16
5142 16
5143 20
5144 18
5145 18
5146 22
5147 26
5148 16
5149 18
5150 22
5151 20
5152 24
5153 16
5154 12
5155 34
5156 16
5157 14
5158 18
5159 18
5160 20
5161 18
5162 22
5163 22
5164 14
5165 18
5166 20
5167 22
5168 20
5169 24
5170 20
5171 38
5172 20
5173 20
5174 16
5175 14
5176 20
5177 20
5178 18
5179 12
5180 14
5181 24
5182 18
5183 36
5184 18
5185 22
5186 18
5187 20
5188 20
5189 14
5190 16
5191 14
5192 10
5193 20
5194 16
5195 20
5196 14
5197 36
5198 20
5199 20
5200 18
5201 20
5202 22
5203 30
5204 22
5205 24
5206 20
5207 14
5208 14
5209 24
5210 18
5211 22
5212 18
5213 14
5214 18
5215 18
5216 22
5217 18
5218 16
5219 24
5220 20
5221 18
5222 22
5223 14
5224 14
5225 18
5226 18
5227 22
5228 22
5229 18
5230 18
5231 16
5232 16
5233 26
5234 22
5235 20
5236 22
5237 28
5238 18
5239 32
5240 12
5241 24
5242 22
5243 18
5244 20
5245 26
5246 28
5247 20
5248 16
5249 24
5250 24
5251 22
5252 16
5253 22
5254 26
5255 16
5256 12
5257 12
5258 22
5259 22
5260 20
5261 22
5262 22
5263 16
5264 20
5265 20
5266 18
5267 24
5268 14
5269 16
5270 22
5271 20
5272 18
5273 20
5274 18
5275 24
5276 18
5277 16
5278 20
5279 18
5280 16
5281 18
5282 12
5283 18
5284 16
5285 14
5286 16
5287 14
5288 10
5289 16
5290 24
5291 22
5292 20
5293 14
5294 16
5295 16
5296 24
5297 22
5298 20
5299 28
5300 16
5301 16
5302 22
5303 20
5304 16
5305 14
5306 18
5307 24
5308 18
5309 24
5310 14
5311 36
5312 26
5313 28
5314 16
5315 18
5316 18
5317 20
5318 20
5319 28
5320 20
5321 20
5322 34
5323 20
5324 20
5325 22
5326 38
5327 22
5328 18
5329 24
5330 20
5331 20
5332 22
5333 18
5334 16
5335 22
5336 22
5337 18
5338 22
5339 26
5340 24
5341 20
5342 20
5343 14
5344 18
5345 20
5346 26
5347 24
5348 16
5349 18
5350 20
5351 20
5352 20
5353 14
5354 20
5355 18
5356 16
5357 18
5358 20
5359 20
5360 22
5361 14
5362 38
5363 22
5364 18
5365 14
5366 16
5367 20
5368 18
5369 16
5370 22
5371 24
5372 18
5373 20
5374 30
5375 20
5376 12
5377 14
5378 18
5379 18
5380 22
5381 46
5382 14
5383 26
5384 18
5385 24
5386 18
5387 20
5388 22
5389 20
5390 18
5391 20
5392 26
5393 20
5394 22
5395 22
5396 22
5397 24
5398 32
5399 16
5400 16
5401 18
5402 16
5403 18
5404 16
5405 20
5406 24
5407 20
5408 24
5409 16
5410 18
5411 14
5412 22
5413 18
5414 20
5415 22
5416 18
5417 20
5418 22
5419 32
5420 46
5421 18
5422 40
5423 22
5424 22
5425 18
5426 18
5427 24
5428 18
5429 14
5430 20
5431 34
5432 18
5433 18
5434 24
5435 20
5436 20
5437 30
5438 30
5439 20
5440 16
5441 22
5442 14
5443 18
5444 16
5445 22
5446 26
5447 20
5448 18
5449 18
5450 22
5451 34
5452 24
5453 16
5454 20
5455 18
5456 18
5457 18
5458 16
5459 18
5460 22
5461 20
5462 24
5463 16
5464 16
5465 20
5466 22
5467 18
5468 24
5469 20
5470 44
5471 16
5472 18
5473 16
5474 14
5475 16
5476 20
5478 16
5477 32
5479 22
5480 24
5481 20
5482 26
5483 20
5484 18
5485 20
5486 38
5487 16
5488 16
5489 22
5490 24
5491 20
5492 22
5493 44
5494 28
5495 18
5496 18
5497 16
5498 20
5499 20
5500 18
5501 12
5502 20
5503 16
5504 38
5505 24
5506 18
5507 20
5508 16
5509 18
5510 12
5511 18
5512 24
5513 40
5514 22
5515 18
5516 16
5518 14
5517 38
5519 16
5520 20
5521 16
5522 18
5523 26
5524 10
5525 20
5526 22
5527 20
5528 22
5529 16
5530 12
5531 40
5532 14
5533 20
5534 18
5535 24
5536 12
5537 32
5538 34
5539 38
5540 18
5541 26
5542 20
5543 8
5544 14
5545 22
5546 16
5547 14
5548 14
5549 22
5550 20
5551 20
5552 16
5553 22
5554 20
5555 14
5556 28
5557 22
5558 22
5559 16
5560 16
5561 20
5562 22
5563 22
5564 20
5565 20
5566 18
5567 18
5568 24
5569 20
5570 14
5571 22
5572 20
5573 18
5574 20
5575 18
5576 16
5577 20
5578 16
5579 24
5580 14
5581 20
5582 22
5583 18
5584 20
5585 48
5586 24
5587 14
5588 22
5589 14
5590 18
5591 22
5592 26
5593 18
5594 16
5595 20
5596 16
5597 18
5598 16
5599 16
5600 18
5601 24
5602 18
5603 16
5604 22
5605 18
5606 22
5607 20
5608 24
5609 22
5610 14
5611 14
5612 16
5613 20
5614 20
5615 18
5616 24
5617 18
5618 16
5619 16
5620 36
5621 14
5622 18
5623 16
5624 14
5625 46
5626 12
5627 18
5628 28
5629 32
5630 40
5631 30
5632 36
5633 22
5634 14
5635 16
5636 30
5637 18
5638 24
5639 20
5640 16
5641 34
5642 20
5643 18
5644 10
5645 16
5646 24
5647 20
5648 20
5649 14
5650 18
5651 20
5652 14
5653 16
5654 20
5655 16
5656 12
5657 22
5658 16
5659 38
5660 12
5661 38
5662 22
5663 18
5664 24
5665 22
5666 14
5667 14
5668 44
5669 18
5670 26
5671 18
5672 22
5673 20
5674 14
5675 24
5676 14
5677 22
5678 18
5679 32
5680 18
5681 14
5682 16
5683 16
5684 14
5685 22
5686 18
5687 24
5688 18
5689 24
5690 14
5691 40
5692 16
5693 22
5694 14
5695 20
5696 22
5697 18
5698 24
5699 14
5700 16
5701 46
5702 16
5703 20
5704 34
5705 26
5706 16
5707 26
5708 24
5709 24
5710 20
5711 24
5712 16
5713 20
5714 24
5715 20
5716 18
5717 14
5718 14
5719 30
5720 16
5721 22
5722 24
5723 20
5724 18
5725 18
5726 22
5727 16
5728 32
5729 24
5730 20
5731 22
5732 18
5733 26
5734 16
5735 20
5736 38
5737 16
5738 16
5739 16
5740 18
5741 20
5742 22
5743 18
5744 24
5745 16
5746 16
5747 18
5748 16
5749 18
5750 14
5751 44
5752 18
5753 24
5754 16
5755 22
5756 12
5757 26
5758 18
5759 22
5760 24
5761 24
5762 16
5763 16
5764 20
5765 24
5766 24
5767 14
5768 18
5769 16
5770 22
5771 16
5772 22
5773 20
5774 18
5775 22
5776 28
5777 18
5778 20
5779 24
5780 18
5781 12
5782 20
5783 14
5784 12
5785 16
5786 16
5787 20
5788 32
5789 26
5790 20
5791 22
5792 24
5793 22
5794 34
5795 22
5796 32
5797 46
5798 50
5799 18
5800 62
5801 18
5802 12
5803 18
5804 20
5805 26
5806 16
5807 20
5808 22
5809 32
5810 24
5811 18
5812 16
5813 24
5814 18
5816 14
5817 22
5818 14
5815 56
5819 40
5820 16
5821 22
5822 14
5823 22
5824 22
5825 42
5826 16
5827 22
5828 20
5829 22
5830 24
5831 28
5832 12
5833 22
5834 36
5835 16
5836 18
5837 62
5838 22
5839 70
5840 18
5841 18
5842 48
5843 16
5844 18
5845 18
5846 26
5847 20
5848 18
5849 20
5850 18
5851 20
5852 12
5853 18
5854 38
5855 20
5856 46
5857 40
5858 20
5859 16
5860 22
5861 18
5862 18
5863 22
5864 18
5865 26
5866 20
5867 16
5868 20
5869 22
5870 16
5871 41
5872 44
5873 18
5874 36
5875 36
5876 20
5877 20
5878 40
5879 20
5880 22
5881 42
5882 22
5883 22
5884 32
5885 32
5886 30
5887 14
5888 54
5889 20
5890 16
5891 20
5892 16
5893 22
5894 20
5895 16
5896 20
5897 18
5898 20
5899 20
5900 16
5901 18
5902 16
5903 18
5904 22
5905 22
5906 32
5907 10
5908 42
5909 24
5910 24
5911 20
5912 12
5913 24
5914 30
5915 38
5916 14
5917 18
5918 30
5919 28
5920 16
5921 16
5922 76
5923 16
5924 16
5925 36
5926 18
5927 25
5928 18
5929 16
5930 28
5931 24
5932 18
5933 14
5934 18
5935 16
5936 34
5937 16
5938 26
5939 18
5940 26
5941 22
5942 14
5943 36
5944 22
5945 16
5946 24
5947 20
5948 18
5949 14
5950 16
5951 28
5952 16
5953 16
5954 22
5955 16
5956 14
5957 12
5958 26
5959 18
5960 18
5961 30
5962 26
5963 22
5964 24
5965 24
5966 12
5967 28
5968 26
5969 28
5970 12
5971 24
5972 20
5973 36
5974 16
5975 22
5976 24
5977 22
5978 24
5979 46
5980 46
5981 20
5982 14
5983 22
5984 22
5985 18
5986 18
5987 22
5988 32
5989 16
5990 16
5991 20
5992 14
5993 18
5994 22
5995 22
5996 18
5997 20
5998 18
5999 28
6000 18
6001 22
6002 14
6003 36
6004 24
6005 26
6006 18
6007 20
6008 28
6009 18
6010 50
6011 36
6012 14
6013 18
6014 12
6015 22
6016 16
6017 30
6018 52
6019 26
6020 26
6021 14
6022 24
6023 18
6024 16
6025 22
6026 32
6027 18
6028 32
6029 22
6030 42
6031 18
6032 28
6033 44
6034 20
6035 20
6036 22
6037 16
6038 16
6039 22
6040 30
6041 20
6042 38
6043 58
6044 22
6045 36
6046 26
6047 26
6048 20
6049 48
6050 16
6051 22
6052 16
6053 18
6054 20
6055 28
6056 24
6057 20
6058 22
6059 28
6060 24
6061 22
6062 32
6063 22
6064 18
6065 24
6066 38
6067 26
6068 48
6069 20
6070 18
6071 16
6072 20
6073 44
6074 20
6075 44
6076 20
6077 24
6078 24
6079 20
6080 28
6081 30
6082 18
6083 30
6084 20
6085 18
6086 30
6087 52
6088 26
6089 24
6090 26
6091 18
6092 22
6093 34
6094 14
6095 24
6096 20
6097 20
6098 28
6099 16
6100 18
6101 26
6102 58
6103 24
6104 28
6105 22
6106 20
6107 52
6108 68
6109 20
6110 62
6111 64
6113 20
6114 14
6115 20
6117 20
6112 88
6116 46
6118 48
6119 26
6120 40
6121 36
6122 26
6123 40
6124 26
6125 32
6126 38
6127 24
6128 20
6129 30
6130 22
6131 24
6132 34
6133 18
6134 16
6135 20
6136 24
6137 30
6138 24
6139 12
6140 36
6141 20
6142 34
6143 22
6144 40
6145 30
6146 22
6147 22
6148 24
6149 18
6150 16
6151 22
6152 16
6153 22
6154 16
6155 24
6156 14
6157 18
6158 22
6159 22
6160 22
6161 20
6162 14
6163 14
6164 40
6165 18
6166 26
6167 18
6168 18
6169 14
6170 20
6171 14
6172 18
6173 16
6174 20
6175 38
6176 24
6177 18
6178 32
6179 28
6180 24
6181 26
6182 20
6183 18
6184 16
6185 14
6186 18
6187 20
6188 28
6189 26
6190 20
6191 24
6192 24
6193 20
6194 20
6195 18
6196 20
6197 14
6198 22
6199 22
6200 24
6201 24
6202 22
6203 16
6204 18
6205 16
6206 22
6207 16
6208 16
6209 54
6210 24
6211 14
6212 24
6213 26
6214 14
6215 20
6216 22
6217 26
6218 24
6219 20
6220 18
6221 18
6222 12
6223 26
6224 20
6225 28
6226 22
6227 24
6228 18
6229 26
6230 24
6231 18
6232 30
6233 20
6234 16
6235 34
6236 22
6237 22
6238 26
6239 20
6240 22
6241 42
6242 18
6243 20
6244 24
6245 20
6246 30
6247 34
6248 20
6249 18
6250 22
6251 28
6252 22
6253 18
6254 22
6255 28
6256 34
6257 18
6258 12
6259 18
6260 24
6261 40
6262 28
6263 30
6264 20
6265 20
6266 22
6267 16
6268 18
6269 20
6270 22
6271 22
6272 14
6273 14
6274 18
6275 16
6276 22
6277 18
6278 20
6279 40
6280 22
6281 30
6282 24
6283 36
6284 18
6285 20
6286 20
6287 30
6288 30
6289 16
6290 46
6291 24
6292 16
6293 24
6294 18
6295 22
6296 16
6297 24
6298 22
6299 22
6300 16
6301 30
6302 22
6303 18
6304 22
6305 30
6306 18
6307 16
6308 20
6309 42
6310 24
6311 22
6312 38
6313 16
6314 24
6315 16
6316 26
6317 22
6318 20
6319 24
6320 22
6321 20
6322 22
6323 16
6324 20
6325 18
6326 22
6327 20
6328 22
6329 16
6330 30
6331 24
6332 24
6333 24
6334 32
6335 14
6336 20
6337 20
6338 20
6339 28
6340 22
6341 18
6342 12
6343 16
6344 14
6345 20
6346 16
6347 38
6348 20
6349 20
6350 24
6351 18
6352 22
6353 20
6354 20
6355 18
6356 14
6357 20
6358 52
6359 18
6360 16
6361 28
6362 20
6363 18
6364 22
6365 14
6366 14
6367 36
6368 20
6369 34
6370 26
6371 16
6372 12
6373 16
6374 24
6375 14
6376 20
6378 16
6377 38
6379 20
6380 14
6381 22
6382 26
6383 14
6384 20
6385 20
6386 16
6387 20
6388 16
6389 22
6390 20
6391 20
6392 18
6393 22
6394 14
6395 18
6396 20
6397 20
6398 10
6399 46
6400 22
6401 32
6402 16
6403 24
6404 20
6405 18
6406 22
6407 22
6408 18
6409 24
6410 20
6411 18
6412 24
6413 28
6414 24
6415 10
6416 16
6417 16
6418 20
6419 16
6420 18
6421 12
6422 16
6423 38
6424 20
6425 12
6426 24
6427 18
6428 22
6429 24
6430 24
6431 20
6432 16
6433 18
6434 22
6435 16
6436 24
6437 18
6438 24
6439 24
6440 24
6441 26
6442 34
6443 18
6444 20
6445 16
6446 12
6447 16
6448 16
6449 22
6450 20
6451 38
6452 22
6453 18
6454 28
6455 14
6456 18
6457 24
6458 18
6459 20
6460 28
6461 22
6462 18
6463 16
6464 18
6465 14
6466 26
6467 18
6468 24
6469 26
6470 20
6471 16
6472 24
6473 20
6474 16
6475 18
6476 12
6477 22
6478 24
6479 16
6480 20
6481 18
6482 20
6483 18
6484 16
6485 38
6486 14
6487 16
6488 44
6489 39
6490 24
6491 12
6492 40
6493 18
6494 22
6495 16
6496 24
6497 16
6498 16
6499 14
6500 28
6501 28
6502 42
6503 18
6504 16
6505 24
6506 18
6507 18
6508 20
6509 22
6510 20
6511 16
6512 26
6513 18
6514 12
6515 20
6516 32
6517 18
6518 26
6519 16
6520 22
6521 20
6522 20
6523 20
6524 18
6525 30
6526 16
6527 26
6528 44
6529 32
6530 18
6531 18
6532 14
6533 24
6534 18
6535 14
6536 16
6537 16
6538 22
6539 20
6540 20
6541 20
6542 22
6543 24
6544 18
6545 38
6546 22
6547 22
6548 18
6549 28
6550 20
6551 24
6552 22
6553 20
6554 22
6555 18
6556 20
6557 20
6558 16
6559 18
6560 42
6561 16
6562 26
6563 16
6564 20
6565 16
6566 22
6567 16
6568 28
6569 22
6570 34
6571 24
6572 20
6573 18
6574 20
6575 18
6576 16
6577 16
6578 18
6579 26
6580 22
6581 22
6582 16
6583 42
6584 18
6585 18
6586 22
6587 14
6588 26
6589 20
6590 22
6591 20
6592 20
6593 28
6594 18
6595 22
6596 18
6597 36
6598 38
6599 20
6600 20
6601 16
6602 22
6603 22
6604 18
6605 22
6606 18
6607 24
6608 22
6609 18
6610 16
6611 18
6612 16
6613 26
6614 16
6615 22
6616 20
6617 20
6618 22
6619 16
6620 20
6621 28
6622 18
6623 20
6624 16
6625 38
6626 18
6627 22
6628 50
6629 22
6630 24
6631 42
6632 18
6633 22
6634 24
6635 22
6636 28
6637 22
6638 22
6639 30
6640 16
6641 12
6642 18
6643 16
6644 14
6645 6
6646 16
6647 14
6648 38
6649 18
6650 24
6651 32
6652 22
6653 36
6654 34
6655 22
6656 16
6657 18
6658 20
6659 18
6660 14
6661 16
6662 18
6663 24
6664 24
6665 16
6666 20
6667 16
6668 22
6669 18
6670 14
6671 16
6672 16
6673 30
6674 18
6675 16
6676 26
6677 18
6678 12
6679 32
6680 36
6681 24
6682 18
6683 14
6684 16
6685 22
6686 16
6687 20
6688 34
6689 14
6690 28
6691 20
6692 18
6693 20
6694 26
6695 16
6696 20
6697 20
6698 22
6699 12
6700 18
6701 18
6702 14
6703 14
6704 14
6705 18
6706 22
6707 20
6708 24
6709 30
6710 16
6711 22
6712 18
6713 18
6714 26
6715 32
6716 16
6717 20
6718 32
6719 18
6720 20
6721 18
6722 18
6723 12
6724 14
6725 24
6726 18
6727 22
6728 16
6729 22
6730 14
6731 16
6732 20
6733 16
6734 24
6735 14
6736 20
6737 20
6738 20
6739 26
6740 28
6741 22
6742 18
6743 24
6744 18
6745 14
6747 22
6748 16
6746 44
6749 20
6750 16
6751 22
6752 12
6753 24
6754 34
6755 16
6756 26
6757 16
6758 28
6759 18
6760 18
6761 10
6762 18
6763 26
6764 20
6765 8
6766 20
6767 32
6768 20
6769 16
6770 22
6771 24
6772 22
6773 36
6774 18
6775 14
6776 22
6777 18
6778 22
6779 20
6780 22
6781 20
6782 22
6783 18
6784 16
6785 24
6786 24
6787 32
6788 22
6789 18
6790 14
6791 18
6792 22
6793 16
6794 16
6795 20
6796 24
6797 18
6798 20
6799 20
6800 18
6801 36
6802 76
6803 18
6804 18
6805 22
6806 22
6807 24
6808 20
6809 28
6810 16
6811 16
6812 18
6813 14
6814 20
6815 20
6816 18
6817 28
6818 20
6819 20
6820 18
6821 14
6822 18
6823 24
6824 20
6825 20
6826 18
6827 64
6828 20
6829 18
6830 22
6831 22
6832 24
6833 12
6834 22
6835 24
6836 24
6837 22
6838 20
6839 18
6840 16
6841 20
6842 20
6843 26
6844 20
6845 12
6846 18
6847 40
6848 24
6849 20
6850 18
6851 22
6852 28
6853 26
6854 16
6855 18
6856 26
6857 20
6858 24
6859 14
6860 18
6861 18
6862 16
6863 12
6864 20
6865 24
6866 24
6867 20
6868 22
6869 18
6870 22
6871 24
6872 26
6873 16
6874 40
6875 20
6876 24
6877 20
6878 22
6879 16
6880 24
6881 24
6882 18
6883 18
6884 36
6885 28
6886 16
6887 24
6888 18
6889 20
6890 20
6891 32
6892 18
6893 22
6894 16
6895 18
6896 18
6897 20
6898 20
6899 32
6900 16
6901 18
6902 24
6903 24
6904 18
6905 34
6906 20
6907 12
6908 24
6909 16
6910 16
6911 22
6912 22
6913 28
6914 18
6915 20
6916 18
6917 18
6918 18
6919 20
6920 18
6921 14
6922 18
6923 20
6924 32
6925 18
6926 14
6927 16
6928 18
6929 16
6930 18
6931 20
6932 22
6933 16
6934 18
6935 22
6936 24
6937 20
6938 20
6939 14
6940 20
6941 22
6942 24
6943 20
6944 22
6945 18
6946 24
6947 22
6948 26
6949 24
6950 16
6951 14
6952 14
6953 16
6954 16
6955 18
6956 24
6957 18
6958 20
6959 18
6960 16
6961 10
6962 20
6963 20
6964 22
6965 20
6966 30
6967 16
6968 11
6969 16
6970 22
6971 18
6972 26
6973 24
6974 18
6975 26
6976 22
6977 26
6978 26
6979 22
6980 12
6981 32
6982 18
6983 20
6984 14
6985 14
6986 18
6987 20
6988 16
6989 18
6990 18
6991 18
6992 16
6993 12
6994 22
6995 18
6996 14
6997 18
6998 28
6999 18
7000 24
7001 20
7002 22
7003 20
7004 22
7005 14
7006 22
7007 36
7008 24
7009 18
7010 18
7011 14
7012 16
7013 14
7014 20
7015 12
7016 10
7017 22
7018 22
7019 20
7020 22
7021 16
7022 36
7023 36
7024 24
7025 24
7026 10
7027 20
7028 12
7029 20
7030 14
7031 20
7032 16
7033 18
7034 20
7035 16
7036 28
7037 18
7038 24
7039 18
7040 16
7041 30
7042 18
7043 46
7044 18
7045 18
7046 18
7047 22
7048 32
7049 20
7050 20
7051 18
7052 20
7053 16
7054 16
7055 18
7056 24
7057 18
7058 18
7059 16
7060 16
7061 16
7062 40
7063 22
7064 28
7065 20
7066 22
7067 18
7068 20
7069 20
7070 20
7071 20
7072 20
7073 18
7074 14
7075 18
7076 18
7077 20
7078 16
7079 16
7080 22
7081 20
7082 24
7083 40
7084 26
7085 18
7086 20
7087 16
7088 22
7089 20
7090 28
7091 28
7092 20
7093 20
7094 22
7095 28
7096 18
7097 14
7098 22
7099 30
7100 22
7101 14
7102 22
7103 28
7104 16
7105 18
7106 24
7107 16
7108 16
7109 16
7110 16
7111 18
7112 22
7113 20
7114 18
7115 18
7116 14
7117 14
7118 22
7119 22
7120 20
7121 16
7122 12
7123 16
7124 18
7125 16
7126 18
7127 16
7128 22
7129 24
7130 22
7131 20
7132 22
7133 16
7134 16
7135 38
7137 26
7138 16
7136 42
7139 30
7140 16
7141 22
7142 22
7143 18
7144 20
7145 24
7146 12
7147 22
7148 16
7149 18
7150 18
7151 16
7152 26
7153 22
7154 20
7155 20
7156 36
7158 18
7157 40
7159 26
7160 18
7161 16
7162 34
7163 20
7164 20
7165 18
7166 16
7167 20
7168 24
7169 20
7170 18
7171 20
7172 20
7173 16
7174 32
7175 20
7176 18
7177 22
7178 20
7179 18
7180 16
7181 8
7182 28
7183 16
7184 16
7185 20
7186 14
7187 18
7188 16
7189 18
7190 24
7191 16
7192 28
7193 18
7194 24
7195 16
7196 14
7197 14
7198 20
7199 24
7200 20
7201 22
7202 24
7203 20
7204 22
7205 32
7206 18
7207 24
7208 18
7209 20
7210 16
7211 30
7212 18
7213 22
7214 26
7215 22
7216 16
7217 20
7218 18
7219 16
7220 18
7221 22
7222 32
7223 22
7224 26
7225 16
7226 28
7227 12
7229 8
7228 22
7230 24
7231 24
7232 24
7233 24
7234 28
7235 24
7236 16
7237 20
7238 18
7239 16
7240 16
7241 34
7242 16
7243 20
7244 18
7245 36
7246 16
7247 12
7248 20
7249 24
7250 22
7251 22
7252 20
7253 28
7254 18
7255 18
7256 22
7257 28
7258 22
7259 18
7260 16
7261 22
7262 26
7263 24
7264 22
7265 16
7266 22
7267 14
7268 20
7269 20
7270 28
7271 18
7272 20
7273 38
7274 56
7275 24
7276 18
7277 12
7278 12
7279 20
7280 18
7281 10
7282 22
7283 22
7284 20
7285 20
7286 28
7287 18
7288 18
7289 36
7290 22
7291 26
7292 26
7293 16
7294 18
7295 26
7296 14
7297 28
7298 84
7299 20
7300 20
7301 14
7302 18
7303 22
7304 16
7306 14
7307 20
7305 60
7308 20
7309 14
7310 20
7311 26
7312 20
7313 26
7314 16
7315 14
7316 18
7317 34
7318 26
7319 22
7320 20
7321 36
7322 24
7323 26
7324 20
7325 28
7326 18
7327 18
7328 20
7329 14
7330 18
7331 26
7332 18
7333 18
7334 24
7335 38
7336 20
7337 20
7338 66
7339 28
7340 18
7341 22
7342 16
7343 22
7345 18
7346 22
7347 22
7348 14
7344 70
7349 66
7350 22
7351 14
7352 22
7353 16
7354 32
7355 16
7356 20
7357 20
7358 28
7359 16
7360 12
7361 18
7362 18
7363 16
7364 24
7365 26
7366 20
7367 22
7368 20
7369 20
7370 38
7371 16
7372 22
7373 42
7374 14
7375 16
7376 20
7377 18
7378 32
7379 20
7380 16
7381 20
7382 16
7383 16
7384 22
7385 18
7386 16
7387 20
7388 14
7389 24
7390 18
7391 18
7392 12
7393 24
7394 20
7395 26
7396 32
7397 28
7398 28
7399 18
7400 48
7401 18
7402 26
7403 32
7404 14
7405 22
7406 14
7407 10
7408 16
7409 20
7410 36
7411 22
7412 26
7413 22
7414 18
7415 16
7416 18
7417 32
7418 20
7419 22
7420 18
7421 20
7422 30
7423 24
7424 18
7425 18
7426 32
7427 16
7428 22
7429 24
7430 38
7431 20
7432 52
7433 20
7434 16
7435 18
7436 20
7437 22
7438 18
7439 18
7440 14
7441 24
7442 18
7443 16
7444 20
7445 24
7446 16
7447 16
7448 14
7449 16
7450 22
7451 24
7452 56
7453 18
7454 12
7455 20
7456 20
7457 14
7458 16
7459 20
7460 38
7461 34
7462 22
7463 28
7464 20
7465 38
7466 10
7467 22
7468 26
7469 20
7470 14
7471 24
7472 32
7473 20
7474 24
7475 24
7476 24
7478 16
7477 40
7479 18
7480 20
7481 14
7482 18
7483 16
7484 18
7485 22
7486 20
7487 14
7488 16
7489 24
7490 24
7491 20
7492 20
7493 16
7494 28
7495 18
7496 16
7497 22
7498 16
7499 20
7500 26
7501 16
7502 18
7503 24
7504 20
7505 30
7506 26
7507 24
7508 26
7509 18
7510 24
7511 22
7512 16
7513 18
7514 20
7515 24
7516 20
7517 22
7518 36
7519 28
7520 22
7521 26
7522 36
7523 18
7524 22
7525 38
7526 16
7527 58
7528 24
7529 24
7530 34
7531 22
7532 20
7533 24
7534 16
7535 16
7536 30
7537 48
7538 30
7539 20
7540 32
7541 50
7542 16
7543 16
7544 20
7545 22
7546 28
7547 22
7548 18
7549 16
7550 36
7551 24
7552 28
7553 28
7554 24
7555 20
7556 18
7557 44
7558 36
7559 18
7560 46
7561 20
7562 24
7563 34
7564 26
7565 26
7566 12
7567 24
7568 42
7569 22
7570 28
7571 18
7572 28
7573 18
7574 18
7575 22
7576 14
7577 52
7578 24
7579 16
7580 18
7581 16
7582 22
7583 22
7584 18
7585 16
7586 22
7588 18
7587 30
7589 20
7590 20
7591 18
7592 34
7593 18
7594 16
7595 24
7596 24
7597 38
7598 20
7599 44
7600 54
7601 24
7602 24
7603 40
7604 24
7605 18
7606 24
7607 20
7608 18
7609 16
7610 76
7611 48
7612 46
7613 20
7615 26
7617 26
7614 74
7616 56
7618 20
7619 36
7620 20
7621 30
7622 26
7623 22
7624 26
7625 24
7626 28
7627 22
7628 28
7629 22
7630 40
7631 24
7632 30
7633 32
7634 24
7635 26
7636 20
7637 28
7638 12
7639 22
7640 20
7641 24
7642 36
7643 14
7644 20
7645 16
7646 26
7647 28
7648 22
7649 28
7650 20
7651 16
7652 24
7653 28
7654 14
7655 20
7656 14
7657 40
7658 22
7659 20
7660 24
7661 14
7662 22
7663 22
7664 16
7665 14
7666 22
7667 28
7668 12
7669 34
7670 26
7671 18
7672 14
7673 20
7674 24
7675 20
7676 28
7678 18
7677 46
7679 26
7680 30
7681 20
7682 24
7683 26
7684 26
7685 24
7686 20
7687 26
7688 18
7689 18
7690 20
7691 22
7692 22
7693 24
7694 14
7695 26
7696 18
7697 22
7698 26
7699 24
7700 14
7701 26
7702 16
7703 28
7704 28
7705 20
7706 24
7707 22
7708 16
7709 42
7710 22
7711 24
7712 14
7713 36
7714 18
7715 18
7716 18
7717 30
7718 26
7719 32
7720 30
7721 28
7722 24
7723 20
7724 20
7725 18
7726 20
7727 18
7728 20
7729 28
7730 22
7731 24
7732 22
7733 18
7734 16
7735 24
7736 30
7737 22
7738 22
7739 20
7740 20
7741 20
7742 18
7743 18
7744 20
7745 20
7746 26
7747 24
7748 20
7749 26
7750 24
7751 22
7752 16
7753 32
7754 20
7755 22
7757 22
7758 16
7756 42
7759 20
7760 40
7761 22
7762 20
7763 28
7764 18
7765 18
7766 18
7767 30
7768 22
7769 32
7770 12
7771 32
7772 18
7773 16
7774 24
7775 28
7776 18
7777 24
7778 16
7779 38
7780 14
7781 22
7782 22
7783 18
7784 24
7785 18
7786 20
7787 18
7788 22
7789 20
7790 28
7791 18
7792 26
7793 20
7794 20
7795 10
7796 30
7797 26
7798 18
7799 12
7800 20
7801 22
7802 20
7803 18
7804 20
7805 16
7806 24
7807 20
7808 22
7809 14
7810 18
7811 14
7812 22
7813 24
7814 18
7815 26
7816 24
7817 18
7818 24
7819 24
7820 24
7821 26
7822 20
7823 18
7824 20
7825 24
7826 18
7827 14
7828 14
7829 22
7830 22
7831 22
7832 20
7833 20
7834 22
7835 22
7836 24
7837 18
7838 38
7839 16
7840 16
7841 26
7842 52
7843 46
7844 22
7845 20
7846 16
7847 20
7848 22
7849 16
7850 22
7851 18
7852 16
7853 20
7854 20
7855 18
7856 26
7857 20
7858 18
7859 24
7860 26
7861 20
7862 14
7863 12
7864 20
7865 24
7866 20
7867 20
7868 16
7869 24
7870 20
7871 20
7872 16
7873 24
7874 18
7875 12
7876 20
7877 28
7878 24
7879 28
7880 14
7881 16
7882 22
7883 22
7884 16
7885 16
7886 36
7887 24
7888 20
7889 18
7890 18
7891 18
7892 12
7893 18
7894 28
7895 32
7896 18
7897 18
7898 22
7899 12
7900 20
7901 24
7902 18
7903 18
7904 22
7905 14
7906 20
7907 32
7908 34
7909 24
7910 16
7911 16
7912 38
7913 16
7914 52
7915 26
7916 24
7917 12
7918 20
7919 20
7920 16
7921 20
7922 22
7923 20
7924 26
7925 22
7926 14
7927 24
7928 26
7929 16
7930 20
7931 16
7932 18
7933 18
7934 18
7935 20
7936 26
7937 20
7938 20
7939 36
7940 32
7941 18
7942 18
7943 28
7944 30
7945 22
7946 26
7947 20
7948 14
7949 22
7950 16
7951 12
7952 20
7953 30
7954 22
7955 26
7956 18
7957 16
7958 12
7959 18
7960 50
7961 22
7962 26
7963 14
7964 16
7965 24
7966 24
7967 18
7968 18
7969 18
7970 20
7971 20
7972 16
7973 20
7974 20
7975 24
7976 20
7977 16
7978 26
7979 20
7980 20
7981 20
7982 22
7983 16
7984 14
7985 20
7986 18
7987 26
7988 18
7989 26
7990 20
7991 14
7992 18
7993 24
7994 28
7995 18
7997 20
7996 60
7998 32
7999 22
8000 14
8001 26
8002 18
8003 16
8004 20
8005 22
8006 14
8007 24
8008 22
8009 18
8010 24
8011 26
8012 24
8013 20
8014 22
8015 18
8016 36
8017 22
8018 20
8019 18
8020 24
8021 22
8022 20
8023 20
8024 22
8025 22
8026 18
8027 30
8028 22
8029 20
8030 20
8031 20
8032 16
8033 18
8034 24
8035 16
8036 28
8037 22
8038 24
8039 16
8040 24
8041 14
8042 22
8043 22
8044 14
8045 20
8046 26
8048 18
8047 38
8049 22
8050 18
8051 28
8052 14
8053 20
8054 22
8055 8
8056 20
8057 20
8058 18
8059 24
8060 22
8061 26
8062 16
8063 18
8064 24
8065 18
8066 20
8067 32
8068 24
8069 26
8070 22
8071 22
8072 32
8073 22
8074 18
8075 26
8076 20
8077 22
8078 38
8079 22
8080 30
8081 20
8082 24
8083 16
8084 20
8085 14
8086 20
8087 22
8088 38
8089 14
8090 16
8091 16
8092 26
8093 32
8094 16
8095 18
8096 14
8097 20
8098 16
8099 28
8100 20
8101 32
8102 24
8103 20
8104 18
8105 16
8106 18
8107 16
8108 24
8109 22
8110 24
8111 14
8112 16
8113 20
8114 16
8115 22
8116 20
8117 18
8118 42
8119 22
8120 20
8121 20
8122 28
8123 14
8124 14
8125 18
8126 26
8127 18
8128 18
8129 16
8130 24
8131 20
8132 18
8133 16
8134 18
8135 18
8137 24
8136 50
8138 28
8139 22
8140 32
8141 18
8142 22
8143 14
8144 24
8145 24
8146 16
8147 14
8148 16
8149 32
8150 20
8151 40
8152 18
8153 18
8154 28
8155 38
8156 22
8157 18
8158 16
8159 16
8160 28
8161 22
8162 24
8163 24
8164 14
8165 26
8166 26
8167 16
8168 18
8169 20
8170 18
8171 28
8172 20
8173 16
8174 22
8175 24
8176 12
8177 30
8178 20
8179 18
8180 16
8181 26
8182 22
8183 24
8184 22
8185 12
8186 24
8187 22
8188 18
8189 10
8190 14
8191 24
8192 18
8193 18
8194 22
8195 18
8196 18
8198 10
8197 62
8199 20
8200 24
8201 22
8202 12
8203 24
8204 18
8205 16
8206 30
8207 20
8208 20
8209 22
8210 16
8211 12
8212 36
8213 20
8214 20
8215 20
8216 18
8217 22
8218 20
8219 20
8220 30
8221 22
8222 24
8223 16
8224 20
8225 28
8226 12
8227 16
8228 46
8229 22
8230 24
8231 22
8232 34
8233 28
8234 14
8235 22
8236 16
8237 22
8238 22
8239 28
8240 20
8241 18
8242 18
8243 22
8244 24
8245 16
8246 16
8247 28
8248 24
8249 18
8250 20
8251 36
8252 18
8253 40
8254 22
8255 14
8256 18
8257 20
8258 22
8259 38
8260 38
8261 16
8262 20
8263 24
8264 24
8265 36
8266 16
8267 20
8268 20
8269 22
8270 20
8271 22
8272 38
8273 24
8274 20
8275 26
8276 14
8277 20
8278 24
8279 38
8280 30
8281 20
8282 26
8283 26
8284 26
8285 20
8286 18
8287 18
8288 20
8289 18
8290 18
8291 36
8292 20
8293 14
8294 20
8295 16
8296 26
8297 16
8298 14
8299 24
8300 36
8301 26
8302 20
8303 18
8304 12
8305 16
8306 22
8307 14
8308 14
8309 28
8310 24
8311 24
8312 20
8313 22
8314 20
8315 28
8316 24
8317 16
8318 18
8319 20
8320 26
8321 20
8322 26
8323 32
8324 24
8326 18
8327 20
8328 18
8325 52
8329 22
8330 20
8331 22
8332 26
8333 20
8334 18
8335 16
8336 18
8337 44
8338 28
8339 22
8340 22
8341 20
8342 18
8343 18
8344 42
8345 22
8346 20
8347 20
8348 16
8349 16
8350 18
8351 14
8352 14
8353 18
8354 22
8355 18
8356 24
8357 28
8358 16
8359 24
8360 24
8361 22
8362 16
8363 14
8364 18
8365 20
8366 16
8367 16
8368 30
8369 30
8370 20
8371 22
8372 30
8373 16
8374 22
8375 22
8376 18
8378 16
8377 36
8379 26
8380 22
8381 18
8382 20
8383 14
8384 20
8385 42
8386 36
8387 22
8388 46
8389 20
8390 20
8391 26
8392 22
8393 20
8394 22
8395 26
8396 28
8397 14
8398 12
8399 18
8400 16
8401 20
8402 20
8403 26
8404 34
8405 26
8406 22
8407 18
8408 22
8409 18
8410 20
8411 18
8412 16
8413 20
8414 22
8415 20
8416 22
8417 26
8418 26
8419 32
8420 20
8421 18
8422 16
8423 22
8424 16
8425 12
8426 18
8427 18
8428 20
8429 28
8430 18
8431 20
8432 24
8433 22
8434 20
8435 22
8436 14
8437 20
8438 18
8439 20
8440 20
8441 16
8442 36
8443 38
8444 18
8445 24
8446 22
8447 20
8448 22
8449 20
8450 44
8451 16
8452 16
8453 18
8454 32
8455 20
8456 32
8457 26
8458 34
8459 44
8460 24
8461 20
8462 16
8463 22
8464 18
8465 20
8466 16
8467 24
8468 22
8469 20
8470 28
8471 42
8472 22
8473 14
8474 20
8475 20
8476 18
8477 26
8478 16
8479 20
8480 20
8481 22
8482 22
8483 34
8484 18
8485 20
8486 24
8487 20
8488 38
8489 16
8490 22
8491 18
8492 18
8493 22
8494 22
8495 24
8496 20
8497 20
8498 22
8499 24
8500 22
8501 22
8502 20
8503 18
8504 18
8505 30
8506 24
8507 16
8508 18
8509 16
8510 20
8511 18
8512 20
8513 26
8514 24
8515 18
8516 20
8517 20
8518 22
8519 18
8520 14
8521 18
8522 26
8523 16
8524 20
8525 26
8526 24
8527 14
8528 18
8529 14
8530 22
8531 12
8532 34
8533 22
8534 22
8535 22
8536 20
8537 26
8538 32
8539 20
8540 24
8541 20
8542 26
8543 22
8544 32
8545 20
8546 16
8547 24
8548 26
8549 12
8550 28
8551 16
8552 14
8553 20
8554 20
8555 20
8556 24
8557 24
8558 22
8559 22
8560 14
8561 12
8562 18
8563 20
8564 24
8565 14
8566 18
8567 18
8568 22
8569 16
8570 18
8571 18
8572 22
8573 22
8574 22
8575 20
8576 20
8577 22
8578 18
8579 22
8580 36
8581 22
8582 28
8583 38
8584 18
8585 14
8586 30
8588 12
8587 36
8589 14
8590 24
8591 22
8592 26
8593 20
8594 24
8595 18
8596 22
8597 30
8598 44
8599 14
8600 24
8601 20
8602 10
8603 16
8604 40
8605 18
8606 14
8607 20
8608 28
8609 22
8610 12
8611 22
8612 20
8613 24
8614 28
8615 26
8616 20
8617 18
8618 18
8619 22
8620 22
8621 24
8622 22
8623 18
8624 20
8625 20
8626 14
8627 10
8628 20
8629 26
8630 15
8631 16
8632 36
8633 26
8634 14
8635 22
8636 34
8637 16
8638 22
8639 20
8640 12
8641 22
8642 18
8643 24
8644 16
8645 22
8646 20
8647 26
8648 32
8649 22
8650 24
8651 18
8652 28
8653 30
8654 22
8655 20
8656 20
8657 20
8658 22
8659 16
8660 46
8661 22
8662 20
8663 24
8664 16
8665 20
8666 20
8667 14
8668 16
8669 36
8670 20
8671 12
8672 20
8673 20
8674 24
8675 20
8676 20
8677 24
8678 16
8679 26
8680 20
8681 16
8682 30
8683 18
8684 24
8685 14
8686 22
8687 24
8688 20
8689 16
8690 12
8691 22
8692 18
8693 16
8694 18
8695 16
8696 20
8697 24
8698 16
8699 30
8700 24
8701 22
8702 14
8703 18
8704 16
8705 20
8706 14
8707 18
8708 18
8709 28
8710 18
8711 20
8712 18
8713 28
8714 24
8715 12
8716 36
8717 16
8718 20
8719 22
8720 16
8721 20
8722 18
8723 22
8724 18
8725 22
8726 20
8727 22
8728 14
8729 18
8730 22
8731 18
8732 16
8733 20
8734 26
8735 16
8736 16
8737 20
8738 22
8739 22
8740 24
8741 22
8742 24
8743 18
8744 18
8745 18
8746 16
8747 18
8748 18
8749 24
8750 16
8751 14
8752 24
8753 18
8754 26
8755 22
8756 12
8757 16
8758 26
8759 36
8760 20
8761 28
8762 18
8763 20
8764 18
8765 18
8766 18
8767 18
8768 18
8769 26
8770 24
8771 12
8772 34
8773 20
8774 18
8775 22
8776 32
8777 36
8778 22
8779 24
8780 20
8781 20
8782 20
8783 20
8784 20
8785 24
8786 12
8787 28
8788 18
8789 18
8790 22
8791 28
8792 16
8793 22
8794 24
8795 16
8796 16
8797 16
8798 16
8799 20
8800 28
8801 18
8802 18
8803 20
8804 16
8805 22
8806 20
8807 22
8808 20
8809 28
8810 18
8811 20
8812 18
8813 14
8814 24
8815 20
8816 22
8817 16
8818 16
8819 20
8820 22
8821 22
8822 22
8823 14
8824 38
8825 30
8826 20
8827 22
8828 40
8829 20
8830 20
8831 20
8832 20
8833 18
8834 26
8835 16
8836 20
8837 16
8838 40
8839 28
8840 22
8841 20
8842 18
8843 28
8844 20
8845 18
8846 22
8847 26
8848 20
8849 20
8850 14
8851 16
8852 22
8853 16
8854 18
8855 18
8856 22
8857 26
8858 20
8859 28
8860 20
8861 24
8862 26
8863 22
8864 24
8865 22
8866 12
8867 20
8868 48
8869 20
8870 48
8871 22
8872 22
8873 18
8874 26
8875 18
8876 18
8877 20
8878 24
8879 22
8880 22
8881 18
8882 24
8883 30
8884 44
8885 14
8886 16
8887 20
8888 16
8889 22
8890 16
8891 18
8892 22
8893 20
8894 36
8895 18
8897 20
8898 18
8896 40
8899 18
8900 16
8901 24
8902 16
8903 18
8904 14
8905 22
8906 20
8907 16
8908 24
8909 22
8910 24
8911 16
8912 14
8913 22
8914 22
8915 22
8916 22
8917 16
8918 18
8919 26
8920 16
8921 20
8922 38
8923 24
8924 38
8925 20
8926 28
8927 40
8928 22
8929 14
8930 14
8931 50
8932 44
8933 22
8934 22
8935 24
8936 20
8937 18
8938 22
8939 20
8940 14
8941 18
8942 18
8943 18
8944 20
8945 34
8947 16
8946 42
8948 20
8949 20
8950 18
8951 24
8952 12
8953 24
8954 18
8955 16
8956 16
8957 30
8958 20
8959 56
8960 24
8961 14
8962 16
8963 24
8964 20
8965 18
8966 22
8967 20
8968 36
8969 22
8970 20
8971 38
8972 20
8973 20
8974 24
8975 12
8977 18
8976 40
8978 24
8979 22
8980 24
8981 30
8982 26
8983 24
8984 28
8985 36
8986 50
8987 30
8988 54
8989 18
8990 18
8991 30
8992 28
8993 18
8994 20
8995 28
8997 20
8998 18
8996 48
8999 18
9000 20
9001 22
9002 26
9003 20
9004 46
9005 22
9006 22
9007 26
9008 20
9009 24
9010 56
9011 38
9012 16
9013 18
9014 22
9015 20
9016 20
9017 24
9018 16
9019 20
9020 26
9021 24
9022 18
9023 8
9024 18
9025 18
9028 18
9026 56
9027 59
9029 34
9030 20
9031 24
9032 24
9033 16
9034 20
9035 26
9036 18
9037 18
9038 42
9039 20
9040 32
9041 26
9042 18
9043 20
9044 30
9045 16
9046 16
9047 20
9048 26
9049 22
9050 20
9051 54
9052 18
9053 24
9055 22
9057 16
9054 64
9056 54
9058 22
9059 14
9060 24
9061 22
9062 14
9063 18
9064 18
9065 16
9066 20
9067 20
9068 40
9069 34
9070 18
9071 28
9072 20
9073 20
9074 40
9075 20
9076 32
9077 16
9078 58
9079 16
9080 20
9081 26
9082 8
9083 16
9085 12
9087 22
9088 16
9084 72
9086 52
9089 24
9090 16
9091 24
9092 20
9093 30
9094 24
9095 36
9096 28
9097 22
9098 20
9099 20
9100 44
9101 24
9102 20
9103 36
9104 36
9105 26
9106 28
9107 22
9108 24
9109 22
9110 28
9111 30
9112 46
9113 38
9114 32
9115 26
9116 28
9117 22
9118 22
9119 30
9120 32
9121 30
9122 34
9123 22
9124 30
9125 30
9126 26
9127 36
9128 20
9129 12
9130 20
9131 22
9132 34
9133 28
9135 18
9136 30
9137 28
9134 62
9138 20
9139 64
9140 20
9141 16
9142 36
9143 12
9144 22
9145 20
9146 16
9147 18
9148 30
9149 28
9150 30
9151 34
9152 18
9153 30
9154 20
9155 26
9156 26
9157 18
9158 22
9159 34
9160 20
9161 20
9162 20
9163 34
9164 22
9165 20
9166 22
9167 18
9168 34
9169 34
9170 30
9171 18
9172 18
9173 24
9174 50
9175 20
9176 20
9177 22
9178 16
9179 38
9180 26
9181 18
9182 28
9183 18
9184 34
9185 18
9186 22
9187 24
9188 24
9189 18
9190 26
9191 16
9192 36
9193 22
9194 30
9195 14
9196 18
9197 18
9198 26
9199 22
9200 22
9201 18
9202 18
9203 30
9204 26
9205 22
9206 26
9207 22
9208 20
9209 20
9210 18
9211 24
9212 26
9213 16
9214 20
9215 20
9216 18
9217 14
9218 34
9219 22
9220 22
9221 40
9222 32
9223 24
9224 22
9225 20
9226 28
9227 40
9228 22
9229 18
9230 16
9231 28
9232 20
9233 26
9234 18
9235 24
9236 24
9237 26
9238 24
9239 20
9240 18
9241 18
9242 26
9243 38
9244 26
9245 18
9246 22
9247 22
9248 16
9249 18
9250 24
9251 24
9252 18
9253 26
9254 26
9255 40
9256 22
9257 22
9258 18
9259 16
9260 16
9261 16
9262 20
9263 20
9264 14
9265 28
9266 26
9267 20
9268 14
9269 28
9270 28
9271 24
9272 22
9273 42
9274 18
9275 40
9277 22
9278 14
9276 48
9279 26
9280 20
9281 20
9282 24
9283 28
9284 32
9285 20
9286 22
9287 18
9288 18
9289 18
9290 40
9291 22
9292 14
9293 18
9294 26
9295 14
9296 20
9297 26
9298 20
9299 24
9300 18
9301 18
9302 22
9303 28
9304 20
9305 22
9306 20
9307 20
9308 24
9309 22
9310 22
9311 22
9312 18
9313 42
9314 20
9315 22
9316 18
9317 20
9318 14
9319 26
9320 24
9321 22
9322 20
9323 18
9325 24
9326 20
9327 22
9324 80
9328 36
9329 22
9330 24
9331 24
9332 12
9333 44
9334 12
9335 18
9336 20
9337 24
9338 22
9339 20
9340 18
9341 18
9342 20
9343 22
9344 24
9346 28
9347 20
9345 58
9348 22
9349 14
9350 22
9351 20
9352 18
9353 44
9354 18
9355 20
9356 22
9357 24
9358 18
9359 20
9360 18
9361 18
9362 22
9363 12
9364 26
9365 24
9366 16
9367 20
9368 20
9369 18
9370 14
9371 22
9372 18
9373 34
9374 16
9375 18
9376 22
9377 12
9378 18
9379 26
9380 12
9381 22
9382 24
9383 18
9384 26
9385 20
9386 18
9387 24
9388 28
9389 22
9390 20
9391 38
9392 20
9393 22
9394 28
9395 20
9396 20
9397 22
9398 26
9399 14
9400 18
9401 24
9402 20
9403 18
9404 10
9405 24
9406 18
9407 22
9408 18
9409 16
9410 26
9411 20
9412 26
9413 20
9414 16
9415 22
9416 20
9417 24
9418 22
9419 20
9420 20
9421 20
9422 16
9423 18
9424 20
9425 24
9426 24
9427 26
9428 18
9429 22
9430 42
9431 30
9432 24
9433 26
9434 22
9435 14
9436 18
9437 20
9438 18
9439 20
9440 34
9441 24
9442 16
9443 22
9444 16
9445 32
9446 26
9447 18
9448 16
9449 26
9450 20
9451 20
9452 20
9453 26
9454 20
9455 20
9456 22
9457 20
9458 20
9459 16
9460 24
9461 22
9462 20
9463 18
9464 24
9465 40
9466 16
9467 24
9468 22
9469 26
9470 30
9471 24
9472 18
9473 20
9474 16
9475 16
9476 22
9477 22
9478 12
9479 22
9480 22
9481 30
9482 16
9483 14
9484 22
9485 20
9486 16
9487 18
9488 18
9489 22
9490 22
9491 12
9492 20
9493 16
9494 18
9495 18
9496 22
9497 20
9498 20
9499 24
9500 10
9501 18
9502 20
9503 30
9504 20
9505 16
9506 16
9507 24
9508 30
9509 14
9510 24
9511 20
9512 20
9513 12
9514 18
9515 20
9516 20
9517 18
9518 50
9519 24
9520 20
9521 22
9522 30
9523 20
9524 22
9525 22
9526 18
9528 16
9527 34
9529 52
9530 24
9531 20
9532 14
9533 22
9534 24
9535 20
9536 20
9537 20
9538 20
9539 24
9540 28
9541 16
9542 20
9543 20
9544 16
9545 22
9546 28
9547 12
9548 20
9549 16
9550 14
9551 20
9552 28
9553 28
9554 26
9555 28
9556 16
9557 16
9558 24
9559 20
9560 18
9561 30
9562 22
9563 46
9564 18
9565 22
9566 20
9567 20
9568 18
9569 24
9570 44
9571 22
9572 28
9573 26
9574 16
9575 26
9576 20
9577 16
9578 32
9579 22
9580 16
9581 34
9582 14
9583 22
9584 22
9585 20
9586 20
9587 20
9588 14
9589 20
9590 18
9591 16
9592 20
9593 28
9594 18
9595 24
9596 18
9597 26
9598 20
9599 16
9600 20
9601 20
9602 18
9603 16
9604 16
9605 16
9606 12
9607 26
9608 14
9609 24
9610 24
9611 34
9612 30
9613 14
9614 32
9615 22
9616 36
9617 18
9618 20
9619 24
9620 22
9621 18
9622 10
9623 52
9624 18
9625 20
9626 18
9627 18
9628 24
9629 22
9630 44
9631 54
9632 24
9633 20
9634 18
9635 16
9636 18
9637 16
9638 22
9639 32
9640 26
9641 18
9642 28
9643 22
9644 22
9645 22
9646 34
9647 20
9648 24
9649 18
9650 16
9651 20
9652 22
9653 18
9654 20
9655 20
9656 18
9657 16
9658 16
9659 36
9660 22
9661 18
9662 26
9663 20
9664 28
9665 20
9666 26
9667 18
9668 18
9669 24
9670 22
9671 24
9672 26
9673 30
9674 24
9675 24
9676 20
9677 16
9678 18
9679 36
9680 22
9681 24
9682 24
9683 22
9684 20
9685 20
9686 14
9687 20
9688 26
9689 24
9690 12
9691 28
9692 16
9693 20
9694 24
9695 20
9696 14
9697 26
9698 18
9699 22
9700 22
9701 32
9702 18
9703 22
9704 30
9705 20
9706 28
9707 18
9708 20
9709 16
9710 14
9711 20
9712 22
9713 24
9714 22
9715 24
9716 24
9717 32
9718 22
9719 22
9720 22
9721 28
9722 16
9723 20
9724 18
9725 28
9726 34
9727 26
9728 22
9729 24
9730 48
9731 38
9732 18
9733 18
9734 30
9735 18
9736 34
9737 16
9738 20
9739 36
9740 24
9741 18
9742 26
9743 16
9744 22
9745 18
9746 20
9747 20
9748 22
9749 18
9750 22
9751 20
9752 16
9753 18
9754 32
9755 16
9756 32
9757 32
9758 22
9759 32
9760 18
9761 26
9762 30
9763 18
9764 38
9765 28
9766 20
9767 18
9768 16
9769 22
9770 36
9771 18
9772 16
9773 22
9774 16
9775 20
9776 20
9777 20
9778 22
9779 16
9780 18
9781 20
9782 20
9783 18
9784 34
9785 20
9786 22
9787 26
9788 22
9789 14
9790 30
9791 18
9792 18
9793 20
9794 16
9795 18
9796 32
9797 16
9798 22
9799 26
9800 18
9801 18
9802 24
9803 16
9804 24
9805 18
9806 16
9807 20
9808 18
9809 16
9810 18
9811 24
9812 22
9813 24
9814 18
9815 20
9816 22
9817 20
9818 20
9819 20
9820 16
9821 22
9822 26
9823 10
9824 20
9825 22
9826 34
9827 18
9828 28
9829 22
9830 20
9831 22
9832 24
9833 18
9834 12
9835 20
9836 30
9837 14
9838 14
9839 22
9840 22
9841 28
9842 34
9843 24
9844 16
9845 24
9846 20
9847 18
9848 24
9849 24
9850 28
9851 16
9852 24
9853 18
9854 14
9855 16
9856 20
9857 24
9858 24
9859 16
9860 24
9861 22
9862 24
9863 38
9864 22
9865 34
9866 14
9867 18
9868 18
9869 20
9870 20
9871 26
9872 24
9873 20
9874 24
9875 18
9876 16
9877 32
9878 44
9879 20
9880 26
9881 20
9882 26
9883 28
9884 22
9885 18
9886 22
9887 16
9888 20
9889 32
9890 16
9891 20
9892 16
9893 22
9894 26
9895 22
9896 18
9897 18
9898 48
9899 28
9900 20
9901 16
9902 26
9903 18
9904 22
9905 16
9906 24
9907 24
9908 40
9909 22
9910 22
9911 28
9912 20
9913 28
9914 22
9915 12
9916 14
9917 18
9918 18
9919 16
9920 24
9921 16
9922 26
9923 10
9924 24
9925 20
9926 18
9927 36
9928 24
9929 26
9930 22
9931 18
9932 18
9933 36
9934 24
9935 22
9936 18
9937 16
9938 22
9939 24
9940 20
9941 30
9942 22
9943 22
9944 24
9945 24
9946 20
9947 26
9948 16
9949 16
9950 28
9951 14
9952 26
9953 14
9954 22
9955 16
9956 24
9957 22
9958 26
9959 22
9960 24
9961 22
9962 18
9963 18
9964 26
9965 22
9966 26
9967 28
9968 24
9969 40
9970 18
9971 8
9972 32
9973 20
9974 22
9975 18
9976 24
9977 18
9978 20
9979 20
9980 18
9981 20
9982 20
9983 22
9984 26
9985 18
9986 22
9987 24
9988 20
9989 26
9990 22
9991 34
9992 20
9993 20
9994 26
9995 20
9996 18
9997 26
9998 32
9999 22
10000 18
10001 20
10002 22
10003 22
10004 18
10005 22
10006 20
10007 18
10008 22
10009 24
10010 18
10011 16
10012 20
10013 18
10014 18
10015 26
10016 30
10017 14
10018 20
10019 22
10020 12
10021 18
10022 38
10023 26
10024 22
10025 22
10026 16
10027 20
10028 16
10029 32
10030 26
10031 26
10032 18
10033 22
10034 18
10035 24
10036 20
10037 24
10038 28
10039 18
10040 28
10041 20
10042 16
10043 20
10044 26
10045 42
10046 20
10047 10
10048 14
10049 20
10050 22
10051 20
10052 34
10053 20
10054 22
10055 22
10056 26
10057 24
10058 20
10059 12
10060 22
10061 22
10062 24
10063 18
10064 36
10065 26
10067 24
10068 18
10066 68
10069 22
10070 24
10071 16
10072 22
10073 18
10074 30
10075 20
10076 14
10077 36
10078 28
10079 12
10080 24
10081 22
10082 16
10083 18
10084 20
10085 14
10086 16
10087 24
10088 24
10089 14
10090 22
10091 22
10092 18
10093 18
10094 18
10095 22
10096 20
10097 30
10098 20
10099 24
