100 20
101 14
102 16
103 16
104 12
105 12
106 20
107 12
108 8
109 14
110 12
111 12
112 14
113 14
114 14
115 14
116 18
117 12
118 8
119 18
120 14
121 12
122 10
123 16
124 10
125 20
126 12
127 14
128 14
129 12
130 16
131 14
132 12
133 16
134 12
135 38
136 10
137 12
138 14
139 14
140 14
141 14
142 14
143 16
144 14
145 12
146 12
147 14
148 14
149 14
150 14
151 10
152 14
153 14
154 12
155 14
156 12
157 18
158 14
159 16
160 16
161 14
162 10
163 18
164 10
165 16
166 12
167 14
168 24
169 16
170 14
171 16
172 12
173 12
174 14
175 26
176 14
177 14
178 12
179 10
180 14
181 10
182 10
183 28
184 12
185 12
186 14
187 14
188 14
189 14
190 12
191 14
192 28
193 16
194 14
195 14
196 14
197 18
198 12
199 16
200 10
201 14
202 14
203 10
204 12
205 14
206 14
207 14
208 16
209 10
210 14
211 10
212 12
213 14
214 12
215 16
216 16
217 14
218 10
219 14
220 30
221 8
222 12
223 22
224 20
225 14
226 10
227 24
228 10
229 18
230 14
231 24
232 12
233 20
234 8
235 18
236 18
237 18
238 24
239 14
240 12
241 14
242 14
243 12
244 24
245 20
246 22
247 22
248 16
249 18
250 22
251 20
252 20
253 22
254 14
255 16
256 20
257 18
258 20
259 10
260 10
261 10
262 14
263 16
264 14
265 16
266 12
267 14
268 20
269 12
270 12
271 18
272 8
273 10
274 16
275 12
276 10
277 12
278 20
279 12
280 14
281 14
282 16
283 12
284 14
285 10
286 16
287 14
288 14
289 18
290 14
291 18
292 14
293 10
294 12
295 14
296 12
297 8
298 20
299 18
300 20
301 20
302 16
303 16
304 12
305 22
306 16
307 14
308 10
309 16
310 12
311 20
312 28
313 16
314 12
315 20
316 14
317 18
318 18
319 12
320 14
321 10
322 12
323 14
324 12
325 18
326 16
327 14
328 16
329 12
330 16
331 16
332 14
333 16
334 10
335 14
336 18
337 16
338 14
339 14
340 14
341 14
342 14
343 12
344 18
345 8
346 16
347 14
348 14
349 14
350 12
351 12
352 14
353 18
354 14
355 12
356 16
357 14
358 18
359 16
360 14
361 20
362 14
363 10
364 18
365 16
366 12
367 16
368 14
369 14
370 14
371 18
372 14
373 24
374 16
375 14
376 18
377 12
378 16
379 12
380 24
381 18
382 10
383 16
384 16
385 14
386 22
387 14
388 16
389 14
390 20
391 20
392 12
393 14
394 16
395 14
396 14
397 16
398 16
399 18
400 16
401 14
402 10
403 16
404 16
405 16
406 16
407 16
408 14
409 18
410 22
411 12
412 16
413 16
414 16
415 14
416 14
417 12
418 14
419 18
420 38
421 14
422 8
423 14
424 18
425 20
426 14
427 18
428 12
429 14
430 14
431 20
432 22
433 16
434 18
435 14
436 24
437 24
438 14
439 10
440 14
441 10
442 12
443 18
444 22
445 20
446 22
447 10
448 42
449 28
450 30
451 22
452 20
453 12
454 16
455 18
456 10
457 18
458 22
459 32
460 14
461 14
462 16
463 16
464 14
465 16
466 14
467 14
468 12
469 14
470 18
471 12
472 14
473 18
474 16
475 18
476 16
477 20
478 22
479 26
480 16
481 18
482 16
483 24
484 12
485 20
486 24
487 18
488 20
489 42
490 14
491 10
492 18
493 16
494 12
495 14
496 16
497 14
498 12
499 10
500 10
501 24
502 20
503 14
504 18
505 16
506 16
507 12
508 14
509 28
510 14
511 16
512 26
513 12
514 16
515 14
516 16
517 16
518 22
519 16
520 12
521 12
522 22
523 12
524 14
525 12
526 18
527 16
528 8
529 18
530 8
531 12
532 18
533 14
534 14
535 18
536 14
537 18
538 12
539 12
540 42
541 16
542 16
543 16
544 16
545 18
546 26
547 12
548 14
549 10
550 12
551 20
552 14
553 14
554 18
555 16
556 18
557 10
558 14
559 10
560 12
561 16
562 18
563 18
564 8
565 16
566 18
567 14
568 18
569 20
570 16
571 8
572 18
573 18
574 10
575 18
576 16
577 18
578 16
579 16
580 14
581 16
582 16
583 14
584 20
585 18
586 22
587 16
588 16
589 18
590 18
591 22
592 12
593 12
594 16
595 10
596 16
597 12
598 20
599 14
600 14
601 20
602 20
603 16
604 6
605 14
606 20
607 18
608 14
609 14
610 16
611 20
612 14
613 18
614 12
615 12
616 16
617 14
618 8
619 18
620 16
621 10
622 20
623 34
624 12
625 26
626 18
627 14
628 18
629 34
630 14
631 14
632 14
633 16
634 14
635 20
636 10
637 18
638 20
639 20
640 16
641 18
642 16
643 14
644 24
645 12
646 26
647 16
648 16
649 18
650 14
651 22
652 12
653 20
654 18
655 16
656 26
657 20
658 16
659 14
660 16
661 16
662 30
663 24
664 16
665 22
666 14
667 14
668 20
669 22
670 10
671 16
672 36
673 18
674 10
675 12
676 18
677 14
678 22
679 12
680 14
681 16
682 18
683 16
684 16
685 14
686 22
687 16
688 32
689 20
690 14
691 16
692 16
693 22
694 38
695 18
696 22
697 16
698 18
699 18
700 18
701 10
702 12
703 16
704 16
705 18
706 20
707 14
708 22
709 22
710 16
711 14
712 12
713 20
714 18
715 12
716 12
717 14
718 14
719 18
720 20
721 22
722 14
723 16
724 28
725 24
726 16
727 14
728 16
729 20
730 16
731 26
732 16
733 18
734 12
735 14
736 16
737 20
738 16
739 16
740 14
741 16
742 18
743 20
744 12
745 22
746 16
747 12
748 16
749 12
750 16
751 16
752 14
753 8
754 18
755 20
756 22
757 20
758 22
759 22
760 22
761 14
762 24
763 26
764 16
765 12
766 16
767 18
768 16
769 18
770 14
771 16
772 22
773 18
774 16
775 30
776 16
777 18
778 22
779 12
780 12
781 20
782 20
783 14
784 28
785 16
786 12
787 18
788 16
789 14
790 18
791 18
792 16
793 18
794 18
795 20
796 16
797 14
798 16
799 12
800 22
801 16
802 18
803 14
804 14
805 12
806 16
807 12
808 18
809 16
810 24
811 16
812 16
813 18
814 18
815 24
816 14
817 16
818 18
819 14
820 20
821 24
822 16
823 32
824 16
825 18
826 10
827 16
828 14
829 18
830 22
831 20
832 16
833 14
834 18
835 16
836 8
837 12
838 16
839 18
840 14
841 20
842 14
843 24
844 8
845 16
846 14
847 18
848 20
849 12
850 16
851 16
852 18
853 12
854 20
855 16
856 14
857 14
858 20
859 16
860 18
861 20
862 18
863 16
864 14
865 18
866 32
867 20
868 18
869 14
870 14
871 12
872 12
873 20
874 16
875 20
876 18
877 20
878 16
879 24
880 14
881 26
882 14
883 18
884 16
885 20
886 16
887 16
888 16
889 14
890 16
891 10
892 14
893 18
894 20
895 18
896 12
897 14
898 22
899 16
900 10
901 14
902 22
903 16
904 20
905 20
906 20
907 22
908 16
909 16
910 16
911 18
912 16
913 22
914 20
915 12
916 16
917 24
918 26
919 14
920 26
921 10
922 22
923 16
924 26
925 24
926 16
927 20
928 18
929 16
930 16
931 24
932 22
933 16
934 18
935 18
936 20
937 20
938 10
939 14
940 34
941 20
942 16
943 12
944 20
945 18
946 10
947 12
948 18
949 20
950 18
951 16
952 14
953 22
954 18
955 20
956 14
957 18
958 16
959 10
960 12
961 16
962 22
963 14
964 18
965 18
966 14
967 12
968 18
969 18
970 22
971 16
972 20
973 24
974 18
975 20
976 18
977 20
978 22
979 12
980 14
981 16
982 22
983 14
984 22
985 16
986 10
987 22
988 14
989 16
990 14
991 16
992 24
993 24
994 20
995 18
996 14
997 20
998 18
999 16
1000 18
1001 54
1002 24
1003 18
1004 12
1005 18
1006 14
1007 14
1008 18
1009 16
1010 14
1011 18
1012 14
1013 16
1014 16
1015 18
1016 16
1017 16
1018 16
1019 14
1020 20
1021 18
1022 12
1023 12
1024 24
1025 12
1026 12
1027 18
1028 12
1029 16
1030 22
1031 18
1032 12
1033 20
1034 18
1035 18
1036 16
1037 16
1038 10
1039 26
1040 24
1041 16
1042 10
1043 24
1044 18
1045 36
1046 12
1047 28
1048 12
1049 16
1050 12
1051 12
1052 14
1053 20
1054 12
1055 22
1056 20
1057 20
1058 26
1059 18
1060 22
1061 36
1062 16
1063 28
1064 12
1065 14
1066 24
1067 22
1068 22
1069 14
1070 18
1071 14
1072 16
1073 18
1074 20
1075 16
1076 14
1077 20
1078 20
1079 12
1080 18
1081 20
1082 18
1083 26
1084 18
1085 16
1086 24
1087 14
1088 20
1089 14
1090 26
1091 20
1092 18
1093 8
1094 18
1095 18
1096 28
1097 20
1098 16
1099 16
1100 14
1101 10
1102 16
1103 14
1104 26
1105 14
1106 18
1107 20
1108 20
1109 16
1110 20
1111 16
1112 20
1113 14
1114 20
1115 18
1116 22
1117 16
1118 28
1119 20
1120 20
1121 16
1122 16
1123 16
1124 22
1125 18
1126 16
1127 12
1128 10
1129 18
1130 12
1131 34
1132 20
1133 16
1134 14
1135 34
1136 20
1137 12
1138 16
1139 20
1140 18
1141 18
1142 18
1143 20
1144 20
1145 24
1146 14
1147 14
1148 20
1149 16
1150 10
1151 16
1152 14
1153 16
1154 18
1155 14
1156 8
1157 20
1158 14
1159 20
1160 20
1161 16
1162 26
1163 24
1164 14
1165 22
1166 20
1167 20
1168 22
1169 32
1170 18
1171 16
1172 20
1173 22
1174 20
1175 20
1176 24
1177 16
1178 20
1179 8
1180 18
1181 22
1182 20
1183 16
1184 18
1185 22
1186 20
1187 14
1188 18
1189 18
1190 24
1191 24
1192 24
1193 14
1194 20
1195 14
1196 10
1197 18
1198 18
1199 16
1200 16
1201 22
1202 42
1203 18
1204 18
1205 16
1206 26
1207 14
1208 12
1209 16
1210 24
1211 12
1212 30
1213 20
1214 10
1215 18
1216 22
1217 22
1218 14
1219 16
1220 12
1221 18
1222 16
1223 14
1224 14
1225 24
1226 20
1227 16
1228 18
1229 18
1230 20
1231 18
1232 20
1233 16
1234 12
1235 36
1236 16
1237 20
1238 18
1239 12
1240 14
1241 18
1242 20
1243 18
1244 16
1245 16
1246 18
1247 16
1248 32
1249 18
1250 24
1251 16
1252 14
1253 20
1254 10
1255 16
1256 14
1257 18
1258 18
1259 12
1260 14
1261 16
1262 18
1263 20
1264 18
1265 20
1266 12
1267 16
1268 12
1269 22
1270 18
1271 20
1272 22
1273 16
1274 14
1275 16
1276 14
1277 16
1278 18
1279 32
1280 18
1281 12
1282 12
1283 18
1284 14
1285 16
1286 16
1287 42
1288 16
1289 16
1290 12
1291 18
1292 18
1293 12
1294 20
1295 20
1296 22
1297 20
1298 16
1299 16
1300 16
1301 18
1302 16
1303 18
1304 20
1305 14
1306 12
1307 22
1308 16
1309 16
1310 20
1311 20
1312 14
1313 20
1314 36
1315 20
1316 20
1317 18
1318 16
1319 22
1320 20
1321 18
1322 18
1323 22
1324 24
1325 22
1326 22
1327 18
1328 24
1329 16
1330 24
1331 18
1332 18
1333 14
1334 18
1335 16
1336 16
1337 20
1338 18
1339 22
1340 20
1341 10
1342 32
1343 14
1344 14
1345 22
1346 18
1347 14
1348 20
1349 18
1350 20
1351 16
1352 20
1353 20
1354 20
1355 16
1356 22
1357 26
1358 24
1359 14
1360 20
1361 18
1362 16
1363 14
1364 24
1365 16
1366 20
1367 18
1368 16
1369 18
1370 20
1371 16
1372 12
1373 12
1374 18
1375 16
1376 12
1377 10
1378 20
1379 10
1380 30
1381 18
1382 22
1383 16
1384 16
1385 14
1386 14
1387 16
1388 16
1389 12
1390 16
1391 12
1392 22
1393 10
1394 18
1395 18
1396 22
1397 10
1398 14
1399 22
1400 22
1401 20
1402 14
1403 14
1404 22
1405 24
1406 22
1407 18
1408 22
1409 18
1410 18
1411 24
1412 22
1413 22
1414 8
1415 18
1416 18
1417 18
1418 20
1419 24
1420 22
1421 12
1422 22
1423 16
1424 18
1425 14
1426 24
1427 18
1428 18
1429 18
1430 14
1431 22
1432 22
1433 20
1434 20
1435 26
1436 18
1437 24
1438 20
1439 24
1440 22
1441 18
1442 20
1443 14
1444 26
1445 20
1446 16
1447 20
1448 22
1449 10
1450 24
1451 12
1452 16
1453 14
1454 16
1455 20
1456 14
1457 14
1458 20
1459 12
1460 18
1461 16
1462 10
1463 30
1464 20
1465 24
1466 22
1467 18
1468 22
1469 16
1470 16
1471 18
1472 14
1473 18
1474 14
1475 12
1476 18
1477 16
1478 24
1479 16
1480 16
1481 16
1482 16
1483 18
1484 34
1485 14
1486 22
1487 32
1488 42
1489 14
1490 26
1491 18
1492 14
1493 22
1494 18
1495 12
1496 12
1497 12
1498 18
1499 16
1500 20
1501 20
1502 18
1503 16
1504 14
1505 26
1506 16
1507 16
1508 18
1509 16
1510 26
1511 14
1512 20
1513 18
1514 16
1515 26
1516 20
1517 16
1518 14
1519 20
1520 16
1521 10
1522 30
1523 14
1524 22
1525 10
1526 18
1527 20
1528 16
1529 16
1530 16
1531 32
1532 24
1533 10
1534 18
1535 18
1536 20
1537 20
1538 18
1539 20
1540 22
1541 20
1542 14
1543 14
1544 18
1545 16
1546 20
1547 22
1548 18
1549 20
1550 20
1551 24
1552 16
1553 20
1554 20
1555 18
1556 18
1557 20
1558 14
1559 20
1560 22
1561 22
1562 34
1563 16
1564 20
1565 24
1566 30
1567 18
1568 20
1569 18
1570 26
1571 18
1572 18
1573 16
1574 28
1575 20
1576 16
1577 24
1578 16
1579 18
1580 20
1581 18
1582 22
1583 16
1584 16
1585 22
1586 14
1587 16
1588 22
1589 16
1590 20
1591 24
1592 22
1593 14
1594 18
1595 16
1596 18
1597 34
1598 14
1599 14
1600 18
1601 20
1602 22
1603 20
1604 20
1605 16
1606 18
1607 20
1608 12
1609 20
1610 18
1611 28
1612 14
1613 22
1614 18
1615 20
1616 26
1617 40
1618 26
1619 20
1620 18
1621 20
1622 16
1623 20
1624 36
1625 20
1626 24
1627 24
1628 16
1629 28
1630 12
1631 16
1632 22
1633 20
1634 22
1635 20
1636 22
1637 18
1638 20
1639 24
1640 26
1641 12
1642 16
1643 20
1644 20
1645 22
1646 26
1647 18
1648 10
1649 20
1650 12
1651 18
1652 18
1653 18
1654 20
1655 24
1656 16
1657 22
1658 18
1659 16
1660 20
1661 24
1662 16
1663 14
1664 18
1665 22
1666 22
1667 14
1668 22
1669 14
1670 16
1671 22
1672 16
1673 14
1674 20
1675 14
1676 18
1677 20
1678 18
1679 18
1680 20
1681 18
1682 18
1683 20
1684 18
1685 12
1686 22
1687 20
1688 20
1689 18
1690 18
1691 20
1692 14
1693 22
1694 24
1695 24
1696 24
1697 14
1698 12
1699 20
1700 26
1701 34
1702 20
1703 30
1704 28
1705 18
1706 20
1707 26
1708 24
1709 20
1710 22
1711 18
1712 20
1713 20
1714 20
1715 18
1716 16
1717 22
1718 18
1719 18
1720 20
1721 16
1722 16
1723 24
1724 20
1725 22
1726 14
1727 14
1728 20
1729 18
1730 22
1731 24
1732 20
1733 16
1734 20
1735 22
1736 14
1737 20
1738 20
1739 22
1740 22
1741 16
1742 24
1743 20
1744 14
1745 22
1746 14
1747 12
1748 16
1749 28
1750 16
1751 20
1752 16
1753 14
1754 24
1755 16
1756 24
1757 28
1758 18
1759 24
1760 12
1761 20
1762 8
1763 12
1764 20
1765 14
1766 14
1767 16
1768 24
1769 34
1770 18
1771 24
1772 20
1773 18
1774 20
1775 16
1776 16
1777 20
1778 16
1779 20
1780 22
1781 20
1782 14
1783 24
1784 18
1785 22
1786 14
1787 16
1788 60
1789 18
1790 18
1791 20
1792 10
1793 18
1794 22
1795 18
1796 16
1797 28
1798 16
1799 18
1800 16
1801 22
1802 16
1803 18
1804 22
1805 14
1806 14
1807 14
1808 14
1809 22
1810 16
1811 18
1812 20
1813 20
1814 20
1815 14
1816 6
1817 18
1818 16
1819 24
1820 26
1821 34
1822 30
1823 22
1824 20
1825 22
1826 14
1827 18
1828 16
1829 18
1830 16
1831 12
1832 22
1833 22
1834 20
1835 18
1836 24
1837 12
1838 22
1839 12
1840 18
1841 16
1842 24
1843 22
1844 20
1845 18
1846 18
1847 20
1848 20
1849 14
1850 14
1851 16
1852 18
1853 22
1854 22
1855 20
1856 20
1857 18
1858 16
1859 26
1860 22
1861 20
1862 14
1863 12
1864 18
1865 40
1866 20
1867 24
1868 18
1869 28
1870 18
1871 12
1872 18
1873 18
1874 16
1875 20
1876 18
1877 22
1878 24
1879 24
1880 20
1881 26
1882 12
1883 16
1884 18
1885 22
1886 18
1887 14
1888 16
1889 36
1890 38
1891 46
1892 20
1893 32
1894 30
1895 18
1896 26
1897 20
1898 20
1899 14
1900 24
1901 16
1902 18
1903 16
1904 18
1905 24
1906 32
1907 22
1908 14
1909 18
1910 22
1911 38
1912 18
1913 16
1914 12
1915 18
1916 20
1917 14
1918 20
1919 20
1920 22
1921 18
1922 12
1923 16
1924 22
1925 18
1926 26
1927 20
1928 20
1929 16
1930 18
1931 24
1932 14
1933 20
1934 16
1935 20
1936 16
1937 18
1938 14
1939 22
1940 18
1941 24
1942 20
1943 28
1944 18
1945 12
1946 24
1947 22
1948 20
1949 18
1950 20
1951 22
1952 18
1953 20
1954 24
1955 16
1956 26
1957 32
1958 32
1959 20
1960 18
1961 12
1962 24
1963 16
1964 22
1965 20
1966 18
1967 22
1968 34
1969 26
1970 26
1971 24
1972 22
1973 36
1974 14
1975 14
1976 14
1977 16
1978 24
1979 20
1980 24
1981 26
1982 20
1983 18
1984 14
1985 16
1986 12
1987 14
1988 20
1989 20
1990 24
1991 18
1992 22
1993 24
1994 20
1995 16
1996 16
1997 16
1998 14
1999 16
2000 16
2001 20
2002 24
2003 16
2004 28
2005 18
2006 26
2007 22
2008 20
2009 20
2010 20
2011 22
2012 18
2013 20
2014 12
2015 22
2016 14
2017 22
2018 14
2019 20
2020 24
2021 18
2022 16
2023 26
2024 28
2025 28
2026 26
2027 26
2028 20
2029 12
2030 24
2031 28
2032 18
2033 20
2034 22
2035 34
2036 20
2037 16
2038 26
2039 26
2040 20
2041 14
2042 18
2043 16
2044 18
2045 20
2046 22
2047 28
2048 12
2049 16
2050 14
2051 18
2052 24
2053 24
2054 22
2055 14
2056 26
2057 12
2058 18
2059 20
2060 14
2061 10
2062 12
2063 18
2064 18
2065 14
2066 20
2067 16
2068 14
2069 16
2070 26
2071 18
2072 38
2073 24
2074 18
2075 16
2076 16
2077 20
2078 22
2079 18
2080 24
2081 14
2082 18
2083 16
2084 20
2085 18
2086 14
2087 18
2088 14
2089 22
2090 22
2091 10
2092 14
2093 18
2094 20
2095 14
2096 18
2097 20
2098 16
2099 20
2100 22
2101 16
2102 14
2103 14
2104 20
2105 22
2106 20
2107 20
2108 18
2109 30
2110 28
2111 20
2112 22
2113 16
2114 16
2115 16
2116 18
2117 20
2118 20
2119 20
2120 24
2121 26
2122 14
2123 22
2124 18
2125 16
2126 38
2127 20
2128 18
2129 18
2130 22
2131 22
2132 16
2133 18
2134 24
2135 18
2136 22
2137 32
2138 14
2139 42
2140 28
2141 16
2142 34
2143 22
2144 16
2145 24
2146 24
2147 20
2148 24
2149 16
2150 20
2151 16
2152 24
2153 32
2154 22
2155 14
2156 26
2157 30
2158 22
2159 14
2160 18
2161 18
2162 12
2163 22
2164 20
2165 24
2166 20
2167 22
2168 18
2169 12
2170 18
2171 18
2172 28
2173 26
2174 16
2175 26
2176 14
2177 18
2178 26
2179 16
2180 16
2181 24
2182 30
2183 18
2184 32
2185 22
2186 18
2187 24
2188 10
2189 18
2190 16
2191 24
2192 26
2193 26
2194 10
2195 20
2196 24
2197 34
2198 18
2199 16
2200 14
2201 12
2202 16
2203 18
2204 24
2205 18
2206 18
2207 14
2208 16
2209 22
2210 26
2211 26
2212 8
2213 20
2214 50
2215 38
2216 16
2217 16
2218 22
2219 24
2220 16
2221 18
2222 12
2223 12
2224 12
2225 22
2226 16
2227 18
2228 14
2229 30
2230 16
2231 18
2232 24
2233 20
2234 28
2235 18
2236 16
2237 18
2238 20
2239 16
2240 20
2241 20
2242 28
2243 16
2244 18
2245 22
2246 20
2247 18
2248 14
2249 22
2250 24
2251 34
2252 14
2253 24
2254 26
2255 24
2256 24
2257 22
2258 22
2259 16
2260 32
2261 20
2262 24
2263 22
2264 18
2265 16
2266 20
2267 18
2268 14
2269 12
2270 24
2271 20
2272 16
2273 20
2274 16
2275 20
2276 14
2277 18
2278 14
2279 34
2280 20
2281 12
2282 14
2283 24
2284 20
2285 20
2286 18
2287 18
2288 22
2289 16
2290 22
2291 12
2292 16
2293 18
2294 20
2295 20
2296 18
2297 24
2298 16
2299 16
2300 12
2301 18
2302 22
2303 16
2304 16
2305 26
2306 22
2307 16
2308 14
2309 14
2310 20
2311 42
2312 18
2313 30
2314 22
2315 12
2316 24
2317 20
2318 16
2319 12
2320 16
2321 48
2322 16
2323 20
2324 14
2325 24
2326 16
2327 16
2328 14
2329 22
2330 12
2331 16
2332 10
2333 12
2334 24
2335 20
2336 22
2337 10
2338 22
2339 12
2340 18
2341 14
2342 20
2343 20
2344 22
2345 18
2346 20
2347 24
2348 20
2349 22
2350 20
2351 20
2352 18
2353 14
2354 22
2355 18
2356 16
2357 40
2358 24
2359 20
2360 12
2361 12
2362 18
2363 12
2364 14
2365 22
2366 20
2367 20
2368 22
2369 12
2370 28
2371 22
2372 28
2373 14
2374 16
2375 16
2376 22
2377 22
2378 20
2379 18
2380 20
2381 16
2382 14
2383 10
2384 16
2385 24
2386 26
2387 24
2388 18
2389 14
2390 22
2391 20
2392 22
2393 20
2394 18
2395 14
2396 20
2397 18
2398 16
2399 30
2400 32
2401 18
2402 20
2403 26
2404 16
2405 20
2406 26
2407 28
2408 16
2409 20
2410 18
2411 18
2412 22
2413 24
2414 18
2415 18
2416 18
2417 18
2418 20
2419 16
2420 20
2421 34
2422 22
2423 26
2424 28
2425 24
2426 22
2427 16
2428 26
2429 14
2430 16
2431 16
2432 24
2433 20
2434 16
2435 10
2436 18
2437 12
2438 12
2439 20
2440 18
2441 20
2442 26
2443 20
2444 20
2445 20
2446 14
2447 18
2448 18
2449 12
2450 20
2451 24
2452 18
2453 14
2454 22
2455 22
2456 14
2457 20
2458 14
2459 16
2460 26
2461 22
2462 16
2463 20
2464 24
2465 8
2466 20
2467 20
2468 18
2469 20
2470 18
2471 22
2472 18
2473 22
2474 14
2475 18
2476 14
2477 18
2478 24
2479 14
2480 22
2481 14
2482 28
2483 18
2484 20
2485 22
2486 10
2487 22
2488 22
2489 24
2490 16
2491 20
2492 18
2493 12
2494 24
2495 20
2496 18
2497 18
2498 24
2499 16
2500 18
2501 18
2502 16
2503 16
2504 22
2505 16
2506 20
2507 14
2508 14
2509 22
2510 50
2511 18
2512 16
2513 22
2514 22
2515 16
2516 22
2517 18
2518 30
2519 24
2520 16
2521 22
2522 16
2523 16
2524 18
2525 22
2526 18
2527 20
2528 18
2529 18
2530 22
2531 16
2532 24
2533 20
2534 24
2535 16
2536 18
2537 22
2538 14
2539 24
2540 22
2541 24
2542 14
2543 18
2544 18
2545 20
2546 14
2547 18
2548 16
2549 34
2550 22
2551 24
2552 40
2553 24
2554 22
2555 18
2556 14
2557 16
2558 24
2559 14
2560 20
2561 14
2562 30
2563 18
2564 18
2565 24
2566 22
2567 26
2568 22
2569 14
2570 18
2571 14
2572 22
2573 22
2574 18
2575 16
2576 20
2577 18
2578 20
2579 18
2580 20
2581 34
2582 20
2583 22
2584 20
2585 26
2586 10
2587 16
2588 20
2589 16
2590 24
2591 20
2592 24
2593 12
2594 18
2595 18
2596 18
2597 28
2598 16
2599 22
2600 20
2601 16
2602 20
2603 16
2604 14
2605 32
2606 20
2607 22
2608 24
2609 18
2610 16
2611 24
2612 22
2613 26
2614 16
2615 12
2616 18
2617 14
2618 16
2619 22
2620 16
2621 14
2622 14
2623 14
2624 20
2625 16
2626 28
2627 28
2628 18
2629 22
2630 22
2631 18
2632 20
2633 18
2634 20
2635 12
2636 22
2637 24
2638 24
2639 18
2640 22
2641 42
2642 18
2643 16
2644 18
2645 22
2646 20
2647 18
2648 26
2649 22
2650 16
2651 18
2652 12
2653 6
2654 18
2655 18
2656 30
2657 24
2658 16
2659 18
2660 18
2661 24
2662 14
2663 24
2664 22
2665 18
2666 18
2667 16
2668 22
2669 28
2670 18
2671 30
2672 18
2673 22
2674 26
2675 36
2676 26
2677 18
2678 26
2679 18
2680 20
2681 24
2682 52
2683 20
2684 24
2685 26
2686 18
2687 30
2688 22
2689 18
2690 26
2691 22
2692 20
2693 26
2694 16
2695 22
2696 24
2697 18
2698 26
2699 22
2700 34
2701 22
2702 34
2703 24
2704 24
2705 18
2706 20
2707 24
2708 22
2709 16
2710 18
2711 22
2712 24
2713 22
2714 20
2715 16
2716 24
2717 18
2718 16
2719 18
2720 14
2721 30
2722 16
2723 22
2724 20
2725 18
2726 10
2727 16
2728 22
2729 18
2730 26
2731 14
2732 14
2733 14
2734 18
2735 14
2736 18
2737 26
2738 24
2739 26
2740 24
2741 26
2742 18
2743 20
2744 10
2745 16
2746 22
2747 22
2748 14
2749 22
2750 18
2751 18
2752 20
2753 20
2754 16
2755 18
2756 14
2757 20
2758 22
2759 22
2760 16
2761 22
2762 18
2763 14
2764 28
2765 12
2766 18
2767 20
2768 22
2769 22
2770 32
2771 22
2772 18
2773 30
2774 18
2775 16
2776 20
2777 22
2778 24
2779 18
2780 14
2781 36
2782 22
2783 20
2784 16
2785 26
2786 14
2787 10
2788 22
2789 26
2790 20
2791 12
2792 20
2793 20
2794 22
2795 12
2796 18
2797 16
2798 18
2799 18
2800 24
2801 14
2802 32
2803 28
2804 26
2805 18
2806 26
2807 16
2808 20
2809 22
2810 20
2811 12
2812 20
2813 24
2814 14
2815 12
2816 24
2817 16
2818 20
2819 14
2820 22
2821 16
2822 20
2823 22
2824 22
2825 22
2826 16
2827 14
2828 20
2829 18
2830 14
2831 16
2832 16
2833 20
2834 30
2835 24
2836 20
2837 20
2838 14
2839 32
2840 20
2841 22
2842 20
2843 20
2844 26
2845 20
2846 16
2847 40
2848 20
2849 20
2850 20
2851 16
2852 24
2853 20
2854 24
2855 18
2856 14
2857 18
2858 16
2859 28
2860 36
2861 20
2862 18
2863 26
2864 24
2865 16
2866 26
2867 22
2868 18
2869 22
2870 20
2871 20
2872 22
2873 20
2874 22
2875 18
2876 14
2877 16
2878 14
2879 10
2880 20
2881 18
2882 20
2883 16
2884 24
2885 24
2886 22
2887 10
2888 24
2889 18
2890 18
2891 20
2892 18
2893 22
2894 18
2895 14
2896 12
2897 24
2898 20
2899 20
2900 22
2901 16
2902 20
2903 24
2904 22
2905 22
2906 22
2907 26
2908 32
2909 22
2910 22
2911 14
2912 22
2913 26
2914 12
2915 18
2916 22
2917 34
2918 16
2919 12
2920 18
2921 22
2922 24
2923 42
2924 14
2925 18
2926 22
2927 18
2928 18
2929 18
2930 20
2931 18
2932 12
2933 22
2934 24
2935 22
2936 24
2937 22
2938 16
2939 10
2940 14
2941 22
2942 24
2943 18
2944 20
2945 20
2946 14
2947 14
2948 22
2949 22
2950 16
2951 18
2952 22
2953 24
2954 18
2955 18
2956 16
2957 12
2958 22
2959 18
2960 18
2961 18
2962 12
2963 22
2964 26
2965 16
2966 32
2967 20
2968 22
2969 16
2970 20
2971 18
2972 34
2973 24
2974 18
2975 24
2976 22
2977 16
2978 12
2979 16
2980 22
2981 18
2982 18
2983 66
2984 40
2985 18
2986 30
2987 22
2988 20
2989 20
2990 18
2991 22
2992 24
2993 20
2994 16
2995 18
2996 28
2997 20
2998 34
2999 24
3000 22
3001 26
3002 20
3003 24
3004 22
3005 26
3006 24
3007 22
3008 22
3009 24
3010 16
3011 16
3012 22
3013 20
3014 16
3015 22
3016 18
3017 22
3018 20
3019 22
3020 22
3021 22
3022 12
3023 28
3024 16
3025 12
3026 26
3027 22
3028 24
3029 22
3030 22
3031 20
3032 24
3033 20
3034 18
3035 26
3036 18
3037 16
3038 24
3039 26
3040 24
3041 20
3042 20
3043 36
3044 26
3045 36
3046 14
3047 14
3048 24
3049 12
3050 18
3051 22
3052 16
3053 18
3054 18
3055 24
3056 18
3057 18
3058 20
3059 22
3060 20
3061 20
3062 24
3063 24
3064 20
3065 20
3066 16
3067 20
3068 18
3069 32
3070 26
3071 14
3072 18
3073 24
3074 28
3075 18
3076 24
3077 18
3078 24
3079 24
3080 24
3081 20
3082 20
3083 18
3084 46
3085 14
3086 18
3087 18
3088 20
3089 20
3090 18
3091 22
3092 22
3093 24
3094 18
3095 24
3096 20
3097 24
3098 22
3099 22
3100 22
3101 22
3102 20
3103 14
3104 14
3105 14
3106 20
3107 16
3108 6
3109 22
3110 20
3111 26
3112 20
3113 24
3114 28
3115 22
3116 30
3117 24
3118 18
3119 12
3120 18
3121 28
3122 26
3123 16
3124 20
3125 26
3126 20
3127 20
3128 12
3129 24
3130 24
3131 26
3132 20
3133 24
3134 22
3135 26
3136 30
3137 20
3138 20
3139 16
3140 16
3141 22
3142 16
3143 30
3144 22
3145 26
3146 20
3147 22
3148 26
3149 26
3150 32
3151 26
3152 20
3153 20
3154 18
3155 24
3156 16
3157 24
3158 16
3159 30
3160 16
3161 24
3162 24
3163 18
3164 16
3165 16
3166 16
3167 24
3168 14
3169 20
3170 18
3171 20
3172 20
3173 16
3174 18
3175 18
3176 16
3177 22
3178 14
3179 20
3180 16
3181 26
3182 34
3183 22
3184 20
3185 14
3186 28
3187 24
3188 20
3189 20
3190 16
3191 20
3192 22
3193 32
3194 20
3195 24
3196 18
3197 42
3198 20
3199 22
3200 28
3201 20
3202 12
3203 22
3204 16
3205 12
3206 16
3207 20
3208 12
3209 18
3210 22
3211 18
3212 24
3213 18
3214 22
3215 20
3216 18
3217 20
3218 18
3219 20
3220 16
3221 22
3222 24
3223 18
3224 24
3225 14
3226 26
3227 20
3228 18
3229 30
3230 22
3231 16
3232 24
3233 20
3234 26
3235 16
3236 16
3237 18
3238 14
3239 22
3240 28
3241 24
3242 22
3243 22
3244 22
3245 24
3246 20
3247 22
3248 22
3249 34
3250 22
3251 62
3252 20
3253 26
3254 20
3255 24
3256 22
3257 18
3258 20
3259 22
3260 16
3261 30
3262 20
3263 14
3264 18
3265 20
3266 20
3267 20
3268 20
3269 32
3270 24
3271 24
3272 20
3273 26
3274 18
3275 22
3276 18
3277 16
3278 20
3279 24
3280 20
3281 18
3282 28
3283 18
3284 20
3285 28
3286 30
3287 20
3288 22
3289 30
3290 20
3291 26
3292 28
3293 32
3294 20
3295 16
3296 16
3297 26
3298 18
3299 16
3300 24
3301 24
3302 18
3303 26
3304 34
3305 22
3306 18
3307 26
3308 18
3309 34
3310 30
3311 32
3312 28
3313 30
3314 18
3315 38
3316 18
3317 30
3318 22
3319 14
3320 16
3321 28
3322 20
3323 20
3324 18
3325 16
3326 20
3327 22
3328 22
3329 20
3330 16
3331 18
3332 20
3333 20
3334 16
3335 24
3336 32
3337 16
3338 32
3339 16
3340 22
3341 18
3342 20
3343 22
3344 16
3345 24
3346 20
3347 22
3348 18
3349 18
3350 20
3351 24
3352 14
3353 14
3354 22
3355 20
3356 14
3357 14
3358 26
3359 10
3360 18
3361 26
3362 12
3363 26
3364 16
3365 20
3366 12
3367 22
3368 22
3369 24
3370 24
3371 22
3372 12
3373 42
3374 14
3375 16
3376 14
3377 14
3378 20
3379 22
3380 20
3381 34
3382 20
3383 26
3384 26
3385 14
3386 20
3387 20
3388 12
3389 14
3390 20
3391 14
3392 18
3393 12
3394 20
3395 16
3396 20
3397 18
3398 18
3399 38
3400 24
3401 20
3402 24
3403 24
3404 20
3405 24
3406 26
3407 26
3408 28
3409 22
3410 22
3411 12
3412 16
3413 22
3414 18
3415 16
3416 18
3417 18
3418 10
3419 22
3420 20
3421 24
3422 24
3423 22
3424 22
3425 20
3426 12
3427 28
3428 20
3429 20
3430 18
3431 24
3432 32
3433 22
3434 26
3435 20
3436 22
3437 24
3438 20
3439 20
3440 32
3441 20
3442 24
3443 24
3444 20
3445 26
3446 24
3447 22
3448 12
3449 20
3450 30
3451 22
3452 24
3453 14
3454 26
3455 22
3456 20
3457 32
3458 24
3459 22
3460 16
3461 22
3462 24
3463 16
3464 26
3465 24
3466 28
3467 26
3468 18
3469 32
3470 20
3471 28
3472 16
3473 20
3474 16
3475 20
3476 12
3477 18
3478 22
3479 24
3480 14
3481 24
3482 24
3483 18
3484 18
3485 16
3486 20
3487 22
3488 20
3489 16
3490 36
3491 24
3492 24
3493 18
3494 20
3495 28
3496 18
3497 20
3498 22
3499 18
3500 28
3501 26
3502 22
3503 18
3504 22
3505 16
3506 24
3507 20
3508 14
3509 24
3510 20
3511 28
3512 20
3513 24
3514 14
3515 18
3516 16
3517 36
3518 22
3519 22
3520 20
3521 18
3522 18
3523 26
3524 18
3525 22
3526 26
3527 18
3528 18
3529 30
3530 20
3531 20
3532 18
3533 16
3534 10
3535 16
3536 16
3537 18
3538 30
3539 32
3540 20
3541 20
3542 24
3543 22
3544 20
3545 20
3546 32
3547 38
3548 18
3549 24
3550 24
3551 20
3552 26
3553 26
3554 22
3555 28
3556 16
3557 22
3558 12
3559 16
3560 18
3561 18
3562 14
3563 20
3564 16
3565 18
3566 16
3567 18
3568 18
3569 22
3570 18
3571 22
3572 18
3573 22
3574 20
3575 20
3576 16
3577 22
3578 24
3579 30
3580 14
3581 22
3582 18
3583 20
3584 18
3585 26
3586 22
3587 14
3588 22
3589 24
3590 20
3591 40
3592 16
3593 20
3594 28
3595 22
3596 14
3597 26
3598 24
3599 14
3600 12
3601 22
3602 24
3603 16
3604 22
3605 26
3606 24
3607 18
3608 24
3609 16
3610 20
3611 16
3612 16
3613 18
3614 18
3615 20
3616 24
3617 24
3618 16
3619 20
3620 20
3621 22
3622 34
3623 32
3624 20
3625 18
3626 22
3627 20
3628 26
3629 22
3630 26
3631 24
3632 20
3633 18
3634 26
3635 34
3636 16
3637 20
3638 14
3639 26
3640 30
3641 22
3642 24
3643 18
3644 28
3645 14
3646 14
3647 20
3648 24
3649 14
3650 18
3651 24
3652 18
3653 20
3654 16
3655 18
3656 24
3657 20
3658 20
3659 22
3660 22
3661 20
3662 22
3663 16
3664 18
3665 14
3666 36
3667 48
3668 18
3669 26
3670 22
3671 20
3672 26
3673 18
3674 24
3675 20
3676 24
3677 16
3678 16
3679 18
3680 24
3681 26
3682 22
3683 16
3684 18
3685 18
3686 24
3687 14
3688 12
3689 22
3690 18
3691 20
3692 16
3693 18
3694 12
3695 24
3696 28
3697 22
3698 36
3699 26
3700 18
3701 20
3702 16
3703 22
3704 18
3705 18
3706 18
3707 24
3708 20
3709 24
3710 22
3711 18
3712 22
3713 28
3714 22
3715 18
3716 18
3717 22
3718 26
3719 20
3720 34
3721 24
3722 24
3723 22
3724 26
3725 20
3726 26
3727 20
3728 20
3729 26
3730 20
3731 20
3732 18
3733 20
3734 20
3735 26
3736 16
3737 20
3738 24
3739 20
3740 24
3741 16
3742 18
3743 20
3744 22
3745 14
3746 20
3747 14
3748 18
3749 20
3750 18
3751 24
3752 12
3753 20
3754 18
3755 26
3756 14
3757 22
3758 22
3759 16
3760 18
3761 26
3762 18
3763 30
3764 18
3765 20
3766 22
3767 22
3768 20
3769 40
3770 24
3771 28
3772 22
3773 36
3774 16
3775 22
3776 24
3777 18
3778 14
3779 22
3780 22
3781 16
3782 22
3783 22
3784 24
3785 24
3786 32
3787 10
3788 14
3789 26
3790 24
3791 20
3792 26
3793 22
3794 22
3795 20
3796 20
3797 18
3798 18
3799 16
3800 24
3801 18
3802 24
3803 18
3804 22
3805 18
3806 16
3807 16
3808 20
3809 20
3810 16
3811 34
3812 22
3813 20
3814 18
3815 16
3816 28
3817 22
3818 16
3819 14
3820 14
3821 22
3822 16
3823 26
3824 16
3825 20
3826 24
3827 40
3828 12
3829 32
3830 40
3831 16
3832 24
3833 20
3834 18
3835 44
3836 14
3837 24
3838 24
3839 18
3840 14
3841 16
3842 24
3843 22
3844 24
3845 20
3846 28
3847 24
3848 18
3849 28
3850 24
3851 24
3852 18
3853 26
3854 20
3855 24
3856 16
3857 14
3858 22
3859 20
3860 42
3861 22
3862 16
3863 22
3864 28
3865 22
3866 20
3867 24
3868 26
3869 18
3870 20
3871 26
3872 24
3873 18
3874 20
3875 20
3876 16
3877 38
3878 24
3879 16
3880 14
3881 18
3882 22
3883 22
3884 22
3885 18
3886 14
3887 16
3888 20
3889 20
3890 22
3891 20
3892 20
3893 16
3894 18
3895 24
3896 20
3897 20
3898 16
3899 18
3900 18
3901 26
3902 18
3903 22
3904 20
3905 22
3906 18
3907 14
3908 30
3909 20
3910 26
3911 22
3912 22
3913 12
3914 32
3915 24
3916 22
3917 20
3918 22
3919 18
3920 22
3921 10
3922 14
3923 14
3924 26
3925 26
3926 18
3927 16
3928 14
3929 16
3930 22
3931 18
3932 22
3933 14
3934 18
3935 26
3936 18
3937 26
3938 18
3939 22
3940 24
3941 34
3942 18
3943 20
3944 16
3945 18
3946 20
3947 20
3948 14
3949 14
3950 14
3951 20
3952 12
3953 16
3954 24
3955 32
3956 26
3957 30
3958 18
3959 18
3960 18
3961 18
3962 20
3963 18
3964 18
3965 60
3966 20
3967 26
3968 18
3969 16
3970 14
3971 22
3972 18
3973 18
3974 20
3975 10
3976 24
3977 28
3978 22
3979 22
3980 22
3981 20
3982 20
3983 18
3984 32
3985 30
3986 20
3987 16
3988 20
3989 24
3990 16
3991 18
3992 16
3993 44
3994 32
3995 30
3996 22
3997 24
3998 22
3999 14
4000 20
4001 18
4002 28
4003 26
4004 18
4005 18
4006 14
4007 28
4008 16
4009 18
4010 20
4011 16
4012 22
4013 30
4014 18
4015 24
4016 28
4017 30
4018 14
4019 22
4020 24
4021 16
4022 22
4023 22
4024 26
4025 20
4026 14
4027 18
4028 16
4029 20
4030 20
4031 20
4032 22
4033 24
4034 24
4035 16
4036 28
4037 24
4038 18
4039 16
4040 30
4041 20
4042 22
4043 28
4044 34
4045 34
4046 30
4047 20
4048 26
4049 20
4050 18
4051 20
4052 24
4053 24
4054 22
4055 32
4056 18
4057 38
4058 16
4059 28
4060 24
4061 18
4062 24
4063 16
4064 24
4065 18
4066 18
4067 42
4068 26
4069 20
4070 18
4071 24
4072 12
4073 22
4074 20
4075 14
4076 24
4077 20
4078 18
4079 20
4080 62
4081 22
4082 20
4083 18
4084 26
4085 20
4086 14
4087 14
4088 20
4089 22
4090 16
4091 14
4092 18
4093 20
4094 24
4095 16
4096 16
4097 22
4098 20
4099 16
4100 16
4101 22
4102 24
4103 24
4104 16
4105 22
4106 22
4107 24
4108 22
4109 12
4110 20
4111 44
4112 22
4113 26
4114 20
4115 30
4116 18
4117 12
4118 16
4119 20
4120 18
4121 16
4122 20
4123 26
4124 20
4125 22
4126 14
4127 20
4128 14
4129 24
4130 18
4131 26
4132 22
4133 20
4134 20
4135 20
4136 18
4137 68
4138 22
4139 36
4140 18
4141 22
4142 24
4143 20
4144 22
4145 18
4146 16
4147 20
4148 26
4149 20
4150 24
4151 18
4152 12
4153 24
4154 22
4155 24
4156 16
4157 12
4158 46
4159 20
4160 20
4161 20
4162 16
4163 24
4164 24
4165 24
4166 16
4167 24
4168 26
4169 26
4170 22
4171 16
4172 14
4173 26
4174 22
4175 22
4176 14
4177 24
4178 18
4179 14
4180 18
4181 20
4182 20
4183 20
4184 18
4185 24
4186 18
4187 24
4188 26
4189 24
4190 22
4191 22
4192 24
4193 18
4194 32
4195 26
4196 22
4197 24
4198 22
4199 14
4200 24
4201 24
4202 14
4203 18
4204 16
4205 22
4206 24
4207 28
4208 20
4209 22
4210 22
4211 40
4212 24
4213 20
4214 22
4215 28
4216 16
4217 22
4218 22
4219 22
4220 18
4221 28
4222 16
4223 24
4224 24
4225 16
4226 18
4227 18
4228 26
4229 30
4230 28
4231 20
4232 20
4233 16
4234 24
4235 30
4236 30
4237 32
4238 26
4239 22
4240 18
4241 16
4242 20
4243 26
4244 32
4245 32
4246 24
4247 20
4248 18
4249 26
4250 22
4251 20
4252 24
4253 10
4254 18
4255 16
4256 28
4257 16
4258 16
4259 24
4260 20
4261 22
4262 28
4263 26
4264 22
4265 22
4266 20
4267 18
4268 22
4269 28
4270 24
4271 24
4272 30
4273 26
4274 30
4275 26
4276 18
4277 22
4278 34
4279 24
4280 22
4281 22
4282 56
4283 26
4284 18
4285 16
4286 16
4287 28
4288 22
4289 18
4290 30
4291 28
4292 18
4293 50
4294 20
4295 30
4296 22
4297 18
4298 24
4299 22
4300 14
4301 16
4302 38
4303 20
4304 22
4305 18
4306 30
4307 24
4308 20
4309 26
4310 24
4311 24
4312 38
4313 22
4314 20
4315 22
4316 20
4317 22
4318 22
4319 14
4320 18
4321 32
4322 58
4323 24
4324 32
4325 16
4326 26
4327 14
4328 22
4329 22
4330 28
4331 24
4332 24
4333 20
4334 28
4335 20
4336 28
4337 16
4338 24
4339 26
4340 20
4341 20
4342 24
4343 26
4344 18
4345 22
4346 22
4347 24
4348 48
4349 18
4350 20
4351 30
4352 18
4353 24
4354 24
4355 14
4356 20
4357 26
4358 24
4359 18
4360 22
4361 20
4362 28
4363 24
4364 26
4365 20
4366 12
4367 14
4368 22
4369 22
4370 24
4371 26
4372 22
4373 20
4374 30
4375 18
4376 24
4377 20
4378 26
4379 32
4380 30
4381 32
4382 28
4383 20
4384 16
4385 24
4386 18
4387 32
4388 26
4389 14
4390 20
4391 12
4392 22
4393 28
4394 28
4395 16
4396 18
4397 42
4398 18
4399 18
4400 16
4401 22
4402 20
4403 24
4404 22
4405 20
4406 24
4407 26
4408 28
4409 18
4410 20
4411 28
4412 32
4413 20
4414 22
4415 18
4416 28
4417 16
4418 24
4419 28
4420 24
4421 24
4422 24
4423 44
4424 18
4425 18
4426 18
4427 30
4428 26
4429 24
4430 14
4431 22
4432 22
4433 14
4434 22
4435 30
4436 22
4437 18
4438 28
4439 24
4440 30
4441 18
4442 18
4443 22
4444 24
4445 22
4446 24
4447 16
4448 16
4449 48
4450 32
4451 22
4452 26
4453 18
4454 16
4455 24
4456 26
4457 22
4458 18
4459 22
4460 18
4461 14
4462 28
4463 26
4464 16
4465 30
4466 22
4467 20
4468 22
4469 16
4470 22
4471 20
4472 24
4473 16
4474 14
4475 20
4476 18
4477 24
4478 20
4479 20
4480 30
4481 18
4482 26
4483 24
4484 30
4485 20
4486 14
4487 24
4488 20
4489 20
4490 32
4491 20
4492 32
4493 18
4494 20
4495 28
4496 22
4497 20
4498 22
4499 22
4500 48
4501 24
4502 28
4503 18
4504 24
4505 26
4506 28
4507 20
4508 24
4509 20
4510 26
4511 28
4512 22
4513 22
4514 18
4515 28
4516 24
4517 24
4518 16
4519 26
4520 20
4521 30
4522 28
4523 22
4524 22
4525 24
4526 30
4527 22
4528 20
4529 26
4530 20
4531 24
4532 22
4533 30
4534 24
4535 30
4536 22
4537 24
4538 32
4539 22
4540 16
4541 20
4542 22
4543 30
4544 18
4545 12
4546 28
4547 18
4548 24
4549 22
4550 16
4551 22
4552 40
4553 22
4554 18
4555 16
4556 18
4557 30
4558 16
4559 22
4560 14
4561 24
4562 16
4563 42
4564 26
4565 20
4566 22
4567 20
4568 28
4569 26
4570 26
4571 40
4572 22
4573 24
4574 14
4575 20
4576 30
4577 20
4578 22
4579 20
4580 16
4581 28
4582 24
4583 38
4584 26
4585 20
4586 14
4587 16
4588 24
4589 16
4590 20
4591 26
4592 24
4593 24
4594 22
4595 20
4596 24
4597 24
4598 22
4599 16
4600 38
4601 20
4602 22
4603 24
4604 24
4605 68
4606 36
4607 24
4608 42
4609 24
4610 20
4611 58
4612 42
4613 30
4614 22
4615 16
4616 28
4617 22
4618 32
4619 18
4620 22
4621 14
4622 24
4623 20
4624 14
4625 40
4626 22
4627 16
4628 28
4629 52
4630 72
4631 24
4632 16
4633 26
4634 20
4635 32
4636 28
4637 20
4638 18
4639 18
4640 30
4641 24
4642 24
4643 26
4644 22
4645 18
4646 24
4647 20
4648 12
4649 32
4650 28
4651 20
4652 20
4653 22
4654 20
4655 20
4656 16
4657 22
4658 22
4659 22
4660 20
4661 44
4662 20
4663 18
4664 24
4665 26
4666 26
4667 30
4668 18
4669 24
4670 38
4671 20
4672 22
4673 42
4674 26
4675 16
4676 22
4677 24
4678 22
4679 20
4680 16
4681 20
4682 24
4683 18
4684 20
4685 20
4686 22
4687 28
4688 22
4689 18
4690 18
4691 22
4692 14
4693 24
4694 26
4695 18
4696 22
4697 18
4698 12
4699 28
4700 22
4701 18
4702 26
4703 20
4704 30
4705 26
4706 22
4707 22
4708 20
4709 22
4710 18
4711 18
4712 32
4713 16
4714 24
4715 24
4716 14
4717 20
4718 16
4719 16
4720 22
4721 36
4722 28
4723 18
4724 22
4725 26
4726 12
4727 20
4728 20
4729 20
4730 22
4731 22
4732 24
4733 20
4734 14
4735 20
4736 20
4737 26
4738 22
4739 30
4740 24
4741 24
4742 20
4743 22
4744 22
4745 34
4746 24
4747 22
4748 18
4749 20
4750 36
4751 16
4752 38
4753 14
4754 16
4755 36
4756 16
4757 22
4758 18
4759 16
4760 26
4761 24
4762 38
4763 18
4764 26
4765 68
4766 18
4767 18
4768 14
4769 34
4770 46
4771 60
4772 22
4773 46
4774 42
4775 24
4776 38
4777 20
4778 26
4779 20
4780 16
4781 28
4782 18
4783 24
4784 26
4785 32
4786 20
4787 40
4788 22
4789 30
4790 20
4791 20
4792 20
4793 28
4794 24
4795 24
4796 26
4797 20
4798 28
4799 20
4800 20
4801 16
4802 22
4803 18
4804 28
4805 16
4806 32
4807 26
4808 18
4809 24
4810 24
4811 30
4812 26
4813 18
4814 22
4815 12
4816 20
4817 22
4818 40
4819 28
4820 18
4821 30
4822 24
4823 24
4824 18
4825 22
4826 30
4827 18
4828 22
4829 22
4830 20
4831 14
4832 16
4833 40
4834 18
4835 24
4836 30
4837 18
4838 24
4839 20
4840 20
4841 28
4842 20
4843 18
4844 18
4845 22
4846 14
4847 22
4848 18
4849 18
4850 30
4851 22
4852 22
4853 20
4854 22
4855 28
4856 18
4857 18
4858 16
4859 16
4860 20
4861 22
4862 24
4863 20
4864 42
4865 24
4866 24
4867 26
4868 24
4869 22
4870 26
4871 24
4872 16
4873 24
4874 24
4875 24
4876 24
4877 24
4878 18
4879 18
4880 28
4881 20
4882 36
4883 22
4884 16
4885 24
4886 24
4887 28
4888 22
4889 24
4890 14
4891 26
4892 44
4893 20
4894 14
4895 14
4896 16
4897 28
4898 28
4899 14
4900 20
4901 28
4902 26
4903 18
4904 22
4905 14
4906 24
4907 20
4908 30
4909 18
4910 12
4911 24
4912 16
4913 16
4914 18
4915 22
4916 18
4917 34
4918 24
4919 24
4920 24
4921 22
4922 24
4923 22
4924 18
4925 24
4926 28
4927 24
4928 24
4929 28
4930 24
4931 18
4932 20
4933 22
4934 26
4935 24
4936 36
4937 28
4938 20
4939 16
4940 20
4941 22
4942 28
4943 30
4944 46
4945 24
4946 26
4947 32
4948 24
4949 22
4950 20
4951 24
4952 16
4953 22
4954 20
4955 20
4956 22
4957 20
4958 22
4959 20
4960 18
4961 20
4962 22
4963 18
4964 28
4965 22
4966 18
4967 22
4968 30
4969 22
4970 22
4971 22
4972 26
4973 14
4974 20
4975 20
4976 26
4977 22
4978 26
4979 26
4980 24
4981 14
4982 18
4983 24
4984 14
4985 16
4986 18
4987 22
4988 22
4989 22
4990 24
4991 20
4992 18
4993 18
4994 18
4995 18
4996 22
4997 30
4998 22
4999 24
5000 20
5001 22
5002 26
5003 12
5004 20
5005 26
5006 16
5007 26
5008 22
5009 28
5010 28
5011 24
5012 30
5013 32
5014 28
5015 18
5016 24
5017 16
5018 18
5019 30
5020 18
5021 38
5022 20
5023 18
5024 34
5025 28
5026 28
5027 16
5028 16
5029 38
5030 20
5031 22
5032 18
5033 18
5034 20
5035 16
5036 20
5037 10
5038 12
5039 20
5040 24
5041 18
5042 18
5043 54
5044 30
5045 26
5046 18
5047 16
5048 20
5049 30
5050 22
5051 16
5052 26
5053 14
5054 18
5055 20
5056 22
5057 26
5058 20
5059 20
5060 18
5061 16
5062 20
5063 28
5064 18
5065 20
5066 18
5067 18
5068 26
5069 18
5070 22
5071 24
5072 22
5073 18
5074 30
5075 26
5076 26
5077 18
5078 18
5079 24
5080 20
5081 26
5082 18
5083 30
5084 24
5085 18
5086 22
5087 26
5088 24
5089 26
5090 26
5091 24
5092 26
5093 16
5094 22
5095 18
5096 18
5097 24
5098 18
5099 20
5100 24
5101 22
5102 20
5103 26
5104 20
5105 26
5106 16
5107 24
5108 22
5109 24
5110 18
5111 22
5112 18
5113 26
5114 16
5115 18
5116 32
5117 28
5118 18
5119 28
5120 22
5121 18
5122 34
5123 26
5124 24
5125 16
5126 16
5127 20
5128 28
5129 20
5130 18
5131 24
5132 64
5133 62
5134 22
5135 18
5136 30
5137 20
5138 26
5139 22
5140 18
5141 18
5142 38
5143 68
5144 28
5145 26
5146 24
5147 22
5148 12
5149 20
5150 38
5151 16
5152 26
5153 10
5154 14
5155 22
5156 22
5157 24
5158 26
5159 18
5160 44
5161 20
5162 26
5163 28
5164 26
5165 22
5166 20
5167 24
5168 26
5169 26
5170 24
5171 28
5172 20
5173 32
5174 20
5175 26
5176 18
5177 16
5178 22
5179 22
5180 18
5181 26
5182 28
5183 18
5184 20
5185 36
5186 18
5187 24
5188 18
5189 14
5190 24
5191 16
5192 22
5193 24
5194 12
5195 20
5196 22
5197 22
5198 18
5199 24
5200 20
5201 40
5202 20
5203 24
5204 14
5205 18
5206 28
5207 50
5208 22
5209 22
5210 26
5211 20
5212 12
5213 20
5214 22
5215 22
5216 28
5217 20
5218 16
5219 26
5220 16
5221 26
5222 22
5223 26
5224 24
5225 20
5226 18
5227 24
5228 26
5229 26
5230 18
5231 20
5232 24
5233 22
5234 20
5235 16
5236 26
5237 24
5238 18
5239 18
5240 22
5241 24
5242 18
5243 20
5244 18
5245 22
5246 22
5247 10
5248 24
5249 22
5250 24
5251 22
5252 20
5253 22
5254 22
5255 10
5256 24
5257 24
5258 34
5259 22
5260 26
5261 24
5262 24
5263 48
5264 32
5265 28
5266 20
5267 16
5268 18
5269 24
5270 30
5271 24
5272 20
5273 26
5274 18
5275 20
5276 24
5277 16
5278 16
5279 22
5280 18
5281 14
5282 22
5283 22
5284 18
5285 22
5286 24
5287 18
5288 30
5289 16
5290 18
5291 24
5292 30
5293 20
5294 30
5295 22
5296 32
5297 20
5298 20
5299 18
5300 22
5301 18
5302 26
5303 22
5304 22
5305 14
5306 20
5307 20
5308 28
5309 20
5310 18
5311 18
5312 22
5313 22
5314 16
5315 22
5316 24
5317 18
5318 30
5319 24
5320 20
5321 22
5322 22
5323 26
5324 26
5325 20
5326 16
5327 28
5328 20
5329 26
5330 22
5331 22
5332 28
5333 28
5334 22
5335 20
5336 8
5337 22
5338 24
5339 24
5340 18
5341 16
5342 22
5343 24
5344 22
5345 20
5346 32
5347 20
5348 24
5349 56
5350 14
5351 18
5352 16
5353 18
5354 26
5355 20
5356 22
5357 20
5358 16
5359 20
5360 18
5361 42
5362 24
5363 32
5364 14
5365 26
5366 26
5367 16
5368 20
5369 22
5370 26
5371 30
5372 18
5373 16
5374 22
5375 18
5376 20
5377 22
5378 28
5379 34
5380 26
5381 22
5382 20
5383 16
5384 24
5385 22
5386 28
5387 18
5388 22
5389 28
5390 26
5391 28
5392 22
5393 16
5394 30
5395 14
5396 18
5397 30
5398 20
5399 14
5400 20
5401 34
5402 20
5403 22
5404 26
5405 18
5406 24
5407 18
5408 24
5409 20
5410 22
5411 28
5412 28
5413 20
5414 22
5415 26
5416 28
5417 24
5418 20
5419 22
5420 20
5421 18
5422 26
5423 22
5424 20
5425 18
5426 26
5427 28
5428 16
5429 20
5430 22
5431 18
5432 30
5433 22
5434 34
5435 24
5436 20
5437 26
5438 18
5439 30
5440 20
5441 24
5442 30
5443 30
5444 20
5445 24
5446 28
5447 18
5448 24
5449 30
5450 26
5451 24
5452 22
5453 20
5454 22
5455 26
5456 28
5457 26
5458 24
5459 24
5460 22
5461 16
5462 24
5463 20
5464 38
5465 24
5466 20
5467 20
5468 16
5469 14
5470 22
5471 20
5472 18
5473 16
5474 34
5475 24
5476 26
5477 20
5478 26
5479 22
5480 22
5481 26
5482 22
5483 20
5484 26
5485 22
5486 30
5487 18
5488 24
5489 22
5490 24
5491 26
5492 14
5493 28
5494 26
5495 20
5496 22
5497 24
5498 24
5499 14
5500 22
5501 18
5502 22
5503 18
5504 22
5505 26
5506 22
5507 20
5508 20
5509 26
5510 38
5511 20
5512 16
5513 20
5514 20
5515 18
5516 26
5517 20
5518 22
5519 16
5520 20
5521 16
5522 18
5523 26
5524 24
5525 18
5526 12
5527 24
5528 24
5529 20
5530 24
5531 18
5532 20
5533 22
5534 16
5535 18
5536 20
5537 24
5538 22
5539 22
5540 18
5541 30
5542 28
5543 32
5544 26
5545 46
5546 18
5547 20
5548 20
5549 22
5550 24
5551 40
5552 20
5553 22
5554 22
5555 22
5556 22
5557 20
5558 20
5559 26
5560 40
5561 16
5562 28
5563 22
5564 16
5565 22
5566 26
5567 18
5568 20
5569 20
5570 24
5571 20
5572 24
5573 20
5574 20
5575 20
5576 32
5577 32
5578 24
5579 22
5580 22
5581 48
5582 52
5583 28
5584 22
5585 28
5586 24
5587 30
5588 26
5589 30
5590 22
5591 14
5592 56
5593 24
5594 26
5595 28
5596 20
5597 22
5598 20
5599 24
5600 26
5601 30
5602 20
5603 16
5604 24
5605 18
5606 20
5607 16
5608 24
5609 26
5610 16
5611 20
5612 18
5613 20
5614 42
5615 22
5616 28
5617 18
5618 30
5619 18
5620 24
5621 26
5622 20
5623 16
5624 18
5625 20
5626 18
5627 18
5628 26
5629 24
5630 18
5631 22
5632 20
5633 18
5634 22
5635 24
5636 20
5637 22
5638 24
5639 24
5640 22
5641 20
5642 22
5643 20
5644 30
5645 18
5646 32
5647 18
5648 22
5649 16
5650 16
5651 22
5652 14
5653 24
5654 16
5655 22
5656 22
5657 20
5658 26
5659 18
5660 18
5661 32
5662 44
5663 24
5664 26
5665 28
5666 16
5667 18
5668 20
5669 12
5670 22
5671 22
5672 18
5673 22
5674 22
5675 14
5676 24
5677 22
5678 18
5679 22
5680 38
5681 32
5682 16
5683 22
5684 24
5685 22
5686 18
5687 20
5688 30
5689 16
5690 20
5691 20
5692 24
5693 16
5694 20
5695 24
5696 18
5697 14
5698 26
5699 22
5700 26
5701 22
5702 14
5703 22
5704 24
5705 22
5706 16
5707 16
5708 22
5709 10
5710 24
5711 18
5712 22
5713 20
5714 20
5715 22
5716 24
5717 24
5718 26
5719 28
5720 34
5721 24
5722 22
5723 22
5724 32
5725 20
5726 26
5727 24
5728 28
5729 24
5730 26
5731 42
5732 18
5733 20
5734 20
5735 18
5736 18
5737 24
5738 22
5739 22
5740 8
5741 20
5742 30
5743 20
5744 16
5745 28
5746 18
5747 22
5748 18
5749 18
5750 16
5751 22
5752 20
5753 22
5754 18
5755 22
5756 30
5757 26
5758 24
5759 20
5760 22
5761 18
5762 38
5763 32
5764 26
5765 28
5766 22
5767 22
5768 24
5769 28
5770 18
5771 32
5772 30
5773 24
5774 24
5775 20
5776 26
5777 18
5778 22
5779 20
5780 26
5781 28
5782 32
5783 22
5784 22
5785 20
5786 14
5787 24
5788 26
5789 12
5790 26
5791 14
5792 18
5793 24
5794 38
5795 18
5796 12
5797 24
5798 22
5799 24
5800 18
5801 16
5802 16
5803 20
5804 18
5805 18
5806 22
5807 24
5808 30
5809 20
5810 36
5811 20
5812 24
5813 28
5814 22
5815 28
5816 18
5817 34
5818 34
5819 24
5820 26
5821 14
5822 20
5823 18
5824 14
5825 16
5826 22
5827 24
5828 36
5829 20
5830 16
5831 20
5832 22
5833 20
5834 24
5835 20
5836 22
5837 22
5838 26
5839 26
5840 26
5841 18
5842 16
5843 18
5844 38
5845 26
5846 26
5847 20
5848 16
5849 12
5850 16
5851 22
5852 18
5853 42
5854 16
5855 16
5856 26
5857 26
5858 12
5859 48
5860 26
5861 18
5862 24
5863 14
5864 16
5865 16
5866 22
5867 24
5868 18
5869 18
5870 30
5871 22
5872 22
5873 24
5874 28
5875 18
5876 14
5877 30
5878 30
5879 24
5880 44
5881 26
5882 16
5883 12
5884 26
5885 22
5886 18
5887 20
5888 24
5889 26
5890 24
5891 16
5892 18
5893 18
5894 18
5895 26
5896 18
5897 18
5898 26
5899 18
5900 24
5901 20
5902 16
5903 16
5904 20
5905 22
5906 20
5907 22
5908 22
5909 20
5910 22
5911 28
5912 46
5913 28
5914 24
5915 26
5916 28
5917 20
5918 46
5919 26
5920 30
5921 20
5922 44
5923 16
5924 28
5925 36
5926 28
5927 20
5928 18
5929 22
5930 28
5931 20
5932 22
5933 18
5934 24
5935 24
5936 12
5937 24
5938 26
5939 24
5940 14
5941 18
5942 20
5943 28
5944 18
5945 22
5946 24
5947 18
5948 20
5949 20
5950 18
5951 18
5952 14
5953 30
5954 28
5955 34
5956 32
5957 18
5958 24
5959 22
5960 28
5961 18
5962 28
5963 22
5964 22
5965 16
5966 22
5967 18
5968 24
5969 24
5970 34
5971 20
5972 58
5973 30
5974 20
5975 24
5976 22
5977 24
5978 20
5979 22
5980 26
5981 28
5982 18
5983 24
5984 22
5985 22
5986 22
5987 16
5988 28
5989 20
5990 24
5991 18
5992 26
5993 28
5994 24
5995 18
5996 30
5997 16
5998 20
5999 26
6000 20
6001 46
6002 24
6003 26
6004 16
6005 24
6006 22
6007 20
6008 38
6009 16
6010 26
6011 26
6012 16
6013 18
6014 24
6015 20
6016 18
6017 14
6018 16
6019 26
6020 16
6021 28
6022 22
6023 26
6024 18
6025 20
6026 16
6027 20
6028 26
6029 30
6030 34
6031 20
6032 20
6033 22
6034 24
6035 18
6036 26
6037 20
6038 24
6039 24
6040 18
6041 20
6042 22
6043 22
6044 20
6045 22
6046 20
6047 18
6048 18
6049 18
6050 16
6051 22
6052 28
6053 24
6054 28
6055 52
6056 22
6057 20
6058 24
6059 24
6060 18
6061 22
6062 26
6063 22
6064 18
6065 14
6066 22
6067 20
6068 18
6069 24
6070 20
6071 20
6072 20
6073 20
6074 24
6075 26
6076 28
6077 18
6078 26
6079 18
6080 20
6081 36
6082 20
6083 22
6084 24
6085 14
6086 32
6087 32
6088 26
6089 22
6090 24
6091 18
6092 20
6093 40
6094 24
6095 44
6096 34
6097 20
6098 30
6099 24
6100 28
6101 26
6102 30
6103 22
6104 24
6105 22
6106 26
6107 20
6108 26
6109 24
6110 22
6111 22
6112 26
6113 20
6114 28
6115 30
6116 26
6117 32
6118 16
6119 22
6120 20
6121 14
6122 24
6123 20
6124 22
6125 14
6126 20
6127 26
6128 22
6129 24
6130 18
6131 22
6132 22
6133 24
6134 26
6135 30
6136 22
6137 18
6138 28
6139 24
6140 34
6141 22
6142 26
6143 32
6144 20
6145 26
6146 20
6147 30
6148 30
6149 14
6150 14
6151 16
6152 24
6153 20
6154 24
6155 24
6156 26
6157 22
6158 24
6159 22
6160 12
6161 16
6162 32
6163 30
6164 14
6165 20
6166 20
6167 24
6168 20
6169 28
6170 34
6171 28
6172 18
6173 20
6174 20
6175 28
6176 18
6177 16
6178 20
6179 28
6180 26
6181 22
6182 20
6183 22
6184 12
6185 16
6186 26
6187 20
6188 26
6189 28
6190 24
6191 20
6192 20
6193 24
6194 12
6195 14
6196 20
6197 26
6198 20
6199 20
6200 18
6201 20
6202 24
6203 22
6204 26
6205 24
6206 26
6207 20
6208 16
6209 20
6210 32
6211 18
6212 16
6213 28
6214 20
6215 18
6216 20
6217 20
6218 26
6219 22
6220 8
6221 24
6222 24
6223 16
6224 18
6225 28
6226 16
6227 20
6228 12
6229 20
6230 16
6231 20
6232 30
6233 22
6234 28
6235 26
6236 22
6237 42
6238 16
6239 28
6240 20
6241 18
6242 22
6243 28
6244 18
6245 22
6246 20
6247 20
6248 24
6249 20
6250 24
6251 20
6252 30
6253 22
6254 18
6255 44
6256 20
6257 32
6258 16
6259 20
6260 24
6261 22
6262 18
6263 18
6264 28
6265 22
6266 24
6267 22
6268 20
6269 48
6270 18
6271 22
6272 20
6273 26
6274 18
6275 62
6276 24
6277 24
6278 14
6279 24
6280 18
6281 20
6282 24
6283 22
6284 14
6285 16
6286 22
6287 16
6288 28
6289 24
6290 18
6291 18
6292 18
6293 24
6294 22
6295 34
6296 14
6297 22
6298 26
6299 16
6300 22
6301 20
6302 16
6303 22
6304 24
6305 22
6306 20
6307 18
6308 34
6309 18
6310 16
6311 54
6312 26
6313 20
6314 26
6315 18
6316 26
6317 18
6318 28
6319 16
6320 26
6321 26
6322 20
6323 16
6324 32
6325 20
6326 42
6327 28
6328 24
6329 20
6330 22
6331 18
6332 20
6333 18
6334 26
6335 20
6336 24
6337 20
6338 16
6339 14
6340 38
6341 30
6342 18
6343 24
6344 26
6345 22
6346 18
6347 16
6348 16
6349 14
6350 20
6351 18
6352 20
6353 30
6354 16
6355 28
6356 20
6357 24
6358 34
6359 22
6360 22
6361 18
6362 22
6363 22
6364 26
6365 22
6366 20
6367 20
6368 16
6369 22
6370 26
6371 24
6372 18
6373 18
6374 22
6375 22
6376 20
6377 20
6378 40
6379 46
6380 22
6381 18
6382 22
6383 50
6384 26
6385 12
6386 26
6387 24
6388 20
6389 22
6390 26
6391 20
6392 32
6393 28
6394 20
6395 44
6396 20
6397 24
6398 24
6399 26
6400 26
6401 20
6402 22
6403 26
6404 18
6405 14
6406 18
6407 26
6408 20
6409 28
6410 40
6411 12
6412 10
6413 24
6414 16
6415 30
6416 22
6417 18
6418 26
6419 20
6420 24
6421 20
6422 28
6423 12
6424 20
6425 24
6426 26
6427 26
6428 22
6429 18
6430 26
6431 20
6432 20
6433 24
6434 18
6435 22
6436 20
6437 10
6438 22
6439 34
6440 20
6441 24
6442 26
6443 26
6444 12
6445 28
6446 22
6447 28
6448 24
6449 24
6450 26
6451 18
6452 16
6453 20
6454 12
6455 20
6456 26
6457 16
6458 20
6459 26
6460 22
6461 22
6462 16
6463 22
6464 26
6465 22
6466 22
6467 28
6468 34
6469 18
6470 36
6471 26
6472 24
6473 62
6474 26
6475 18
6476 16
6477 16
6478 22
6479 22
6480 20
6481 26
6482 26
6483 20
6484 18
6485 20
6486 20
6487 20
6488 24
6489 22
6490 20
6491 22
6492 20
6493 16
6494 20
6495 20
6496 24
6497 14
6498 24
6499 18
6500 22
6501 18
6502 20
6503 18
6504 22
6505 18
6506 16
6507 22
6508 26
6509 32
6510 36
6511 34
6512 22
6513 24
6514 40
6515 26
6516 28
6517 20
6518 22
6519 30
6520 18
6521 14
6522 30
6523 16
6524 20
6525 22
6526 16
6527 20
6528 24
6529 22
6530 26
6531 30
6532 14
6533 18
6534 24
6535 24
6536 36
6537 28
6538 22
6539 24
6540 20
6541 32
6542 14
6543 28
6544 24
6545 22
6546 34
6547 28
6548 22
6549 26
6550 14
6551 30
6552 16
6553 18
6554 20
6555 16
6556 30
6557 28
6558 16
6559 20
6560 28
6561 28
6562 18
6563 20
6564 26
6565 22
6566 18
6567 22
6568 28
6569 24
6570 36
6571 14
6572 26
6573 16
6574 24
6575 22
6576 20
6577 32
6578 28
6579 22
6580 26
6581 26
6582 30
6583 28
6584 22
6585 24
6586 32
6587 18
6588 20
6589 22
6590 20
6591 32
6592 14
6593 20
6594 26
6595 30
6596 22
6597 26
6598 28
6599 28
6600 24
6601 18
6602 14
6603 14
6604 18
6605 20
6606 16
6607 18
6608 26
6609 52
6610 26
6611 28
6612 20
6613 24
6614 20
6615 24
6616 28
6617 28
6618 18
6619 14
6620 24
6621 14
6622 26
6623 20
6624 34
6625 22
6626 28
6627 22
6628 28
6629 22
6630 24
6631 18
6632 20
6633 22
6634 16
6635 30
6636 24
6637 12
6638 20
6639 20
6640 18
6641 28
6642 18
6643 20
6644 28
6645 28
6646 30
6647 22
6648 32
6649 24
6650 26
6651 26
6652 22
6653 18
6654 26
6655 28
6656 26
6657 24
6658 24
6659 12
6660 24
6661 22
6662 18
6663 24
6664 22
6665 24
6666 20
6667 24
6668 22
6669 14
6670 26
6671 18
6672 22
6673 24
6674 20
6675 20
6676 28
6677 18
6678 24
6679 24
6680 26
6681 22
6682 42
6683 18
6684 24
6685 22
6686 20
6687 22
6688 36
6689 28
6690 14
6691 18
6692 24
6693 22
6694 22
6695 26
6696 28
6697 20
6698 26
6699 14
6700 24
6701 22
6702 22
6703 26
6704 16
6705 20
6706 28
6707 18
6708 68
6709 18
6710 16
6711 18
6712 28
6713 26
6714 22
6715 24
6716 22
6717 22
6718 22
6719 14
6720 24
6721 20
6722 20
6723 20
6724 18
6725 28
6726 18
6727 28
6728 26
6729 18
6730 22
6731 26
6732 20
6733 30
6734 24
6735 22
6736 24
6737 60
6738 60
6739 16
6740 26
6741 14
6742 22
6743 24
6744 24
6745 24
6746 22
6747 20
6748 22
6749 28
6750 22
6751 22
6752 24
6753 18
6754 14
6755 20
6756 20
6757 26
6758 18
6759 26
6760 22
6761 18
6762 28
6763 14
6764 24
6765 40
6766 24
6767 12
6768 14
6769 38
6770 22
6771 26
6772 14
6773 14
6774 20
6775 22
6776 28
6777 24
6778 24
6779 20
6780 24
6781 20
6782 22
6783 20
6784 20
6785 32
6786 22
6787 18
6788 26
6789 18
6790 34
6791 28
6792 32
6793 22
6794 20
6795 18
6796 22
6797 14
6798 16
6799 24
6800 24
6801 22
6802 16
6803 16
6804 20
6805 30
6806 14
6807 20
6808 20
6809 20
6810 24
6811 40
6812 16
6813 16
6814 14
6815 24
6816 24
6817 24
6818 16
6819 28
6820 22
6821 20
6822 20
6823 20
6824 22
6825 34
6826 28
6827 44
6828 20
6829 24
6830 36
6831 30
6832 16
6833 20
6834 26
6835 22
6836 22
6837 36
6838 30
6839 22
6840 32
6841 22
6842 18
6843 24
6844 26
6845 18
6846 22
6847 20
6848 20
6849 24
6850 12
6851 22
6852 14
6853 32
6854 18
6855 32
6856 24
6857 24
6858 20
6859 16
6860 24
6861 16
6862 24
6863 22
6864 24
6865 70
6866 42
6867 14
6868 58
6869 14
6870 24
6871 24
6872 24
6873 20
6874 36
6875 28
6876 22
6877 34
6878 24
6879 18
6880 30
6881 16
6882 20
6883 26
6884 16
6885 20
6886 30
6887 16
6888 20
6889 22
6890 26
6891 20
6892 26
6893 24
6894 28
6895 26
6896 18
6897 22
6898 26
6899 24
6900 26
6901 28
6902 32
6903 26
6904 46
6905 18
6906 24
6907 22
6908 26
6909 20
6910 18
6911 30
6912 32
6913 24
6914 22
6915 16
6916 26
6917 26
6918 20
6919 36
6920 16
6921 24
6922 22
6923 20
6924 22
6925 18
6926 20
6927 26
6928 24
6929 26
6930 18
6931 24
6932 22
6933 16
6934 22
6935 24
6936 26
6937 22
6938 22
6939 18
6940 22
6941 36
6942 30
6943 22
6944 20
6945 20
6946 20
6947 20
6948 14
6949 30
6950 14
6951 22
6952 26
6953 22
6954 22
6955 28
6956 18
6957 26
6958 22
6959 20
6960 26
6961 26
6962 26
6963 26
6964 20
6965 26
6966 14
6967 24
6968 16
6969 16
6970 20
6971 20
6972 20
6973 18
6974 22
6975 20
6976 20
6977 20
6978 46
6979 16
6980 22
6981 22
6982 20
6983 38
6984 24
6985 26
6986 28
6987 22
6988 26
6989 28
6990 28
6991 20
6992 30
6993 18
6994 20
6995 24
6996 20
6997 24
6998 18
6999 20
7000 22
7001 20
7002 14
7003 20
7004 18
7005 22
7006 22
7007 22
7008 26
7009 24
7010 22
7011 20
7012 24
7013 20
7014 22
7015 26
7016 22
7017 26
7018 60
7019 12
7020 14
7021 18
7022 16
7023 18
7024 28
7025 22
7026 28
7027 22
7028 20
7029 16
7030 30
7031 24
7032 26
7033 22
7034 22
7035 16
7036 24
7037 22
7038 24
7039 28
7040 22
7041 22
7042 22
7043 16
7044 22
7045 20
7046 22
7047 18
7048 18
7049 26
7050 12
7051 34
7052 14
7053 24
7054 24
7055 22
7056 22
7057 20
7058 18
7059 26
7060 20
7061 18
7062 24
7063 30
7064 30
7065 26
7066 22
7067 28
7068 20
7069 38
7070 26
7071 22
7072 22
7073 18
7074 18
7075 24
7076 26
7077 32
7078 18
7079 14
7080 18
7081 20
7082 16
7083 26
7084 26
7085 18
7086 22
7087 24
7088 26
7089 20
7090 22
7091 26
7092 20
7093 18
7094 18
7095 20
7096 20
7097 18
7098 20
7099 16
7100 22
7101 30
7102 22
7103 22
7104 26
7105 24
7106 40
7107 22
7108 22
7109 22
7110 14
7111 20
7112 34
7113 34
7114 40
7115 24
7116 24
7117 20
7118 24
7119 22
7120 20
7121 26
7122 24
7123 22
7124 32
7125 22
7126 20
7127 22
7128 24
7129 24
7130 26
7131 22
7132 22
7133 28
7134 24
7135 20
7136 18
7137 22
7138 18
7139 20
7140 16
7141 18
7142 32
7143 18
7144 18
7145 18
7146 22
7147 26
7148 28
7149 14
7150 24
7151 16
7152 24
7153 30
7154 18
7155 28
7156 30
7157 22
7158 24
7159 24
7160 22
7161 28
7162 30
7163 28
7164 22
7165 26
7166 18
7167 12
7168 22
7169 18
7170 20
7171 42
7172 28
7173 24
7174 18
7175 22
7176 20
7177 18
7178 26
7179 20
7180 22
7181 30
7182 24
7183 18
7184 22
7185 18
7186 18
7187 14
7188 24
7189 18
7190 36
7191 38
7192 28
7193 16
7194 22
7195 34
7196 16
7197 26
7198 24
7199 24
7200 32
7201 22
7202 14
7203 20
7204 14
7205 26
7206 82
7207 18
7208 26
7209 14
7210 60
7211 24
7212 24
7213 20
7214 18
7215 24
7216 22
7217 24
7218 20
7219 14
7220 20
7221 30
7222 32
7223 18
7224 24
7225 32
7226 16
7227 24
7228 24
7229 18
7230 22
7231 24
7232 20
7233 18
7234 24
7235 22
7236 16
7237 46
7238 30
7239 26
7240 22
7241 24
7242 26
7243 24
7244 18
7245 14
7246 26
7247 36
7248 24
7249 18
7250 22
7251 24
7252 14
7253 20
7254 26
7255 14
7256 22
7257 20
7258 22
7259 24
7260 18
7261 24
7262 22
7263 14
7264 28
7265 16
7266 24
7267 22
7268 24
7269 24
7270 22
7271 14
7272 46
7273 58
7274 24
7275 22
7276 26
7277 36
7278 14
7279 18
7280 22
7281 26
7282 20
7283 26
7284 24
7285 30
7286 20
7287 40
7288 12
7289 26
7290 32
7291 56
7292 30
7293 24
7294 28
7295 24
7296 44
7297 18
7298 20
7299 24
7300 20
7301 24
7302 12
7303 28
7304 24
7305 20
7306 24
7307 16
7308 38
7309 26
7310 14
7311 20
7312 16
7313 22
7314 26
7315 22
7316 30
7317 18
7318 26
7319 28
7320 22
7321 18
7322 28
7323 20
7324 28
7325 12
7326 24
7327 18
7328 28
7329 40
7330 20
7331 20
7332 20
7333 32
7334 24
7335 26
7336 22
7337 26
7338 22
7339 28
7340 14
7341 22
7342 16
7343 40
7344 28
7345 20
7346 24
7347 24
7348 28
7349 16
7350 18
7351 30
7352 26
7353 20
7354 18
7355 16
7356 20
7357 20
7358 14
7359 14
7360 18
7361 28
7362 22
7363 16
7364 16
7365 16
7366 24
7367 14
7368 10
7369 28
7370 24
7371 12
7372 20
7373 22
7374 12
7375 26
7376 30
7377 20
7378 18
7379 24
7380 32
7381 22
7382 20
7383 24
7384 20
7385 24
7386 24
7387 16
7388 26
7389 26
7390 16
7391 22
7392 28
7393 86
7394 16
7395 14
7396 24
7397 28
7398 28
7399 20
7400 20
7401 32
7402 26
7403 22
7404 18
7405 16
7406 20
7407 18
7408 24
7409 30
7410 16
7411 20
7412 18
7413 22
7414 24
7415 30
7416 40
7417 20
7418 28
7419 18
7420 18
7421 28
7422 22
7423 22
7424 22
7425 32
7426 20
7427 22
7428 24
7429 24
7430 24
7431 26
7432 20
7433 24
7434 22
7435 24
7436 26
7437 18
7438 22
7439 18
7440 16
7441 16
7442 24
7443 24
7444 18
7445 22
7446 26
7447 16
7448 24
7449 22
7450 86
7451 24
7452 20
7453 26
7454 26
7455 26
7456 24
7457 28
7458 20
7459 14
7460 28
7461 18
7462 28
7463 20
7464 24
7465 28
7466 26
7467 18
7468 22
7469 24
7470 18
7471 22
7472 18
7473 16
7474 26
7475 16
7476 24
7477 22
7478 18
7479 26
7480 22
7481 30
7482 24
7483 16
7484 26
7485 24
7486 26
7487 20
7488 18
7489 20
7490 26
7491 18
7492 40
7493 22
7494 26
7495 20
7496 28
7497 22
7498 26
7499 22
7500 24
7501 24
7502 58
7503 28
7504 20
7505 22
7506 24
7507 36
7508 24
7509 20
7510 26
7511 22
7512 16
7513 28
7514 22
7515 20
7516 48
7517 40
7518 18
7519 24
7520 20
7521 24
7522 16
7523 16
7524 26
7525 18
7526 22
7527 22
7528 20
7529 20
7530 18
7531 38
7532 20
7533 24
7534 26
7535 18
7536 24
7537 22
7538 22
7539 36
7540 22
7541 26
7542 20
7543 26
7544 24
7545 18
7546 18
7547 24
7548 24
7549 14
7550 24
7551 18
7552 16
7553 20
7554 24
7555 28
7556 48
7557 12
7558 22
7559 20
7560 26
7561 28
7562 26
7563 18
7564 22
7565 18
7566 20
7567 20
7568 20
7569 30
7570 30
7571 22
7572 32
7573 24
7574 22
7575 18
7576 12
7577 26
7578 24
7579 20
7580 32
7581 20
7582 24
7583 32
7584 22
7585 26
7586 28
7587 26
7588 20
7589 22
7590 20
7591 20
7592 20
7593 16
7594 20
7595 20
7596 30
7597 22
7598 50
7599 30
7600 22
7601 22
7602 18
7603 22
7604 18
7605 24
7606 20
7607 28
7608 20
7609 20
7610 28
7611 26
7612 18
7613 24
7614 24
7615 24
7616 28
7617 26
7618 24
7619 18
7620 24
7621 16
7622 22
7623 20
7624 18
7625 22
7626 22
7627 18
7628 16
7629 26
7630 22
7631 50
7632 28
7633 36
7634 18
7635 20
7636 34
7637 22
7638 20
7639 24
7640 22
7641 24
7642 24
7643 26
7644 14
7645 20
7646 30
7647 28
7648 24
7649 40
7650 22
7651 32
7652 20
7653 20
7654 20
7655 18
7656 44
7657 32
7658 24
7659 28
7660 38
7661 24
7662 22
7663 20
7664 20
7665 22
7666 24
7667 24
7668 26
7669 20
7670 26
7671 16
7672 28
7673 22
7674 18
7675 12
7676 20
7677 20
7678 22
7679 16
7680 22
7681 16
7682 24
7683 26
7684 22
7685 22
7686 20
7687 30
7688 26
7689 22
7690 18
7691 26
7692 18
7693 16
7694 24
7695 22
7696 20
7697 24
7698 26
7699 24
7700 14
7701 20
7702 22
7703 20
7704 20
7705 26
7706 20
7707 26
7708 24
7709 32
7710 24
7711 26
7712 28
7713 28
7714 30
7715 30
7716 18
7717 26
7718 22
7719 28
7720 24
7721 28
7722 26
7723 22
7724 12
7725 20
7726 22
7727 30
7728 28
7729 22
7730 22
7731 44
7732 18
7733 22
7734 20
7735 20
7736 32
7737 24
7738 14
7739 16
7740 22
7741 22
7742 28
7743 28
7744 20
7745 20
7746 20
7747 16
7748 22
7749 20
7750 32
7751 20
7752 20
7753 28
7754 20
7755 24
7756 20
7757 24
7758 26
7759 24
7760 18
7761 24
7762 28
7763 34
7764 20
7765 22
7766 18
7767 16
7768 22
7769 28
7770 18
7771 24
7772 20
7773 20
7774 20
7775 24
7776 18
7777 28
7778 22
7779 26
7780 20
7781 32
7782 22
7783 24
7784 22
7785 26
7786 40
7787 24
7788 18
7789 32
7790 24
7791 20
7792 24
7793 18
7794 26
7795 20
7796 20
7797 24
7798 24
7799 20
7800 22
7801 32
7802 22
7803 22
7804 24
7805 26
7806 24
7807 22
7808 28
7809 18
7810 20
7811 16
7812 22
7813 24
7814 20
7815 22
7816 18
7817 22
7818 18
7819 24
7820 24
7821 28
7822 20
7823 20
7824 22
7825 26
7826 22
7827 20
7828 20
7829 22
7830 22
7831 24
7832 26
7833 20
7834 30
7835 24
7836 28
7837 30
7838 32
7839 26
7840 34
7841 26
7842 32
7843 26
7844 28
7845 16
7846 22
7847 44
7848 20
7849 24
7850 18
7851 22
7852 20
7853 22
7854 28
7855 24
7856 22
7857 32
7858 30
7859 20
7860 16
7861 26
7862 16
7863 24
7864 26
7865 22
7866 26
7867 28
7868 18
7869 18
7870 32
7871 20
7872 24
7873 14
7874 28
7875 28
7876 24
7877 26
7878 24
7879 22
7880 24
7881 22
7882 24
7883 34
7884 24
7885 18
7886 26
7887 28
7888 26
7889 20
7890 10
7891 24
7892 16
7893 28
7894 18
7895 18
7896 22
7897 20
7898 20
7899 20
7900 24
7901 22
7902 24
7903 14
7904 18
7905 26
7906 26
7907 24
7908 20
7909 26
7910 24
7911 28
7912 16
7913 32
7914 24
7915 22
7916 24
7917 24
7918 20
7919 28
7920 22
7921 26
7922 22
7923 24
7924 26
7925 24
7926 20
7927 22
7928 26
7929 30
7930 32
7931 30
7932 16
7933 20
7934 28
7935 24
7936 22
7937 22
7938 12
7939 26
7940 24
7941 22
7942 26
7943 26
7944 30
7945 20
7946 24
7947 18
7948 18
7949 24
7950 20
7951 24
7952 22
7953 18
7954 22
7955 16
7956 18
7957 22
7958 30
7959 18
7960 24
7961 30
7962 36
7963 16
7964 26
7965 32
7966 20
7967 26
7968 26
7969 22
7970 22
7971 40
7972 22
7973 32
7974 24
7975 18
7976 22
7977 14
7978 20
7979 28
7980 16
7981 22
7982 18
7983 24
7984 20
7985 22
7986 28
7987 48
7988 26
7989 20
7990 20
7991 24
7992 22
7993 24
7994 14
7995 26
7996 28
7997 22
7998 22
7999 26
8000 34
8001 26
8002 8
8003 26
8004 22
8005 22
8006 24
8007 28
8008 28
8009 24
8010 20
8011 18
8012 12
8013 16
8014 26
8015 32
8016 30
8017 30
8018 26
8019 12
8020 42
8021 22
8022 32
8023 22
8024 22
8025 14
8026 28
8027 24
8028 16
8029 20
8030 22
8031 20
8032 22
8033 24
8034 22
8035 24
8036 28
8037 28
8038 18
8039 24
8040 18
8041 24
8042 20
8043 48
8044 20
8045 22
8046 20
8047 18
8048 24
8049 20
8050 22
8051 24
8052 24
8053 24
8054 22
8055 20
8056 44
8057 48
8058 30
8059 20
8060 26
8061 30
8062 26
8063 20
8064 18
8065 50
8066 40
8067 36
8068 54
8069 26
8070 38
8071 36
8072 20
8073 26
8074 24
8075 32
8076 30
8077 24
8078 24
8079 24
8080 18
8081 22
8082 20
8083 40
8084 26
8085 30
8086 14
8087 14
8088 22
8089 22
8090 16
8091 20
8092 22
8093 22
8094 20
8095 56
8096 22
8097 26
8098 24
8099 22
8100 20
8101 24
8102 24
8103 22
8104 24
8105 20
8106 16
8107 20
8108 18
8109 20
8110 18
8111 30
8112 22
8113 26
8114 28
8115 18
8116 18
8117 20
8118 20
8119 28
8120 26
8121 18
8122 24
8123 20
8124 22
8125 36
8126 28
8127 32
8128 24
8129 28
8130 28
8131 20
8132 32
8133 24
8134 28
8135 26
8136 22
8137 24
8138 26
8139 26
8140 28
8141 30
8142 26
8143 42
8144 18
8145 16
8146 26
8147 24
8148 26
8149 24
8150 28
8151 24
8152 20
8153 22
8154 18
8155 20
8156 20
8157 22
8158 22
8159 38
8160 20
8161 30
8162 20
8163 16
8164 24
8165 18
8166 20
8167 26
8168 22
8169 12
8170 22
8171 16
8172 20
8173 36
8174 18
8175 24
8176 24
8177 22
8178 24
8179 20
8180 22
8181 16
8182 22
8183 12
8184 18
8185 34
8186 20
8187 24
8188 18
8189 22
8190 26
8191 24
8192 14
8193 20
8194 22
8195 26
8196 22
8197 22
8198 20
8199 20
8200 26
8201 18
8202 26
8203 20
8204 44
8205 24
8206 32
8207 14
8208 18
8209 20
8210 22
8211 22
8212 28
8213 24
8214 20
8215 20
8216 16
8217 16
8218 20
8219 18
8220 26
8221 38
8222 28
8223 16
8224 26
8225 20
8226 20
8227 14
8228 24
8229 22
8230 28
8231 22
8232 18
8233 12
8234 16
8235 20
8236 44
8237 24
8238 12
8239 84
8240 30
8241 12
8242 22
8243 18
8244 24
8245 16
8246 20
8247 24
8248 40
8249 46
8250 28
8251 18
8252 22
8253 14
8254 18
8255 30
8256 24
8257 22
8258 22
8259 20
8260 34
8261 28
8262 16
8263 24
8264 28
8265 22
8266 22
8267 18
8268 22
8269 28
8270 14
8271 18
8272 24
8273 16
8274 18
8275 16
8276 16
8277 20
8278 22
8279 16
8280 32
8281 22
8282 18
8283 22
8284 18
8285 22
8286 32
8287 24
8288 20
8289 26
8290 26
8291 30
8292 20
8293 20
8294 34
8295 20
8296 22
8297 22
8298 18
8299 28
8300 24
8301 20
8302 16
8303 28
8304 18
8305 16
8306 30
8307 26
8308 20
8309 20
8310 26
8311 28
8312 22
8313 44
8314 24
8315 20
8316 24
8317 24
8318 22
8319 20
8320 18
8321 28
8322 22
8323 22
8324 18
8325 18
8326 24
8327 20
8328 24
8329 24
8330 24
8331 16
8332 14
8333 24
8334 26
8335 24
8336 16
8337 18
8338 14
8339 20
8340 22
8341 22
8342 20
8343 18
8344 20
8345 44
8346 24
8347 20
8348 30
8349 30
8350 16
8351 22
8352 34
8353 20
8354 22
8355 24
8356 34
8357 24
8358 22
8359 20
8360 14
8361 62
8362 24
8363 28
8364 24
8365 18
8366 16
8367 14
8368 34
8369 22
8370 18
8371 22
8372 22
8373 20
8374 18
8375 32
8376 20
8377 12
8378 26
8379 18
8380 16
8381 28
8382 20
8383 30
8384 22
8385 24
8386 22
8387 18
8388 18
8389 18
8390 26
8391 24
8392 22
8393 22
8394 20
8395 24
8396 20
8397 16
8398 22
8399 26
8400 24
8401 30
8402 24
8403 22
8404 28
8405 48
8406 28
8407 22
8408 24
8409 24
8410 22
8411 20
8412 22
8413 20
8414 16
8415 20
8416 40
8417 32
8418 16
8419 28
8420 20
8421 18
8422 18
8423 18
8424 22
8425 22
8426 20
8427 20
8428 18
8429 20
8430 20
8431 16
8432 24
8433 26
8434 24
8435 20
8436 22
8437 26
8438 30
8439 22
8440 24
8441 16
8442 18
8443 24
8444 22
8445 18
8446 40
8447 28
8448 24
8449 22
8450 22
8451 16
8452 18
8453 20
8454 26
8455 26
8456 34
8457 28
8458 24
8459 24
8460 22
8461 42
8462 18
8463 26
8464 20
8465 24
8466 22
8467 22
8468 22
8469 22
8470 26
8471 26
8472 32
8473 20
8474 24
8475 26
8476 16
8477 18
8478 30
8479 26
8480 22
8481 28
8482 22
8483 18
8484 26
8485 26
8486 26
8487 20
8488 28
8489 24
8490 18
8491 20
8492 28
8493 18
8494 18
8495 18
8496 30
8497 18
8498 16
8499 22
8500 20
8501 26
8502 24
8503 22
8504 22
8505 20
8506 20
8507 22
8508 22
8509 26
8510 24
8511 20
8512 32
8513 22
8514 22
8515 16
8516 20
8517 18
8518 22
8519 24
8520 28
8521 20
8522 20
8523 24
8524 28
8525 42
8526 26
8527 20
8528 22
8529 20
8530 26
8531 16
8532 28
8533 26
8534 42
8535 20
8536 22
8537 16
8538 38
8539 26
8540 24
8541 36
8542 24
8543 34
8544 30
8545 22
8546 34
8547 26
8548 28
8549 28
8550 22
8551 24
8552 28
8553 30
8554 24
8555 26
8556 16
8557 44
8558 24
8559 20
8560 30
8561 16
8562 24
8563 18
8564 20
8565 32
8566 20
8567 28
8568 22
8569 24
8570 26
8571 24
8572 26
8573 28
8574 24
8575 22
8576 18
8577 26
8578 26
8579 18
8580 20
8581 30
8582 26
8583 24
8584 16
8585 24
8586 22
8587 16
8588 32
8589 20
8590 30
8591 24
8592 30
8593 22
8594 18
8595 24
8596 24
8597 20
8598 24
8599 22
8600 26
8601 22
8602 24
8603 18
8604 26
8605 24
8606 22
8607 26
8608 34
8609 24
8610 14
8611 26
8612 26
8613 22
8614 26
8615 20
8616 36
8617 30
8618 20
8619 16
8620 16
8621 26
8622 22
8623 40
8624 18
8625 20
8626 22
8627 20
8628 24
8629 24
8630 14
8631 20
8632 26
8633 24
8634 28
8635 20
8636 20
8637 22
8638 22
8639 48
8640 16
8641 20
8642 22
8643 40
8644 32
8645 22
8646 24
8647 22
8648 24
8649 22
8650 22
8651 24
8652 14
8653 30
8654 46
8655 26
8656 26
8657 24
8658 24
8659 20
8660 14
8661 18
8662 16
8663 18
8664 16
8665 26
8666 24
8667 18
8668 24
8669 22
8670 26
8671 32
8672 26
8673 24
8674 20
8675 16
8676 30
8677 26
8678 34
8679 16
8680 16
8681 26
8682 24
8683 16
8684 24
8685 14
8686 22
8687 24
8688 32
8689 20
8690 28
8691 20
8692 32
8693 24
8694 18
8695 22
8696 14
8697 24
8698 20
8699 24
8700 26
8701 28
8702 20
8703 20
8704 26
8705 20
8706 24
8707 20
8708 22
8709 34
8710 28
8711 22
8712 34
8713 36
8714 24
8715 26
8716 26
8717 32
8718 32
8719 24
8720 22
8721 34
8722 38
8723 18
8724 24
8725 24
8726 22
8727 18
8728 18
8729 22
8730 24
8731 22
8732 22
8733 20
8734 20
8735 30
8736 20
8737 16
8738 24
8739 24
8740 22
8741 24
8742 18
8743 34
8744 18
8745 18
8746 30
8747 20
8748 22
8749 18
8750 14
8751 26
8752 30
8753 24
8754 24
8755 22
8756 24
8757 20
8758 24
8759 22
8760 24
8761 28
8762 28
8763 16
8764 32
8765 26
8766 24
8767 24
8768 20
8769 28
8770 28
8771 14
8772 16
8773 28
8774 30
8775 38
8776 30
8777 20
8778 28
8779 28
8780 26
8781 30
8782 22
8783 28
8784 28
8785 26
8786 12
8787 18
8788 32
8789 22
8790 24
8791 24
8792 28
8793 22
8794 20
8795 16
8796 20
8797 22
8798 24
8799 22
8800 20
8801 32
8802 46
8803 16
8804 26
8805 20
8806 18
8807 20
8808 24
8809 24
8810 18
8811 24
8812 32
8813 26
8814 28
8815 18
8816 24
8817 18
8818 20
8819 18
8820 18
8821 20
8822 20
8823 24
8824 32
8825 20
8826 20
8827 18
8828 28
8829 32
8830 18
8831 34
8832 20
8833 16
8834 18
8835 16
8836 24
8837 24
8838 22
8839 30
8840 18
8841 22
8842 20
8843 24
8844 24
8845 28
8846 18
8847 22
8848 14
8849 38
8850 24
8851 20
8852 22
8853 28
8854 16
8855 26
8856 42
8857 20
8858 24
8859 22
8860 24
8861 26
8862 60
8863 24
8864 20
8865 30
8866 20
8867 24
8868 22
8869 24
8870 40
8871 30
8872 24
8873 20
8874 24
8875 24
8876 26
8877 32
8878 26
8879 20
8880 18
8881 26
8882 24
8883 22
8884 20
8885 20
8886 20
8887 20
8888 24
8889 16
8890 18
8891 36
8892 20
8893 20
8894 24
8895 20
8896 20
8897 22
8898 24
8899 12
8900 28
8901 28
8902 26
8903 28
8904 24
8905 30
8906 22
8907 16
8908 38
8909 16
8910 32
8911 22
8912 32
8913 26
8914 14
8915 24
8916 16
8917 20
8918 26
8919 20
8920 18
8921 18
8922 20
8923 26
8924 36
8925 22
8926 38
8927 34
8928 24
8929 20
8930 22
8931 24
8932 26
8933 34
8934 18
8935 22
8936 18
8937 36
8938 18
8939 26
8940 22
8941 32
8942 26
8943 10
8944 28
8945 24
8946 22
8947 30
8948 28
8949 28
8950 24
8951 16
8952 22
8953 24
8954 22
8955 20
8956 44
8957 20
8958 22
8959 28
8960 24
8961 26
8962 28
8963 18
8964 16
8965 22
8966 20
8967 16
8968 34
8969 18
8970 24
8971 22
8972 20
8973 18
8974 26
8975 12
8976 26
8977 18
8978 28
8979 18
8980 18
8981 30
8982 18
8983 22
8984 26
8985 32
8986 14
8987 26
8988 30
8989 22
8990 16
8991 22
8992 24
8993 22
8994 32
8995 16
8996 20
8997 26
8998 32
8999 52
9000 28
9001 28
9002 26
9003 20
9004 22
9005 20
9006 32
9007 22
9008 22
9009 20
9010 32
9011 28
9012 26
9013 22
9014 20
9015 36
9016 24
9017 12
9018 28
9019 18
9020 22
9021 22
9022 20
9023 26
9024 24
9025 20
9026 24
9027 18
9028 34
9029 26
9030 22
9031 26
9032 32
9033 20
9034 24
9035 46
9036 26
9037 32
9038 26
9039 28
9040 40
9041 22
9042 24
9043 40
9044 34
9045 28
9046 30
9047 26
9048 26
9049 24
9050 24
9051 28
9052 24
9053 24
9054 22
9055 22
9056 26
9057 20
9058 26
9059 30
9060 24
9061 24
9062 40
9063 30
9064 22
9065 28
9066 26
9067 26
9068 22
9069 32
9070 22
9071 28
9072 28
9073 20
9074 16
9075 58
9076 24
9077 26
9078 20
9079 18
9080 16
9081 22
9082 30
9083 22
9084 24
9085 32
9086 22
9087 24
9088 20
9089 18
9090 26
9091 22
9092 18
9093 38
9094 32
9095 18
9096 16
9097 18
9098 30
9099 12
9100 20
9101 28
9102 26
9103 20
9104 20
9105 24
9106 18
9107 28
9108 22
9109 24
9110 26
9111 24
9112 26
9113 14
9114 34
9115 22
9116 24
9117 20
9118 28
9119 16
9120 18
9121 24
9122 18
9123 18
9124 24
9125 24
9126 26
9127 18
9128 26
9129 26
9130 24
9131 18
9132 32
9133 20
9134 22
9135 18
9136 30
9137 24
9138 20
9139 30
9140 28
9141 24
9142 26
9143 36
9144 16
9145 24
9146 26
9147 26
9148 16
9149 28
9150 18
9151 22
9152 18
9153 30
9154 20
9155 20
9156 14
9157 20
9158 34
9159 32
9160 30
9161 22
9162 18
9163 16
9164 22
9165 18
9166 14
9167 24
9168 20
9169 44
9170 26
9171 24
9172 22
9173 26
9174 24
9175 36
9176 26
9177 20
9178 22
9179 20
9180 20
9181 18
9182 24
9183 24
9184 30
9185 18
9186 24
9187 52
9188 26
9189 26
9190 28
9191 24
9192 26
9193 26
9194 22
9195 26
9196 26
9197 34
9198 22
9199 22
9200 20
9201 26
9202 22
9203 42
9204 26
9205 34
9206 34
9207 30
9208 26
9209 22
9210 20
9211 20
9212 30
9213 20
9214 28
9215 16
9216 28
9217 26
9218 28
9219 24
9220 22
9221 28
9222 28
9223 24
9224 28
9225 26
9226 22
9227 30
9228 24
9229 20
9230 22
9231 24
9232 24
9233 24
9234 34
9235 32
9236 20
9237 28
9238 32
9239 28
9240 26
9241 26
9242 30
9243 26
9244 32
9245 18
9246 18
9247 28
9248 26
9249 22
9250 22
9251 18
9252 30
9253 18
9254 28
9255 26
9256 20
9257 28
9258 28
9259 14
9260 42
9261 26
9262 30
9263 20
9264 22
9265 24
9266 36
9267 20
9268 16
9269 22
9270 26
9271 28
9272 24
9273 26
9274 22
9275 22
9276 38
9277 26
9278 18
9279 18
9280 30
9281 28
9282 28
9283 22
9284 20
9285 28
9286 30
9287 14
9288 24
9289 16
9290 22
9291 22
9292 26
9293 22
9294 20
9295 24
9296 22
9297 28
9298 20
9299 26
9300 28
9301 38
9302 20
9303 24
9304 34
9305 18
9306 18
9307 22
9308 16
9309 30
9310 18
9311 20
9312 22
9313 30
9314 24
9315 24
9316 28
9317 18
9318 24
9319 20
9320 20
9321 26
9322 22
9323 28
9324 30
9325 28
9326 24
9327 20
9328 18
9329 40
9330 20
9331 26
9332 24
9333 28
9334 22
9335 20
9336 26
9337 26
9338 18
9339 22
9340 16
9341 22
9342 26
9343 20
9344 24
9345 26
9346 32
9347 20
9348 30
9349 22
9350 40
9351 34
9352 24
9353 24
9354 20
9355 30
9356 20
9357 64
9358 14
9359 12
9360 28
9361 28
9362 22
9363 26
9364 24
9365 22
9366 26
9367 32
9368 26
9369 22
9370 22
9371 28
9372 42
9373 24
9374 40
9375 24
9376 24
9377 14
9378 28
9379 42
9380 24
9381 18
9382 24
9383 22
9384 24
9385 28
9386 22
9387 24
9388 20
9389 26
9390 22
9391 22
9392 32
9393 22
9394 18
9395 18
9396 20
9397 30
9398 26
9399 24
9400 20
9401 14
9402 24
9403 24
9404 18
9405 32
9406 24
9407 30
9408 42
9409 28
9410 30
9411 28
9412 22
9413 20
9414 24
9415 28
9416 24
9417 14
9418 28
9419 22
9420 24
9421 22
9422 24
9423 26
9424 20
9425 10
9426 32
9427 22
9428 26
9429 22
9430 26
9431 20
9432 26
9433 26
9434 18
9435 22
9436 14
9437 16
9438 22
9439 14
9440 34
9441 26
9442 22
9443 14
9444 18
9445 38
9446 20
9447 30
9448 20
9449 18
9450 24
9451 24
9452 22
9453 30
9454 28
9455 18
9456 44
9457 26
9458 34
9459 32
9460 20
9461 24
9462 30
9463 14
9464 20
9465 20
9466 26
9467 30
9468 18
9469 50
9470 20
9471 18
9472 24
9473 24
9474 20
9475 26
9476 28
9477 22
9478 18
9479 26
9480 18
9481 16
9482 22
9483 28
9484 24
9485 22
9486 20
9487 18
9488 16
9489 26
9490 18
9491 24
9492 24
9493 26
9494 16
9495 24
9496 18
9497 22
9498 20
9499 14
9500 30
9501 26
9502 50
9503 18
9504 18
9505 20
9506 24
9507 14
9508 16
9509 26
9510 16
9511 22
9512 20
9513 20
9514 26
9515 20
9516 14
9517 26
9518 28
9519 20
9520 16
9521 24
9522 18
9523 32
9524 18
9525 24
9526 28
9527 16
9528 22
9529 20
9530 22
9531 26
9532 24
9533 30
9534 24
9535 22
9536 32
9537 24
9538 22
9539 18
9540 30
9541 24
9542 36
9543 20
9544 24
9545 26
9546 28
9547 24
9548 30
9549 26
9550 16
9551 14
9552 20
9553 32
9554 22
9555 28
9556 26
9557 22
9558 16
9559 32
9560 24
9561 28
9562 22
9563 30
9564 24
9565 28
9566 22
9567 24
9568 26
9569 16
9570 24
9571 22
9572 20
9573 34
9574 30
9575 50
9576 14
9577 18
9578 26
9579 18
9580 24
9581 26
9582 26
9583 24
9584 22
9585 22
9586 22
9587 60
9588 22
9589 24
9590 30
9591 24
9592 22
9593 24
9594 16
9595 18
9596 24
9597 28
9598 22
9599 20
9600 18
9601 18
9602 30
9603 28
9604 22
9605 20
9606 24
9607 22
9608 18
9609 22
9610 18
9611 26
9612 24
9613 26
9614 26
9615 30
9616 24
9617 32
9618 20
9619 26
9620 18
9621 24
9622 18
9623 24
9624 14
9625 22
9626 24
9627 26
9628 22
9629 28
9630 24
9631 28
9632 28
9633 26
9634 18
9635 24
9636 30
9637 34
9638 44
9639 26
9640 22
9641 28
9642 22
9643 24
9644 26
9645 20
9646 22
9647 20
9648 24
9649 20
9650 22
9651 18
9652 14
9653 26
9654 20
9655 20
9656 22
9657 26
9658 24
9659 20
9660 30
9661 18
9662 28
9663 50
9664 54
9665 40
9666 24
9667 24
9668 42
9669 18
9670 22
9671 28
9672 30
9673 16
9674 20
9675 16
9676 24
9677 18
9678 26
9679 18
9680 26
9681 24
9682 24
9683 28
9684 22
9685 24
9686 20
9687 24
9688 26
9689 26
9690 44
9691 22
9692 22
9693 62
9694 32
9695 28
9696 26
9697 20
9698 26
9699 32
9700 32
9701 26
9702 20
9703 16
9704 18
9705 20
9706 22
9707 24
9708 26
9709 32
9710 20
9711 24
9712 20
9713 28
9714 22
9715 22
9716 20
9717 28
9718 28
9719 22
9720 26
9721 28
9722 16
9723 28
9724 24
9725 38
9726 22
9727 28
9728 22
9729 30
9730 18
9731 28
9732 18
9733 22
9734 24
9735 22
9736 28
9737 20
9738 30
9739 14
9740 20
9741 22
9742 32
9743 22
9744 22
9745 46
9746 18
9747 24
9748 20
9749 32
9750 30
9751 24
9752 18
9753 30
9754 22
9755 22
9756 20
9757 18
9758 16
9759 20
9760 24
9761 26
9762 20
9763 18
9764 24
9765 20
9766 20
9767 20
9768 26
9769 16
9770 20
9771 42
9772 36
9773 20
9774 34
9775 28
9776 22
9777 22
9778 24
9779 20
9780 32
9781 18
9782 18
9783 38
9784 26
9785 18
9786 32
9787 24
9788 20
9789 26
9790 26
9791 22
9792 14
9793 20
9794 22
9795 18
9796 34
9797 24
9798 22
9799 26
9800 20
9801 24
9802 42
9803 38
9804 48
9805 30
9806 22
9807 24
9808 20
9809 16
9810 26
9811 24
9812 24
9813 20
9814 30
9815 22
9816 24
9817 20
9818 18
9819 20
9820 24
9821 22
9822 24
9823 24
9824 12
9825 26
9826 24
9827 28
9828 24
9829 20
9830 32
9831 24
9832 24
9833 24
9834 20
9835 24
9836 36
9837 30
9838 18
9839 30
9840 34
9841 24
9842 18
9843 24
9844 28
9845 32
9846 26
9847 36
9848 26
9849 28
9850 22
9851 32
9852 20
9853 20
9854 32
9855 24
9856 30
9857 28
9858 24
9859 28
9860 20
9861 34
9862 22
9863 22
9864 20
9865 24
9866 24
9867 16
9868 26
9869 28
9870 26
9871 28
9872 16
9873 30
9874 26
9875 20
9876 24
9877 18
9878 20
9879 20
9880 20
9881 24
9882 26
9883 26
9884 16
9885 26
9886 18
9887 18
9888 14
9889 22
9890 44
9891 26
9892 20
9893 24
9894 18
9895 24
9896 24
9897 24
9898 30
9899 26
9900 28
9901 26
9902 20
9903 22
9904 24
9905 24
9906 18
9907 24
9908 36
9909 20
9910 14
9911 22
9912 26
9913 20
9914 22
9915 24
9916 20
9917 30
9918 20
9919 42
9920 20
9921 28
9922 30
9923 22
9924 18
9925 42
9926 18
9927 18
9928 22
9929 24
9930 20
9931 28
9932 24
9933 20
9934 28
9935 20
9936 22
9937 28
9938 44
9939 16
9940 28
9941 14
9942 18
9943 24
9944 26
9945 26
9946 16
9947 26
9948 18
9949 20
9950 26
9951 20
9952 34
9953 20
9954 24
9955 20
9956 20
9957 24
9958 24
9959 22
9960 20
9961 18
9962 22
9963 16
9964 28
9965 20
9966 20
9967 34
9968 28
9969 24
9970 28
9971 22
9972 24
9973 24
9974 16
9975 22
9976 20
9977 22
9978 18
9979 26
9980 28
9981 24
9982 28
9983 28
9984 22
9985 28
9986 24
9987 32
9988 36
9989 48
9990 26
9991 24
9992 28
9993 22
9994 24
9995 30
9996 22
9997 28
9998 28
9999 14
10000 22
10001 32
10002 20
10003 28
10004 18
10005 24
10006 20
10007 20
10008 20
10009 26
10010 26
10011 20
10012 28
10013 24
10014 16
10015 24
10016 26
10017 30
10018 20
10019 14
10020 34
10021 26
10022 14
10023 22
10024 26
10025 24
10026 12
10027 22
10028 18
10029 20
10030 20
10031 36
10032 20
10033 28
10034 22
10035 22
10036 44
10037 24
10038 30
10039 20
10040 24
10041 18
10042 16
10043 20
10044 24
10045 24
10046 30
10047 20
10048 16
10049 40
10050 22
10051 28
10052 22
10053 18
10054 16
10055 28
10056 20
10057 22
10058 12
10059 22
10060 24
10061 28
10062 18
10063 26
10064 26
10065 18
10066 20
10067 22
10068 36
10069 24
10070 26
10071 20
10072 16
10073 32
10074 26
10075 26
10076 22
10077 20
10078 22
10079 22
10080 26
10081 26
10082 26
10083 20
10084 22
10085 32
10086 24
10087 26
10088 22
10089 18
10090 24
10091 16
10092 26
10093 22
10094 24
10095 20
10096 18
10097 28
10098 20
10099 26
