106 7
101 14
100 19
103 16
110 11
105 26
108 23
104 31
109 26
111 25
116 21
107 31
114 24
112 27
102 38
115 26
113 29
118 25
126 19
128 17
129 16
120 26
122 24
133 13
117 31
119 29
121 27
131 17
132 17
134 17
136 15
124 29
127 26
139 14
123 31
135 21
140 17
125 33
130 28
146 14
138 23
142 20
137 26
157 6
141 23
154 11
144 23
148 19
147 21
152 17
143 27
150 21
153 19
155 17
166 6
163 11
145 30
160 15
156 21
162 15
164 15
149 32
158 23
168 14
159 24
161 24
151 35
165 22
167 20
171 19
173 17
169 23
175 17
174 20
183 11
172 23
179 16
180 17
189 11
170 31
178 25
184 20
181 24
195 10
188 18
177 33
187 23
190 20
204 6
176 35
194 17
200 11
191 21
192 21
193 24
197 20
201 16
196 23
186 34
182 39
207 15
205 18
203 21
208 16
206 20
216 11
199 29
202 26
214 14
212 17
210 23
218 15
223 14
198 43
209 32
213 30
220 23
185 60
224 23
236 11
217 33
230 20
211 40
226 26
215 38
227 26
225 29
234 20
241 13
219 36
232 25
235 22
237 20
222 36
242 16
221 39
243 17
228 35
252 11
229 35
239 25
244 20
245 20
231 35
240 27
233 37
258 12
250 22
256 16
249 27
238 39
257 23
254 29
248 36
270 14
262 23
260 26
272 14
246 42
247 41
253 35
271 17
277 14
251 41
267 27
268 26
278 17
255 41
264 32
276 20
261 36
275 23
263 36
265 37
266 36
279 23
285 17
259 44
287 17
282 23
291 17
289 20
269 41
280 30
296 16
273 42
286 29
297 18
306 9
274 42
284 33
281 38
283 37
290 32
299 23
288 35
310 14
292 33
302 23
308 17
293 33
301 26
304 23
307 20
313 14
311 17
309 20
312 17
319 11
295 36
317 14
315 17
300 33
294 42
314 23
321 17
316 23
298 42
324 17
305 38
323 20
322 22
303 45
335 14
327 23
330 20
336 14
328 23
326 28
332 23
337 18
318 38
333 23
339 17
334 23
320 40
345 17
346 17
347 17
344 21
343 24
325 44
341 28
350 20
331 40
351 20
329 43
349 26
355 20
353 23
359 17
340 38
370 9
342 41
357 26
360 23
361 23
365 19
348 38
363 24
338 50
371 17
369 23
368 26
374 20
356 39
352 44
375 21
379 17
378 20
354 48
358 44
373 29
362 43
364 41
366 40
367 40
382 26
380 29
395 14
397 14
377 35
389 23
385 28
393 20
394 19
376 39
386 29
381 35
392 26
372 47
403 17
409 14
384 40
406 20
412 14
387 40
402 26
411 17
413 17
383 48
390 42
399 33
415 17
388 45
405 29
423 11
391 44
396 41
414 23
404 34
417 21
418 20
420 20
401 40
419 23
400 43
434 11
398 48
407 41
428 20
424 26
430 20
429 23
435 17
408 45
427 26
436 17
439 14
410 44
437 17
431 26
416 43
440 20
447 14
444 18
452 11
421 43
441 23
426 40
443 23
449 20
451 20
454 17
425 47
432 40
422 52
438 36
450 24
457 17
453 23
433 44
461 17
445 35
460 20
458 23
442 41
462 23
465 20
456 30
463 23
472 14
467 20
470 17
448 40
468 20
466 23
476 14
477 14
446 46
469 23
473 20
455 40
475 23
482 17
459 41
481 20
479 23
480 23
484 20
464 41
491 14
486 23
492 17
496 13
478 32
474 37
485 26
488 23
489 23
471 42
490 26
494 23
497 20
500 17
495 23
493 26
498 22
501 19
503 20
483 43
487 39
509 17
507 20
510 17
502 26
506 24
508 23
504 29
513 20
511 23
517 17
512 26
521 17
523 18
524 20
527 17
505 40
520 26
518 29
519 28
499 49
528 20
526 23
529 20
522 29
531 23
534 20
538 16
515 41
514 43
533 26
537 23
516 45
532 29
536 26
539 23
525 39
542 23
548 17
543 23
544 23
545 23
547 21
546 23
541 29
553 17
530 41
535 37
540 32
552 23
555 20
557 18
560 17
554 26
563 17
566 14
561 20
562 23
565 20
549 38
570 17
576 16
556 37
550 45
571 24
575 20
558 38
559 37
573 23
580 17
583 14
551 47
568 30
577 25
579 23
582 20
586 17
578 26
584 20
574 33
572 36
585 23
588 20
569 40
564 46
587 23
593 17
567 44
592 20
598 14
590 23
599 14
594 20
597 17
589 26
596 20
600 17
595 23
602 17
591 29
608 14
581 43
605 20
609 17
612 16
603 26
606 23
621 14
601 35
610 26
618 20
619 19
622 20
607 37
620 26
627 20
615 33
604 45
626 23
629 20
624 26
632 20
635 17
613 41
614 40
617 38
633 23
642 14
634 23
640 17
616 42
611 48
630 29
644 17
625 37
636 26
637 29
646 20
623 44
641 26
643 26
653 17
631 40
645 26
655 17
661 11
628 45
651 23
638 37
649 26
652 23
656 20
664 14
659 20
668 14
639 45
658 26
663 23
662 26
660 29
673 17
648 44
686 9
669 27
674 23
647 51
650 48
654 44
672 26
688 10
676 23
677 23
671 30
680 21
681 20
667 35
657 46
683 20
687 17
690 17
692 15
684 24
670 39
682 28
665 46
700 11
696 18
697 17
666 49
693 23
685 32
691 26
698 20
707 15
678 45
703 20
701 23
710 14
679 46
675 51
706 20
709 17
718 8
702 26
689 40
704 26
699 35
714 23
694 44
712 26
720 20
719 23
728 14
708 35
729 14
725 20
695 51
726 20
721 26
730 17
711 39
705 47
713 39
732 20
717 39
731 26
723 35
715 44
734 25
737 23
716 46
739 23
740 23
736 29
727 39
746 20
724 44
722 47
749 20
747 23
733 38
748 23
751 20
753 20
752 23
738 39
755 23
765 14
735 46
743 41
741 45
742 44
757 29
763 23
775 12
771 17
745 45
764 26
770 20
744 48
756 36
761 31
766 26
769 26
773 23
776 22
778 20
772 28
780 20
750 51
784 17
779 23
758 45
760 43
781 23
790 14
754 51
785 20
798 7
759 48
762 45
768 39
767 41
791 17
783 26
794 17
777 35
786 26
789 23
788 26
792 26
795 23
796 23
793 27
799 23
774 49
797 26
806 17
782 42
803 23
804 23
802 26
808 20
807 23
816 17
815 20
810 26
811 26
818 20
817 22
822 17
787 53
820 20
821 20
813 29
826 17
800 44
805 42
827 20
812 38
831 20
814 38
830 23
835 19
837 17
801 54
832 23
809 47
825 32
838 20
839 20
841 20
819 43
833 29
842 20
848 14
823 40
840 23
850 14
849 17
851 17
824 45
828 42
845 26
857 14
829 44
844 29
855 20
836 40
858 20
859 20
860 20
854 29
834 51
862 23
863 23
866 20
875 11
843 46
846 43
864 26
867 23
871 21
847 46
873 20
856 38
876 20
870 29
879 20
874 26
853 48
881 20
884 17
852 50
861 42
868 36
878 26
877 29
890 17
894 14
883 26
898 11
887 23
872 39
865 47
889 23
869 44
891 23
896 20
893 26
907 14
886 36
902 20
900 23
905 20
903 23
904 23
911 17
888 41
909 20
880 50
882 49
914 17
906 26
885 50
899 37
913 23
920 20
918 23
892 50
924 20
933 11
895 50
916 29
919 26
922 23
897 50
901 47
912 36
928 20
934 17
926 26
931 23
938 16
908 48
930 26
936 20
939 17
925 32
910 49
937 23
943 17
921 43
917 48
923 46
935 35
947 23
960 11
915 57
944 29
950 23
956 17
962 11
954 20
957 17
927 49
929 47
946 30
949 29
940 39
959 20
955 26
964 17
941 42
932 52
945 41
958 29
942 46
965 23
966 23
961 29
967 23
970 20
951 40
974 17
972 20
953 40
979 14
948 47
952 43
978 17
973 23
976 23
982 17
963 40
981 23
980 26
986 20
983 26
989 20
987 23
993 18
995 17
971 42
1006 8
991 25
968 49
969 48
992 26
984 35
996 23
1002 17
975 49
1004 20
1012 12
999 26
1008 17
977 50
1013 14
1005 23
985 48
988 45
1003 30
1017 17
1010 26
990 47
994 45
1021 18
1022 17
1020 20
1018 23
1000 43
1001 42
1016 27
1023 20
1015 29
997 48
998 50
1027 23
1007 44
1026 26
1029 23
1025 29
1011 45
1028 29
1034 23
1009 49
1035 23
1040 20
1041 20
1037 26
1014 50
1019 45
1038 26
1043 23
1046 20
1050 17
1039 29
1045 23
1030 43
1048 26
1054 20
1024 51
1052 23
1059 17
1031 46
1033 45
1036 42
1055 23
1067 11
1060 23
1063 20
1049 35
1061 23
1044 41
1032 54
1066 23
1069 20
1068 23
1071 20
1075 16
1042 50
1051 41
1053 39
1064 29
1073 20
1056 40
1047 50
1082 17
1074 26
1072 29
1057 45
1079 23
1085 20
1083 23
1058 50
1065 44
1084 26
1070 41
1086 26
1094 20
1062 53
1087 29
1090 26
1095 23
1081 39
1076 45
1077 45
1099 23
1100 23
1080 44
1091 34
1096 29
1102 23
1092 34
1107 20
1110 17
1078 50
1103 25
1105 23
1111 20
1088 44
1108 26
1114 20
1097 38
1109 26
1115 20
1098 38
1112 26
1089 50
1093 46
1104 36
1117 23
1126 14
1113 29
1120 23
1123 20
1124 20
1122 23
1118 29
1131 17
1135 14
1101 49
1127 23
1133 20
1129 26
1106 50
1139 17
1137 20
1116 42
1132 26
1144 14
1130 29
1136 23
1138 22
1142 20
1125 40
1119 47
1134 32
1140 26
1146 20
1156 11
1145 23
1152 17
1121 49
1148 23
1154 17
1143 29
1157 17
1159 17
1153 24
1128 50
1149 29
1141 41
1161 21
1160 23
1167 17
1147 38
1150 35
1168 20
1164 26
1162 29
1166 25
1163 29
1171 23
1175 20
1151 49
1174 26
1177 23
1183 17
1184 17
1155 48
1179 26
1158 48
1189 17
1165 42
1187 20
1185 23
1180 29
1186 23
1170 40
1193 17
1188 23
1181 32
1169 45
1194 20
1173 43
1172 45
1191 26
1192 26
1204 14
1197 24
1176 47
1200 23
1198 26
1178 49
1207 20
1210 17
1205 23
1203 26
1182 49
1208 23
1206 26
1209 23
1215 17
1211 22
1216 20
1196 41
1218 20
1190 49
1199 42
1221 20
1195 48
1223 20
1224 20
1217 29
1233 14
1236 11
1201 47
1228 20
1202 47
1214 35
1227 23
1219 32
1232 23
1230 26
1229 29
1237 23
1239 23
1212 51
1235 29
1238 26
1222 44
1242 26
1246 23
1226 44
1245 26
1220 52
1249 23
1255 17
1225 48
1256 17
1231 46
1251 29
1213 68
1234 49
1257 26
1268 16
1259 26
1269 17
1261 26
1264 23
1241 47
1248 41
1240 50
1271 20
1243 49
1266 26
1254 39
1267 26
1273 20
1247 47
1250 44
1252 42
1274 20
1244 52
1253 43
1276 23
1258 43
1279 23
1288 14
1262 41
1280 23
1265 40
1260 46
1285 23
1286 23
1263 47
1281 29
1284 26
1282 29
1283 29
1289 23
1292 20
1270 46
1293 23
1275 42
1291 26
1294 23
1272 47
1305 14
1298 23
1277 46
1278 45
1287 36
1306 17
1301 23
1300 26
1299 29
1311 20
1290 42
1313 20
1314 20
1317 17
1312 23
1315 20
1318 17
1319 17
1295 42
1297 40
1321 17
1316 23
1325 14
1333 6
1296 45
1302 40
1322 20
1304 42
1327 19
1303 44
1309 39
1329 20
1324 26
1310 41
1307 46
1342 14
1308 49
1328 29
1335 23
1340 18
1320 40
1337 23
1350 11
1341 23
1344 20
1323 43
1355 11
1330 37
1334 35
1343 26
1326 44
1332 39
1339 32
1348 23
1351 20
1331 42
1349 26
1364 11
1362 14
1347 30
1354 23
1352 26
1353 26
1359 20
1338 42
1357 23
1358 23
1336 47
1360 23
1366 20
1346 43
1372 17
1365 26
1356 37
1361 32
1370 23
1374 20
1345 51
1373 23
1379 20
1377 23
1375 26
1378 26
1386 19
1380 26
1384 23
1385 23
1391 20
1368 44
1371 42
1390 23
1363 51
1389 26
1369 47
1376 40
1394 23
1400 17
1367 52
1387 32
1382 39
1392 29
1402 20
1396 29
1406 20
1395 32
1383 47
1388 44
1381 52
1397 36
1408 26
1416 18
1409 26
1411 26
1414 23
1423 17
1410 32
1418 24
1422 20
1399 45
1417 27
1421 23
1393 52
1419 26
1428 17
1412 35
1424 23
1404 44
1429 20
1435 14
1398 52
1401 50
1403 48
1407 46
1427 26
1433 20
1405 51
1415 43
1420 40
1413 48
1438 23
1441 20
1450 11
1436 26
1439 23
1431 32
1440 26
1452 14
1426 41
1448 20
1437 32
1444 26
1446 26
1425 48
1430 44
1432 42
1434 42
1458 20
1454 26
1461 20
1456 26
1447 36
1453 32
1445 41
1455 31
1463 23
1469 17
1464 23
1467 20
1442 46
1443 46
1472 17
1457 34
1470 23
1449 45
1474 20
1451 44
1459 36
1476 20
1468 29
1471 28
1480 20
1460 42
1477 26
1481 23
1473 32
1462 44
1483 23
1482 26
1465 44
1487 23
1466 47
1475 38
1478 35
1490 23
1492 23
1488 29
1491 26
1495 23
1499 20
1506 14
1496 26
1484 39
1479 46
1486 41
1498 29
1500 27
1485 43
1505 23
1514 14
1497 32
1515 14
1504 26
1501 32
1489 45
1508 26
1517 17
1494 42
1510 26
1513 23
1493 45
1509 29
1503 36
1516 23
1524 20
1530 14
1502 45
1527 23
1511 40
1525 26
1512 40
1526 26
1529 23
1532 20
1522 32
1507 49
1536 20
1537 20
1541 16
1533 26
1539 20
1534 26
1528 33
1535 26
1520 42
1521 43
1538 26
1523 42
1518 51
1519 50
1546 23
1545 26
1549 23
1547 26
1550 23
1544 32
1551 26
1531 47
1554 26
1552 29
1553 29
1557 26
1543 42
1548 37
1567 20
1542 46
1540 52
1561 32
1570 23
1555 39
1566 29
1572 23
1575 20
1576 20
1571 26
1578 20
1573 26
1556 45
1562 40
1560 44
1565 39
1584 20
1559 46
1563 43
1564 42
1583 23
1558 50
1585 23
1568 41
1586 23
1569 42
1587 26
1593 20
1589 25
1591 23
1592 23
1602 14
1574 43
1598 20
1580 39
1596 23
1582 38
1597 23
1579 42
1581 40
1600 23
1603 20
1599 26
1577 49
1609 17
1588 42
1604 27
1608 23
1590 43
1612 23
1615 20
1619 17
1605 32
1606 32
1611 27
1594 46
1601 39
1617 23
1624 17
1595 51
1630 17
1625 23
1632 17
1616 35
1626 26
1607 46
1627 27
1628 26
1614 42
1634 23
1613 46
1618 41
1610 50
1620 40
1631 29
1635 26
1621 42
1638 26
1644 20
1623 42
1629 38
1645 23
1643 26
1622 48
1637 33
1639 32
1651 20
1633 39
1646 26
1648 26
1653 23
1640 37
1652 26
1650 29
1657 23
1664 17
1641 41
1636 47
1654 29
1647 37
1656 29
1665 20
1649 38
1666 23
1667 23
1670 20
1668 23
1675 17
1661 32
1676 17
1642 52
1662 32
1655 40
1663 32
1672 23
1678 17
1660 36
1674 23
1679 20
1658 45
1692 11
1680 26
1659 49
1694 17
1671 41
1686 26
1684 29
1687 26
1696 17
1677 37
1685 29
1673 43
1693 23
1689 30
1691 29
1669 53
1681 42
1683 42
1688 38
1700 26
1703 23
1695 32
1701 26
1697 32
1698 32
1704 26
1682 49
1705 26
1708 23
1711 20
1713 18
1699 33
1709 23
1690 44
1714 23
1712 26
1716 23
1717 23
1720 20
1726 17
1724 20
1710 35
1725 20
1702 44
1721 26
1729 20
1715 35
1706 45
1722 29
1723 29
1719 34
1728 26
1738 17
1730 26
1707 50
1736 23
1732 29
1718 44
1742 20
1737 26
1746 17
1747 17
1751 14
1744 23
1739 29
1745 23
1733 37
1756 14
1731 40
1754 17
1743 29
1750 23
1735 41
1748 29
1727 51
1755 23
1760 20
1734 49
1752 31
1761 23
1764 20
1740 45
1758 29
1741 47
1759 29
1763 26
1749 44
1766 29
1767 29
1770 26
1771 26
1769 29
1757 42
1785 17
1753 50
1765 38
1774 29
1775 29
1777 29
1780 26
1762 45
1787 20
1782 26
1791 21
1768 48
1793 23
1788 29
1798 20
1778 41
1779 40
1799 20
1773 47
1794 26
1789 32
1795 26
1801 20
1772 50
1792 31
1781 44
1802 23
1805 20
1776 50
1790 38
1783 47
1808 23
1784 48
1796 36
1786 47
1811 23
1812 23
1807 29
1800 41
1815 26
1827 14
1797 45
1803 40
1817 26
1820 23
1804 40
1830 14
1819 26
1809 39
1816 33
1826 23
1836 14
1822 29
1825 26
1829 23
1821 32
1824 29
1831 22
1810 44
1814 41
1823 32
1838 17
1806 50
1833 23
1818 40
1832 26
1828 32
1835 26
1813 50
1840 23
1841 23
1843 23
1844 26
1847 23
1848 23
1855 20
1861 14
1850 26
1845 32
1854 23
1839 39
1849 29
1837 42
1853 26
1856 23
1834 47
1859 23
1857 26
1863 20
1858 26
1860 26
1866 20
1877 9
1870 17
1842 46
1865 23
1867 26
1846 48
1874 20
1862 33
1869 26
1878 17
1852 45
1851 48
1871 29
1872 29
1881 20
1876 29
1886 20
1864 46
1868 42
1887 23
1885 26
1879 33
1893 22
1896 20
1888 29
1889 29
1895 23
1890 29
1875 46
1880 42
1873 50
1900 23
1899 26
1902 23
1905 20
1883 43
1891 36
1913 14
1882 46
1884 44
1908 20
1906 23
1904 29
1907 26
1910 23
1912 23
1921 14
1892 46
1894 45
1901 38
1898 42
1914 26
1920 20
1918 23
1911 32
1917 26
1897 47
1915 29
1924 20
1919 26
1922 23
1929 18
1934 14
1926 23
1925 26
1932 20
1927 26
1947 6
1903 51
1916 39
1909 47
1931 26
1930 29
1941 19
1935 26
1936 26
1942 23
1955 10
1940 26
1938 29
1951 17
1923 47
1944 26
1928 44
1946 26
1956 17
1952 23
1950 26
1937 41
1954 26
1962 20
1957 26
1961 26
1939 49
1972 17
1948 43
1949 42
1971 20
1943 49
1945 47
1966 26
1964 29
1976 17
1963 32
1975 20
1969 29
1958 41
1985 14
1984 17
1953 49
1970 32
1979 23
1959 44
1967 36
1974 29
1978 26
1982 23
1988 17
1977 29
1980 26
1960 47
1981 26
1973 37
1965 46
1968 43
1989 26
1990 26
1997 20
1999 20
2001 20
2000 26
2003 23
2008 20
1986 43
2004 26
1987 44
2011 20
1992 40
1994 39
1983 51
1993 41
2002 32
2005 29
1996 39
2015 20
1991 45
2013 23
1995 44
1998 43
2014 29
2006 38
2009 35
2027 17
2025 20
2017 29
2020 26
2021 26
2019 29
2010 39
2026 23
2007 44
2012 43
2030 26
2033 23
2035 23
2039 20
2031 29
2037 23
2018 43
2032 29
2038 23
2041 20
2022 42
2023 42
2028 37
2036 29
2048 17
2016 50
2043 23
2024 44
2051 20
2049 23
2044 29
2047 26
2050 23
2034 42
2057 20
2029 52
2042 39
2055 26
2059 23
2058 26
2061 23
2067 17
2040 45
2053 32
2062 23
2060 26
2046 41
2081 7
2072 20
2045 49
2077 17
2052 43
2069 26
2070 26
2066 32
2054 46
2056 45
2078 23
2071 32
2083 20
2065 40
2085 20
2086 20
2064 43
2084 23
2063 45
2088 20
2092 17
2087 23
2090 20
2074 37
2068 44
2073 40
2082 32
2089 26
2101 14
2079 39
2095 23
2106 13
2099 23
2102 20
2075 48
2094 29
2097 26
2105 20
2103 23
2080 47
2107 20
2108 20
2076 56
2091 41
2100 32
2115 17
2104 32
2116 20
2113 26
2114 26
2120 20
2093 48
2123 20
2118 26
2119 26
2131 14
2096 50
2098 48
2124 23
2133 14
2109 39
2129 20
2127 23
2122 29
2111 41
2112 44
2134 23
2135 23
2110 49
2142 17
2137 23
2139 23
2121 43
2132 32
2138 26
2141 23
2117 48
2140 26
2125 43
2128 40
2126 44
2144 26
2150 20
2143 29
2149 23
2152 20
2155 17
2159 14
2130 47
2151 26
2153 26
2146 35
2161 20
2167 14
2165 17
2136 47
2163 20
2145 41
2154 32
2147 42
2158 32
2166 26
2148 45
2169 26
2181 14
2184 11
2176 20
2180 17
2160 39
2156 44
2175 26
2187 14
2157 45
2179 26
2173 33
2164 43
2178 29
2162 47
2183 26
2186 23
2168 42
2174 36
2193 17
2188 23
2170 42
2189 23
2192 20
2172 46
2195 24
2194 26
2203 17
2182 39
2171 51
2177 45
2190 32
2196 29
2198 27
2191 35
2200 26
2185 43
2202 26
2201 29
2207 23
2205 26
2208 23
2204 29
2213 20
2210 26
2217 20
2197 42
2220 23
2212 32
2216 29
2222 23
2228 17
2226 20
2215 32
2221 26
2199 49
2206 43
2209 42
2231 20
2229 23
2230 23
2225 29
2234 20
2211 45
2218 38
2227 29
2233 23
2219 43
2238 26
2214 51
2223 42
2242 23
2237 29
2240 26
2246 20
2224 43
2232 35
2244 23
2249 20
2243 29
2252 20
2245 29
2251 23
2254 20
2241 35
2253 23
2256 20
2248 29
2239 40
2236 44
2261 23
2235 50
2259 26
2250 38
2265 23
2268 20
2270 20
2260 32
2275 17
2276 17
2271 23
2266 29
2272 23
2247 49
2264 32
2273 23
2269 29
2263 38
2255 47
2279 23
2288 14
2277 26
2281 23
2282 23
2257 50
2262 45
2258 50
2283 26
2289 20
2291 23
2292 23
2267 49
2290 26
2293 23
2295 23
2287 32
2297 23
2278 43
2299 23
2301 23
2274 51
2280 45
2302 23
2285 41
2284 44
2306 23
2307 23
2310 20
2311 23
2318 17
2305 32
2308 29
2314 23
2286 53
2296 43
2313 26
2319 20
2317 23
2315 26
2300 42
2316 26
2294 49
2298 46
2303 41
2326 20
2333 15
2323 26
2327 23
2330 20
2322 29
2329 23
2324 29
2331 23
2334 20
2309 46
2338 17
2312 46
2304 58
2345 17
2340 23
2343 20
2339 26
2342 23
2321 45
2332 35
2335 32
2341 26
2320 48
2328 43
2348 23
2351 20
2350 23
2325 49
2346 29
2349 26
2352 26
2370 8
2359 20
2336 44
2354 26
2357 23
2358 23
2361 20
2337 45
2356 26
2371 11
2369 20
2364 26
2368 23
2344 48
2367 26
2373 23
2374 23
2384 14
2382 17
2347 53
2365 35
2377 23
2378 23
2353 49
2376 26
2380 23
2375 29
2362 43
2379 26
2355 52
2360 48
2372 36
2383 26
2386 23
2387 26
2390 23
2394 20
2392 23
2366 50
2363 54
2385 32
2395 23
2391 29
2398 23
2393 29
2399 26
2402 23
2397 29
2406 20
2404 23
2381 49
2408 23
2414 17
2388 44
2389 45
2403 32
2409 26
2412 23
2401 35
2410 26
2416 20
2411 26
2413 26
2417 23
2418 23
2400 43
2420 23
2396 49
2431 14
2423 23
2415 32
2421 26
2430 17
2425 23
2424 26
2407 44
2428 23
2429 26
2427 29
2437 20
2426 32
2436 23
2405 55
2435 29
2439 26
2419 47
2434 32
2444 23
2422 46
2432 37
2438 32
2441 29
2443 29
2442 32
2445 29
2451 23
2433 42
2446 29
2455 20
2447 29
2448 29
2460 17
2452 26
2453 26
2449 32
2461 20
2457 26
2458 29
2465 26
2463 29
2469 23
2481 11
2464 29
2440 54
2471 23
2456 39
2477 20
2478 20
2470 29
2473 26
2482 17
2467 33
2474 26
2472 29
2479 23
2475 29
2462 43
2466 42
2450 60
2459 51
2490 20
2488 23
2483 29
2487 26
2476 38
2485 29
2491 23
2489 26
2495 20
2454 62
2498 20
2502 17
2497 23
2492 29
2499 23
2503 20
2480 44
2494 32
2501 26
2505 23
2514 14
2500 29
2509 20
2484 46
2486 45
2508 23
2512 23
2507 29
2521 17
2519 20
2504 37
2493 49
2510 32
2516 26
2522 20
2528 14
2520 23
2517 29
2524 23
2534 14
2496 53
2531 20
2523 29
2515 38
2533 20
2506 48
2511 43
2539 18
2542 17
2513 49
2536 26
2530 35
2548 17
2537 29
2526 41
2532 35
2518 50
2543 26
2544 26
2545 26
2527 45
2541 32
2529 45
2547 27
2549 26
2555 20
2550 26
2535 42
2525 54
2553 26
2538 42
2554 26
2560 20
2546 35
2559 23
2557 26
2558 26
2562 23
2571 14
2574 14
2556 33
2569 20
2551 40
2552 39
2565 26
2563 29
2572 20
2579 17
2576 23
2583 16
2561 41
2573 29
2581 23
2570 35
2580 26
2566 41
2567 40
2575 32
2590 17
2595 14
2584 26
2568 43
2582 29
2585 26
2588 23
2564 48
2596 17
2586 29
2591 26
2589 29
2593 26
2597 23
2578 43
2599 23
2600 26
2603 23
2598 29
2577 51
2611 17
2615 14
2601 29
2606 26
2610 23
2587 47
2608 26
2614 20
2623 12
2613 23
2594 43
2602 35
2612 26
2617 23
2605 36
2621 20
2619 23
2592 51
2629 17
2616 32
2628 20
2604 45
2620 29
2624 26
2627 23
2625 26
2632 20
2607 46
2609 44
2618 35
2635 20
2638 17
2636 20
2631 26
2637 21
2642 17
2626 36
2630 32
2646 20
2644 23
2650 17
2641 29
2648 23
2622 51
2639 35
2645 29
2651 23
2634 41
2649 26
2647 29
2654 23
2643 35
2652 26
2656 23
2655 26
2670 11
2633 49
2640 42
2653 29
2662 20
2664 20
2659 26
2660 26
2669 20
2667 23
2672 20
2661 32
2671 23
2677 17
2658 39
2665 32
2663 35
2666 32
2673 26
2674 26
2681 20
2657 45
2679 23
2668 35
2686 20
2683 29
2687 25
2689 23
2690 23
2693 20
2682 32
2688 26
2692 23
2695 23
2694 26
2698 23
2675 47
2676 46
2700 23
2703 20
2717 7
2684 41
2706 20
2540 188
2678 50
2696 32
2701 29
2704 26
2680 51
2691 40
2699 32
2702 29
2707 26
2713 20
2697 37
2705 29
2708 26
2710 26
2685 52
2711 26
2709 29
2718 20
2716 23
2715 25
2720 23
2721 23
2727 17
2714 32
2723 23
2724 26
2725 26
2726 26
2730 26
2722 35
2728 29
2734 23
2712 47
2733 26
2736 23
2731 29
2737 23
2732 29
2738 23
2739 23
2745 17
2740 23
2741 23
2729 37
2744 23
2753 14
2742 26
2743 26
2750 20
2751 20
2719 54
2765 8
2748 29
2749 29
2755 23
2758 20
2735 45
2754 26
2760 20
2752 29
2761 23
2747 38
2756 29
2766 23
2746 44
2764 26
2763 29
2769 23
2762 32
2775 20
2759 38
2770 29
2778 23
2776 26
2777 25
2773 32
2788 17
2781 25
2786 20
2784 23
2782 26
2785 23
2757 52
2780 29
2772 38
2783 29
2789 26
2795 20
2768 49
2792 26
2774 45
2793 26
2799 20
2791 29
2790 32
2796 26
2794 29
2797 26
2800 23
2801 23
2767 60
2817 11
2802 29
2779 53
2806 26
2787 46
2804 29
2807 26
2811 23
2803 32
2771 65
2798 38
2805 32
2814 23
2809 29
2808 31
2810 29
2813 26
2820 20
2815 26
2819 23
2812 32
2818 26
2821 23
2816 29
2825 20
2823 23
2827 20
2822 26
2828 20
2830 20
2824 29
2836 17
2831 23
2832 23
2837 20
2842 17
2829 32
2835 26
2846 17
2838 26
2848 17
2851 17
2849 20
2841 29
2847 23
2826 45
2852 20
2844 29
2857 17
2843 32
2839 37
2859 17
2855 23
2858 20
2850 29
2833 47
2854 26
2834 47
2856 26
2863 20
2864 20
2853 32
2840 47
2865 23
2860 29
2867 23
2868 23
2874 17
2861 32
2870 23
2876 17
2877 17
2887 9
2871 26
2866 32
2878 20
2881 17
2862 42
2869 35
2875 29
2873 32
2885 20
2845 61
2884 23
2883 26
2894 17
2897 14
2886 26
2895 17
2888 26
2890 26
2891 26
2889 29
2896 23
2892 29
2903 20
2872 53
2879 46
2908 17
2898 29
2902 26
2909 20
2912 17
2901 29
2907 23
2899 32
2905 26
2904 29
2911 23
2880 55
2906 29
2910 26
2919 18
2916 23
2882 61
2926 17
2915 29
2921 23
2922 23
2918 29
2900 49
2913 37
2929 23
2925 29
2920 35
2923 32
2893 63
2927 29
2930 26
2931 26
2934 23
2932 26
2935 23
2917 43
2937 23
2933 28
2940 21
2924 38
2914 51
2936 29
2945 20
2948 17
2946 20
2941 26
2949 20
2938 32
2944 26
2947 23
2951 20
2954 17
2939 33
2943 29
2950 23
2960 14
2942 35
1933 1045
2957 23
2952 29
2955 26
2953 29
2956 26
2961 23
2964 20
2928 57
2970 17
2968 20
2969 20
2959 32
2972 20
2971 22
2958 37
2975 20
2974 23
2977 20
2966 32
2973 26
2978 21
2982 20
2979 26
2985 20
2984 23
2962 46
2988 20
2980 29
2983 26
2986 23
2992 17
2965 48
2981 32
2997 17
2989 26
2987 29
2996 20
2991 26
2963 56
2967 52
2976 46
3000 23
2994 32
3009 17
2995 32
2998 29
2990 38
2999 29
3002 26
3005 23
2993 37
3003 27
3013 17
3007 27
3008 26
3010 26
3018 20
3004 35
3016 23
3014 26
3020 20
3006 35
3012 29
3019 23
3011 32
3017 26
3015 29
3001 44
3022 23
3021 26
3025 26
3028 23
3029 23
3027 26
3023 32
3032 23
3033 23
3026 32
3030 29
3039 20
3031 29
3037 23
3035 26
3038 23
3036 26
3034 29
3040 23
3024 41
3043 26
3050 20
3042 29
3047 26
3056 19
3048 29
3054 23
3052 26
3055 23
3061 17
3044 35
3057 23
3060 20
3046 35
3058 23
3051 32
3049 35
3041 44
3063 23
3065 23
3068 21
3064 26
3059 32
3071 20
3066 26
3067 26
3062 32
3045 51
3074 23
3069 29
3072 26
3070 32
3078 24
3079 23
3085 20
3053 53
3077 29
3076 32
3080 29
3092 17
3081 29
3084 26
3083 29
3086 26
3093 19
3088 26
3090 26
3089 29
3073 46
3096 23
3075 45
3098 23
3099 23
3097 26
3103 20
3102 23
3108 17
3100 26
3101 26
3111 17
3095 35
3104 29
3114 20
3094 41
3110 26
3113 23
3112 26
3105 34
3082 58
3117 23
3106 35
3087 55
3120 23
3115 29
3128 17
3123 23
3126 20
3118 29
3121 26
3127 20
3116 32
3122 26
3109 40
3129 20
3119 32
3132 20
3124 29
3131 23
3125 32
3134 23
3107 52
3136 23
3135 26
3130 32
3142 20
3091 73
3141 23
3137 29
3140 26
3143 23
3146 23
3138 32
3144 26
3145 26
3149 23
3147 26
3152 23
3148 29
3157 20
3161 17
3139 40
3150 29
3156 23
3163 17
3174 8
3154 30
3155 29
3164 20
3167 20
3133 55
3153 35
3159 29
3162 26
3160 29
3151 40
3166 26
3169 23
3165 29
3168 26
3170 26
3177 20
3172 26
3158 41
3173 26
3176 23
3182 20
3171 32
3180 23
3181 26
3184 23
3175 33
3179 29
3185 23
3183 26
3187 26
3193 23
3191 26
3194 23
3200 17
3178 42
3186 35
3192 29
3195 26
3188 35
3197 26
3203 20
3198 26
3210 17
3219 11
3196 35
3208 23
3206 26
3214 20
3189 47
3215 22
3217 20
3218 20
3222 17
3204 36
3220 20
3209 32
3212 29
3221 20
3224 17
3213 29
3211 32
3223 20
3190 55
3199 51
3205 46
3225 26
3226 26
3228 26
3231 23
3207 48
3216 42
3232 26
3242 17
3201 59
3202 58
3234 26
3240 20
3241 20
3230 32
3236 26
3239 23
3235 29
3238 29
3250 17
3247 23
3243 29
3229 44
3237 37
3245 29
3261 14
3227 51
3246 32
3252 26
3255 23
3233 46
3253 26
3256 23
3248 32
3244 38
3262 20
3251 32
3257 26
3267 17
3268 17
3254 32
3263 23
3258 29
3264 23
3259 29
3265 23
3266 23
3274 15
3273 17
3249 42
3260 32
3271 23
3272 23
3282 17
3277 23
3275 26
3278 26
3281 23
3270 35
3269 38
3283 26
3287 23
3290 20
3280 32
3286 26
3289 23
3292 20
3279 34
3284 29
3276 38
3288 26
3297 17
3296 23
3291 29
3295 26
3301 20
3294 29
3298 29
3310 17
3303 26
3304 26
3299 32
3308 23
3307 26
3285 49
3302 32
3314 20
3309 29
3312 29
3318 23
3316 26
3300 44
3293 52
3311 35
3306 41
3315 32
3322 26
3320 29
3323 26
3313 38
3325 26
3326 26
3305 48
3341 14
3324 32
3328 29
3321 37
3332 26
3327 32
3333 26
3317 43
3330 31
3335 26
3334 29
3346 17
3345 20
3319 49
3342 26
3347 23
3340 32
3338 35
3344 29
3350 23
3339 35
3343 32
3349 26
3352 23
3348 29
3351 26
3366 11
3361 17
3329 50
3337 43
3357 23
3362 20
3354 29
3360 23
3363 20
3355 29
3356 29
3365 20
3331 56
3336 51
3358 32
3359 32
3371 20
3367 26
3374 20
3372 23
3378 20
3364 35
3373 26
3369 32
3370 32
3376 26
3377 26
3379 24
3375 29
3353 53
3388 23
3397 14
3380 32
3386 26
3389 23
3381 32
3387 26
3393 20
3396 20
3383 35
3390 29
3399 20
3368 53
3392 29
3401 20
3400 23
3382 42
3395 29
3402 26
3405 23
3408 20
3404 26
3394 37
3406 26
3385 49
3403 32
3391 45
3417 20
3412 26
3384 55
3413 26
3411 29
3409 32
3415 26
3407 35
3410 32
3414 29
3420 23
3421 23
3422 26
3430 20
3398 53
3419 32
3423 29
3426 26
3429 23
3416 38
3425 29
3431 23
3418 38
3424 32
3427 29
3428 29
3435 23
3436 23
3440 20
3433 32
3437 29
3443 23
3432 35
3449 20
3444 26
3439 32
3452 20
3441 32
3446 29
3447 29
3450 26
3451 26
3455 23
3457 22
3448 32
3460 20
3458 23
3442 40
3445 37
3453 32
3456 29
3471 14
3434 52
3454 32
3463 23
3466 23
3469 20
3464 26
3467 23
3438 56
3462 32
3468 26
3476 20
3479 17
3459 38
3474 23
3477 23
3483 17
3472 29
3475 26
3478 23
3470 32
3481 23
3473 32
3484 23
3487 20
3482 26
3490 20
2468 1043
3465 49
3491 23
3461 54
3489 26
3488 29
3497 20
3480 38
3495 23
3485 35
3498 23
3501 20
3499 23
3506 17
3496 29
3500 26
3509 17
3492 35
3493 35
3502 29
3514 17
3503 29
3511 23
3512 23
3504 32
3507 29
3510 26
3522 14
3486 51
3494 44
3505 35
3525 17
3517 26
3523 20
3518 26
3541 7
3524 26
3520 32
3526 26
3516 39
3538 17
3519 38
3531 26
3535 23
3513 46
3530 29
3533 26
3542 17
3540 20
3529 32
3534 29
3508 56
3532 32
3539 26
3545 20
3551 14
3543 23
3544 23
3547 20
3528 41
3537 32
3521 50
3548 23
3515 57
3546 26
3527 46
3552 23
3555 20
3553 23
3536 41
3550 29
3554 26
3559 23
3564 20
3556 29
3562 23
3566 20
3558 29
3563 26
3561 29
3567 23
3565 26
3557 35
3569 23
3572 23
3573 23
3560 39
3570 29
3568 32
3594 8
3571 32
3577 26
3580 23
3586 17
3549 55
3575 29
3579 26
3574 32
3578 29
3581 26
3591 17
3584 26
3593 17
3576 35
3585 26
3588 23
3582 32
3597 17
3583 32
3589 26
3590 26
3587 32
3599 20
3595 26
3598 23
3600 23
3603 20
3596 29
3601 26
3607 23
3602 29
3606 26
3609 26
3612 23
3604 32
3605 32
3608 31
3613 26
3616 23
3611 29
3614 26
3617 23
3592 49
3621 20
3615 29
3610 35
3620 29
3618 32
3627 23
3633 17
3623 29
3626 26
3624 29
3619 35
3629 26
3630 26
3634 23
3640 18
3631 29
3625 37
3643 20
3638 26
3642 23
3648 17
3637 29
3622 45
3632 35
3641 26
3636 32
3635 35
3644 26
3639 32
3628 47
3649 26
3647 29
3651 26
3654 23
3660 17
3652 26
3653 26
3659 20
3658 23
3665 17
3655 29
3661 23
3664 20
3656 29
3662 26
3663 26
3666 23
3668 23
3674 17
3669 23
3646 48
3650 44
3672 23
3667 29
3670 26
3679 17
3671 26
3677 20
3682 17
3645 56
3675 26
3657 46
3686 17
3680 26
3683 23
3678 29
3688 20
3689 20
3681 29
3673 38
3692 20
3684 29
3687 26
3690 23
3700 17
3699 20
3691 29
3694 26
3676 45
3702 20
3697 26
3698 26
3705 19
3693 32
3701 26
3696 32
3715 14
3695 35
3707 23
3713 17
3711 20
3703 29
3685 49
3708 26
3718 17
3710 26
3712 29
3704 38
3719 23
3706 37
3717 26
3716 29
3709 37
3714 32
3720 26
3721 26
3724 23
3723 26
3732 17
3725 26
3734 17
3727 26
3728 26
3730 26
3737 20
3726 32
3733 26
3731 29
3729 32
3745 17
3722 43
3736 29
3739 26
3743 23
3740 29
3744 29
3753 20
3746 29
3749 26
3752 23
3747 29
3756 20
3742 35
3748 29
3757 20
3735 44
3738 41
3750 29
3755 26
3754 29
3760 23
3758 26
3759 26
3762 23
3741 45
3768 20
3763 26
3767 23
3765 26
3769 23
3761 32
3779 17
3777 20
3772 26
3766 33
3770 29
3774 26
3751 50
3771 32
3789 14
3773 32
3785 20
3786 20
3778 29
3784 23
3788 20
3781 29
3775 38
3782 32
3790 26
3764 53
3776 41
3794 23
3783 35
3792 26
3795 23
3796 26
3799 23
3793 32
3797 29
3798 29
3801 26
3802 26
3800 29
3804 26
3810 20
3787 45
3806 26
3812 20
3791 43
3805 29
3809 26
3815 20
3780 56
3807 29
3813 23
3808 29
3811 26
3814 26
3818 23
3816 26
3820 23
3823 20
3803 41
3822 23
3817 29
3821 26
3819 29
3825 26
3829 23
3827 26
3835 20
3824 32
3828 29
3839 20
3831 29
3834 26
3826 35
3832 29
3841 20
3836 26
3837 26
3833 32
3845 20
3840 26
3843 23
3842 26
3838 32
3847 23
3848 23
3851 20
3849 23
3855 19
3844 31
3846 29
3830 46
3853 23
3856 23
3865 14
3857 23
3850 32
3859 26
3860 26
3863 23
3864 23
3854 35
3869 20
3880 9
3852 38
3861 29
3867 23
3873 20
3862 32
3868 26
3878 20
3870 29
3872 29
3858 44
3879 23
3871 32
3886 17
3881 25
3890 17
3866 42
3882 26
3892 20
3895 20
3887 29
3894 23
3889 29
3898 20
3883 36
3884 35
3897 23
3903 20
3893 32
3905 20
3900 26
3874 53
3885 42
3875 53
3877 51
3908 20
3906 23
3907 23
3913 17
3896 35
3899 32
3876 56
3901 32
3902 32
3909 26
3915 20
3910 26
3918 21
3891 50
3919 23
3911 32
3914 29
3917 26
3923 20
3888 56
3924 20
3922 23
3921 26
3927 20
3926 26
3925 29
3931 23
3920 35
3932 23
3930 26
3933 23
3928 29
3938 20
3929 31
3912 49
3935 26
3941 20
3939 26
3942 23
3904 62
3916 50
3934 32
3936 32
3948 20
3940 29
3944 26
3947 23
3945 29
3946 30
3957 20
3943 35
3950 29
3951 29
3952 29
3958 26
3961 23
3956 29
3962 23
3953 35
3965 23
3937 52
3949 44
3976 17
3974 20
3959 36
3968 28
3963 34
3970 27
3969 29
3972 26
3964 35
3978 23
3981 20
3973 29
3982 20
3988 14
3955 48
3960 43
3967 36
3985 20
3977 29
3980 26
3984 23
3971 37
3975 33
3987 23
3986 26
3954 60
3990 26
3991 26
3983 35
3989 29
3995 23
3966 54
3998 23
3996 26
3999 23
3994 29
4003 20
4001 23
3992 35
3997 32
4006 23
4000 30
4010 20
3979 52
4002 29
4005 26
4016 17
4012 23
4004 32
4007 29
4009 29
4018 20
4013 26
4011 29
4014 26
4020 20
3993 49
4022 23
4030 17
4025 23
4015 35
4027 23
4017 35
4026 26
4019 35
4031 23
4023 32
4024 33
4008 50
4021 39
4029 32
4038 23
4034 29
4032 32
4033 32
4036 29
4037 29
4046 20
4039 29
4055 14
4050 20
4045 27
4028 45
4041 32
4044 29
4056 17
4040 34
4051 23
4052 23
4047 29
4048 29
4043 35
4058 23
4066 17
4064 20
4042 44
4057 29
4059 29
4068 20
4035 54
4063 26
4062 29
4054 38
4067 26
4076 20
4053 44
4075 23
4070 29
4073 26
4085 14
4069 32
4072 29
4084 19
4060 44
4061 43
4077 29
4081 26
4049 59
4083 26
4094 17
4089 23
4092 20
4087 26
4090 23
4065 50
4080 35
4093 23
4091 26
4074 45
4071 49
4096 24
4079 42
4088 35
4100 23
4086 38
4099 26
4097 29
4078 50
4095 33
4098 32
4104 26
4110 20
4102 29
4112 20
4108 26
4117 17
4106 29
4109 26
4115 20
4082 54
4122 14
4119 20
4105 35
4111 32
4120 23
4123 20
4118 29
4116 32
4103 46
4121 29
4124 26
4101 50
4128 23
4130 23
4137 17
4136 20
4107 51
4132 26
4135 23
4134 26
4138 23
4142 20
4126 38
4141 23
4139 26
4113 54
4129 38
4145 23
4127 43
4148 26
4152 23
4144 32
4147 29
4159 17
4125 52
4149 29
4114 65
4154 26
4155 26
4161 20
4150 32
4153 29
4156 26
4162 23
4140 46
4143 43
4157 29
4170 17
4131 57
4165 23
4168 20
4151 38
4166 23
4160 33
4164 29
4163 32
4169 26
4167 29
4158 40
4172 26
4173 26
4180 20
4175 26
4178 23
4181 20
4177 26
4179 26
4171 35
4174 32
4133 76
4184 26
4176 35
4182 29
4185 26
4191 20
4183 29
4187 26
4189 26
4195 20
4190 26
4193 23
4196 20
4197 20
4146 72
4199 20
4200 20
4186 35
4194 29
4192 32
4201 23
4198 29
4188 40
4210 20
4202 29
4208 23
4205 29
4211 23
4217 17
4206 29
4204 32
4207 29
4213 23
4209 32
4215 26
4218 23
4214 29
4203 41
4212 32
4225 23
4224 26
4229 23
4216 37
4219 34
4221 32
4227 26
4222 32
4223 32
4226 29
4232 23
4233 23
4228 29
4230 29
4236 23
4234 26
4220 41
4240 23
4242 23
4237 29
4241 26
4248 20
4243 26
4238 32
4246 25
4254 17
4231 41
4247 26
4250 23
4245 29
4244 31
4235 41
4253 26
4252 29
4255 26
4258 23
4272 9
4259 23
4262 20
4249 35
4239 46
4261 26
4264 23
4266 23
4268 23
4271 20
4263 29
4265 28
4267 26
4256 38
4269 26
4257 41
4279 20
4274 26
4275 26
4278 23
4270 32
4277 26
4281 23
4273 32
4276 29
4282 23
4280 26
4289 17
4251 56
4290 17
4260 48
4285 23
4288 20
4287 26
4291 23
4286 29
4293 23
4283 35
4298 20
4294 26
4299 23
4297 26
4295 30
4300 26
4292 35
4304 26
4307 23
4302 29
4305 26
4303 29
4306 26
4309 23
4301 32
4313 20
4315 20
4296 40
4311 26
4284 54
4310 29
4323 18
4316 26
4319 23
4317 26
4312 32
4318 26
4321 23
4308 37
4322 26
4314 35
4329 20
4330 23
4328 26
4331 23
4326 29
4332 23
4338 17
4333 23
4325 32
4334 23
4340 17
4335 23
4341 20
4342 26
4337 32
4320 50
4345 26
4351 20
4346 26
4349 23
4350 23
4348 26
4357 17
4339 39
4343 35
4353 26
4327 53
4355 26
4360 23
4361 23
4363 23
4369 17
4362 26
4324 65
4366 23
4358 32
4365 26
4336 56
4370 23
4347 48
4352 43
4344 54
4354 45
4364 35
4382 17
4368 32
4371 32
4378 26
4381 23
4367 38
4376 29
4377 29
4380 26
4386 20
4372 38
4379 32
4356 56
4374 38
4389 23
4384 29
4390 23
4393 20
4395 18
4385 29
4388 26
4359 57
4396 20
4399 17
4391 26
4394 23
4383 35
4375 45
4392 29
4373 53
4404 23
4405 23
4400 29
4406 23
4408 21
4407 23
4397 34
4402 29
4403 29
4398 35
4401 32
4409 26
4413 23
4415 23
4417 23
4419 23
4411 32
4412 32
4421 23
4424 20
4426 20
4418 29
4416 32
4422 26
4425 23
4428 20
4387 62
4420 29
4429 20
4431 20
4423 32
4434 26
4414 48
4430 32
4433 29
4432 32
4436 29
4445 20
4410 57
4442 26
4440 29
4443 26
4444 26
4439 32
4435 38
4441 32
4447 26
4456 17
4448 26
4451 23
4446 29
4449 26
4438 38
4427 52
4450 29
4457 26
4461 23
4459 26
4465 20
4454 32
4463 23
4458 29
4453 35
4466 23
4455 35
4464 26
4437 54
4467 26
4470 23
4468 26
4471 23
4472 26
4475 23
4476 23
4452 49
4478 23
4473 29
4460 43
4474 29
4485 20
4479 27
4480 26
4462 45
4481 26
4484 23
4477 32
4486 23
4487 23
4489 23
4492 23
4495 20
4490 26
4494 23
4469 49
4499 26
4491 35
4504 23
4493 35
4502 26
4505 23
4482 47
4500 29
4503 26
4498 32
4483 48
4508 23
4497 35
4510 23
4511 22
4513 20
4517 17
4506 29
4521 14
4501 36
4507 32
4519 20
4488 53
4509 32
4516 26
4496 48
4518 29
4522 26
4520 29
4535 14
4515 35
4525 26
4528 23
4514 38
4523 29
4526 26
4532 20
4530 26
4533 23
4534 23
4537 20
4512 47
4539 20
4527 35
4545 17
4538 26
4541 23
4550 14
4536 29
4531 35
4540 26
4529 38
4542 26
4546 23
4556 17
4543 32
4558 17
4551 26
4554 26
4560 20
4549 32
4555 26
4524 58
4553 29
4561 23
4559 26
4548 38
4563 23
4552 35
4544 44
4571 17
4564 26
4562 29
4565 26
4568 23
4566 26
4569 23
4570 23
4573 20
4576 17
4574 20
4547 49
4572 26
4578 20
4583 17
4557 45
4577 26
4575 32
4581 26
4580 29
4586 23
4591 20
4567 45
4584 29
4590 26
4599 17
4588 29
4594 23
4595 26
4585 37
4593 29
4582 41
4598 26
4601 26
4607 20
4611 17
4579 50
4589 40
4606 23
4603 29
4612 20
4592 42
4605 29
4617 17
4609 26
4610 26
4613 23
4608 29
4587 52
4616 23
4596 45
4618 23
4597 45
4625 17
4614 29
4630 14
4604 41
4623 23
4600 47
4602 47
4622 29
4629 23
4621 35
4624 32
4627 29
4633 23
4636 20
4631 26
4634 23
4645 14
4632 32
4635 29
4641 23
4615 52
4644 23
4647 20
4639 29
4642 26
4626 45
4637 35
4640 32
4646 26
4653 20
4648 26
4619 56
4649 26
4652 23
4655 20
4650 26
4638 40
4628 52
4651 29
4660 20
4661 20
4620 63
4659 26
4654 32
4667 20
4662 26
4665 23
4657 32
4664 26
4656 35
4676 17
4658 36
4668 26
4663 32
4672 23
4675 20
4673 23
4674 23
4666 32
4671 32
4680 23
4677 27
4682 23
4696 14
4688 23
4691 20
4683 29
4643 70
4687 26
4679 35
4685 29
4684 32
4693 23
4692 26
4690 29
4689 31
4701 20
4670 53
4697 26
4695 29
4669 57
4694 32
4698 29
4707 20
4700 29
4706 23
4678 52
4681 49
4699 32
4717 14
4702 31
4710 23
4708 26
4703 32
4704 32
4686 51
4713 26
4716 23
4709 32
4712 29
4715 26
4723 20
4718 26
4714 32
4719 29
4722 29
4728 23
4720 32
4726 26
4735 17
4711 43
4731 23
4730 26
4733 23
4705 52
4721 36
4737 20
4727 32
4725 35
4742 20
4734 29
4729 35
4743 23
4738 29
4741 26
4744 23
4736 32
4745 23
4748 20
4750 20
4739 32
4724 49
4740 34
4751 23
4749 26
4747 29
4760 17
4746 32
4753 26
4758 23
4756 26
4759 23
4757 26
4755 29
4761 23
4754 32
4732 55
4766 21
4770 17
4762 26
4765 23
4763 26
4768 23
4752 43
4767 29
4769 29
4778 20
4764 35
4772 29
4782 20
4771 32
4780 23
4775 29
4776 29
4789 17
4781 26
4779 29
4791 17
4774 35
4777 35
4783 29
4784 29
4787 26
4788 26
4797 17
4786 29
4790 26
4785 32
4794 23
4773 47
4792 29
4803 20
4795 29
4798 26
4793 32
4800 26
4806 20
4809 17
4804 23
4802 26
4810 21
4807 29
4805 32
4808 29
4812 26
4811 29
4814 26
4801 40
4818 23
4827 14
4816 29
4825 20
4813 35
4817 32
4820 29
4826 23
4799 52
4822 29
4828 23
4824 29
4830 23
4834 20
4838 17
4815 42
4831 26
4835 23
4821 38
4832 29
4796 67
4837 26
4823 42
4836 29
4819 48
4844 23
4833 35
4842 26
4848 20
4843 26
4829 41
4841 29
4847 23
4840 32
4852 20
4854 20
4846 30
4839 38
4845 32
4853 26
4851 29
4855 26
4849 33
4850 32
4865 20
4863 23
4870 17
4856 32
4862 26
4857 32
4860 29
4869 20
4858 32
4859 32
4871 23
4875 20
4866 32
4873 26
4882 17
4868 32
4880 20
4878 23
4867 35
4874 29
4883 20
4895 11
4872 35
4876 32
4885 23
4888 20
4861 48
4881 29
4886 26
4877 37
4879 35
4892 23
4898 17
4884 32
4887 29
4893 23
4864 53
4891 26
4889 29
4905 20
4894 32
4900 26
4903 23
4896 32
4899 29
4897 32
4910 20
4908 23
4906 29
4901 35
4902 35
4904 35
4907 32
4913 26
4890 53
4911 32
4917 26
4909 35
4915 29
4918 26
4921 23
4919 26
4916 32
4925 23
4923 26
4930 20
4920 32
4926 26
4924 29
4929 26
4927 29
4936 23
4933 27
4932 29
4914 49
4928 35
4931 32
4922 42
4912 53
4934 32
4943 23
4946 20
4935 35
4945 26
4937 35
4940 32
4939 35
4941 33
4942 32
4948 26
4955 20
4938 38
4944 32
4947 29
4953 23
4951 26
4954 26
4957 23
4960 20
4950 32
4959 23
4965 17
4952 32
4956 32
4961 28
4958 35
4970 23
4949 45
4963 32
4969 26
4964 32
4967 29
4972 26
4973 26
4976 23
4968 32
4971 29
4986 17
4966 38
4979 26
4974 32
4977 29
4962 45
4978 29
4982 26
4984 26
4987 23
4985 26
4981 33
4980 35
4988 29
4989 29
4990 29
4983 38
4995 26
5010 11
4997 26
5003 20
5001 23
4996 29
4994 32
4975 53
5005 23
5008 20
5004 26
4999 32
5006 29
5011 26
4992 47
4998 41
5007 32
5009 32
5012 29
5021 20
4993 49
5013 29
4991 55
5018 29
5016 32
5025 23
5028 20
5017 32
5020 29
5000 50
5002 48
5014 36
5015 35
5034 17
5023 29
5029 26
5032 23
5035 23
5038 21
5031 29
5026 35
5033 29
5036 26
5042 20
5040 23
5024 40
5045 20
5053 12
5046 23
5052 17
5044 26
5057 14
5019 53
5043 29
5030 43
5050 23
5027 47
5054 20
5022 53
5055 23
5059 20
5048 32
5058 23
5056 26
5067 20
5062 26
5049 40
5069 20
5061 29
5064 26
5068 22
5070 20
5051 40
5066 26
5037 58
5071 26
5074 26
5072 29
5039 63
5041 63
5047 57
5082 23
5077 29
5081 26
5079 32
5080 32
5086 26
5089 23
5084 29
5063 52
5083 32
5102 14
5104 14
5060 59
5065 54
5076 43
5093 26
5073 47
5078 42
5090 30
5091 29
5075 46
5087 35
5105 17
5094 29
5097 26
5100 23
5088 36
5096 29
5092 34
5109 17
5098 29
5101 26
5113 14
5103 26
5085 46
5107 26
5116 17
5111 23
5106 29
5118 17
5095 41
5110 26
5112 26
5114 26
5115 26
5127 17
5117 29
5120 26
5121 26
5124 23
5128 20
5099 53
5132 20
5133 20
5108 46
5126 29
5129 26
5131 26
5140 17
5130 29
5134 26
5119 42
5138 23
5125 38
5136 29
5139 26
5123 43
5122 48
5137 35
5148 26
5149 26
5144 32
5153 23
5147 31
5158 20
5135 44
5143 36
5150 29
5154 26
5146 35
5151 32
5157 26
5152 32
5171 14
5145 42
5164 23
5156 32
5162 26
5161 29
5142 49
5165 26
5169 23
5141 53
5175 20
5155 41
5167 29
5173 23
5166 31
5163 35
5172 26
5184 14
5170 29
5174 26
5180 20
5176 26
5179 23
5160 43
5168 35
5178 29
5182 26
5177 32
5185 26
5183 29
5189 23
5188 26
5191 23
5159 56
5186 29
5198 17
5190 26
5197 20
5195 23
5187 32
5196 23
5215 6
5193 29
5205 17
5192 32
5201 23
5181 44
5199 26
5203 23
5207 23
5202 29
5208 23
5217 14
5213 20
5200 35
5222 14
5210 27
5211 29
5209 32
5212 29
5216 26
5194 49
5220 26
5224 23
5214 35
5204 46
5206 44
5221 29
5225 26
5228 23
5232 20
5218 35
5227 26
5237 17
5223 32
5230 26
5236 26
5234 29
5235 29
5233 32
5239 26
5231 35
5243 23
5219 49
5242 26
5240 29
5226 45
5248 23
5256 17
5251 23
5249 26
5247 29
5254 23
5246 32
5255 23
5250 29
5252 29
5258 23
5229 53
5244 41
5259 26
5238 48
5264 23
5268 20
5257 32
5266 23
5262 29
5241 51
5260 32
5263 29
5272 20
5271 23
5245 50
5269 26
5261 35
5270 26
5273 23
5277 19
5279 17
5278 23
5280 23
5275 29
5267 38
5276 29
5274 32
5253 54
5283 26
5289 20
5284 26
5291 20
5282 32
5285 29
5286 29
5265 51
5281 35
5296 20
5288 29
5292 26
5298 23
5293 29
5299 26
5295 32
5290 38
5302 26
5300 29
5312 17
5307 23
5310 20
5297 35
5309 23
5287 47
5311 23
5306 29
5304 32
5305 32
5308 29
5294 44
5316 23
5317 23
5303 38
5313 29
5321 23
5301 45
5326 20
5319 29
5320 29
5318 32
5327 23
5325 26
5323 29
5324 29
5336 17
5315 39
5322 32
5314 42
5330 26
5333 23
5328 29
5335 23
5331 29
5334 26
5329 35
5338 26
5339 26
5348 20
5343 26
5344 26
5342 29
5341 31
5346 26
5353 20
5345 29
5347 29
5351 26
5357 20
5349 29
5356 23
5360 20
5332 49
5352 29
5354 29
5367 17
5359 26
5361 26
5337 51
5340 48
5370 20
5365 26
5368 23
5372 20
5355 38
5371 23
5364 32
5376 20
5358 40
5350 51
5366 35
5375 26
5373 29
5374 29
5381 23
5385 19
5380 26
5363 45
5369 39
5382 26
5362 48
5387 23
5384 29
5390 23
5394 20
5377 38
5392 23
5397 20
5383 35
5389 29
5388 32
5378 43
5395 26
5398 23
5405 17
5396 29
5401 26
5379 49
5393 35
5407 23
5399 32
5402 29
5408 23
5409 23
5410 23
5414 20
5406 29
5404 32
5420 17
5391 48
5416 23
5400 40
5417 23
5422 20
5411 33
5412 32
5415 29
5419 26
5403 43
5386 61
5430 20
5423 29
5426 26
5429 23
5432 20
5418 35
5424 29
5438 17
5433 23
5434 23
5437 23
5425 38
5442 21
5443 20
5445 18
5435 29
5448 17
5440 26
5444 23
5439 31
5427 44
5431 40
5436 35
5451 20
5413 59
5449 23
5450 23
5454 20
5446 29
5452 23
5456 20
5428 49
5457 20
5447 32
5421 60
5453 29
5465 17
5469 14
5461 23
5464 20
5468 17
5466 20
5455 32
5458 31
5463 26
5470 20
5441 52
5462 32
5472 23
5479 23
5471 32
5478 26
5481 23
5484 20
5482 23
5474 32
5477 29
5492 14
5475 32
5459 50
5480 29
5476 34
5467 44
5491 20
5490 23
5485 29
5488 26
5460 56
5487 29
5473 45
5495 23
5494 26
5499 23
5497 26
5500 23
5483 41
5498 26
5504 20
5486 41
5507 20
5496 32
5505 23
5503 26
5501 29
5502 29
5489 45
5508 26
5509 26
5506 32
5513 26
5516 23
5520 20
5515 26
5524 17
5511 32
5510 35
5519 26
5493 54
5528 19
5522 26
5525 23
5517 32
5523 26
5518 32
5521 29
5512 40
5536 17
5531 23
5537 17
5514 41
5527 29
5526 35
5530 32
5543 20
5533 32
5552 14
5535 32
5542 26
5546 23
5538 32
5532 40
5540 32
5555 17
5553 20
5554 19
5547 29
5550 29
5551 29
5557 23
5549 32
5568 14
5534 50
5539 46
5556 29
5558 29
5561 26
5559 29
5529 60
5563 26
5566 23
5564 26
5541 50
5573 20
5548 46
5565 29
5560 35
5567 29
5570 26
5545 52
5562 35
5571 29
5577 23
5544 57
5578 23
5576 26
5588 14
5584 20
5581 26
5572 36
5585 23
5574 35
5582 29
5580 32
5569 44
5587 26
5591 23
5575 40
5583 32
5589 26
5599 17
5586 32
5592 26
5597 23
5593 29
5600 23
5579 45
5598 26
5590 35
5596 29
5594 32
5603 23
5607 19
5602 29
5606 26
5610 23
5611 23
5616 20
5615 23
5621 17
5608 32
5604 38
5595 48
5623 20
5613 32
5619 26
5601 46
5618 29
5622 26
5631 17
5626 23
5614 38
5617 35
5632 23
5624 32
5627 29
5636 20
5625 32
5630 29
5609 51
5637 23
5605 56
5643 20
5633 32
5634 32
5640 26
5646 20
5644 23
5639 32
5649 23
5612 62
5620 54
5652 23
5647 29
5653 23
5656 20
5628 49
5642 35
5645 32
5648 29
5651 26
5641 38
5650 29
5635 45
5655 26
5659 23
5654 29
5657 26
5660 26
5663 23
5666 20
5638 49
5658 29
5664 29
5673 20
5668 26
5669 26
5672 23
5670 26
5662 35
5665 32
5629 69
5676 26
5671 32
5674 29
5680 23
5675 29
5677 29
5679 29
5688 20
5683 26
5684 26
5667 44
5682 29
5695 17
5687 26
5690 23
5689 26
5681 35
5691 26
5661 58
5696 23
5678 42
5685 35
5694 29
5697 26
5692 32
5700 26
5698 29
5701 26
5704 23
5703 26
5699 32
5707 26
5702 32
5705 29
5711 23
5712 23
5686 50
5716 20
5718 20
5708 32
5717 23
5715 26
5721 20
5713 29
5720 23
5693 53
5714 32
5710 38
5719 29
5709 43
5722 32
5725 29
5732 23
5706 50
5731 26
5726 32
5727 32
5730 29
5734 26
5736 26
5723 41
5745 19
5729 38
5740 29
5746 23
5738 32
5741 29
5742 29
5748 23
5737 35
5744 29
5747 26
5739 35
5749 26
5752 23
5728 49
5724 54
5743 35
5753 26
5757 23
5764 17
5750 32
5759 23
5762 20
5735 48
5766 17
5763 23
5769 17
5733 54
5758 29
5761 29
5756 37
5770 23
5773 20
5776 17
5771 23
5760 35
5767 29
5768 29
5772 26
5782 17
5751 50
5777 26
5778 26
5754 52
5780 26
5781 26
5779 29
5755 55
5790 20
5788 23
5786 26
5784 29
5785 29
5774 42
5775 42
5789 29
5796 23
5765 55
5794 26
5800 20
5792 29
5787 35
5795 29
5798 26
5801 23
5799 29
5797 32
5803 26
5812 17
5783 47
5793 37
5813 17
5791 41
5806 26
5809 23
5804 29
5810 23
5802 32
5805 29
5815 20
5808 29
5811 29
5820 20
5816 26
5819 23
5821 23
5807 38
5822 23
5827 20
5828 20
5831 20
5826 26
5832 20
5825 29
5824 32
5830 26
5840 17
5829 29
5837 23
5835 26
5814 51
5818 47
5836 29
5839 26
5844 23
5833 35
5817 52
5834 35
5843 26
5856 14
5852 20
5850 23
5853 20
5842 32
5845 29
5848 26
5855 20
5849 28
5854 23
5841 39
5851 29
5860 23
5858 26
5823 62
5857 32
5846 44
5861 29
5867 23
5868 23
5871 20
5847 45
5870 23
5865 29
5874 20
5863 32
5866 29
5864 32
5880 17
5838 60
5869 29
5862 38
5875 26
5859 44
5886 17
5881 23
5885 20
5878 29
5876 32
5879 32
5882 29
5894 17
5877 35
5883 29
5887 26
5895 20
5884 32
5888 29
5898 20
5872 49
5889 32
5873 49
5896 26
5893 32
5899 26
5900 26
5902 26
5905 23
5901 29
5890 41
5908 23
5907 26
5909 26
5892 44
5918 20
5891 48
5910 29
5913 26
5906 34
5914 26
5897 44
5922 20
5917 29
5920 26
5927 23
5916 35
5919 32
5923 29
5930 23
5926 29
5929 26
5921 35
5904 53
5915 42
5928 29
5931 26
5934 23
5912 47
5903 57
5938 23
5925 38
5944 20
5936 29
5945 20
5937 29
5940 26
5911 56
5932 35
5924 46
5939 32
5946 26
5941 32
5955 20
5942 34
5953 23
5948 29
5954 23
5949 29
5952 26
5933 46
5935 44
5951 29
5947 35
5950 32
5965 17
5957 26
5961 26
5956 32
5962 26
5943 46
5967 23
5959 32
5971 20
5960 32
5958 35
5979 14
5972 23
5976 20
5968 29
5983 14
5966 32
5970 29
5974 29
5981 23
5973 32
5964 45
5980 29
5978 32
5984 26
5982 29
5988 23
5963 49
5977 35
5986 26
5989 23
5985 29
5969 47
5992 26
5995 23
5987 32
5994 26
5975 46
5999 23
5997 26
5996 28
5998 26
6001 23
6008 17
5991 35
6004 23
6007 20
6002 26
6000 29
6006 23
6010 20
6003 29
6005 29
6011 26
6009 29
6015 23
6012 29
6019 23
6018 26
6013 32
6029 17
5993 54
6025 23
6028 20
6017 32
6014 38
6026 26
6021 32
6033 20
6020 35
6032 23
6024 32
6016 41
6022 35
6023 35
6035 23
6038 20
6030 29
6039 20
5990 70
6037 23
6040 20
6042 20
6031 32
6034 29
6036 29
6044 26
6050 20
6045 26
6055 17
6041 32
6048 26
6043 32
6053 23
6051 29
6060 20
6052 29
6027 55
6062 20
6057 26
6067 17
6056 29
6059 29
6046 46
6063 29
6066 26
6069 23
6064 29
6047 47
6068 26
6072 23
6070 29
6058 42
6074 26
6077 23
6089 11
6054 49
6086 17
6075 29
6079 25
6083 23
6078 29
6073 35
6049 60
6080 29
6087 23
6076 35
6085 26
6090 23
6061 54
6092 23
6088 29
6097 20
6071 47
6093 26
6081 39
6094 26
6100 20
6065 57
6091 32
6099 26
6103 23
6109 17
6104 23
6101 29
6107 23
6110 20
6082 49
6105 26
6112 20
6095 39
6106 29
6084 52
6113 23
6111 29
6114 26
6116 29
6126 20
6098 49
6120 29
6123 26
6130 20
6122 29
6125 26
6117 35
6102 51
6121 32
6124 29
6127 26
6133 20
6131 23
6129 26
6118 38
6096 61
6137 20
6115 45
6134 26
6140 20
6135 26
6132 32
6128 37
6139 26
6143 23
6144 23
6142 26
6141 29
6150 20
6145 26
6146 26
6152 20
6153 20
6149 26
6119 57
6136 43
6147 32
6148 31
6159 20
6138 42
6155 26
6156 26
6108 76
6151 35
6160 26
6164 23
6175 13
6163 26
6169 23
6165 29
6170 26
6161 36
6162 35
6154 45
6173 26
6179 20
6168 32
6171 29
6167 35
6158 45
6177 26
6174 32
6178 29
6184 23
6182 26
6180 29
6183 26
6181 29
6172 39
6176 35
6188 23
6187 26
6185 29
6191 23
6157 58
6186 29
6190 29
6166 54
6192 29
6193 32
6194 32
6212 14
6195 32
6198 29
6196 32
6199 29
6197 32
6206 23
6207 26
6210 23
6202 32
6204 32
6208 29
6203 35
6209 29
6211 32
6214 29
6220 23
6201 43
6221 23
6217 29
6223 23
6215 32
6218 29
6205 43
6213 35
6224 26
6200 51
6219 32
6226 26
6189 64
6216 38
6225 29
6230 26
6222 35
6238 20
6233 26
6228 32
6234 26
6229 32
6227 35
6231 32
6235 29
6244 20
6247 17
6241 24
6240 26
6239 29
6232 38
6236 34
6237 35
6246 26
6245 29
6248 26
6249 26
6242 35
6268 11
6250 30
6260 20
6243 39
6254 29
6257 26
6263 20
6255 29
6253 32
6251 35
6252 35
6261 26
6259 29
6269 23
6264 29
6273 20
6274 20
6265 32
6256 42
6272 26
6258 41
6271 29
6262 39
6270 32
6280 23
6266 38
6275 29
6287 17
6282 23
6284 26
6279 32
6278 35
6290 23
6289 26
6292 23
6293 23
6288 29
6285 35
6291 29
6276 45
6304 17
6296 26
6267 57
6295 29
6298 26
6283 42
6294 32
6297 29
6299 30
6306 23
6281 49
6300 30
6302 29
6303 32
6309 26
6319 17
6277 60
6308 29
6301 38
6307 32
6310 32
6317 26
6316 29
6305 41
6320 26
6315 32
6328 20
6326 23
6311 39
6321 29
6324 26
6313 38
6325 26
6286 66
6323 29
6329 23
6327 26
6322 32
6334 23
6318 42
6332 29
6335 26
6339 23
6342 20
6331 32
6337 26
6333 32
6338 29
6345 23
6312 59
6314 57
6356 17
6340 35
6347 29
6351 25
6353 23
6348 29
6341 38
6362 17
6343 39
6350 32
6359 23
6330 53
6357 26
6360 23
6363 20
6352 32
6355 29
6358 26
6336 50
6365 23
6354 35
6372 18
6346 46
6361 32
6370 23
6344 51
6369 26
6373 23
6368 29
6377 20
6366 32
6375 23
6364 36
6349 52
6380 23
6381 23
6374 35
6378 32
6384 26
6390 20
6379 32
6382 32
6397 17
6386 29
6367 49
6385 32
6389 29
6392 26
6388 32
6376 46
6371 53
6395 29
6401 23
6399 26
6400 26
6404 23
6405 23
6391 38
6394 35
6403 26
6383 48
6393 38
6398 36
6412 23
6413 23
6408 29
6409 28
6387 51
6406 32
6418 20
6396 43
6423 17
6424 17
6416 26
6419 23
6411 32
6415 29
6410 35
6414 32
6420 26
6434 17
6426 26
6429 23
6421 32
6422 32
6428 26
6436 20
6425 32
6431 26
6417 41
6433 26
6437 23
6432 29
6438 23
6440 23
6407 57
6402 63
6430 35
6446 20
6443 26
6435 35
6450 20
6442 29
6445 26
6451 20
6449 23
6441 32
6444 29
6458 17
6448 29
6452 26
6427 53
6461 20
6456 26
6455 29
6460 26
6457 32
6462 29
6439 53
6463 29
6466 26
6467 26
6453 44
6465 32
6483 14
6472 26
6447 52
6464 38
6473 29
6478 24
6468 35
6471 32
6469 35
6475 29
6480 26
6486 20
6481 26
6487 20
6476 32
6479 29
6491 17
6482 29
6488 23
6454 58
6498 17
6484 32
6474 43
6485 32
6494 23
6459 60
6470 49
6477 42
6490 29
6489 32
6503 20
6492 32
6495 29
6499 26
6505 20
6493 35
6508 20
6497 32
6501 29
6504 26
6502 29
6511 20
6500 32
6496 37
6517 17
6506 29
6509 26
6512 23
6515 20
6507 29
6514 23
6520 17
6518 23
6513 29
6523 23
6521 26
6524 23
6516 35
6522 29
6526 26
6533 20
6525 29
6529 26
6535 23
6538 20
6527 32
6532 29
6544 17
6510 52
6530 32
6542 20
6545 17
6534 29
6537 26
6543 20
6528 38
6540 26
6531 38
6549 20
6548 23
6546 29
6552 23
6551 26
6519 60
6550 29
6536 44
6554 26
6560 20
6539 42
6558 23
6547 35
6553 29
6563 20
6564 20
6541 44
6556 29
6562 23
6559 29
6565 23
6572 17
6561 32
6566 29
6578 17
6568 33
6570 32
6576 26
6580 23
6586 17
6575 29
6573 32
6579 26
6571 35
6577 29
6557 50
6569 39
6589 20
6590 20
6585 26
6594 17
6567 47
6582 32
6583 32
6581 35
6555 62
6588 29
6591 26
6584 34
6604 14
6587 32
6574 47
6595 26
6593 29
6602 20
6597 29
6603 23
6608 20
6607 23
6599 32
6605 26
6600 32
6601 32
6596 38
6611 23
6609 26
6610 26
6614 26
6598 43
6615 26
6618 26
6617 29
6620 26
6621 26
6627 20
6613 36
6592 59
6616 35
6622 29
6623 29
6625 29
6631 23
6626 29
6629 26
6624 32
6606 52
6633 26
6641 20
6630 32
6612 51
6635 29
6638 26
6639 26
6636 32
6648 20
6619 50
6643 26
6628 42
6644 26
6642 32
6640 36
6650 26
6653 23
6632 45
6634 44
6646 32
6652 26
6647 32
6645 35
6649 32
6656 26
6660 23
6663 20
6658 26
6651 35
6662 26
6665 23
6637 52
6657 32
6664 26
6661 32
6667 26
6671 23
6666 29
6669 26
6674 23
6680 17
6673 26
6668 32
6672 29
6678 23
6670 32
6659 44
6655 49
6654 51
6677 29
6681 26
6684 23
6676 32
6679 29
6696 18
6697 17
6686 29
6695 20
6690 26
6693 23
6682 35
6687 32
6699 20
6689 32
6685 38
6691 32
6694 29
6675 49
6701 23
6707 17
6709 17
6683 44
6702 26
6700 29
6706 23
6712 17
6705 26
6703 29
6713 23
6708 29
6688 51
6710 29
6711 29
6692 49
6719 23
6714 29
6715 29
6721 23
6724 23
6704 44
6716 32
6720 29
6718 32
6722 29
6729 23
6730 23
6723 32
6732 23
6698 58
6727 29
6734 23
6726 32
6741 17
6725 35
6738 23
6744 17
6717 45
6733 29
6739 23
6735 29
6728 37
6748 17
6743 23
6750 17
6737 32
6746 23
6747 26
6745 32
6754 23
6736 42
6749 29
6753 26
6762 20
6731 52
6763 20
6752 32
6758 26
6740 46
6757 29
6755 32
6761 26
6759 29
6760 29
6756 35
6764 29
6767 26
6771 23
6773 23
6765 32
6742 57
6770 29
6777 23
6751 53
6766 38
6772 32
6778 29
6768 41
6780 29
6792 17
6790 20
6796 14
6779 32
6785 26
6783 29
6784 29
6787 26
6795 18
6769 45
6782 32
6802 14
6791 26
6775 46
6786 35
6789 32
6776 48
6774 51
6793 32
6794 32
6810 17
6805 23
6800 29
6803 26
6806 23
6798 32
6808 23
6799 35
6817 17
6801 35
6811 26
6788 50
6781 58
6797 44
6809 32
6804 38
6813 29
6812 35
6816 35
6820 32
6827 26
6822 32
6825 29
6823 32
6826 29
6829 26
6815 42
6834 23
6824 35
6821 39
6814 47
6832 29
6847 14
6833 29
6845 17
6831 32
6830 35
6840 26
6843 23
6835 32
6841 26
6839 29
6851 17
6807 62
6837 32
6858 11
6838 32
6852 20
6818 55
6853 20
6836 38
6846 29
6819 57
6828 48
6850 26
6844 36
6861 20
6859 23
6848 35
6849 35
6860 26
6855 32
6864 23
6870 20
6862 29
6865 26
6868 23
6866 26
6869 23
6857 38
6842 55
6884 17
6867 35
6876 26
6856 48
6882 23
6863 43
6874 32
6879 27
6854 53
6887 20
6891 17
6880 29
6886 23
6875 35
6877 35
6883 32
6871 46
6888 29
6878 42
6881 42
6895 29
6896 29
6905 20
6897 29
6901 26
6902 26
6872 57
6906 23
6909 20
6904 26
6911 20
6885 48
6889 45
6903 32
6907 29
6873 64
6914 23
6892 46
6912 26
6910 29
6898 42
6917 23
6908 35
6921 23
6890 56
6920 26
6893 54
6919 29
6894 55
6913 38
6925 26
6899 53
6926 26
6922 32
6924 32
6927 29
6933 23
6934 23
6932 26
6936 23
6937 23
6915 46
6923 38
6900 63
6931 32
6929 35
6938 26
6939 26
6916 50
6943 23
6941 26
6942 26
6928 42
6951 20
6944 29
6950 23
6930 45
6947 29
6953 23
6918 59
6945 32
6958 23
6961 20
6968 14
6935 48
6948 35
6957 26
6946 38
6955 29
6956 29
6971 14
6949 38
6970 17
6963 26
6940 52
6952 40
6960 32
6964 29
6969 26
6954 43
6966 32
6962 37
6976 23
6979 20
6965 35
6974 26
6977 23
6980 20
6975 26
6973 29
6978 26
6985 20
6959 48
6984 23
6983 29
6967 46
6991 26
6989 29
6992 26
6990 32
6993 29
6996 26
6999 26
6981 45
6988 38
7000 26
7004 23
7003 26
6982 51
6998 35
7013 20
6972 62
7008 26
7011 23
6987 48
6986 51
7009 29
6995 44
7016 23
7005 35
7014 29
7015 29
6997 48
7010 35
7001 46
7012 35
7033 14
7022 26
7006 43
7023 26
6994 56
7021 29
7007 45
7028 26
7031 23
7027 29
7034 23
7026 32
7042 17
7030 32
7025 38
7029 34
7037 26
7043 20
7032 32
7018 48
7019 48
7049 20
7038 32
7041 29
7036 35
7045 26
7017 56
7044 29
7024 50
7039 35
7047 29
7002 76
7046 32
7052 26
7040 39
7020 60
7048 32
7054 26
7067 14
7053 29
7059 23
7064 20
7056 29
7051 35
7060 26
7057 32
7061 29
7062 29
7073 20
7070 26
7069 29
7072 26
7075 23
7065 35
7071 29
7074 26
7050 51
7035 67
7083 20
7081 23
7076 29
7086 20
7078 29
7084 23
7066 42
7082 26
7080 29
7091 20
7058 54
7077 35
7055 58
7087 26
7063 51
7085 29
7089 26
7092 26
7098 20
7093 26
7096 23
7104 17
7099 23
7088 35
7079 46
7090 35
7097 29
7095 32
7102 26
7103 26
7068 65
7101 32
7109 26
7105 32
7120 17
7107 32
7116 23
7113 29
7108 35
7111 32
7114 29
7123 20
7100 44
7115 29
7119 26
7126 20
7121 26
7124 23
7094 54
7117 31
7122 26
7127 23
7110 42
7118 35
7133 20
7125 32
7131 26
7128 32
7135 26
7112 50
7130 32
7106 57
7129 34
7134 29
7143 20
7132 32
7144 20
7138 29
7147 20
7137 32
7140 29
7141 29
7145 26
7146 26
7152 20
7157 17
7158 20
7150 29
7159 20
7142 38
7153 29
7156 26
7136 47
7155 29
7161 23
7148 38
7154 32
7160 26
7149 38
7162 26
7163 26
7170 20
7139 52
7171 20
7166 26
7172 23
7175 20
7165 32
7164 35
7173 26
7151 49
7174 26
7167 38
7183 23
7168 39
7178 29
7179 29
7185 23
7181 29
7180 32
7186 26
7169 44
7190 23
7182 32
7176 39
7192 23
7195 20
7188 29
7191 26
7204 14
7187 32
7196 23
7200 20
7189 32
7198 23
7199 23
7213 14
7211 17
7206 23
7201 29
7215 17
7194 39
7177 57
7212 23
7207 29
7205 32
7209 29
7197 42
7210 29
7208 35
7214 29
7184 60
7224 20
7216 29
7222 23
7220 26
7202 45
7193 56
7225 26
7223 29
7218 35
7219 35
7231 23
7226 29
7221 35
7227 29
7203 54
7235 23
7236 23
7228 32
7237 23
7217 47
7241 23
7230 35
7252 17
7238 32
7239 32
7242 29
7240 32
7244 29
7250 23
7243 32
7247 29
7253 23
7248 29
7233 46
7259 20
7229 51
7234 46
7257 23
7249 32
7255 26
7232 51
7254 29
7266 17
7251 33
7262 23
7256 32
7265 23
7260 29
7258 32
7246 46
7263 29
7245 48
7264 29
7274 20
7261 35
7267 29
7271 26
7270 29
7273 26
7269 32
7272 29
7275 26
7282 20
7283 20
7278 26
7268 37
7276 29
7279 26
7277 32
7289 23
7284 29
7287 26
7293 20
7285 29
7286 29
7292 23
7294 23
7299 23
7288 35
7291 32
7300 23
7297 27
7281 44
7290 35
7295 32
7296 32
7302 26
7303 26
7298 32
7280 51
7317 14
7305 29
7314 20
7301 35
7311 29
7304 37
7315 26
7307 35
7310 32
7313 29
7324 23
7330 17
7316 32
7328 20
7320 29
7318 32
7306 46
7308 45
7319 35
7325 29
7337 17
7309 47
7321 35
7327 29
7322 35
7323 35
7333 26
7340 20
7331 32
7335 29
7336 29
7334 32
7312 57
7349 20
7341 29
7347 23
7332 39
7352 20
7338 35
7342 32
7350 26
7343 35
7344 35
7353 26
7359 20
7360 20
7346 35
7356 26
7362 20
7351 32
7365 20
7358 29
7329 60
7354 35
7369 20
7374 17
7357 35
7366 26
7364 29
7370 23
7326 69
7361 35
7367 29
7371 26
7377 20
7368 30
7372 26
7378 20
7363 38
7348 54
7345 59
7373 32
7379 26
7380 26
7339 70
7383 26
7381 29
7384 26
7391 20
7397 14
7355 57
7386 26
7389 23
7375 38
7382 35
7390 29
7393 26
7387 33
7376 45
7388 35
7395 29
7394 32
7400 26
7392 35
7404 23
7405 23
7403 26
7385 46
7402 29
7408 23
7411 20
7401 32
7406 29
7412 23
7418 17
7409 29
7410 30
7415 25
7421 20
7413 29
7414 29
7399 46
7407 38
7422 23
7417 29
7396 53
7398 51
7416 35
7423 29
7430 23
7425 29
7426 29
7439 17
7419 38
7443 14
7420 38
7429 29
7435 23
7431 29
7432 29
7424 38
7427 35
7436 26
7434 29
7428 36
7438 26
7437 29
7449 17
7447 20
7442 26
7440 29
7448 23
7451 20
7445 32
7458 20
7450 29
7454 29
7457 26
7463 20
7441 43
7459 26
7466 20
7461 26
7464 23
7446 42
7474 17
7433 59
7460 32
7468 26
7471 23
7469 26
7472 23
7478 17
7453 43
7467 29
7470 26
7476 23
7477 23
7444 57
7462 43
7473 32
7475 32
7484 23
7479 29
7482 26
7485 23
7480 29
7456 54
7452 59
7489 23
7492 20
7481 32
7490 23
7465 50
7488 29
7483 35
7486 32
7455 65
7491 29
7493 29
7496 26
7495 29
7504 20
7503 23
7498 29
7500 29
7499 32
7508 23
7506 26
7502 32
7487 48
7507 29
7510 26
7501 36
7514 23
7512 26
7518 20
7520 20
7521 20
7524 17
7513 29
7516 26
7519 23
7505 38
7509 35
7497 48
7525 20
7515 32
7522 26
7534 14
7517 32
7494 60
7528 26
7531 23
7526 29
7529 26
7530 26
7523 35
7535 23
7533 26
7532 29
7539 23
7541 23
7542 23
7537 29
7547 20
7545 23
7548 20
7538 32
7511 60
7540 32
7543 29
7549 26
7550 26
7536 41
7551 26
7546 32
7552 26
7555 23
7556 23
7527 53
7559 23
7562 20
7570 14
7553 32
7557 28
7564 23
7544 46
7561 32
7568 26
7571 23
7563 32
7569 26
7558 38
7574 23
7572 26
7566 33
7567 32
7583 17
7575 26
7578 23
7573 29
7565 38
7584 20
7554 51
7580 26
7560 47
7579 29
7582 26
7585 23
7577 32
7576 35
7593 20
7594 20
7588 29
7591 26
7581 38
7587 32
7589 32
7595 26
7598 23
7592 35
7600 29
7611 20
7606 26
7609 23
7586 47
7596 37
7610 23
7602 32
7608 26
7604 31
7599 37
7601 35
7607 29
7613 23
7605 32
7603 35
7612 26
7619 19
7615 29
7618 26
7616 29
7625 20
7617 29
7620 26
7623 23
7626 20
7628 20
7597 52
7621 29
7624 26
7627 23
7633 17
7590 64
7631 23
7637 17
7614 41
7632 23
7630 26
7622 38
7634 26
7640 20
7635 29
7638 26
7644 23
7643 26
7647 23
7650 20
7639 32
7645 29
7657 17
7646 29
7648 29
7649 29
7652 29
7655 26
7651 32
7629 56
7642 44
7641 46
7658 29
7667 20
7656 32
7659 29
7662 26
7669 20
7664 26
7666 26
7636 57
7665 29
7673 23
7671 26
7660 38
7675 23
7654 45
7677 23
7670 32
7679 23
7683 20
7653 53
7674 32
7678 29
7687 23
7668 43
7661 53
7663 51
7681 35
7684 32
7682 35
7694 23
7695 23
7693 26
7697 23
7696 26
7672 51
7685 38
7700 23
7689 35
7698 26
7690 35
7699 26
7701 26
7708 20
7709 20
7692 39
7711 20
7715 17
7680 54
7705 29
7691 44
7676 60
7704 32
7707 29
7712 26
7702 38
7716 26
7686 58
7706 38
7721 23
7688 57
7710 35
7713 32
7719 29
7725 23
7731 17
7717 32
7723 26
7726 23
7718 32
7739 11
7724 29
7722 32
7728 26
7734 23
7703 55
7733 26
7735 26
7738 23
7730 32
7736 26
7729 35
7727 38
7714 52
7737 32
7749 20
7748 23
7741 32
7743 30
7744 29
7756 17
7742 32
7745 32
7751 26
7754 23
7732 46
7746 32
7747 32
7750 29
7759 20
7720 61
7752 29
7755 26
7753 29
7757 26
7761 23
7758 29
7766 23
7762 29
7765 26
7764 29
7774 20
7769 27
7770 26
7773 23
7768 29
7771 26
7778 20
7780 20
7760 41
7772 29
7775 26
7776 26
7779 23
7781 23
7763 45
7783 26
7785 26
7777 35
7782 30
7786 26
7740 73
7767 46
7792 23
7784 32
7787 29
7788 32
7794 26
7797 23
7789 32
7791 32
7790 35
7804 23
7801 29
7805 26
7800 32
7806 26
7809 23
7795 39
7802 32
7798 38
7816 20
7808 29
7799 39
7815 23
7818 20
7813 26
7812 29
7807 35
7810 32
7820 23
7796 48
7821 23
7824 20
7822 23
7811 35
7817 29
7825 23
7823 26
7793 58
7819 32
7803 49
7827 26
7828 29
7831 26
7829 29
7838 20
7842 17
7814 46
7834 29
7840 23
7832 32
7835 29
7830 35
7841 26
7836 32
7845 23
7833 36
7837 32
7843 26
7844 26
7839 32
7846 26
7849 23
7826 47
7847 26
7850 23
7857 17
7848 29
7851 26
7853 26
7859 20
7861 20
7856 26
7864 20
7863 23
7855 32
7858 32
7868 23
7854 38
7866 26
7862 32
7860 35
7869 26
7867 29
7870 26
7871 26
7877 23
7872 29
7878 26
7852 53
7873 33
7874 32
7883 26
7887 23
7865 46
7879 32
7889 23
7884 29
7893 20
7888 26
7894 20
7880 35
7895 20
7885 31
7891 26
7892 29
7899 23
7897 26
7903 20
7901 23
7882 43
7898 29
7876 54
7907 23
7896 35
7905 26
7900 32
7909 23
7881 53
7890 44
7902 32
7911 23
7915 20
7908 29
7886 54
7914 26
7916 26
7920 23
7913 32
7926 20
7918 29
7927 20
7917 32
7921 29
7924 26
7875 76
7904 47
7919 32
7923 29
7912 41
7929 26
7932 26
7922 38
7928 32
7931 29
7934 26
7910 51
7937 26
7940 23
7906 58
7930 35
7942 23
7943 23
7933 35
7939 29
7949 20
7938 32
7936 35
7945 26
7944 29
7947 26
7948 26
7955 20
7941 35
7950 26
7946 32
7925 54
7935 44
7957 23
7958 26
7952 33
7953 32
7956 29
7964 23
7967 20
7962 26
7968 20
7961 29
7960 32
7970 23
7963 32
7966 29
7954 42
7973 23
7976 20
7959 38
7969 29
7965 35
7974 26
7977 23
7951 50
7975 26
7982 20
7985 17
7971 32
7972 32
7981 23
7980 26
7984 23
7991 20
7997 14
7986 26
7989 23
7992 20
7988 26
7983 32
7996 20
7995 23
7990 29
7979 41
7987 35
7993 29
8000 23
7999 26
8003 23
8004 23
7978 50
7994 35
7998 32
8005 26
8008 23
8010 23
8006 29
8009 26
8007 29
8015 23
8014 26
8018 23
8001 41
8011 32
8016 29
8017 29
8019 29
8032 17
8025 26
8020 32
8023 29
8002 55
8022 35
8028 29
8021 38
8027 32
8013 47
8037 23
8024 38
8033 29
8036 26
8039 23
8012 52
8026 40
8049 17
8035 32
8041 26
8038 32
8047 23
8042 29
8048 23
8040 32
8046 26
8029 44
8044 29
8056 17
8051 23
8053 23
8043 35
8031 51
8050 32
8059 23
8062 20
8065 17
8030 54
8052 32
8055 29
8060 26
8034 54
8061 29
8064 29
8079 14
8068 26
8067 29
8073 23
8045 52
8057 41
8069 29
8078 20
8054 46
8077 23
8066 35
8075 26
8070 32
8076 29
8071 35
8083 23
8058 50
8082 26
8081 29
8063 48
8085 26
8072 41
8090 24
8087 29
8096 20
8091 26
8086 32
8089 29
8098 20
8084 35
8097 23
8099 23
8105 17
8088 35
8094 29
8092 32
8093 32
8074 53
8107 23
8102 29
8103 29
8112 20
8108 26
8111 23
8109 26
8119 16
8106 32
8115 23
8080 59
8101 38
8118 23
8095 47
8110 32
8113 29
8116 26
8117 26
8120 23
8124 20
8132 14
8127 20
8114 35
8122 29
8123 29
8129 26
8130 26
8125 32
8128 29
8131 26
8137 20
8100 58
8121 38
8140 23
8135 29
8136 29
8139 29
8142 26
8145 23
8134 35
8143 26
8146 23
8133 37
8147 25
8149 23
8144 29
8155 20
8126 50
8141 35
8148 28
8138 39
8152 26
8104 75
8151 29
8157 23
8160 20
8150 32
8153 29
8159 29
8169 20
8173 17
8165 26
8168 23
8166 26
8161 32
8163 30
8164 29
8167 26
8156 38
8162 32
8174 23
8171 27
8158 42
8175 26
8180 23
8172 32
8178 29
8184 23
8176 32
8179 29
8188 20
8177 32
8181 32
8185 29
8183 32
8186 29
8193 23
8154 64
8190 29
8199 20
8189 32
8170 53
8191 32
8194 29
8192 32
8182 43
8202 23
8198 29
8200 29
8205 26
8206 26
8209 23
8195 38
8204 29
8210 23
8203 35
8212 26
8196 43
8213 26
8211 29
8214 26
8187 55
8220 23
8217 29
8223 23
8224 23
8197 52
8232 17
8208 42
8221 29
8216 35
8219 32
8222 29
8229 23
8218 35
8215 39
8225 29
8201 54
8240 17
8207 51
8226 32
8227 32
8233 26
8235 26
8236 26
8231 32
8244 20
8243 23
8234 33
8241 26
8251 17
8237 32
8246 23
8238 32
8245 26
8248 23
8257 17
8239 36
8249 26
8247 32
8250 29
8259 20
8242 38
8255 26
8228 54
8260 23
8230 54
8252 32
8261 23
8268 17
8256 32
8265 23
8258 32
8263 29
8264 29
8273 20
8271 23
8254 41
8267 29
8272 26
8266 34
8277 23
8280 20
8270 32
8276 26
8282 23
8262 44
8283 23
8286 20
8269 38
8281 26
8279 29
8253 56
8278 32
8284 26
8287 23
8274 38
8290 23
8296 17
8285 32
8288 29
8289 29
8292 26
8301 21
8291 32
8297 26
8295 29
8299 26
8294 32
8298 29
8300 29
8303 26
8306 23
8275 56
8302 29
8315 17
8304 29
8310 23
8305 29
8314 20
8313 23
8308 29
8316 23
8293 47
8317 23
8309 32
8312 29
8321 23
8327 17
8322 23
8318 29
8319 29
8320 29
8325 26
8337 14
8323 29
8326 29
8329 26
8332 26
8324 35
8336 23
8328 32
8334 26
8307 55
8330 32
8335 29
8343 23
8311 56
8333 35
8342 26
8338 32
8347 23
8339 32
8340 32
8346 26
8341 32
8350 23
8348 28
8356 20
8345 32
8351 26
8361 17
8331 50
8352 29
8355 26
8358 26
8359 26
8354 32
8360 26
8367 20
8366 23
8373 17
8362 29
8365 26
8368 23
8363 32
8364 32
8374 23
8377 20
8344 55
8376 23
8357 44
8372 29
8370 32
8371 32
8380 23
8386 17
8383 23
8384 23
8353 55
8378 32
8382 29
8381 32
8385 29
8388 26
8396 20
8391 26
8375 43
8390 29
8399 20
8397 23
8389 32
8392 29
8387 35
8393 29
8398 26
8404 20
8406 18
8379 47
8400 26
8401 26
8412 17
8408 23
8403 29
8416 17
8394 41
8395 40
8369 68
8411 29
8409 33
8419 23
8414 29
8427 17
8410 35
8418 29
8423 26
8421 29
8422 29
8428 23
8413 39
8420 32
8425 27
8424 29
8430 23
8417 37
8405 52
8407 50
8431 26
8415 43
8426 32
8429 29
8433 26
8436 23
8439 20
8437 23
8432 29
8435 26
8443 19
8402 63
8442 26
8434 35
8438 32
8444 29
8447 26
8453 20
8446 29
8449 26
8445 32
8452 26
8458 23
8459 23
8450 35
8456 29
8451 35
8441 47
8448 40
8454 35
8460 29
8470 23
8469 26
8462 35
8472 26
8464 35
8467 32
8463 38
8475 26
8457 47
8461 43
8487 17
8477 29
8480 26
8478 29
8476 32
8479 29
8482 26
8471 38
8484 27
8485 26
8488 23
8486 26
8481 32
8483 31
8474 41
8492 23
8490 26
8491 26
8494 23
8455 63
8440 79
8493 26
8505 14
8468 53
8495 26
8466 56
8496 26
8497 26
8465 59
8498 26
8502 23
8501 29
8500 32
8506 26
8507 26
8499 35
8503 32
8513 23
8508 29
8509 29
8512 26
8519 20
8511 29
8521 20
8473 69
8489 54
8514 29
8510 35
8527 20
8516 32
8518 32
8504 48
8520 32
8530 23
8528 26
8517 39
8526 32
8529 29
8524 35
8533 26
8539 20
8523 37
8531 29
8534 26
8536 26
8540 23
8532 32
8535 29
8538 26
8515 50
8548 19
8537 32
8525 45
8543 29
8541 32
8547 26
8542 32
8545 29
8552 23
8555 20
8522 54
8544 32
8553 26
8551 32
8557 26
8546 38
8549 35
8564 20
8562 23
8554 32
8563 23
8558 29
8559 29
8560 29
8566 23
8561 29
8556 35
8573 23
8568 29
8567 32
8570 29
8579 20
8550 50
8565 35
8577 23
8569 32
8576 26
8571 32
8584 20
8574 32
8580 26
8586 20
8583 26
8589 20
8585 26
8588 23
8578 35
8581 32
8590 23
8582 32
8587 29
8596 20
8593 26
8600 23
8603 20
8601 23
8599 26
8594 32
8595 32
8598 29
8572 57
8597 32
8592 38
8602 29
8605 26
8611 20
8609 23
8604 29
8591 43
8608 26
8613 23
8616 20
8621 17
8607 32
8612 29
8615 29
8610 35
8619 26
8628 20
8617 32
8623 26
8627 23
8620 32
8626 26
8618 35
8625 29
8634 20
8632 23
8638 17
8575 81
8633 23
8630 29
8636 23
8642 17
8606 54
8637 23
8646 14
8631 32
8639 26
8614 52
8622 46
8640 29
8624 46
8644 26
8629 42
8648 23
8643 29
8655 17
8641 32
8647 26
8645 29
8650 26
8653 26
8654 26
8649 32
8651 32
8660 23
8652 32
8658 26
8656 29
8662 23
8635 51
8666 20
8661 29
8670 20
8663 29
8676 17
8665 32
8668 29
8667 32
8673 26
8681 18
8675 29
8678 26
8664 41
8674 32
8677 29
8680 26
8659 50
8682 29
8685 26
8691 20
8671 41
8683 29
8672 43
8693 23
8699 17
8689 29
8687 32
8690 29
8669 51
8697 23
8695 26
8688 35
8705 20
8701 26
8684 45
8704 26
8679 52
8700 32
8710 23
8703 32
8706 29
8657 80
8702 35
8694 45
8716 23
8696 44
8708 32
8712 29
8692 50
8686 57
8711 32
8717 26
8720 23
8715 29
8713 32
8714 32
8718 29
8698 50
8719 29
8707 42
8728 23
8709 43
8724 29
8722 32
8725 29
8721 34
8723 32
8732 23
8734 23
8726 32
8727 32
8729 32
8735 26
8736 26
8733 32
8740 26
8738 29
8739 29
8742 26
8743 26
8748 23
8730 42
8746 26
8744 29
8747 26
8731 44
8741 35
8745 32
8751 26
8737 41
8749 29
8752 26
8758 20
8755 26
8764 17
8753 29
8756 26
8759 23
8757 26
8768 20
8754 35
8760 29
8765 26
8763 29
8767 26
8750 44
8771 26
8770 29
8779 20
8772 29
8778 23
8769 35
8774 32
8777 29
8773 35
8788 20
8783 26
8762 48
8781 29
8784 26
8761 50
8782 29
8785 26
8793 20
8786 29
8787 29
8776 41
8780 37
8798 20
8803 20
8792 32
8775 50
8766 60
8791 35
8805 23
8806 23
8801 29
8804 26
8800 32
8795 38
8807 26
8790 47
8808 29
8810 29
8816 23
8809 32
8812 29
8815 26
8799 43
8813 29
8820 23
8819 26
8814 32
8831 17
8802 48
8818 32
8794 58
8823 29
8796 57
8817 36
8827 26
8828 26
8797 60
8834 23
8822 36
8826 32
8821 38
8825 35
8789 72
8841 20
8811 51
8833 29
8836 26
8837 26
8824 42
8840 29
8846 23
8844 26
8842 29
8848 23
8843 29
8849 23
8847 26
8845 29
8851 23
8829 46
8852 23
8858 17
8838 38
8854 23
8832 48
8860 20
8855 26
8830 52
8856 26
8862 20
8863 20
8868 17
8857 29
8835 53
8850 38
8865 23
8867 26
8873 20
8876 17
8871 23
8866 32
8869 29
8861 38
8839 62
8853 48
8872 29
8859 43
8874 29
8870 35
8878 29
8882 26
8877 32
8880 29
8885 26
8886 26
8864 49
8881 32
8884 29
8895 20
8887 29
8893 23
8888 29
8891 26
8889 29
8892 26
8879 40
8897 23
8894 32
8898 29
8875 53
8900 29
8903 26
8908 23
8906 26
8909 23
8883 50
8901 32
8904 29
8905 29
8915 20
8890 48
8916 23
8899 41
8902 38
8911 29
8912 32
8918 26
8907 38
8913 32
8919 26
8921 26
8896 52
8910 38
8922 26
8925 23
8923 29
8914 39
8933 20
8936 17
8929 26
8927 29
8934 23
8932 29
8935 26
8939 23
8928 35
8941 23
8931 35
8926 41
8938 29
8917 52
8943 26
8930 41
8940 32
8949 23
8920 53
8944 29
8950 23
8946 29
8948 29
8951 26
8962 17
8924 58
8942 40
8953 29
8956 26
8976 6
8952 32
8955 29
8958 26
8959 26
8954 32
8957 29
8937 50
8960 29
8963 26
8966 23
8970 20
8945 47
8964 29
8971 23
8967 29
8977 20
8969 29
8975 23
8961 38
8973 26
8978 23
8968 35
8983 23
8980 29
8947 63
8979 32
8982 29
8985 26
8965 48
8972 41
8981 32
8984 29
8987 26
8996 17
8991 23
8990 26
8999 17
8986 32
8989 29
8974 46
8988 32
8997 23
9000 20
8993 29
8995 29
8994 32
8992 35
8998 29
9002 32
9005 29
9011 23
9006 29
9001 35
9004 32
9007 29
9012 26
9010 29
9019 20
9008 32
9014 26
9017 23
9024 17
9018 26
9025 20
9028 17
9020 32
9021 32
9027 26
9030 23
9003 51
9022 32
9035 20
9036 20
9034 23
9037 20
9016 42
9026 32
9038 20
9040 20
9039 23
9013 50
9009 55
9032 32
9033 32
9015 52
9029 38
9043 26
9031 39
9041 29
9042 29
9045 26
9046 26
9049 23
9023 52
9055 20
9064 11
9047 29
9048 29
9057 20
9053 26
9056 23
9052 29
9050 32
9058 26
9059 26
9062 23
9071 17
9054 35
9061 29
9065 26
9044 49
9067 26
9060 35
9072 23
9070 26
9051 46
9069 29
9075 26
9074 29
9078 26
9082 23
9066 42
9079 29
9085 23
9083 26
9081 29
9084 26
9094 17
9077 35
9086 26
9089 23
9068 46
9073 41
9088 26
9063 53
9087 35
9093 29
9095 29
9106 20
9098 29
9101 26
9076 52
9102 29
9105 29
9104 32
9107 29
9110 26
9113 23
9099 38
9108 29
9117 20
9091 47
9112 26
9097 44
9100 42
9122 20
9111 32
9080 64
9090 54
9109 35
9115 29
9121 23
9116 29
9119 26
9120 26
9118 29
9128 20
9096 53
9114 35
9123 26
9092 58
9124 26
9131 20
9129 23
9127 26
9125 29
9134 23
9132 26
9143 17
9133 29
9135 29
9141 23
9103 63
9138 29
9147 20
9145 23
9148 20
9137 32
9144 26
9142 32
9140 35
9130 46
9136 41
9150 29
9153 26
9146 34
9149 32
9163 20
9155 29
9158 26
9156 29
9162 23
9126 60
9157 29
9169 17
9139 48
9164 23
9160 29
9159 32
9168 23
9174 17
9166 26
9154 39
9170 23
9172 23
9161 35
9173 26
9180 20
9175 26
9179 23
9171 32
9176 29
9177 29
9151 56
9182 26
9186 23
9178 32
9181 29
9184 26
9185 26
9194 18
9187 26
9191 23
9195 20
9188 29
9167 51
9183 35
9192 26
9205 13
9190 29
9152 69
9165 57
9189 35
9201 23
9193 32
9200 26
9199 29
9206 23
9204 26
9198 35
9211 23
9214 20
9203 32
9210 26
9209 29
9212 26
9197 42
9223 17
9202 40
9207 35
9213 29
9222 20
9208 35
9220 26
9215 32
9218 29
9221 26
9225 23
9217 32
9227 23
9219 35
9228 26
9224 32
9196 61
9226 32
9232 29
9235 26
9230 32
9240 23
9239 26
9248 17
9231 35
9234 32
9216 51
9229 38
9236 32
9242 26
9237 32
9238 32
9241 29
9244 26
9254 17
9233 39
9249 23
9247 26
9245 29
9243 35
9250 29
9246 35
9255 26
9261 23
9253 32
9257 29
9263 23
9269 20
9258 32
9264 26
9267 23
9268 23
9256 38
9259 35
9262 32
9260 35
9251 47
9266 32
9272 26
9270 29
9278 23
9273 29
9276 26
9277 26
9280 26
9275 32
9252 56
9285 23
9288 20
9283 26
9281 29
9279 32
9284 29
9287 26
9290 23
9271 45
9291 26
9295 23
9301 17
9293 26
9297 23
9299 23
9289 35
9298 26
9265 60
9286 41
9292 35
9307 20
9309 20
9282 50
9303 29
9306 26
9312 20
9304 29
9274 60
9294 40
9296 41
9300 39
9311 29
9319 23
9302 42
9321 23
9310 35
9313 32
9316 29
9322 23
9314 32
9317 29
9327 20
9323 26
9305 47
9320 32
9325 29
9331 23
9324 32
9329 29
9334 26
9337 23
9328 33
9336 26
9318 45
9332 32
9339 26
9315 51
9326 41
9341 26
9347 23
9308 63
9340 32
9349 23
9342 32
9345 29
9348 29
9352 26
9344 35
9335 47
9343 39
9356 26
9351 32
9330 54
9362 23
9354 32
9360 26
9333 54
9366 23
9369 20
9350 40
9358 32
9364 26
9353 40
9361 32
9367 26
9359 35
9368 26
9371 23
9338 57
9346 49
9363 32
9365 32
9377 23
9373 29
9376 26
9374 29
9355 49
9375 29
9372 35
9381 26
9370 38
9378 32
9379 32
9389 23
9384 29
9388 25
9382 32
8349 1066
9392 23
9357 61
9386 32
9398 20
9390 29
9394 26
9387 35
9396 26
9383 42
9391 35
9397 29
9403 23
9401 26
9393 35
9402 26
9405 23
9400 29
9409 20
9404 26
9410 20
9399 32
9380 53
9407 26
9406 29
9415 20
9418 17
9411 26
9385 53
9412 26
9395 44
9413 29
9414 29
9424 20
9425 20
9422 26
9417 32
9421 29
9419 32
9420 32
9430 23
9433 23
9434 23
9432 26
9423 36
9435 24
9431 29
9429 32
9427 35
9436 26
9440 23
9426 40
9437 29
9408 60
9444 26
9442 29
9438 35
9441 32
9450 23
9439 35
9416 60
9447 29
9445 32
9448 29
9428 50
9449 29
9452 26
9454 26
9446 35
9458 23
9462 20
9465 20
9455 32
9457 32
9464 26
9453 38
9459 32
9460 32
9461 32
9470 23
9443 54
9463 35
9466 32
9473 26
9469 32
9478 23
9476 26
9479 23
9482 20
9488 14
9477 26
9472 32
9468 38
9474 32
9451 56
9490 17
9483 26
9484 26
9456 56
9486 26
9475 39
9480 35
9489 26
9504 11
9481 35
9485 32
9491 29
9492 29
9467 55
9493 29
9494 29
9496 29
9499 26
9502 23
9505 20
9497 29
9498 29
9501 26
9471 60
9510 23
9511 23
9500 35
9507 29
9495 42
9508 29
9506 33
9513 26
9503 38
9512 29
9515 26
9518 23
9516 29
9514 32
9521 26
9527 20
9487 63
9524 26
9519 32
9522 29
9528 23
9520 32
9525 29
9534 20
9523 32
9537 20
9532 26
9531 29
9517 44
9526 35
9529 32
9535 26
9539 23
9509 54
9530 35
9536 29
9538 32
9544 26
9545 26
9548 23
9540 32
9543 29
9549 23
9541 32
9547 26
9553 20
9533 41
9546 29
9556 20
9542 35
9551 29
9555 26
9550 32
9559 23
9554 29
9560 23
9552 32
9561 23
9557 32
9558 32
9564 26
9563 29
9565 29
9572 23
9567 32
9570 29
9584 17
9562 40
9573 29
9576 26
9585 17
9568 35
9580 23
9575 29
9589 17
9566 41
9587 20
9582 26
9577 32
9583 26
9586 23
9578 32
9593 17
9579 33
9588 26
9581 35
9571 48
9574 46
9592 32
9595 29
9598 26
9590 35
9600 29
9569 62
9602 29
9605 26
9599 33
9606 26
9612 20
9615 20
9604 32
9607 29
9616 20
9617 20
9591 47
9610 29
9611 29
9603 38
9609 32
9594 51
9619 26
9614 32
9608 39
9618 29
9627 20
9622 26
9625 23
9601 48
9620 29
9621 29
9597 55
9624 29
9623 32
9626 29
9629 26
9631 26
9634 23
9635 23
9633 26
9639 20
9632 29
9649 14
9636 29
9613 53
9628 39
9641 26
9642 29
9643 29
9638 35
9640 35
9645 32
9648 29
9651 26
9644 35
9650 29
9652 29
9661 20
9653 29
9630 53
9637 46
9654 29
9657 26
9655 29
9658 26
9647 38
9656 29
9666 20
9664 23
9646 43
9662 29
9660 32
9663 29
9659 35
9669 26
9672 29
9675 26
9671 32
9677 26
9680 23
9682 23
9667 39
9674 32
9678 29
9673 35
9685 23
9681 32
9687 26
9693 20
9684 32
9694 23
9683 35
9686 32
9701 17
9690 29
9699 20
9676 44
9688 32
9689 32
9665 57
9696 26
9679 44
9692 32
9697 29
9695 32
9704 23
9702 26
9708 20
9703 26
9709 20
9698 32
9670 62
9700 32
9706 26
9707 26
9668 66
9705 29
9715 23
9713 26
9691 49
9714 26
9718 23
9717 26
9712 32
9731 14
9727 20
9716 32
9719 29
9723 26
9728 26
9726 29
9729 29
9738 20
9733 26
9742 17
9725 35
9737 23
9710 52
9730 32
9736 26
9711 53
9722 43
9721 45
9720 48
9734 35
9749 20
9735 35
9741 29
9739 32
9748 23
9753 20
9745 29
9752 23
9744 32
9750 26
9724 53
9751 26
9740 38
9743 35
9756 23
9757 23
9747 35
9755 29
9754 32
9758 29
9770 17
9772 17
9760 32
9763 29
9765 29
9761 35
9732 65
9769 29
9746 53
9764 35
9767 32
9762 38
9768 32
9781 20
9759 43
9779 23
9771 35
9774 32
9789 17
9773 35
9782 26
9783 26
9778 32
9780 32
9792 20
9787 26
9790 26
9785 32
9776 43
9784 35
9797 23
9766 55
9786 35
9795 26
9800 23
9788 37
9799 26
9796 32
9801 29
9804 26
9777 54
9808 23
9812 20
9775 58
9798 35
9802 32
9811 23
9806 29
9794 43
9816 23
9809 32
9807 35
9813 29
9805 38
9810 33
9803 42
9819 26
9814 32
9820 26
9791 56
9815 32
9818 29
9821 26
9817 32
9824 26
9827 23
9825 26
9832 20
9830 23
9829 26
9828 29
9840 17
9826 32
9842 17
9834 26
9822 40
9823 40
9831 32
9837 26
9844 20
9833 33
9843 23
9841 26
9839 29
9847 23
9848 23
9836 38
9854 20
9793 82
9846 29
9835 41
9851 27
9852 26
9855 23
9856 23
9859 23
9850 35
9853 32
9865 20
9857 29
9862 26
9860 29
9866 23
9838 55
9868 26
9863 32
9869 26
9875 20
9867 29
9870 26
9845 52
9871 26
9861 38
9864 35
9872 29
9882 20
9874 29
9877 26
9876 29
9879 26
9849 58
9878 29
9881 26
9884 23
9887 20
9893 20
9891 23
9880 35
9883 32
9889 26
9890 26
9899 17
9894 23
9886 32
9892 29
9858 64
9873 52
9885 40
9896 29
9904 23
9905 23
9897 32
9900 29
9908 23
9903 29
9914 20
9909 26
9898 38
9913 23
9895 43
9906 32
9912 26
9902 38
9917 23
9888 53
9915 26
9907 35
9910 32
9901 42
9918 26
9911 35
9920 28
9922 29
9924 29
9919 35
9925 29
9916 42
9923 35
9929 29
9935 23
9927 32
9928 32
9934 26
9930 32
9937 26
9940 23
9936 29
9939 26
9921 45
9926 41
9938 29
9941 26
9933 35
9942 26
9945 26
9948 23
9943 30
9944 29
9953 20
9946 29
9949 26
9931 47
9955 23
9954 26
9950 32
9957 26
9932 52
9947 40
9958 29
9961 26
9967 20
9956 32
9968 23
9965 29
9951 44
9963 32
9973 23
9977 20
9960 38
9970 29
9959 42
9969 32
9972 29
9975 29
9981 23
9985 20
9974 32
9983 23
9984 23
9952 57
9964 46
9978 32
9990 20
9982 29
9971 42
9976 37
9979 35
9966 49
9980 35
9986 29
9987 29
9995 23
9991 29
9999 23
9988 35
9996 29
9993 34
10001 26
10007 20
10008 20
10003 26
9997 35
10006 29
10018 17
10002 35
9994 44
10012 26
9989 51
10010 32
10013 29
10011 32
10009 35
9962 83
9998 47
10016 29
10022 23
10000 49
10017 32
10019 32
10025 26
10020 32
10021 32
10033 20
10027 29
10004 53
10028 29
10031 26
10023 35
10026 32
10035 23
10036 23
10038 23
10034 29
10029 35
10032 32
10015 50
10037 29
10014 53
10039 29
10042 26
10045 23
10041 29
10048 23
10046 26
10049 23
10051 23
10040 35
10053 23
10056 20
10043 35
10052 26
10055 23
9992 87
10044 35
10060 20
10030 52
10047 38
10064 23
10005 83
10059 29
10068 20
10054 35
10057 32
10063 26
10058 32
10061 29
10067 23
10071 20
10072 20
10050 44
10062 32
10065 29
10074 20
10081 14
10070 26
10069 29
10073 26
10077 23
10075 29
10084 23
10079 29
10091 17
10083 26
10078 32
10082 29
10080 32
10088 26
10095 20
10093 23
10085 32
10094 23
10086 32
10096 23
10076 45
10089 32
10087 35
10098 26
10097 32
10099 38
10066 73
10092 55
10090 65
#9596 1035
#10024 1026
