100 24
101 19
102 23
104 16
103 37
105 20
106 21
107 14
108 20
109 16
110 26
111 22
112 17
113 31
114 30
115 28
116 17
117 30
118 22
119 11
120 27
121 27
122 17
123 23
124 27
125 19
126 14
128 17
127 29
129 25
130 17
131 21
132 14
133 26
134 17
135 16
136 22
137 27
138 25
140 8
139 20
141 35
142 20
143 24
145 18
144 31
146 17
147 30
148 27
149 23
150 14
151 28
152 39
153 34
155 18
154 30
156 20
157 39
158 30
159 20
160 22
161 28
162 20
164 16
163 32
165 20
166 20
167 20
168 20
169 14
170 20
171 20
172 14
173 17
175 17
174 34
176 14
177 14
178 14
179 16
180 14
181 20
182 17
184 20
183 44
185 20
186 23
187 20
188 14
189 23
190 36
192 11
191 42
193 25
194 20
195 20
196 20
197 14
198 23
199 36
200 43
201 37
202 23
203 19
205 14
204 38
206 23
208 11
207 40
209 23
210 19
211 20
212 28
214 17
213 29
215 23
216 11
219 17
217 43
218 32
221 17
220 38
222 26
223 14
224 23
225 17
226 23
227 35
228 20
230 26
229 39
231 23
232 14
233 20
234 14
235 23
236 38
237 35
238 40
239 37
240 27
241 37
242 23
243 17
244 20
245 14
246 14
247 33
248 36
249 23
250 23
251 23
252 26
253 32
254 20
255 20
256 35
258 17
257 42
259 20
260 14
261 20
262 22
263 14
264 17
265 17
266 38
267 38
268 20
269 38
271 17
270 36
272 20
273 17
274 14
275 23
276 23
277 17
278 36
279 33
280 27
281 20
282 32
283 31
285 14
284 35
288 17
286 42
287 33
289 38
291 17
290 30
292 31
293 26
295 23
296 17
294 41
297 11
298 20
299 20
300 20
301 23
302 21
303 20
304 20
305 20
306 18
307 28
308 20
309 23
311 17
310 29
312 20
313 17
314 20
315 20
316 14
317 22
318 17
319 26
320 21
321 24
322 26
323 20
324 17
325 26
326 20
328 14
327 37
329 23
330 36
331 20
332 26
334 20
333 48
335 20
336 26
337 34
338 26
339 38
340 35
341 27
343 11
342 35
344 37
345 29
346 25
347 14
348 23
349 23
350 30
352 14
351 44
353 20
354 36
355 26
356 17
357 14
359 17
358 40
360 23
361 11
362 23
363 14
364 20
365 23
366 17
367 17
369 17
368 35
370 20
371 29
372 23
373 23
374 32
375 23
376 14
377 23
378 20
379 23
380 23
381 17
382 20
383 17
384 32
385 20
386 14
387 20
388 26
389 23
390 29
391 20
392 23
393 20
395 14
394 29
396 23
397 38
398 23
399 29
400 20
401 17
402 22
403 20
404 23
405 14
407 20
406 40
408 38
409 20
410 20
411 20
412 11
413 33
414 20
415 20
416 20
417 20
418 23
419 36
420 30
421 20
422 23
423 17
424 20
425 29
426 26
427 23
428 20
429 20
430 20
431 11
432 23
433 20
434 20
436 17
435 38
437 23
438 26
439 26
440 20
441 20
443 17
442 29
444 20
445 23
446 20
447 25
448 23
449 23
450 37
451 20
452 20
453 36
455 14
454 29
456 20
457 17
458 17
459 35
460 20
461 26
462 28
463 17
464 8
466 8
465 20
467 26
468 20
469 17
470 35
471 23
472 20
473 17
474 33
475 23
476 14
477 22
478 14
479 23
480 26
481 20
483 17
484 17
482 53
485 20
486 23
487 26
488 33
489 20
490 23
491 20
492 17
493 26
494 23
495 17
496 14
497 23
498 23
499 31
501 17
500 32
502 19
503 20
504 17
505 20
506 20
507 17
508 11
509 20
510 17
511 20
512 16
513 17
514 26
515 17
516 17
517 20
518 20
519 33
520 23
521 23
522 23
523 14
524 23
525 23
526 17
527 20
528 20
529 14
530 23
531 30
532 23
533 14
534 20
535 14
536 23
537 23
538 17
539 19
540 29
541 29
542 20
543 17
544 31
545 20
546 23
547 14
548 17
549 20
550 17
551 20
552 23
553 26
554 23
555 17
556 30
558 20
559 17
557 44
560 26
561 26
562 26
563 20
564 17
565 20
566 26
567 23
569 17
568 32
570 23
572 17
571 34
573 29
574 20
575 20
576 14
577 26
578 17
579 14
580 20
581 23
582 26
583 20
584 23
585 38
586 26
587 26
588 24
589 35
590 23
591 26
592 20
593 14
594 20
595 23
596 17
597 26
598 20
599 23
600 14
601 17
602 20
603 29
604 20
605 25
606 26
607 20
609 20
608 47
610 34
611 26
612 20
613 23
614 14
615 26
616 23
617 20
618 29
619 20
620 20
622 17
621 29
624 17
623 29
625 29
626 23
627 17
628 32
629 23
630 26
631 23
632 20
633 23
634 36
635 23
636 29
637 23
638 20
639 23
640 36
641 20
642 23
643 23
644 29
645 20
646 20
647 23
648 20
649 26
650 20
651 17
652 17
653 14
654 20
655 29
656 26
657 23
658 20
659 26
660 23
661 20
662 20
663 20
664 36
665 20
666 34
667 23
668 29
669 20
670 23
671 17
672 23
673 23
674 26
675 43
677 26
676 39
678 26
679 23
680 23
681 29
682 23
683 29
684 20
685 23
686 26
687 20
688 27
689 26
690 17
691 20
692 23
693 20
694 14
695 23
696 26
697 17
698 20
699 20
700 23
701 36
702 20
703 26
705 14
704 31
706 17
707 20
708 14
709 23
710 23
711 26
712 20
713 26
714 25
715 20
716 44
718 26
717 39
719 40
720 36
722 20
721 43
723 23
724 26
725 35
726 23
727 35
728 20
729 20
730 17
731 17
732 26
733 23
734 20
736 17
735 29
737 20
738 17
739 20
740 26
741 23
742 20
743 14
744 20
745 20
746 17
747 17
749 17
748 29
750 20
751 23
752 29
754 23
753 40
757 14
755 41
756 43
758 21
759 34
761 17
760 33
762 34
763 20
764 26
765 20
766 17
767 20
770 17
768 45
772 6
769 54
771 31
773 20
774 20
775 29
776 23
778 17
779 14
777 47
780 20
781 26
782 20
783 23
784 26
785 17
786 20
787 23
788 23
789 26
790 17
791 23
792 23
793 23
794 38
795 26
796 20
797 23
798 34
799 26
800 23
803 14
801 45
802 29
804 26
805 20
806 17
807 17
808 23
809 32
810 23
811 26
812 26
813 20
814 23
815 23
816 14
817 20
818 23
819 23
820 17
821 17
822 17
823 14
824 17
825 29
826 23
828 20
827 53
829 37
830 23
831 17
832 26
833 20
834 23
835 23
836 23
837 23
838 26
839 30
841 14
842 17
840 41
843 17
844 20
846 14
845 40
847 20
848 20
849 38
850 23
851 23
852 20
853 20
854 17
855 23
856 26
857 20
858 26
859 26
861 20
860 41
862 26
863 17
864 20
866 24
865 42
867 20
868 23
869 14
870 26
871 32
872 26
873 20
874 20
875 17
876 23
877 20
878 11
879 17
880 26
881 20
882 23
884 20
885 17
883 43
886 20
887 20
888 26
889 33
890 23
892 26
891 44
893 20
894 32
895 26
896 26
897 26
899 14
898 37
901 20
900 48
902 48
903 29
904 20
905 17
906 20
907 20
908 20
909 14
910 16
911 23
913 16
912 32
914 11
915 20
916 23
917 23
918 23
919 20
920 30
921 20
922 26
923 26
924 26
925 39
926 32
927 26
929 17
928 29
930 26
931 20
932 23
933 14
934 20
935 23
936 24
937 14
940 23
938 57
939 39
941 20
942 37
943 23
944 26
945 23
946 26
947 23
948 17
949 23
950 20
952 23
953 17
951 40
954 37
955 26
956 32
958 26
957 39
960 26
959 45
961 23
962 23
963 26
964 26
965 23
966 17
967 20
968 17
969 20
970 29
971 26
972 23
973 11
974 26
975 26
976 37
977 34
978 23
979 23
980 23
981 26
982 29
983 29
984 20
985 17
987 17
986 32
988 17
989 14
990 23
991 29
992 23
993 29
994 26
995 17
996 20
997 23
998 23
1000 20
1001 26
999 53
1002 26
1003 20
1005 17
1004 34
1006 37
1007 20
1008 26
1009 23
1010 20
1011 23
1012 14
1013 32
1014 38
1015 23
1016 17
1017 20
1018 23
1019 23
1020 32
1021 26
1022 26
1023 23
1024 23
1025 20
1026 14
1027 20
1029 23
1030 17
1028 40
1031 17
1032 26
1033 20
1034 26
1035 20
1036 17
1037 23
1038 20
1039 20
1040 26
1041 20
1042 17
1043 20
1044 26
1045 17
1046 34
1047 23
1048 20
1049 14
1050 17
1051 23
1052 33
1054 17
1053 29
1055 23
1056 26
1057 21
1058 26
1059 23
1061 17
1060 45
1062 20
1063 20
1064 29
1065 23
1067 26
1066 45
1068 29
1070 23
1071 17
1069 46
1072 24
1073 38
1074 20
1075 14
1076 17
1077 26
1078 36
1079 23
1080 23
1081 23
1082 23
1083 14
1084 26
1085 29
1086 23
1087 35
1088 27
1089 17
1091 20
1090 46
1092 23
1093 11
1094 14
1095 17
1096 20
1098 23
1097 42
1099 20
1100 20
1101 26
1102 23
1103 17
1104 26
1106 17
1105 34
1107 26
1108 23
1109 23
1110 20
1111 20
1112 38
1113 23
1114 29
1115 23
1116 17
1117 32
1118 20
1119 20
1120 29
1121 20
1122 17
1123 29
1124 20
1125 23
1126 23
1127 23
1128 26
1129 23
1130 23
1131 17
1132 27
1133 26
1135 23
1134 47
1136 21
1137 26
1138 26
1139 23
1140 23
1141 32
1142 26
1143 23
1144 40
1146 23
1145 46
1147 23
1148 17
1150 23
1151 11
1149 46
1153 14
1154 14
1155 17
1152 49
1156 17
1157 35
1158 20
1160 20
1159 39
1161 26
1162 20
1163 20
1164 26
1165 30
1166 29
1167 26
1168 22
1169 26
1170 20
1171 26
1172 20
1173 17
1174 25
1175 14
1176 26
1177 20
1178 23
1179 22
1180 32
1181 23
1182 20
1183 26
1184 20
1186 17
1185 32
1187 26
1188 20
1189 29
1190 26
1191 23
1192 20
1193 17
1194 23
1195 35
1196 26
1197 26
1198 35
1199 26
1200 29
1201 23
1202 23
1203 20
1204 20
1205 23
1206 23
1207 14
1208 29
1209 20
1210 26
1211 20
1213 17
1212 29
1214 26
1215 29
1216 23
1217 17
1218 26
1219 23
1220 23
1221 23
1222 27
1223 20
1225 17
1224 46
1226 20
1227 23
1228 17
1229 14
1230 17
1231 29
1232 20
1233 20
1234 26
1235 29
1236 23
1237 20
1238 29
1239 20
1240 20
1241 20
1242 20
1243 23
1244 20
1246 17
1245 48
1247 32
1250 26
1248 56
1249 41
1251 23
1252 14
1253 23
1254 20
1255 43
1256 32
1257 20
1258 20
1259 30
1260 36
1261 20
1263 26
1262 46
1265 26
1264 39
1266 23
1268 26
1267 40
1269 26
1270 29
1271 20
1272 29
1273 20
1274 17
1275 26
1276 23
1277 22
1278 32
1279 29
1280 26
1281 36
1282 20
1283 20
1284 23
1285 23
1286 26
1287 20
1288 17
1289 23
1290 32
1292 29
1293 23
1291 60
1294 37
1296 26
1295 52
1297 29
1298 29
1299 38
1300 26
1301 23
1302 23
1303 29
1306 26
1304 50
1305 44
1307 26
1309 14
1308 29
1310 26
1311 23
1312 29
1313 23
1314 17
1315 25
1316 28
1317 20
1318 23
1319 23
1320 29
1322 14
1321 35
1323 14
1324 20
1325 17
1326 23
1327 20
1328 31
1329 31
1330 23
1331 29
1332 36
1333 20
1334 22
1335 26
1336 37
1337 32
1338 36
1340 17
1339 32
1341 17
1342 17
1343 31
1344 26
1345 23
1346 29
1347 20
1348 11
1349 17
1350 48
1351 32
1352 23
1353 26
1355 20
1356 14
1354 48
1357 23
1358 35
1359 37
1360 20
1361 20
1362 25
1364 14
1365 23
1363 52
1367 23
1366 47
1369 17
1368 37
1370 23
1371 32
1372 26
1373 20
1374 26
1375 34
1377 25
1376 39
1379 27
1378 41
1380 23
1381 20
1382 44
1383 32
1384 20
1386 26
1385 40
1387 26
1388 14
1389 17
1390 26
1391 17
1392 26
1393 29
1394 26
1395 23
1396 20
1397 23
1398 32
1399 26
1400 29
1402 17
1401 39
1403 23
1404 20
1405 29
1406 35
1407 23
1408 20
1411 26
1409 55
1410 41
1412 23
1413 38
1414 29
1415 29
1416 46
1417 29
1418 26
1419 23
1420 20
1421 20
1422 23
1423 17
1424 14
1425 25
1426 23
1427 23
1430 14
1428 44
1429 39
1431 29
1432 29
1433 20
1435 17
1434 38
1436 44
1437 32
1438 23
1439 23
1440 26
1441 26
1442 20
1443 20
1444 23
1445 26
1446 32
1447 23
1448 23
1449 17
1450 23
1451 26
1452 26
1454 26
1455 14
1453 40
1456 11
1458 17
1457 32
1460 20
1459 39
1461 33
1462 29
1463 26
1465 26
1466 26
1467 23
1464 61
1469 14
1468 32
1470 26
1471 29
1473 23
1472 43
1475 17
1474 38
1476 29
1477 29
1478 29
1479 23
1480 20
1481 17
1483 20
1482 46
1484 26
1485 23
1486 26
1487 29
1488 23
1489 25
1491 20
1490 46
1492 29
1493 20
1494 31
1496 23
1495 39
1497 26
1498 36
1499 32
1501 26
1500 45
1502 29
1503 40
1504 46
1506 23
1505 42
1507 37
1508 28
1509 32
1510 32
1511 20
1513 23
1512 43
1515 26
1516 26
1514 49
1517 20
1518 26
1519 29
1521 17
1520 44
1522 23
1523 26
1524 26
1526 20
1525 45
1527 26
1528 23
1529 32
1530 20
1531 30
1532 23
1533 23
1535 26
1534 39
1536 37
1538 23
1537 39
1539 20
1540 39
1542 20
1543 23
1541 49
1544 23
1545 20
1546 20
1547 38
1549 20
1548 39
1550 26
1551 26
1552 33
1553 26
1554 20
1555 29
1556 20
1557 37
1558 20
1559 34
1560 29
1561 23
1562 23
1563 27
1565 11
1564 33
1566 29
1567 30
1568 26
1569 20
1570 23
1571 17
1572 29
1573 20
1574 26
1575 20
1577 29
1578 23
1576 49
1579 29
1580 29
1582 26
1581 48
1583 37
1584 52
1585 54
1586 41
1587 33
1588 23
1589 20
1592 17
1590 47
1591 45
1593 20
1594 17
1595 32
1596 26
1597 20
1598 20
1599 20
1600 20
1601 22
1602 29
1604 17
1603 76
1605 50
1606 43
1607 29
1608 42
1610 20
1611 20
1612 22
1609 59
1613 26
1615 24
1616 32
1614 59
1618 21
1617 48
1619 41
1620 65
1621 67
1622 52
1623 43
1625 26
1624 56
1626 29
1627 20
1628 44
1629 32
1630 32
1631 23
1632 20
1633 26
1634 44
1637 28
1636 44
1638 23
1635 63
1640 16
1639 47
1641 20
1642 29
1643 29
1644 42
1647 25
1645 53
1646 50
1649 33
1650 20
1648 54
1651 37
1652 46
1654 44
1656 20
1653 62
1657 29
1658 33
1655 74
1660 26
1661 17
1659 55
1662 22
1663 26
1664 20
1665 29
1667 26
1666 43
1668 53
1669 40
1670 45
1671 38
1672 33
1673 37
1675 20
1674 51
1676 38
1677 37
1679 23
1678 53
1680 31
1681 23
1682 20
1683 23
1684 39
1687 11
1685 48
1686 39
1688 29
1689 23
1690 26
1691 42
1693 26
1692 43
1694 22
1695 29
1696 19
1698 20
1697 43
1700 25
1699 41
1701 23
1702 31
1703 26
1704 23
1706 20
1707 17
1708 17
1705 64
1709 30
1711 14
1710 32
1712 26
1713 35
1714 20
1715 19
1716 27
1717 30
1718 29
1719 20
1720 26
1721 28
1722 20
1723 29
1725 26
1724 46
1726 20
1728 19
1729 25
1727 50
1731 23
1730 47
1732 45
1733 43
1735 23
1734 47
1736 33
1737 34
1739 16
1738 35
1740 29
1741 26
1742 17
1743 29
1744 20
1745 20
1746 23
1747 26
1748 23
1749 23
1750 23
1751 26
1752 28
1753 14
1754 20
1755 29
1756 21
1757 26
1758 32
1759 29
1760 30
1762 14
1761 32
1763 23
1765 20
1766 23
1767 17
1764 49
1768 23
1770 17
1769 30
1771 23
1772 17
1773 47
1774 32
1775 26
1776 23
1777 32
1778 29
1779 33
1780 34
1781 20
1782 20
1783 23
1784 43
1785 38
1786 23
1787 29
1788 26
1789 34
1790 36
1791 32
1792 26
1793 20
1794 21
1795 20
1796 26
1797 20
1798 33
1799 31
1800 28
1801 29
1803 23
1802 39
1804 26
1805 26
1806 26
1807 41
1809 23
1810 26
1808 63
1812 29
1813 23
1811 54
1814 32
1815 26
1816 29
1817 26
1818 20
1820 28
1821 23
1819 53
1822 27
1823 29
1824 20
1825 22
1826 20
1827 35
1829 20
1828 43
1830 29
1833 17
1831 44
1832 31
1834 34
1836 20
1835 42
1837 32
1838 37
1840 29
1842 17
1839 58
1841 29
1843 25
1844 32
1845 23
1846 26
1847 29
1848 20
1850 26
1849 46
1851 28
1852 20
1853 26
1854 23
1855 24
1857 20
1856 47
1858 26
1859 26
1860 20
1861 23
1863 23
1864 28
1862 53
1865 25
1866 42
1868 23
1869 17
1867 47
1870 29
1871 23
1872 26
1873 19
1875 27
1874 48
1877 23
1878 26
1876 54
1879 22
1880 26
1881 26
1882 23
1883 23
1884 23
1885 31
1887 20
1886 45
1889 20
1888 42
1890 29
1893 14
1891 40
1892 34
1894 23
1895 39
1896 37
1897 23
1898 36
1899 41
1900 37
1901 23
1902 26
1903 31
1904 43
1906 26
1905 42
1907 38
1908 29
1909 35
1910 20
1911 23
1913 33
1914 20
1912 58
1915 26
1916 26
1917 26
1919 14
1921 17
1918 65
1922 26
1920 65
1923 34
1924 20
1925 20
1926 58
1928 42
1930 26
1929 42
1933 17
1934 17
1927 96
1932 46
1931 68
1936 17
1935 41
1937 29
1939 25
1938 42
1940 31
1941 37
1942 23
1944 38
1946 11
1945 36
1943 63
1948 23
1947 49
1949 63
1952 29
1950 66
1951 57
1953 38
1954 23
1956 24
1957 17
1955 46
1959 23
1958 45
1960 23
1961 31
1962 33
1963 26
1964 26
1965 38
1966 37
1967 31
1969 11
1970 38
1971 20
1968 67
1972 23
1973 17
1974 28
1975 37
1976 29
1977 26
1978 26
1979 17
1980 23
1982 28
1981 39
1983 20
1985 20
1986 20
1984 56
1987 20
1989 28
1990 23
1988 57
1992 25
1993 26
1991 60
1995 32
1996 20
1997 44
1998 33
1999 23
1994 88
2000 26
2001 26
2002 20
2003 29
2004 23
2005 23
2006 29
2007 23
2008 23
2009 23
2010 27
2011 23
2012 23
2013 38
2014 25
2015 31
2016 37
2017 44
2018 35
2019 26
2020 20
2021 39
2022 32
2024 23
2023 45
2026 30
2027 23
2028 17
2025 62
2029 40
2030 32
2031 32
2034 32
2032 68
2035 36
2033 66
2036 34
2037 20
2039 23
2038 42
2040 22
2041 29
2042 27
2043 33
2044 33
2045 32
2046 33
2049 28
2047 52
2050 31
2052 14
2048 67
2051 30
2053 31
2054 28
2055 26
2056 20
2057 17
2058 26
2059 29
2061 14
2060 31
2062 29
2063 26
2064 26
2065 20
2066 24
2067 19
2068 20
2069 31
2070 32
2071 25
2072 17
2073 25
2074 23
2075 20
2077 23
2076 39
2078 31
2079 20
2081 26
2082 23
2080 56
2083 23
2084 23
2086 16
2085 39
2087 25
2088 26
2089 22
2090 20
2091 32
2092 26
2094 17
2093 32
2095 26
2096 20
2097 20
2098 26
2099 22
2100 23
2101 23
2103 25
2102 51
2104 37
2105 26
2107 17
2106 35
2108 28
2109 29
2110 26
2111 26
2112 17
2113 20
2114 31
2116 26
2115 45
2117 29
2119 23
2118 43
2120 26
2121 26
2122 26
2123 31
2124 20
2125 25
2126 26
2127 20
2128 22
2129 29
2130 28
2131 20
2132 20
2134 28
2133 43
2135 20
2136 22
2137 23
2139 23
2140 26
2138 50
2141 23
2142 17
2143 26
2144 17
2145 23
2146 26
2147 20
2148 23
2150 20
2151 29
2152 26
2149 59
2153 26
2154 27
2155 31
2156 23
2158 19
2157 47
2160 23
2161 20
2159 55
2164 8
2162 44
2163 32
2165 20
2166 29
2167 29
2168 35
2170 26
2169 39
2171 20
2172 38
2173 20
2174 36
2175 37
2176 32
2178 26
2179 24
2177 55
2180 27
2182 14
2183 46
2184 32
2185 29
2181 87
2187 23
2186 45
2188 20
2189 28
2190 48
2191 46
2192 49
2193 40
2194 29
2195 38
2196 28
2197 19
2198 23
2199 32
2200 34
2201 23
2202 20
2203 26
2204 17
2205 26
2206 20
2207 26
2208 26
2209 29
2210 22
2211 23
2212 32
2213 23
2214 26
2215 23
2216 31
2218 35
2219 23
2217 51
2220 28
2221 20
2222 32
2223 22
2224 26
2225 17
2226 26
2227 24
2228 34
2229 20
2230 29
2231 26
2232 17
2233 29
2234 29
2235 26
2236 26
2237 34
2238 19
2239 34
2240 26
2241 17
2242 26
2243 20
2244 29
2246 26
2245 43
2247 23
2248 36
2249 28
2250 25
2251 26
2252 20
2253 20
2254 20
2256 26
2255 42
2257 23
2258 36
2259 22
2260 37
2261 29
2262 29
2263 26
2264 20
2265 26
2266 26
2267 29
2268 25
2269 25
2271 23
2270 47
2272 48
2273 29
2275 26
2274 50
2276 29
2277 32
2279 26
2278 43
2280 29
2283 14
2281 45
2282 32
2284 29
2285 28
2286 29
2287 22
2288 14
2289 26
2290 29
2291 23
2292 37
2293 25
2294 17
2295 38
2296 20
2297 23
2298 20
2299 26
2301 26
2300 48
2302 32
2303 32
2304 26
2305 29
2306 23
2307 26
2308 17
2309 37
2310 22
2311 26
2313 8
2312 27
2314 20
2315 23
2316 23
2317 31
2319 26
2318 43
2320 23
2321 25
2322 17
2323 23
2324 23
2325 26
2326 20
2327 23
2329 17
2328 38
2330 29
2331 21
2332 20
2333 26
2334 17
2335 26
2336 17
2338 17
2337 35
2339 41
2340 29
2341 23
2342 14
2343 30
2344 26
2345 29
2346 26
2347 20
2348 22
2349 29
2350 20
2351 23
2352 17
2353 19
2354 26
2355 29
2356 23
2357 23
2358 29
2359 29
2360 23
2361 26
2362 32
2363 23
2364 29
2365 26
2366 23
2367 26
2368 14
2369 29
2370 20
2371 31
2372 28
2373 28
2374 23
2375 11
2376 23
2377 32
2378 34
2380 32
2379 50
2382 26
2381 40
2383 29
2384 28
2385 32
2386 32
2387 35
2388 32
2389 46
2390 32
2391 31
2392 28
2393 31
2394 23
2395 20
2396 20
2397 28
2398 26
2399 26
2400 29
2401 37
2403 25
2404 17
2402 46
2405 32
2406 23
2407 20
2408 28
2409 26
2410 20
2411 26
2412 19
2413 26
2415 17
2414 32
2416 26
2417 29
2418 23
2419 32
2420 29
2421 32
2422 23
2423 23
2425 28
2424 45
2426 23
2427 17
2428 20
2429 35
2430 26
2431 29
2432 27
2433 39
2434 37
2435 35
2438 14
2436 41
2437 36
2439 29
2440 20
2441 29
2442 26
2443 23
2444 26
2446 20
2445 41
2447 20
2448 34
2449 20
2450 29
2451 29
2452 23
2453 20
2455 20
2454 48
2456 20
2457 41
2458 29
2459 26
2460 29
2461 31
2462 23
2463 17
2464 37
2465 32
2466 20
2467 17
2468 20
2469 23
2470 28
2471 20
2472 25
2473 38
2474 20
2475 32
2476 26
2477 20
2479 14
2481 17
2478 59
2480 45
2482 20
2483 23
2484 23
2485 17
2486 20
2487 20
2488 19
2489 23
2491 26
2492 26
2490 57
2493 33
2494 26
2496 37
2495 52
2497 29
2499 32
2501 14
2498 53
2502 26
2500 52
2504 20
2503 47
2505 28
2506 23
2507 26
2508 11
2509 20
2510 23
2511 23
2512 26
2513 26
2514 29
2515 20
2516 29
2518 26
2519 17
2517 45
2520 23
2521 23
2523 26
2522 47
2524 23
2525 20
2526 23
2527 34
2528 28
2529 26
2530 22
2531 23
2532 29
2533 20
2535 17
2534 32
2536 23
2537 23
2538 23
2539 20
2540 26
2541 26
2542 23
2543 20
2544 29
2545 23
2546 29
2547 20
2548 33
2549 23
2551 15
2550 31
2552 26
2553 26
2554 22
2556 24
2555 45
2557 31
2559 20
2558 39
2560 26
2561 28
2562 26
2563 26
2564 38
2565 29
2566 31
2567 26
2568 20
2569 14
2570 20
2571 32
2572 29
2573 20
2574 28
2575 29
2576 23
2577 23
2578 26
2579 26
2580 26
2581 20
2582 17
2583 32
2584 28
2585 23
2587 26
2586 50
2588 33
2590 23
2589 48
2591 26
2593 23
2592 43
2594 20
2595 20
2596 25
2597 26
2599 23
2598 47
2600 34
2601 23
2602 23
2603 23
2604 41
2607 17
2605 49
2606 45
2608 20
2609 27
2610 38
2611 26
2612 32
2613 29
2614 32
2615 34
2616 26
2617 26
2618 20
2619 29
2620 25
2621 23
2623 17
2624 26
2622 54
2625 29
2626 26
2627 20
2628 26
2629 23
2630 23
2631 29
2632 20
2633 23
2634 22
2635 17
2636 23
2637 23
2638 23
2639 30
2640 26
2641 23
2642 23
2643 26
2644 26
2646 20
2647 14
2645 51
2648 20
2649 32
2650 24
2651 23
2652 31
2653 22
2654 28
2655 20
2656 26
2657 26
2659 17
2658 33
2660 26
2661 33
2663 23
2664 16
2662 53
2665 29
2666 28
2667 23
2669 14
2670 17
2668 44
2671 29
2672 35
2673 26
2674 23
2675 23
2677 14
2676 35
2678 17
2679 23
2680 16
2681 31
2682 35
2683 23
2685 26
2684 53
2687 20
2686 39
2688 25
2689 14
2690 23
2691 31
2692 26
2693 17
2694 26
2696 17
2695 32
2697 23
2698 35
2699 29
2700 23
2702 23
2701 39
2704 26
2703 39
2705 20
2706 26
2707 23
2710 17
2708 44
2711 23
2709 55
2713 20
2712 44
2715 20
2714 43
2716 25
2717 32
2718 37
2719 33
2720 29
2721 29
2722 20
2723 23
2724 23
2725 31
2726 28
2727 35
2728 32
2729 43
2732 17
2730 40
2731 29
2733 29
2734 20
2736 26
2738 36
2739 26
2735 74
2737 56
2741 26
2740 41
2742 20
2743 29
2744 29
2745 32
2746 29
2747 29
2748 23
2749 23
2750 28
2751 23
2752 29
2753 26
2754 23
2755 13
2756 26
2757 26
2758 38
2759 35
2760 20
2761 26
2762 23
2763 36
2764 20
2765 32
2766 23
2767 20
2768 20
2769 26
2770 26
2771 23
2772 45
2773 55
2774 40
2775 29
2776 37
2778 22
2777 50
2780 28
2779 46
2781 26
2782 26
2783 20
2786 23
2784 56
2787 26
2785 58
2788 22
2789 26
2790 35
2791 28
2792 20
2793 17
2795 20
2796 17
2794 58
2797 23
2798 23
2799 26
2800 25
2802 14
2801 44
2804 17
2803 32
2805 46
2807 23
2806 40
2808 31
2809 33
2811 23
2810 44
2813 23
2814 27
2812 53
2815 23
2817 20
2818 23
2819 26
2816 72
2820 35
2821 26
2822 29
2823 28
2824 26
2825 23
2826 25
2827 29
2828 26
2829 26
2830 23
2831 29
2832 29
2833 25
2834 20
2835 26
2836 26
2837 26
2838 17
2839 17
2840 23
2841 23
2842 35
2843 20
2844 32
2845 33
2846 28
2847 25
2848 39
2849 40
2850 29
2852 26
2851 40
2853 23
2854 29
2855 26
2856 29
2857 28
2858 23
2859 26
2860 29
2861 20
2862 29
2863 20
2864 34
2866 23
2865 41
2867 26
2868 34
2869 29
2870 26
2871 20
2872 23
2873 20
2874 23
2875 17
2876 31
2877 29
2878 20
2879 32
2880 34
2881 23
2882 29
2883 23
2884 26
2885 20
2886 26
2887 14
2888 20
2889 26
2890 26
2891 38
2892 26
2893 39
2895 26
2894 41
2896 36
2897 26
2898 23
2899 26
2900 23
2901 20
2902 32
2903 20
2904 29
2905 26
2906 26
2907 31
2908 23
2909 29
2910 32
2911 29
2912 23
2913 32
2914 20
2915 17
2916 26
2918 26
2919 17
2917 39
2920 23
2921 31
2922 20
2923 23
2924 25
2926 17
2925 37
2927 17
2928 29
2929 32
2930 20
2931 37
2933 28
2934 20
2932 51
2935 41
2936 41
2937 29
2938 23
2939 31
2940 22
2942 23
2941 50
2944 23
2943 47
2945 28
2946 34
2947 23
2950 17
2948 39
2949 32
2951 25
2952 29
2953 25
2954 38
2955 20
2956 29
2959 17
2958 40
2957 61
2960 29
2961 26
2962 46
2963 34
2964 26
2965 20
2967 28
2968 23
2966 53
2969 31
2970 26
2971 29
2972 27
2973 23
2974 20
2975 26
2976 23
2977 20
2978 26
2979 32
2980 45
2981 29
2982 28
2985 26
2983 51
2987 17
2984 50
2986 29
2988 26
2989 23
2990 17
2991 30
2992 20
2993 26
2995 22
2996 22
2997 31
2998 29
2994 86
3000 33
2999 56
3001 31
3002 29
3003 31
3004 23
3005 17
3006 34
3007 29
3008 32
3010 17
3011 20
3009 49
3012 23
3013 28
3014 17
3015 20
3016 26
3017 29
3018 26
3019 14
3020 23
3021 23
3023 26
3024 33
3025 28
3022 59
3026 26
3027 17
3028 20
3029 20
3030 26
3031 32
3032 32
3033 36
3034 23
3035 29
3036 34
3037 20
3038 28
3039 26
3040 32
3041 37
3042 26
3043 26
3044 26
3045 26
3046 20
3047 17
3048 32
3049 41
3050 29
3051 29
3052 23
3053 35
3054 23
3055 26
3056 29
3057 23
3058 32
3059 35
3060 23
3061 22
3062 35
3063 20
3064 17
3065 26
3066 28
3067 26
3068 26
3069 21
3070 32
3071 23
3072 20
3073 24
3074 32
3075 29
3076 30
3077 23
3078 26
3079 20
3080 23
3081 32
3082 26
3084 20
3085 23
3086 17
3083 51
3087 21
3089 33
3090 22
3088 50
3091 26
3092 28
3093 23
3094 26
3095 35
3096 29
3097 23
3098 20
3099 20
3100 20
3101 29
3102 20
3103 14
3104 20
3105 20
3106 22
3107 35
3108 26
3109 23
3112 26
3110 49
3114 14
3111 53
3113 35
3115 23
3116 29
3117 23
3118 20
3119 26
3120 26
3121 23
3122 26
3123 32
3124 36
3125 23
3126 28
3127 35
3129 26
3130 20
3128 53
3131 23
3133 23
3134 17
3132 60
3135 36
3136 28
3137 26
3138 26
3139 32
3140 46
3142 34
3144 17
3141 58
3143 29
3146 23
3145 51
3148 20
3147 58
3149 37
3150 23
3152 23
3151 40
3153 33
3154 22
3155 20
3156 26
3157 25
3158 23
3160 34
3161 28
3159 60
3162 45
3163 29
3164 28
3166 26
3165 39
3167 32
3168 29
3169 26
3170 20
3171 29
3172 26
3173 23
3174 35
3175 29
3176 23
3177 29
3178 26
3179 25
3180 23
3181 24
3182 26
3183 39
3185 25
3184 48
3187 31
3188 40
3190 26
3186 70
3191 26
3189 50
3192 26
3193 17
3194 23
3195 23
3196 38
3197 36
3198 31
3199 20
3200 32
3201 36
3202 29
3203 41
3204 34
3206 14
3205 32
3207 23
3208 23
3209 23
3211 17
3210 29
3213 23
3212 42
3214 26
3215 26
3216 23
3217 17
3218 23
3219 20
3220 40
3221 32
3222 37
3223 32
3224 20
3225 17
3226 26
3227 20
3228 21
3229 23
3230 26
3231 23
3232 26
3233 34
3234 26
3235 23
3236 27
3237 23
3238 26
3239 25
3240 24
3241 20
3242 23
3243 26
3244 32
3245 20
3246 26
3247 20
3248 20
3249 24
3250 23
3251 23
3252 23
3253 32
3255 17
3254 33
3256 23
3257 34
3258 23
3259 22
3260 17
3261 29
3262 23
3263 35
3264 26
3265 19
3266 23
3267 41
3268 33
3269 23
3270 11
3271 35
3272 23
3273 20
3274 26
3275 32
3276 29
3277 29
3278 24
3279 29
3280 35
3281 35
3282 23
3283 22
3284 22
3285 28
3286 37
3288 27
3287 42
3289 29
3291 32
3292 22
3290 50
3293 19
3294 23
3295 23
3296 29
3297 32
3298 23
3299 31
3300 26
3301 30
3302 23
3304 23
3303 55
3306 26
3308 19
3305 60
3307 48
3309 28
3310 32
3312 26
3311 47
3313 32
3314 26
3316 14
3315 43
3317 40
3318 40
3319 32
3321 20
3322 29
3323 38
3324 25
3320 69
3325 26
3327 26
3326 40
3329 17
3328 31
3330 23
3331 23
3332 26
3333 23
3334 30
3335 22
3336 25
3337 29
3338 42
3339 29
3340 26
3341 28
3342 23
3343 23
3344 26
3345 32
3346 20
3347 28
3348 35
3349 23
3351 34
3350 58
3353 26
3352 48
3354 40
3355 29
3356 26
3357 20
3359 25
3358 45
3360 23
3361 22
3362 32
3363 32
3364 19
3365 28
3366 38
3367 31
3368 29
3370 11
3369 46
3371 29
3373 28
3374 23
3375 14
3372 77
3376 35
3377 45
3378 29
3379 23
3381 26
3380 57
3382 29
3383 29
3384 20
3385 20
3387 26
3386 57
3388 38
3390 23
3389 48
3392 20
3391 46
3395 15
3393 43
3394 42
3397 26
3398 23
3396 51
3399 28
3400 16
3401 32
3402 38
3404 26
3403 47
3405 23
3406 26
3407 26
3408 32
3409 44
3411 32
3410 56
3413 29
3414 28
3412 56
3415 29
3416 28
3417 23
3418 25
3420 23
3421 26
3419 54
3423 25
3424 26
3422 62
3425 38
3427 22
3426 41
3428 32
3429 22
3431 27
3432 24
3430 51
3433 32
3434 29
3435 29
3436 23
3438 19
3437 43
3439 29
3440 29
3442 28
3441 47
3443 31
3444 31
3445 29
3446 55
3447 53
3450 20
3448 51
3451 23
3449 53
3453 23
3454 28
3452 56
3455 20
3456 23
3457 17
3458 26
3459 40
3460 35
3461 31
3462 26
3463 31
3464 20
3465 23
3466 38
3467 26
3469 23
3470 17
3468 39
3471 34
3472 20
3474 28
3473 54
3475 31
3476 35
3478 26
3479 26
3477 52
3480 20
3483 23
3481 49
3482 41
3484 23
3485 23
3486 32
3487 29
3488 29
3489 26
3490 23
3493 8
3491 36
3492 40
3495 26
3494 54
3496 33
3497 23
3498 22
3500 23
3499 41
3501 27
3502 31
3503 22
3504 32
3506 34
3505 54
3508 23
3507 42
3509 35
3510 27
3512 28
3511 39
3513 32
3514 41
3515 34
3517 17
3516 29
3520 23
3518 57
3521 41
3524 16
3522 42
3523 30
3519 79
3526 24
3525 52
3528 29
3529 23
3530 23
3527 78
3531 34
3533 36
3534 26
3535 14
3532 52
3536 32
3538 26
3537 53
3540 31
3541 26
3542 20
3543 23
3539 72
3544 25
3545 20
3546 39
3547 37
3548 26
3549 29
3550 19
3551 29
3552 23
3553 28
3554 29
3555 26
3556 17
3557 28
3558 23
3559 31
3561 20
3560 47
3562 35
3563 33
3564 32
3565 23
3566 38
3567 19
3569 26
3568 39
3571 22
3570 46
3572 23
3573 19
3574 22
3575 28
3576 33
3577 29
3578 22
3579 26
3580 20
3581 11
3582 26
3583 17
3584 33
3585 23
3587 26
3586 45
3588 26
3589 23
3590 32
3591 20
3592 32
3593 33
3594 20
3595 25
3596 17
3597 33
3598 31
3599 20
3600 37
3601 20
3602 41
3604 23
3603 43
3605 20
3606 26
3607 32
3608 20
3609 23
3610 20
3611 29
3612 25
3613 26
3614 32
3615 19
3616 20
3617 29
3618 29
3619 28
3620 29
3622 26
3623 17
3621 44
3625 20
3624 41
3626 23
3627 20
3628 23
3629 26
3630 29
3631 20
3632 20
3633 47
3634 29
3635 20
3636 29
3637 29
3638 23
3639 22
3641 23
3640 41
3643 20
3642 45
3644 21
3645 29
3646 26
3647 33
3648 26
3649 28
3650 26
3651 26
3652 20
3653 20
3654 23
3656 33
3657 46
3658 31
3655 69
3660 27
3661 28
3659 49
3662 25
3663 23
3664 30
3665 26
3666 26
3667 23
3669 23
3670 20
3668 52
3671 26
3672 26
3673 29
3674 32
3675 26
3676 32
3677 20
3678 20
3679 14
3680 35
3683 22
3681 53
3682 41
3684 26
3685 35
3686 23
3687 23
3688 36
3689 32
3690 23
3691 23
3692 33
3693 45
3694 29
3695 29
3696 27
3697 27
3698 32
3699 26
3702 26
3700 59
3701 57
3704 20
3703 49
3705 43
3706 29
3707 31
3708 26
3709 36
3710 30
3711 34
3712 25
3713 29
3714 29
3716 20
3715 41
3717 22
3718 53
3719 40
3720 29
3721 23
3722 22
3723 29
3725 23
3724 41
3726 26
3727 26
3728 29
3730 22
3729 44
3731 34
3732 29
3734 23
3733 39
3735 26
3736 20
3737 23
3738 27
3739 29
3740 25
3741 32
3742 42
3743 29
3744 26
3745 37
3746 35
3747 26
3748 14
3749 32
3750 29
3751 29
3752 20
3753 36
3754 29
3755 20
3756 34
3757 25
3760 26
3758 49
3761 26
3763 20
3759 76
3764 34
3765 23
3762 61
3766 29
3767 36
3768 33
3769 27
3770 26
3771 29
3772 43
3773 29
3774 23
3775 37
3776 23
3777 20
3778 23
3779 31
3782 23
3780 53
3781 43
3783 23
3785 14
3784 35
3787 20
3786 50
3788 31
3789 26
3790 32
3791 19
3792 26
3793 20
3794 23
3795 31
3796 20
3798 20
3797 42
3799 20
3800 29
3801 23
3802 23
3803 28
3804 17
3805 25
3806 29
3807 23
3808 29
3809 33
3810 33
3812 32
3813 26
3814 25
3815 26
3811 71
3816 26
3817 47
3818 32
3819 26
3820 17
3821 20
3822 20
3823 14
3825 23
3824 45
3826 28
3827 31
3828 26
3829 30
3830 23
3831 29
3832 23
3833 31
3834 45
3837 17
3835 43
3836 32
3838 23
3839 17
3840 25
3841 23
3842 23
3843 20
3844 26
3845 17
3846 26
3847 30
3848 37
3849 32
3850 26
3851 17
3852 34
3853 23
3854 28
3856 16
3855 32
3857 29
3858 32
3859 23
3861 29
3862 20
3860 53
3863 20
3864 17
3865 22
3866 26
3867 17
3868 26
3870 25
3871 23
3869 49
3872 45
3873 29
3875 20
3876 20
3874 54
3877 24
3879 14
3878 32
3880 32
3881 35
3882 23
3883 30
3884 20
3887 29
3885 68
3888 31
3886 59
3889 36
3890 22
3891 25
3892 26
3893 23
3895 17
3894 30
3896 30
3897 26
3898 29
3899 32
3900 31
3901 25
3902 34
3903 26
3904 23
3905 26
3906 29
3907 30
3908 27
3909 26
3910 20
3911 22
3912 20
3914 23
3913 39
3915 29
3916 26
3917 32
3918 26
3919 17
3920 23
3921 23
3922 26
3923 26
3924 26
3925 28
3927 25
3926 47
3928 22
3931 17
3929 42
3930 31
3932 34
3933 29
3934 30
3935 35
3936 26
3937 26
3938 26
3939 22
3940 24
3941 20
3942 29
3943 20
3944 32
3945 24
3946 19
3947 23
3948 26
3949 39
3950 32
3952 26
3951 44
3953 34
3954 23
3955 20
3956 29
3957 26
3958 35
3959 23
3960 36
3961 20
3962 35
3963 29
3964 23
3965 29
3966 26
3967 35
3968 29
3969 37
3970 27
3971 26
3972 25
3973 29
3974 40
3976 26
3975 39
3977 26
3978 23
3979 20
3980 26
3981 26
3982 29
3983 29
3986 28
3984 65
3985 50
3987 32
3988 26
3989 37
3990 32
3991 23
3992 33
3993 28
3994 23
3996 14
3995 36
3997 34
3998 23
3999 25
4000 20
4001 20
4002 30
4003 32
4004 28
4006 14
4005 29
4007 19
4009 23
4008 46
4010 34
4011 45
4012 35
4014 26
4013 41
4015 47
4016 48
4017 32
4018 30
4019 42
4020 43
4022 25
4023 23
4021 59
4024 29
4025 29
4027 17
4026 32
4028 23
4029 31
4030 31
4031 29
4032 28
4033 23
4035 29
4036 26
4034 51
4037 37
4039 25
4040 26
4041 37
4042 32
4043 28
4038 81
4044 26
4045 37
4046 26
4047 23
4048 16
4049 20
4050 33
4051 26
4052 29
4053 36
4054 26
4055 26
4056 35
4058 26
4057 41
4059 23
4060 29
4061 39
4062 32
4063 31
4064 20
4065 23
4066 35
4067 20
4069 25
4070 25
4068 57
4071 26
4072 26
4073 26
4074 26
4075 20
4076 26
4077 20
4078 28
4079 35
4080 29
4082 28
4081 44
4083 25
4084 29
4086 12
4085 38
4087 23
4089 21
4088 52
4090 29
4091 26
4092 26
4093 38
4094 47
4096 23
4095 42
4097 29
4098 23
4099 25
4100 27
4102 28
4101 39
4103 45
4105 19
4106 25
4104 55
4107 23
4108 23
4109 36
4110 26
4111 26
4112 20
4113 47
4114 29
4115 26
4116 32
4117 20
4118 23
4119 29
4120 36
4121 29
4122 34
4123 20
4124 20
4125 20
4126 26
4127 26
4128 26
4129 29
4130 31
4131 29
4132 23
4133 31
4135 23
4134 40
4136 32
4138 29
4139 20
4137 66
4140 37
4141 20
4142 38
4143 32
4144 33
4145 23
4146 23
4147 23
4148 41
4149 29
4150 24
4151 30
4153 23
4152 44
4154 26
4155 29
4156 28
4157 32
4159 23
4160 26
4158 55
4161 32
4162 28
4163 38
4166 20
4164 58
4165 44
4167 26
4168 23
4169 25
4170 22
4171 26
4172 41
4174 27
4173 43
4175 29
4176 26
4177 29
4178 29
4179 22
4180 43
4181 29
4182 26
4183 26
4184 35
4185 32
4186 29
4187 38
4188 36
4189 29
4190 25
4191 36
4192 26
4193 20
4194 32
4195 23
4197 17
4196 31
4199 23
4200 17
4198 65
4202 21
4201 44
4203 29
4204 46
4205 40
4206 38
4207 29
4208 26
4209 48
4211 29
4212 26
4210 56
4213 20
4214 23
4216 23
4217 23
4215 49
4218 26
4219 13
4220 26
4221 34
4222 26
4223 28
4224 23
4225 20
4226 25
4227 23
4228 40
4230 19
4229 48
4231 26
4232 39
4233 31
4234 23
4235 26
4236 29
4237 31
4238 36
4239 35
4240 20
4241 20
4242 37
4243 24
4244 23
4245 23
4246 32
4247 32
4248 23
4249 20
4250 29
4252 31
4253 20
4251 52
4254 48
4255 29
4256 29
4257 34
4258 29
4259 29
4260 26
4261 26
4262 26
4263 38
4264 20
4265 26
4267 26
4266 40
4268 34
4269 32
4270 33
4271 24
4272 20
4273 20
4274 17
4275 26
4276 32
4277 25
4278 22
4279 26
4280 23
4281 29
4282 31
4283 29
4284 20
4285 20
4286 28
4287 25
4288 25
4289 17
4290 22
4291 23
4292 29
4293 23
4294 17
4295 41
4296 31
4297 23
4298 17
4299 26
4300 23
4301 35
4302 32
4303 27
4304 20
4305 35
4306 29
4307 39
4308 29
4309 23
4310 47
4312 26
4311 42
4313 20
4314 26
4315 17
4316 17
4317 32
4318 26
4319 23
4320 37
4321 29
4322 29
4323 23
4324 23
4325 23
4326 28
4327 38
4328 29
4331 17
4329 42
4330 32
4332 26
4333 23
4334 30
4335 25
4336 31
4337 32
4338 31
4339 31
4341 20
4340 42
4343 23
4342 46
4344 25
4345 32
4346 33
4347 33
4348 26
4349 25
4350 31
4351 29
4352 23
4353 29
4354 32
4355 34
4356 29
4357 21
4358 27
4360 26
4359 44
4361 22
4362 29
4363 30
4364 24
4365 23
4366 29
4367 32
4368 26
4369 20
4370 34
4371 27
4372 26
4373 28
4374 25
4375 33
4376 26
4377 28
4378 24
4380 22
4381 23
4379 51
4382 30
4383 39
4384 35
4385 29
4387 26
4388 26
4386 51
4389 32
4390 22
4391 29
4392 35
4393 25
4394 23
4395 26
4396 23
4397 22
4398 32
4399 25
4400 35
4401 19
4402 29
4403 23
4404 23
4405 32
4406 29
4407 32
4408 22
4409 17
4410 31
4411 35
4412 26
4413 28
4414 29
4415 23
4416 28
4417 17
4418 29
4419 26
4420 31
4421 32
4424 14
4422 42
4425 22
4423 51
4428 16
4427 32
4426 52
4431 17
4430 43
4429 61
4432 36
4433 26
4434 26
4435 26
4436 29
4437 27
4438 31
4439 44
4440 29
4441 20
4442 17
4443 23
4444 41
4446 27
4447 30
4448 23
4445 64
4449 35
4450 23
4451 26
4452 22
4453 29
4454 43
4456 26
4455 49
4459 28
4457 50
4458 52
4460 35
4461 26
4462 23
4463 23
4464 26
4466 17
4465 32
4467 29
4468 29
4469 23
4470 25
4471 29
4472 23
4473 36
4474 32
4475 30
4476 41
4477 38
4478 29
4479 29
4480 29
4481 23
4482 23
4483 38
4484 23
4485 25
4486 29
4487 23
4488 29
4489 49
4491 38
4492 26
4490 52
4493 25
4494 26
4495 26
4496 29
4497 32
4498 31
4500 16
4499 39
4502 17
4501 34
4503 26
4504 31
4506 23
4507 26
4505 49
4508 29
4509 22
4510 26
4511 32
4512 23
4513 23
4514 20
4515 47
4516 29
4517 33
4518 20
4519 26
4520 32
4521 25
4523 28
4522 44
4524 26
4525 29
4526 26
4527 14
4530 20
4528 51
4529 45
4531 22
4532 32
4533 38
4534 23
4536 31
4537 26
4535 51
4539 26
4540 23
4538 56
4541 29
4542 53
4543 39
4544 29
4545 38
4546 38
4547 22
4548 31
4549 23
4550 26
4551 29
4552 46
4554 29
4555 26
4553 60
4557 21
4556 41
4558 34
4559 44
4560 32
4561 45
4562 40
4563 47
4564 37
4565 32
4566 25
4567 20
4568 34
4569 35
4570 38
4571 29
4572 26
4573 24
4575 23
4574 54
4576 38
4577 32
4578 32
4579 22
4580 28
4581 16
4582 37
4583 34
4584 26
4585 35
4586 23
4587 29
4588 32
4589 26
4590 23
4591 23
4592 31
4593 29
4595 26
4596 23
4597 32
4598 25
4594 70
4599 26
4600 26
4601 20
4602 23
4603 35
4604 37
4606 34
4607 23
4605 58
4608 23
4609 23
4610 35
4612 22
4611 43
4613 28
4615 20
4614 42
4618 20
4616 59
4617 49
4620 29
4621 23
4619 57
4622 34
4623 28
4624 38
4625 29
4626 23
4627 28
4628 20
4630 28
4629 39
4631 20
4632 26
4633 31
4634 26
4635 32
4636 26
4637 26
4638 26
4639 23
4640 26
4641 33
4642 22
4643 20
4644 29
4645 20
4646 37
4647 26
4648 27
4649 26
4650 22
4651 28
4652 25
4653 29
4654 30
4655 26
4656 28
4658 17
4657 35
4659 32
4660 26
4661 19
4662 23
4663 41
4664 34
4665 23
4666 23
4667 26
4668 20
4669 48
4670 36
4671 26
4673 22
4672 39
4674 32
4676 25
4675 42
4677 25
4679 25
4678 49
4680 35
4681 32
4683 23
4684 26
4682 56
4685 23
4686 23
4687 22
4688 29
4689 29
4691 28
4690 49
4692 29
4693 23
4694 26
4697 17
4695 46
4696 32
4698 37
4699 30
4700 32
4701 29
4702 20
4703 43
4704 35
4705 47
4706 29
4707 26
4708 32
4709 37
4710 35
4711 26
4712 35
4713 23
4714 27
4715 17
4716 23
4717 20
4718 21
4719 33
4720 26
4721 20
4722 29
4723 30
4724 24
4725 31
4726 42
4727 29
4728 39
4729 32
4731 31
4732 20
4730 49
4733 42
4734 32
4735 24
4736 20
4737 29
4738 28
4739 26
4741 28
4740 50
4743 26
4744 17
4742 43
4745 31
4746 20
4747 35
4748 30
4749 31
4750 29
4751 37
4752 29
4753 26
4754 32
4755 23
4756 30
4757 25
4758 29
4759 26
4760 23
4762 14
4761 35
4763 26
4764 27
4765 20
4766 23
4767 35
4768 28
4769 20
4770 23
4771 28
4772 44
4773 29
4774 32
4775 37
4776 29
4777 42
4778 32
4779 32
4780 23
4781 17
4782 33
4783 34
4784 20
4785 29
4786 23
4787 38
4789 26
4788 42
4790 31
4791 29
4792 28
4793 26
4794 29
4795 28
4796 25
4797 24
4798 30
4799 19
4800 31
4801 29
4802 29
4803 34
4804 26
4805 23
4806 28
4807 26
4808 23
4809 28
4810 29
4811 23
4812 28
4813 23
4814 29
4816 33
4815 56
4818 26
4817 40
4819 27
4820 17
4822 26
4823 26
4825 27
4821 75
4826 26
4824 57
4827 33
4828 23
4829 23
4830 23
4831 29
4832 33
4833 36
4834 26
4835 20
4836 23
4838 29
4839 27
4837 49
4840 29
4841 41
4842 37
4844 17
4843 29
4845 36
4846 23
4847 37
4848 23
4849 31
4850 26
4851 54
4853 29
4854 24
4855 26
4856 24
4857 23
4852 86
4858 23
4859 28
4860 19
4861 25
4862 31
4863 29
4864 38
4865 23
4866 31
4867 26
4868 41
4869 35
4870 26
4871 27
4872 29
4873 32
4874 35
4875 34
4876 29
4877 19
4879 26
4878 46
4880 28
4881 33
4882 35
4883 23
4884 22
4885 23
4886 23
4887 17
4888 32
4889 29
4890 26
4891 23
4892 27
4894 27
4893 42
4895 26
4897 26
4896 47
4898 38
4899 37
4900 34
4901 20
4902 36
4904 26
4905 14
4903 40
4907 24
4906 46
4908 26
4910 20
4911 26
4912 29
4913 23
4909 75
4914 33
4915 29
4916 25
4917 34
4918 25
4919 20
4920 35
4921 23
4922 32
4923 45
4924 36
4925 26
4926 38
4927 30
4928 33
4929 26
4931 29
4932 28
4933 23
4930 68
4934 29
4935 25
4936 26
4937 22
4940 14
4939 29
4941 23
4942 17
4938 63
4943 57
4945 35
4946 41
4947 34
4948 28
4944 73
4949 31
4950 23
4952 36
4951 50
4955 23
4953 52
4954 39
4956 26
4957 26
4958 26
4959 36
4960 38
4961 26
4962 45
4964 22
4963 46
4965 34
4966 26
4967 26
4968 20
4969 47
4970 29
4971 19
4972 23
4973 28
4974 19
4975 26
4976 26
4977 37
4978 36
4980 25
4981 12
4979 49
4982 29
4984 35
4983 52
4985 35
4987 20
4986 48
4988 23
4989 28
4991 14
4990 29
4992 31
4993 26
4994 23
4995 30
4996 20
4997 29
4998 44
4999 32
5001 20
5000 40
5002 40
5003 37
5004 31
5005 29
5006 26
5007 23
5008 35
5009 29
5010 33
5011 35
5012 33
5013 26
5015 48
5016 38
5014 68
5017 35
5019 17
5018 45
5020 23
5021 20
5022 35
5024 20
5023 42
5025 43
5026 31
5027 25
5028 30
5029 31
5030 34
5031 29
5032 29
5033 19
5034 29
5035 29
5036 28
5037 35
5038 48
5040 23
5039 44
5041 22
5042 25
5043 26
5045 26
5044 41
5046 25
5047 23
5048 26
5050 17
5049 31
5051 20
5053 28
5052 58
5054 29
5055 31
5056 38
5057 26
5058 22
5060 35
5059 54
5061 32
5062 27
5063 23
5064 28
5065 26
5066 22
5067 32
5068 23
5069 30
5071 28
5070 44
5072 23
5073 17
5074 23
5075 36
5076 29
5078 20
5077 43
5079 31
5080 20
5081 38
5083 17
5082 34
5084 35
5085 20
5086 26
5087 28
5088 23
5089 32
5090 26
5091 26
5092 26
5093 24
5094 26
5095 31
5096 28
5097 21
5098 45
5099 29
5100 26
5101 32
5102 23
5103 30
5104 42
5105 38
5106 20
5107 36
5108 25
5109 26
5110 14
5111 25
5112 30
5113 31
5114 27
5115 23
5116 26
5117 32
5119 23
5118 53
5120 32
5122 28
5121 51
5123 33
5124 44
5125 37
5127 26
5126 44
5128 23
5129 19
5130 22
5131 26
5132 20
5133 26
5134 23
5135 20
5136 28
5138 26
5139 23
5137 51
5140 30
5142 23
5141 57
5143 30
5144 35
5146 14
5145 30
5147 37
5149 17
5148 29
5150 22
5151 23
5152 26
5153 23
5154 37
5155 31
5156 37
5157 29
5158 26
5160 23
5159 42
5161 25
5162 16
5163 48
5165 26
5164 47
5166 31
5167 20
5168 28
5169 35
5170 22
5171 26
5172 26
5173 32
5176 26
5174 53
5175 48
5177 29
5178 22
5179 24
5181 17
5180 29
5182 26
5183 34
5184 23
5185 20
5186 17
5187 23
5188 29
5189 23
5191 17
5190 48
5192 28
5193 35
5194 33
5195 35
5196 32
5198 17
5197 34
5199 29
5200 42
5201 29
5203 29
5204 23
5202 50
5205 26
5206 32
5207 33
5208 29
5209 23
5210 29
5211 22
5212 31
5213 20
5214 34
5215 35
5216 23
5217 32
5218 23
5219 29
5220 20
5221 23
5222 23
5223 29
5224 43
5225 36
5227 24
5228 26
5229 20
5230 20
5226 70
5232 25
5233 34
5234 26
5231 67
5235 31
5236 29
5237 35
5238 19
5239 32
5240 35
5241 29
5242 29
5243 35
5244 23
5245 31
5246 23
5247 29
5248 37
5249 26
5251 23
5250 60
5254 22
5252 53
5253 48
5255 22
5256 23
5257 25
5258 25
5259 31
5260 33
5261 32
5262 30
5263 26
5264 28
5265 31
5266 32
5267 26
5268 33
5269 32
5270 35
5271 25
5272 29
5273 31
5274 29
5276 23
5275 47
5277 26
5278 26
5279 17
5280 26
5281 23
5282 32
5283 28
5284 29
5286 17
5285 35
5287 26
5288 19
5289 23
5290 35
5291 23
5292 27
5294 26
5293 45
5295 29
5296 32
5297 20
5298 23
5299 17
5300 28
5301 29
5302 24
5303 31
5304 32
5305 20
5306 22
5307 35
5308 23
5309 29
5310 36
5311 41
5312 29
5313 48
5314 31
5316 29
5315 49
5317 30
5318 48
5319 32
5321 20
5322 31
5323 23
5320 59
5324 28
5325 26
5326 28
5327 32
5328 37
5329 26
5330 23
5331 23
5332 26
5333 41
5334 29
5335 26
5336 29
5337 26
5339 26
5338 43
5340 19
5343 17
5342 35
5341 49
5344 32
5345 29
5346 26
5349 14
5347 46
5348 32
5350 32
5352 25
5351 48
5353 37
5355 29
5356 26
5354 52
5357 29
5358 26
5359 23
5360 23
5361 42
5363 26
5362 41
5364 32
5365 28
5366 20
5367 23
5369 14
5368 30
5370 23
5371 26
5372 29
5373 29
5374 29
5375 22
5376 23
5377 23
5378 27
5379 34
5380 31
5381 23
5382 27
5383 20
5384 23
5385 29
5386 29
5388 17
5387 34
5390 23
5389 39
5391 28
5392 34
5393 32
5394 20
5395 30
5396 21
5397 20
5398 26
5399 20
5400 30
5401 31
5402 29
5403 26
5404 11
5405 29
5406 26
5407 14
5408 21
5409 29
5411 17
5410 38
5412 26
5413 17
5414 17
5415 30
5416 23
5417 37
5418 28
5419 32
5420 31
5421 29
5422 23
5423 28
5424 19
5425 23
5426 31
5427 26
5428 26
5429 26
5430 31
5431 26
5432 20
5433 29
5434 20
5435 26
5437 26
5436 41
5438 26
5440 25
5439 47
5441 28
5442 23
5443 23
5444 47
5445 46
5446 42
5447 31
5449 20
5448 43
5450 25
5452 23
5451 46
5455 17
5453 47
5454 41
5458 17
5456 45
5457 49
5459 37
5460 25
5461 23
5463 17
5462 40
5464 33
5466 28
5467 26
5465 50
5468 26
5469 32
5472 13
5470 39
5471 31
5473 23
5474 25
5475 38
5476 32
5477 23
5478 19
5479 21
5481 29
5482 23
5483 26
5480 59
5484 25
5485 32
5486 41
5487 31
5488 29
5489 33
5491 20
5490 46
5492 26
5493 30
5494 29
5495 42
5496 37
5497 20
5498 29
5499 38
5500 23
5503 17
5502 33
5504 25
5501 72
5505 35
5506 31
5507 31
5509 20
5508 47
5510 35
5512 17
5511 32
5513 34
5514 23
5515 26
5516 28
5517 22
5518 33
5519 29
5520 27
5521 26
5522 29
5523 32
5524 22
5525 39
5527 33
5526 54
5528 29
5529 24
5530 36
5531 32
5533 36
5534 25
5532 49
5535 23
5536 42
5538 32
5539 26
5537 57
5540 26
5541 28
5542 26
5543 23
5544 23
5545 32
5546 28
5547 33
5548 31
5550 25
5549 44
5551 23
5552 25
5553 22
5554 20
5555 23
5557 29
5558 23
5556 49
5559 37
5560 26
5561 26
5563 26
5562 47
5565 31
5564 51
5566 29
5568 26
5569 17
5570 26
5567 60
5571 32
5572 29
5573 33
5574 29
5575 32
5577 39
5578 36
5579 33
5576 73
5580 29
5582 22
5581 39
5583 27
5584 48
5585 29
5586 26
5587 20
5588 29
5589 26
5590 31
5591 32
5592 37
5593 32
5594 29
5595 23
5596 26
5598 26
5597 55
5599 32
5600 29
5602 28
5601 43
5603 23
5604 35
5605 29
5606 26
5608 30
5609 28
5607 50
5610 22
5612 17
5611 32
5613 29
5614 28
5616 14
5615 36
5618 29
5619 26
5617 55
5620 32
5621 23
5622 26
5623 23
5624 39
5626 31
5627 23
5625 49
5628 32
5629 26
5630 26
5631 14
5632 23
5633 48
5635 29
5636 20
5634 55
5637 22
5639 17
5638 31
5640 22
5641 24
5642 32
5643 23
5644 23
5645 23
5646 31
5647 30
5649 23
5648 46
5650 25
5651 29
5653 26
5654 14
5655 23
5656 37
5657 25
5652 83
5658 38
5659 23
5660 23
5662 29
5663 23
5661 56
5664 26
5665 19
5667 23
5668 27
5666 50
5669 23
5670 34
5671 20
5672 29
5673 20
5675 17
5674 29
5676 32
5677 23
5678 26
5679 32
5680 26
5681 26
5682 34
5683 20
5685 23
5684 43
5686 44
5688 34
5687 58
5690 28
5689 47
5691 32
5692 26
5693 20
5694 26
5695 25
5696 29
5697 28
5698 29
5699 22
5700 17
5701 22
5702 20
5703 23
5704 23
5705 32
5706 20
5707 32
5708 32
5709 23
5711 17
5710 50
5713 28
5712 58
5714 29
5715 39
5716 34
5717 31
5718 26
5719 34
5720 31
5721 41
5722 43
5723 29
5724 31
5726 23
5725 43
5727 26
5728 31
5729 26
5730 26
5731 23
5733 18
5732 30
5735 29
5736 31
5737 23
5734 59
5739 27
5740 23
5738 49
5741 29
5743 35
5745 28
5744 40
5746 23
5742 71
5747 26
5748 34
5749 29
5750 32
5751 23
5752 26
5753 31
5754 28
5755 27
5756 28
5757 31
5758 26
5759 31
5760 34
5761 20
5762 31
5764 25
5763 40
5765 26
5766 25
5767 23
5768 29
5769 32
5771 17
5770 38
5772 29
5773 23
5774 26
5775 28
5776 26
5778 21
5777 51
5779 38
5780 24
5782 35
5783 26
5781 53
5784 23
5785 26
5786 32
5787 31
5789 28
5790 34
5788 67
5791 35
5793 23
5794 23
5792 49
5795 46
5796 32
5797 20
5798 35
5800 23
5799 42
5801 37
5802 35
5803 31
5804 28
5805 26
5807 22
5806 50
5808 31
5809 35
5810 26
5811 29
5812 32
5813 23
5814 43
5815 35
5816 29
5817 34
5818 34
5819 23
5820 34
5821 19
5822 26
5823 26
5824 32
5826 11
5825 29
5827 26
5829 30
5830 26
5828 52
5832 28
5831 48
5833 29
5834 35
5835 31
5836 20
5837 35
5838 19
5839 31
5840 26
5841 26
5842 26
5844 23
5846 17
5845 29
5843 64
5847 29
5848 31
5849 29
5850 27
5851 35
5852 26
5853 26
5854 37
5855 34
5856 26
5857 39
5858 35
5859 20
5860 39
5861 29
5862 29
5863 25
5864 26
5865 34
5866 28
5867 28
5868 26
5869 35
5870 37
5871 29
5872 31
5874 16
5875 23
5873 63
5876 35
5877 37
5878 28
5879 33
5880 32
5881 30
5882 23
5883 34
5884 35
5886 20
5885 62
5888 35
5887 54
5889 31
5890 32
5891 34
5892 26
5893 35
5895 27
5896 17
5897 23
5894 60
5898 26
5899 26
5900 26
5901 30
5903 32
5902 51
5905 26
5904 53
5907 23
5906 53
5909 26
5910 29
5908 63
5912 20
5911 40
5913 28
5914 26
5915 25
5916 32
5917 35
5919 34
5920 26
5918 56
5921 29
5922 26
5923 25
5924 26
5925 26
5926 29
5928 24
5927 46
5930 23
5929 40
5931 20
5932 45
5933 30
5935 32
5936 26
5937 14
5934 58
5938 38
5939 32
5940 32
5941 35
5943 29
5944 28
5942 50
5945 32
5946 29
5947 26
5948 29
5949 26
5950 34
5951 25
5952 24
5953 21
5954 35
5956 23
5957 23
5955 60
5958 31
5959 26
5960 30
5961 26
5962 49
5964 29
5965 23
5963 57
5966 26
5967 37
5969 35
5970 27
5968 52
5972 26
5971 43
5974 25
5973 47
5975 44
5977 22
5976 43
5978 33
5979 26
5980 29
5981 26
5982 26
5983 32
5984 34
5985 32
5986 26
5988 16
5987 39
5990 38
5989 53
5991 32
5992 34
5993 25
5994 28
5995 44
5997 37
5998 19
5996 56
5999 26
6000 22
6001 29
6002 34
6004 20
6003 39
6005 32
6006 26
6007 33
6008 35
6009 26
6010 29
6012 20
6011 52
6013 34
6014 29
6015 38
6016 29
6017 26
6018 29
6019 23
6020 14
6021 31
6022 26
6023 30
6024 23
6025 30
6026 21
6027 34
6028 30
6030 28
6029 45
6031 38
6032 26
6033 28
6034 31
6035 28
6036 26
6037 20
6038 22
6039 28
6040 32
6041 28
6042 29
6043 23
6044 29
6045 33
6046 29
6047 26
6048 37
6049 42
6050 35
6051 26
6052 26
6053 38
6054 28
6055 23
6056 32
6057 31
6059 23
6058 45
6060 23
6061 29
6062 26
6063 35
6064 26
6065 16
6066 20
6067 35
6068 38
6069 23
6070 32
6071 22
6072 17
6073 26
6074 29
6075 32
6076 35
6077 34
6078 38
6079 29
6080 34
6082 19
6081 41
6083 23
6084 32
6085 23
6086 29
6087 40
6088 37
6090 29
6091 25
6089 54
6092 20
6093 32
6094 26
6095 38
6097 23
6096 47
6099 26
6100 26
6098 52
6102 36
6103 27
6101 49
6104 26
6105 38
6106 19
6108 29
6107 56
6109 30
6110 29
6111 28
6112 26
6113 26
6116 26
6114 54
6115 43
6117 34
6118 29
6119 45
6120 37
6121 34
6122 31
6123 23
6124 30
6126 20
6125 47
6127 44
6128 39
6129 38
6131 28
6130 45
6132 29
6134 28
6135 23
6133 53
6136 24
6137 26
6138 23
6139 30
6140 28
6142 26
6143 17
6141 39
6144 34
6145 31
6146 36
6147 20
6148 23
6149 35
6151 37
6152 20
6150 49
6153 23
6155 25
6156 20
6154 53
6157 29
6158 23
6159 41
6160 30
6161 32
6162 29
6163 29
6164 31
6165 29
6166 26
6167 38
6168 32
6169 34
6170 32
6171 26
6172 40
6173 31
6174 23
6175 20
6176 28
6177 40
6178 32
6179 28
6180 29
6181 45
6182 29
6183 50
6184 47
6185 29
6186 23
6187 35
6188 32
6189 30
6190 20
6191 14
6193 23
6192 43
6194 31
6195 32
6196 23
6198 20
6197 45
6199 23
6201 26
6200 41
6202 23
6203 34
6204 29
6205 32
6206 23
6207 17
6208 20
6210 20
6209 41
6211 23
6212 23
6213 28
6214 23
6216 29
6217 26
6215 51
6218 29
6220 24
6219 45
6221 26
6222 23
6223 23
6224 20
6225 29
6227 23
6228 25
6226 53
6229 23
6230 17
6231 32
6232 32
6234 25
6233 49
6235 32
6237 35
6238 25
6236 53
6239 26
6240 34
6241 29
6242 32
6243 39
6244 33
6245 32
6246 32
6247 32
6248 38
6250 28
6251 26
6249 53
6252 26
6253 29
6254 26
6255 17
6256 23
6257 31
6258 32
6259 34
6260 20
6261 32
6262 26
6263 38
6265 17
6264 38
6266 23
6267 26
6268 38
6269 33
6270 29
6271 29
6272 26
6273 22
6274 26
6275 36
6276 32
6277 29
6278 28
6279 25
6280 34
6281 37
6283 25
6284 20
6282 53
6286 32
6287 23
6285 53
6289 37
6288 56
6291 26
6290 43
6292 29
6294 26
6293 46
6295 43
6296 31
6297 41
6298 29
6299 20
6300 43
6301 29
6302 22
6303 31
6304 26
6305 26
6306 26
6307 34
6308 23
6310 26
6309 45
6311 26
6312 26
6313 46
6314 42
6315 42
6316 33
6318 23
6319 26
6317 53
6320 29
6321 31
6322 36
6323 23
6324 22
6325 28
6326 26
6327 30
6330 26
6328 54
6329 45
6332 26
6334 20
6335 32
6333 78
6338 22
6331 106
6336 50
6340 23
6337 62
6339 52
6341 37
6342 23
6343 29
6344 42
6346 29
6347 38
6345 62
6348 29
6349 29
6350 23
6351 32
6353 20
6352 44
6354 32
6355 21
6358 26
6356 51
6359 26
6357 51
6360 23
6361 23
6362 32
6364 26
6363 55
6365 31
6366 47
6368 23
6369 23
6367 51
6370 23
6373 34
6374 26
6372 53
6375 26
6371 71
6376 28
6377 32
6378 32
6379 26
6380 26
6381 27
6383 17
6384 30
6385 31
6386 25
6382 72
6387 30
6388 28
6389 29
6391 35
6390 53
6392 31
6393 23
6394 32
6396 34
6395 54
6397 34
6398 29
6399 45
6402 23
6400 56
6401 39
6404 38
6403 57
6405 31
6407 29
6406 57
6408 29
6410 25
6409 54
6411 29
6413 29
6412 49
6415 34
6414 49
6416 43
6417 33
6418 30
6419 25
6420 26
6422 19
6421 53
6424 31
6425 32
6427 27
6423 75
6428 20
6429 25
6426 73
6430 29
6431 26
6433 22
6432 48
6434 36
6435 26
6438 26
6436 65
6437 56
6439 32
6440 44
6442 20
6441 50
6445 14
6444 30
6443 59
6446 47
6449 20
6447 56
6448 64
6452 26
6450 51
6451 56
6453 30
6454 31
6455 26
6457 37
6456 49
6458 29
6459 42
6462 26
6463 38
6464 29
6460 83
6461 71
6465 31
6466 52
6467 46
6468 30
6469 32
6470 51
6471 46
6475 19
6472 59
6474 50
6476 38
6477 36
6473 79
6479 28
6478 44
6480 26
6481 48
6483 36
6484 38
6482 66
6485 29
6487 25
6486 45
6488 29
6489 32
6491 43
6492 33
6493 24
6490 74
6494 32
6495 31
6496 34
6497 20
6498 34
6500 38
6501 26
6499 53
6502 23
6503 34
6504 50
6507 22
6506 43
6508 23
6505 70
6510 34
6509 52
6512 37
6511 53
6513 37
6514 32
6515 33
6516 37
6517 30
6518 37
6520 26
6519 50
6522 26
6521 45
6523 22
6524 20
6525 22
6527 22
6526 40
6528 32
6529 20
6530 22
6531 24
6532 38
6533 23
6534 30
6535 30
6536 32
6537 36
6538 32
6539 32
6540 28
6541 36
6542 31
6544 16
6543 36
6545 32
6546 24
6547 20
6548 42
6549 45
6550 37
6551 31
6552 20
6554 23
6553 43
6555 48
6556 29
6557 25
6558 38
6559 29
6560 32
6561 33
6562 20
6563 26
6564 23
6565 31
6567 20
6566 47
6569 32
6568 52
6570 35
6571 33
6573 25
6572 41
6574 26
6575 36
6576 34
6577 40
6578 32
6581 23
6579 51
6580 48
6582 39
6583 35
6584 26
6585 46
6586 29
6587 30
6588 23
6589 36
6591 17
6590 30
6592 48
6594 35
6595 25
6593 56
6596 38
6597 37
6598 41
6599 46
6601 28
6602 22
6600 64
6603 35
6604 40
6605 32
6606 29
6608 29
6607 54
6609 29
6610 35
6611 28
6612 38
6613 26
6615 25
6614 48
6616 35
6617 42
6619 47
6618 60
6620 42
6621 47
6622 32
6623 26
6624 20
6625 29
6626 28
6627 28
6628 31
6629 31
6630 61
6631 56
6632 44
6633 37
6634 50
6635 45
6636 29
6638 37
6637 56
6639 29
6640 26
6642 26
6641 44
6643 28
6644 32
6645 26
6647 31
6648 23
6646 52
6650 17
6649 34
6651 44
6652 35
6653 26
6654 29
6655 34
6656 23
6658 16
6657 31
6659 36
6661 26
6660 48
6662 30
6663 34
6664 29
6665 28
6666 40
6667 29
6668 29
6670 19
6669 40
6671 50
6673 37
6674 37
6675 20
6672 62
6676 38
6677 31
6678 29
6679 32
6680 34
6681 23
6682 31
6683 23
6685 14
6684 31
6686 29
6687 20
6688 26
6689 23
6690 33
6691 32
6692 26
6693 36
6694 26
6695 31
6696 32
6697 41
6698 35
6699 26
6700 23
6701 44
6702 34
6703 20
6704 26
6705 35
6706 23
6708 26
6707 48
6709 22
6710 29
6712 37
6713 20
6711 51
6714 44
6715 33
6716 35
6717 29
6718 26
6719 23
6720 37
6721 26
6722 28
6723 31
6724 23
6725 19
6726 23
6727 27
6728 21
6729 20
6730 32
6731 23
6732 17
6733 29
6734 49
6736 38
6737 20
6735 52
6740 23
6738 51
6739 55
6742 32
6743 26
6741 52
6744 20
6745 30
6748 23
6746 54
6749 38
6747 64
6750 29
6751 28
6752 29
6753 26
6754 23
6755 17
6756 20
6757 29
6758 35
6759 25
6760 23
6761 29
6762 29
6764 17
6765 20
6766 26
6767 32
6763 80
6768 34
6769 26
6770 26
6771 46
6773 23
6772 39
6774 32
6775 20
6776 31
6777 25
6778 35
6779 28
6780 26
6782 14
6781 37
6783 22
6784 26
6785 27
6786 28
6787 29
6788 20
6789 28
6790 31
6791 20
6792 35
6793 23
6794 28
6795 26
6796 31
6797 26
6798 29
6799 20
6800 26
6801 30
6803 26
6802 58
6804 29
6805 41
6806 29
6807 26
6808 45
6809 29
6810 26
6811 41
6813 26
6814 14
6812 43
6815 33
6816 19
6817 22
6818 22
6819 25
6820 28
6821 34
6822 29
6823 29
6824 29
6825 23
6826 23
6827 29
6828 32
6829 37
6830 32
6831 31
6832 32
6834 26
6833 41
6835 32
6837 17
6836 48
6838 20
6839 26
6840 32
6841 23
6843 11
6844 26
6842 54
6845 31
6846 35
6848 29
6847 50
6849 31
6850 48
6851 29
6852 26
6853 29
6855 29
6856 23
6854 52
6857 26
6858 28
6859 20
6860 28
6861 25
6862 28
6863 38
6864 35
6865 28
6867 21
6866 44
6868 29
6869 29
6870 35
6872 14
6871 31
6873 28
6874 33
6877 17
6876 29
6875 49
6879 29
6878 51
6880 31
6881 35
6882 20
6883 41
6885 29
6886 28
6887 25
6884 62
6888 29
6890 25
6892 14
6891 29
6889 59
6893 32
6894 36
6895 35
6896 23
6898 17
6897 41
6899 25
6900 28
6901 34
6902 32
6903 23
6904 20
6905 20
6906 23
6907 26
6908 31
6909 29
6910 23
6911 23
6912 38
6913 20
6914 29
6915 32
6916 34
6917 44
6918 35
6919 23
6920 31
6921 23
6922 32
6924 26
6923 41
6926 22
6925 41
6927 23
6928 20
6929 30
6931 28
6932 28
6933 14
6930 53
6934 39
6935 31
6936 25
6937 24
6938 29
6939 36
6940 30
6941 20
6942 30
6944 16
6943 40
6945 26
6946 26
6947 37
6948 22
6950 42
6952 21
6951 42
6953 21
6949 70
6955 23
6954 40
6956 25
6957 32
6958 25
6959 26
6960 34
6963 28
6961 52
6964 20
6962 62
6965 38
6966 35
6967 47
6968 33
6969 29
6970 26
6971 23
6972 36
6973 31
6975 37
6974 49
6976 29
6977 35
6978 26
6979 26
6981 20
6982 29
6983 23
6980 70
6985 25
6984 40
6986 40
6987 32
6988 23
6989 26
6990 26
6991 31
6992 23
6993 20
6995 17
6994 37
6996 29
6997 38
6998 25
6999 19
7001 17
7000 40
7002 32
7003 29
7004 32
7005 26
7006 33
7007 24
7008 34
7009 20
7010 26
7011 32
7012 26
7013 26
7014 38
7016 23
7015 47
7017 29
7018 29
7019 26
7020 32
7021 26
7022 31
7023 28
7026 14
7024 41
7025 34
7027 26
7028 45
7029 34
7030 29
7031 32
7032 31
7033 26
7034 26
7035 36
7037 25
7036 39
7038 23
7039 23
7040 28
7041 35
7043 27
7042 55
7046 24
7044 52
7045 39
7047 26
7048 23
7049 20
7050 32
7051 23
7053 35
7052 55
7054 32
7055 29
7057 30
7058 26
7056 55
7059 22
7060 42
7061 35
7062 28
7063 34
7064 26
7065 20
7066 26
7067 22
7068 25
7069 26
7070 28
7071 33
7072 32
7073 26
7074 33
7075 30
7077 29
7076 50
7078 32
7079 26
7080 26
7081 27
7082 26
7083 35
7084 23
7085 27
7086 21
7087 30
7088 30
7090 17
7089 38
7091 28
7092 29
7093 37
7094 35
7095 28
7096 27
7098 26
7097 40
7100 20
7101 29
7102 25
7099 62
7103 40
7104 29
7106 20
7107 26
7105 51
7108 20
7110 28
7112 29
7113 23
7109 74
7111 50
7114 29
7115 23
7116 29
7117 40
7119 26
7118 39
7121 23
7120 54
7123 20
7122 52
7124 29
7125 32
7126 22
7127 29
7128 26
7129 23
7130 34
7131 25
7132 28
7133 29
7135 26
7134 41
7136 26
7137 25
7139 28
7138 54
7140 29
7141 47
7142 47
7143 34
7144 35
7145 23
7146 38
7147 23
7149 26
7150 37
7148 59
7151 37
7152 23
7153 29
7154 28
7155 23
7157 35
7158 28
7156 49
7159 30
7160 25
7162 35
7161 58
7163 32
7164 34
7166 26
7165 46
7167 39
7168 31
7169 23
7170 37
7171 33
7172 29
7173 31
7174 23
7175 24
7176 43
7177 35
7178 34
7179 35
7180 48
7181 29
7182 28
7183 28
7184 29
7185 20
7186 28
7187 28
7189 32
7190 20
7191 26
7188 59
7192 27
7193 23
7194 23
7196 17
7195 44
7197 26
7198 38
7199 31
7200 29
7201 26
7202 27
7203 27
7204 31
7205 20
7206 29
7207 34
7209 20
7208 51
7210 38
7211 26
7212 20
7213 29
7214 33
7215 30
7216 20
7217 35
7218 20
7219 22
7220 26
7221 23
7222 41
7223 32
7224 32
7225 29
7226 23
7227 26
7228 25
7229 29
7230 22
7231 29
7232 23
7233 29
7234 42
7235 29
7236 37
7237 26
7238 25
7239 26
7240 48
7241 31
7242 28
7243 31
7244 51
7245 39
7247 26
7246 46
7248 36
7249 26
7250 25
7251 26
7252 29
7253 25
7254 17
7255 35
7257 23
7256 56
7259 22
7258 48
7260 26
7261 35
7262 26
7263 26
7264 30
7265 20
7266 29
7267 23
7268 37
7269 26
7270 25
7271 25
7273 23
7272 49
7275 22
7274 45
7276 28
7277 23
7278 26
7279 35
7280 23
7281 23
7283 22
7284 23
7282 58
7286 23
7285 52
7287 31
7288 25
7289 32
7290 26
7291 26
7292 20
7293 26
7294 29
7295 30
7296 25
7297 31
7298 36
7299 40
7300 56
7302 33
7301 52
7303 35
7304 20
7305 48
7306 32
7307 25
7308 41
7309 31
7310 20
7311 22
7312 30
7313 22
7314 28
7315 23
7316 36
7317 41
7319 56
7322 26
7318 69
7320 50
7321 50
7324 22
7323 39
7325 33
7326 20
7327 29
7328 28
7329 37
7330 31
7331 23
7333 32
7334 23
7332 54
7335 26
7337 38
7336 49
7338 35
7339 32
7340 38
7342 20
7341 40
7343 41
7344 32
7345 31
7346 35
7347 26
7349 23
7350 29
7348 61
7352 20
7351 40
7353 26
7354 20
7355 26
7356 20
7357 52
7360 29
7361 28
7359 62
7362 33
7363 35
7364 35
7366 17
7358 103
7365 29
7367 20
7368 29
7369 26
7370 23
7371 33
7372 28
7373 30
7374 38
7375 28
7376 26
7377 33
7378 35
7380 28
7381 20
7379 49
7382 28
7383 33
7384 32
7385 32
7386 20
7387 25
7388 28
7390 20
7389 53
7391 45
7392 46
7393 29
7394 39
7395 29
7396 35
7397 22
7398 48
7399 35
7400 29
7401 43
7402 39
7403 33
7404 25
7405 29
7406 23
7407 27
7408 26
7409 23
7410 32
7411 36
7412 23
7413 32
7414 30
7415 37
7416 34
7417 50
7418 40
7419 30
7420 41
7421 32
7422 24
7423 26
7424 26
7425 30
7426 28
7427 38
7428 29
7429 29
7431 26
7432 22
7430 52
7433 26
7434 37
7435 26
7436 20
7437 28
7439 29
7438 49
7440 37
7441 37
7442 25
7443 34
7444 34
7445 20
7446 40
7447 37
7448 34
7449 29
7451 32
7452 25
7450 49
7453 29
7454 29
7457 29
7455 68
7458 30
7456 60
7459 29
7460 32
7461 30
7462 32
7463 20
7464 23
7465 26
7466 35
7467 23
7468 29
7469 32
7471 28
7472 17
7470 39
7473 35
7474 26
7475 32
7476 31
7477 33
7478 32
7479 25
7480 41
7482 29
7481 52
7483 37
7484 32
7485 26
7486 29
7487 35
7488 29
7489 20
7490 23
7492 37
7491 53
7493 29
7494 28
7495 29
7496 29
7497 31
7498 20
7499 31
7500 29
7501 31
7502 23
7503 26
7504 29
7505 20
7506 31
7507 46
7508 31
7509 29
7510 20
7512 11
7511 29
7513 20
7514 26
7515 35
7516 40
7518 20
7519 26
7517 49
7520 33
7521 26
7523 11
7522 29
7524 44
7526 35
7527 25
7525 50
7528 37
7529 28
7530 30
7531 32
7532 37
7534 29
7535 34
7536 26
7533 72
7537 32
7538 29
7540 17
7539 29
7542 26
7541 41
7543 36
7545 29
7546 23
7544 49
7547 23
7548 26
7549 38
7550 26
7551 20
7552 34
7553 26
7554 23
7555 28
7556 34
7558 26
7557 42
7559 29
7560 20
7561 26
7562 20
7564 32
7566 26
7563 68
7565 39
7567 33
7568 21
7569 23
7570 34
7571 39
7572 30
7573 28
7574 32
7575 32
7576 34
7577 22
7579 20
7580 28
7581 14
7578 60
7582 20
7583 25
7584 25
7585 37
7588 22
7586 51
7587 44
7589 21
7590 29
7591 29
7592 34
7593 35
7594 29
7595 26
7596 35
7597 32
7598 28
7599 23
7601 20
7600 39
7603 23
7602 40
7604 45
7606 28
7607 25
7605 58
7608 23
7609 32
7610 20
7611 29
7612 50
7613 40
7614 35
7615 35
7616 26
7617 26
7618 42
7620 31
7621 20
7622 26
7619 68
7624 25
7625 31
7626 26
7623 61
7627 23
7628 24
7629 35
7630 26
7631 28
7632 32
7633 33
7634 34
7635 35
7636 26
7637 29
7638 38
7639 34
7641 45
7642 29
7643 28
7644 20
7640 73
7645 34
7647 35
7646 55
7648 29
7649 29
7650 23
7651 23
7653 32
7652 53
7654 31
7655 23
7656 29
7657 31
7659 34
7658 50
7660 33
7661 35
7662 23
7663 41
7664 29
7665 26
7666 33
7667 23
7668 25
7669 38
7670 26
7671 26
7673 34
7674 22
7672 56
7675 48
7676 35
7677 30
7678 40
7680 29
7681 32
7679 67
7682 31
7684 19
7683 39
7685 22
7686 28
7687 37
7688 22
7689 23
7690 35
7691 20
7692 28
7693 26
7694 23
7695 23
7696 36
7697 36
7698 28
7699 26
7700 22
7701 26
7702 31
7703 25
7704 27
7705 34
7706 23
7707 20
7708 23
7709 29
7710 40
7711 32
7712 32
7713 44
7714 32
7715 28
7716 40
7717 48
7718 57
7719 47
7720 34
7721 26
7722 17
7724 19
7723 45
7725 22
7726 34
7727 32
7728 19
7729 34
7730 33
7731 31
7732 23
7733 17
7734 26
7735 22
7737 27
7736 58
7738 35
7739 23
7740 31
7741 29
7742 26
7743 26
7744 47
7745 30
7746 30
7747 23
7748 29
7749 25
7750 37
7751 29
7752 32
7753 28
7754 34
7755 26
7756 38
7757 28
7758 29
7759 20
7760 32
7761 23
7762 21
7763 17
7765 38
7766 26
7764 61
7767 29
7768 29
7770 23
7771 20
7769 49
7772 38
7773 26
7774 36
7775 36
7778 17
7779 23
7776 61
7780 27
7781 23
7777 69
7782 23
7783 27
7784 38
7785 37
7786 32
7787 34
7788 52
7789 43
7790 29
7791 47
7792 35
7793 20
7794 20
7795 33
7796 33
7797 30
7798 37
7799 39
7800 29
7801 29
7802 26
7803 31
7805 35
7806 23
7804 68
7807 37
7808 19
7810 20
7811 21
7812 25
7809 62
7813 45
7814 34
7815 35
7816 34
7817 26
7818 29
7819 29
7820 30
7821 20
7823 32
7822 49
7824 34
7825 53
7827 32
7826 58
7828 29
7829 23
7830 22
7831 26
7832 31
7833 31
7834 37
7835 45
7838 17
7836 44
7837 29
7839 35
7841 31
7840 50
7842 35
7843 26
7844 29
7845 29
7846 29
7847 33
7848 23
7849 42
7850 31
7851 44
7852 39
7853 35
7854 27
7855 31
7856 35
7857 29
7858 37
7859 23
7860 27
7861 29
7862 37
7864 26
7865 23
7863 53
7866 28
7867 32
7868 34
7869 26
7871 20
7870 56
7872 30
7873 37
7874 23
7875 29
7876 32
7877 53
7878 41
7879 34
7880 42
7881 38
7882 34
7884 32
7883 49
7885 45
7886 42
7887 51
7888 48
7889 58
7890 47
7892 33
7891 50
7893 29
7894 37
7895 26
7896 29
7897 35
7900 36
7901 27
7898 59
7899 49
7902 22
7903 28
7904 42
7905 32
7906 26
7907 46
7908 47
7910 29
7909 49
7911 29
7912 29
7913 32
7914 26
7915 29
7916 43
7917 35
7918 26
7919 32
7921 26
7920 55
7922 34
7923 44
7924 30
7925 28
7926 23
7927 29
7928 38
7929 29
7931 35
7930 57
7932 29
7933 23
7934 35
7935 31
7936 34
7937 26
7939 31
7940 27
7941 34
7942 20
7938 82
7943 41
7944 40
7946 31
7947 32
7945 66
7948 46
7949 37
7950 32
7951 37
7952 29
7953 23
7954 26
7956 31
7955 52
7957 31
7958 23
7959 26
7960 22
7961 26
7962 33
7963 45
7964 31
7965 32
7967 29
7966 56
7968 31
7969 28
7970 23
7971 30
7972 26
7975 20
7973 49
7976 26
7974 50
7977 26
7978 23
7980 35
7982 14
7979 56
7981 29
7984 32
7985 26
7987 23
7983 84
7988 55
7986 79
7989 50
7990 42
7991 38
7992 32
7993 43
7994 49
7996 34
7997 26
7995 69
7999 34
7998 49
8001 26
8002 25
8000 56
8004 17
8003 48
8005 31
8006 36
8007 37
8009 31
8010 32
8011 27
8008 63
8012 57
8014 41
8016 20
8015 53
8017 35
8018 19
8013 89
8019 32
8020 22
8022 25
8021 56
8023 31
8024 34
8025 39
8026 29
8027 32
8029 17
8030 22
8028 65
8031 37
8032 34
8033 29
8035 17
8034 34
8037 22
8038 32
8039 22
8036 68
8041 28
8040 43
8042 24
8043 26
8044 41
8045 58
8046 43
8047 31
8048 29
8049 38
8050 39
8051 30
8053 22
8052 41
8054 23
8055 25
8056 32
8057 31
8058 29
8060 23
8061 37
8062 26
8059 64
8063 30
8064 37
8065 20
8066 31
8068 22
8067 43
8069 29
8070 27
8071 40
8072 29
8073 26
8075 32
8074 53
8076 31
8077 23
8078 28
8079 32
8080 29
8081 24
8083 26
8084 29
8085 34
8086 25
8082 74
8087 36
8088 23
8089 25
8090 29
8091 35
8092 32
8093 32
8095 26
8094 43
8096 26
8097 31
8098 39
8099 36
8100 23
8101 30
8102 20
8104 33
8105 20
8103 54
8106 39
8107 35
8109 32
8108 52
8110 36
8111 32
8112 31
8113 28
8114 25
8115 33
8116 29
8117 28
8118 29
8119 29
8120 31
8121 28
8122 26
8123 23
8124 29
8125 28
8126 44
8128 23
8127 45
8129 23
8130 32
8131 48
8132 31
8133 29
8134 23
8135 29
8137 27
8136 57
8138 29
8139 24
8140 32
8141 25
8142 17
8143 23
8144 26
8145 35
8146 37
8148 29
8147 68
8149 43
8150 29
8151 37
8152 31
8153 20
8154 23
8156 26
8155 47
8157 29
8158 38
8159 23
8160 32
8161 24
8162 34
8163 31
8164 36
8165 36
8166 48
8167 35
8168 31
8169 45
8170 37
8172 28
8173 37
8174 23
8171 62
8175 41
8176 29
8178 28
8177 57
8179 33
8180 32
8181 29
8182 38
8183 25
8184 32
8185 29
8186 37
8187 31
8188 32
8190 30
8191 36
8192 23
8189 61
8193 29
8194 31
8195 35
8196 32
8197 41
8198 31
8199 48
8200 31
8201 23
8202 28
8203 31
8204 23
8205 28
8206 32
8207 31
8208 22
8209 39
8210 37
8211 20
8212 35
8214 23
8213 44
8215 29
8216 22
8217 31
8218 20
8220 25
8219 40
8221 35
8222 31
8223 41
8225 22
8224 46
8226 35
8227 35
8228 35
8229 35
8230 23
8231 24
8232 32
8233 32
8234 29
8235 25
8237 32
8238 24
8236 52
8239 29
8240 29
8241 47
8242 32
8243 29
8245 22
8244 46
8247 29
8246 57
8249 32
8250 28
8248 53
8253 23
8254 25
8252 49
8255 25
8251 70
8256 41
8257 35
8258 33
8261 28
8259 54
8260 46
8262 23
8263 32
8264 29
8265 19
8266 36
8267 32
8268 33
8269 53
8270 42
8271 34
8272 37
8273 32
8274 31
8275 32
8276 29
8277 23
8278 32
8279 29
8280 29
8281 42
8282 36
8283 39
8284 29
8285 33
8286 33
8287 20
8288 20
8289 17
8290 38
8291 35
8292 29
8293 30
8294 29
8295 32
8296 23
8297 35
8298 29
8299 26
8300 29
8302 38
8301 52
8303 32
8305 32
8304 49
8306 38
8307 28
8308 21
8309 23
8310 20
8311 26
8313 23
8312 51
8315 26
8316 20
8317 23
8314 66
8318 23
8319 36
8320 33
8321 29
8322 30
8323 20
8325 35
8324 57
8326 32
8327 23
8328 27
8329 25
8330 24
8331 35
8332 32
8333 29
8334 23
8335 30
8336 32
8338 26
8337 45
8339 28
8340 35
8341 23
8342 27
8343 32
8344 31
8345 38
8346 19
8347 20
8348 23
8349 28
8350 20
8351 14
8352 26
8353 20
8354 31
8356 17
8355 29
8357 23
8359 29
8358 52
8361 34
8362 20
8360 52
8363 31
8365 35
8366 31
8364 63
8367 31
8368 23
8369 29
8370 25
8371 26
8372 29
8373 33
8374 32
8375 26
8377 23
8378 26
8379 35
8380 23
8381 17
8376 78
8382 29
8383 25
8384 41
8385 32
8386 34
8387 37
8388 32
8389 23
8390 31
8391 20
8392 50
8394 29
8395 19
8396 22
8393 61
8397 28
8398 17
8399 27
8400 33
8401 19
8402 29
8403 35
8404 37
8405 25
8407 27
8406 46
8408 31
8409 35
8410 27
8411 34
8412 29
8413 35
8414 30
8415 26
8416 17
8418 26
8417 39
8419 29
8420 36
8421 33
8422 38
8424 26
8423 39
8425 32
8426 29
8427 22
8428 20
8429 29
8431 25
8432 35
8430 64
8433 38
8435 26
8434 44
8436 26
8437 45
8439 22
8440 31
8438 60
8441 31
8442 26
8443 20
8444 28
8445 33
8446 23
8447 31
8448 20
8450 20
8449 54
8451 35
8452 33
8453 23
8454 33
8455 32
8456 28
8458 22
8459 14
8457 39
8461 17
8460 29
8462 28
8463 26
8464 26
8465 26
8466 33
8467 31
8468 34
8469 37
8470 29
8471 29
8472 36
8474 32
8475 23
8473 52
8476 26
8477 29
8478 30
8479 26
8481 35
8480 60
8482 39
8483 37
8485 26
8484 49
8488 35
8489 25
8486 62
8490 23
8487 64
8491 20
8492 37
8493 28
8494 32
8495 23
8496 29
8497 35
8498 23
8499 35
8500 40
8501 44
8502 32
8503 33
8505 25
8504 62
8507 29
8508 26
8509 23
8510 14
8506 59
8511 23
8512 31
8515 17
8514 29
8513 56
8516 29
8517 35
8518 23
8519 33
8520 19
8521 29
8523 25
8524 17
8522 49
8525 36
8526 32
8527 31
8528 32
8529 40
8530 31
8532 29
8531 49
8535 17
8534 35
8533 54
8536 37
8537 29
8538 27
8539 26
8540 28
8541 29
8542 25
8543 29
8544 28
8545 29
8546 31
8547 35
8549 11
8550 20
8548 55
8551 28
8552 46
8553 29
8554 27
8555 26
8556 38
8557 31
8558 28
8560 20
8559 41
8561 35
8562 26
8563 35
8564 29
8565 29
8566 38
8567 23
8568 29
8569 37
8571 28
8570 45
8572 38
8573 32
8575 25
8576 26
8574 58
8577 24
8578 35
8580 25
8581 23
8579 51
8582 33
8583 29
8584 23
8585 37
8586 38
8587 26
8588 32
8590 25
8589 57
8591 29
8592 26
8593 26
8594 32
8595 35
8596 29
8597 25
8598 38
8599 40
8600 31
8601 32
8602 28
8603 34
8604 33
8605 34
8606 38
8607 25
8608 34
8610 23
8611 36
8609 68
8613 25
8612 39
8614 51
8615 48
8616 29
8617 29
8618 37
8619 32
8620 20
8622 26
8621 41
8623 23
8624 21
8625 26
8626 26
8627 34
8628 28
8629 23
8630 28
8631 22
8632 47
8633 29
8634 32
8635 32
8637 31
8638 29
8639 27
8636 61
8640 29
8641 35
8642 31
8643 26
8644 20
8645 23
8646 35
8647 23
8648 29
8649 30
8650 34
8651 32
8652 25
8653 29
8654 20
8655 28
8656 34
8657 26
8658 18
8660 17
8659 34
8661 34
8662 35
8663 23
8664 29
8665 20
8666 23
8667 37
8668 28
8669 39
8670 34
8671 28
8672 26
8673 35
8674 28
8675 25
8676 41
8677 48
8678 32
8680 26
8679 55
8681 35
8682 26
8683 35
8684 32
8685 33
8686 25
8687 26
8688 32
8689 29
8690 32
8691 32
8692 32
8693 25
8695 22
8694 48
8696 27
8697 29
8698 27
8699 26
8700 32
8701 32
8702 23
8704 25
8705 25
8703 52
8706 32
8707 31
8708 31
8709 32
8711 14
8710 33
8712 32
8713 32
8714 32
8716 27
8715 39
8717 34
8718 27
8719 20
8720 28
8721 20
8722 29
8723 27
8724 33
8725 31
8726 23
8728 38
8729 31
8727 68
8730 35
8731 35
8732 30
8733 38
8734 20
8735 17
8736 22
8737 20
8738 38
8739 29
8740 25
8741 46
8742 29
8743 29
8744 30
8745 32
8746 29
8747 19
8749 35
8750 31
8748 60
8751 29
8752 26
8753 28
8754 20
8755 16
8756 29
8757 29
8758 30
8759 28
8760 25
8761 38
8762 26
8763 25
8764 31
8765 19
8766 23
8767 32
8768 28
8769 26
8771 26
8770 49
8772 39
8773 29
8774 22
8775 26
8776 26
8777 26
8778 25
8782 17
8779 57
8780 41
8781 29
8783 35
8784 47
8786 24
8785 41
8787 29
8788 28
8789 25
8790 19
8791 32
8792 23
8794 38
8793 51
8795 41
8798 26
8796 53
8799 32
8801 17
8797 61
8802 14
8800 51
8803 28
8804 32
8805 27
8806 29
8807 23
8808 25
8809 29
8810 20
8811 26
8812 22
8813 27
8814 23
8815 26
8816 38
8817 20
8819 26
8818 40
8820 28
8821 23
8822 26
8823 21
8824 25
8825 20
8826 20
8827 26
8828 31
8830 25
8829 40
8831 26
8832 26
8833 34
8834 30
8835 41
8836 32
8837 37
8838 46
8839 31
8841 40
8840 60
8842 51
8843 48
8845 20
8846 35
8844 60
8848 32
8849 20
8847 59
8850 31
8851 28
8852 34
8854 38
8855 30
8857 17
8856 35
8853 87
8859 23
8858 48
8860 38
8861 26
8862 29
8863 29
8864 48
8865 38
8866 23
8868 28
8867 46
8869 29
8870 26
8871 47
8873 25
8874 31
8872 59
8876 23
8875 44
8878 29
8877 51
8879 36
8880 28
8882 29
8881 55
8883 42
8885 25
8884 42
8886 28
8887 39
8888 29
8889 31
8891 23
8890 51
8893 32
8894 31
8892 63
8895 39
8896 31
8897 32
8898 31
8899 45
8900 32
8901 25
8902 29
8904 33
8905 22
8903 53
8906 32
8907 28
8908 20
8909 25
8910 20
8911 29
8912 25
8913 37
8916 25
8914 51
8917 33
8915 67
8918 33
8919 27
8920 35
8921 28
8922 38
8923 29
8924 36
8925 26
8926 34
8927 23
8928 26
8929 23
8931 35
8932 32
8930 59
8933 29
8934 32
8935 28
8937 32
8936 58
8938 45
8939 29
8940 28
8942 27
8941 46
8943 37
8944 32
8945 49
8947 32
8946 53
8948 31
8949 35
8952 17
8950 39
8951 58
8953 31
8954 23
8956 32
8955 56
8958 35
8957 67
8959 40
8960 31
8961 24
8962 23
8963 29
8964 23
8965 35
8966 21
8968 37
8967 64
8970 29
8971 19
8969 54
8972 32
8973 26
8974 25
8975 28
8976 28
8977 26
8978 49
8979 47
8980 52
8981 41
8982 33
8985 22
8983 58
8984 39
8986 22
8988 27
8989 26
8987 57
8990 34
8991 32
8992 29
8993 34
8994 23
8995 32
8996 39
8999 37
9000 25
8997 59
9001 30
8998 72
9002 34
9004 26
9005 37
9006 35
9003 70
9007 36
9008 39
9010 22
9009 57
9012 25
9011 40
9013 33
9015 17
9014 50
9016 35
9017 29
9018 31
9019 32
9020 36
9022 34
9023 25
9021 54
9025 46
9027 29
9028 29
9029 26
9024 84
9026 66
9030 32
9031 33
9035 21
9033 51
9036 26
9032 78
9034 53
9037 44
9039 26
9042 22
9038 70
9040 49
9041 50
9043 43
9044 31
9045 26
9047 35
9048 23
9046 54
9049 29
9050 26
9052 31
9051 59
9053 41
9054 45
9056 20
9055 61
9057 47
9058 35
9060 27
9059 56
9061 29
9062 25
9063 29
9065 23
9066 26
9064 55
9068 32
9067 51
9070 36
9071 46
9073 26
9069 79
9072 54
9074 52
9076 43
9078 20
9077 39
9075 86
9080 45
9082 27
9081 68
9085 28
9083 50
9079 99
9087 23
9086 42
9084 70
9088 46
9090 23
9089 51
9092 25
9091 40
9093 30
9094 32
9095 40
9096 33
9097 31
9100 17
9098 51
9101 26
9099 67
9102 37
9104 26
9103 42
9105 21
9106 25
9107 26
9109 17
9110 25
9111 27
9108 60
9112 45
9113 31
9114 33
9115 20
9117 38
9118 35
9116 65
9119 39
9120 33
9121 35
9122 37
9123 25
9124 36
9125 29
9126 45
9128 23
9127 41
9129 29
9130 28
9131 36
9133 26
9132 45
9134 31
9135 26
9137 26
9136 39
9138 32
9139 20
9140 22
9141 37
9142 24
9143 29
9144 26
9145 23
9147 26
9146 54
9148 30
9149 35
9150 29
9151 29
9152 29
9153 26
9155 26
9156 30
9154 63
9157 35
9158 29
9159 30
9160 25
9161 29
9164 20
9163 48
9162 65
9167 17
9166 32
9165 50
9168 29
9169 29
9170 32
9171 25
9172 20
9174 26
9173 50
9175 31
9176 29
9177 21
9178 36
9179 26
9180 27
9181 31
9182 38
9183 19
9184 29
9185 28
9187 24
9186 41
9188 35
9189 23
9190 40
9191 32
9192 29
9193 28
9194 20
9195 23
9196 24
9197 32
9198 20
9199 22
9201 38
9202 20
9200 49
9205 17
9203 40
9204 34
9207 26
9206 51
9208 46
9209 47
9210 46
9211 43
9212 29
9214 23
9213 45
9215 31
9216 20
9218 28
9217 43
9219 42
9220 29
9221 33
9222 32
9223 40
9224 32
9226 26
9225 43
9227 36
9228 29
9229 45
9230 29
9231 25
9232 32
9233 20
9234 47
9235 40
9236 44
9237 44
9238 36
9239 33
9240 21
9242 29
9243 27
9241 51
9244 31
9245 29
9247 23
9246 40
9248 48
9250 27
9249 45
9251 26
9252 24
9253 33
9254 20
9255 39
9257 27
9258 26
9256 62
9259 36
9260 32
9261 25
9262 32
9264 23
9263 44
9266 17
9265 29
9268 17
9269 35
9270 19
9267 68
9273 25
9271 52
9272 43
9274 34
9275 29
9276 51
9277 40
9278 29
9279 26
9280 35
9282 20
9281 47
9283 22
9285 26
9284 40
9286 22
9287 25
9288 26
9290 32
9291 38
9292 26
9289 61
9294 26
9293 46
9295 29
9296 26
9297 31
9298 23
9299 29
9300 31
9301 38
9302 26
9304 26
9303 43
9305 32
9306 32
9307 28
9308 29
9309 20
9310 30
9311 26
9312 37
9313 33
9314 23
9315 26
9316 31
9317 35
9318 29
9320 20
9322 17
9319 54
9321 37
9323 20
9324 29
9325 55
9326 42
9327 29
9328 26
9329 48
9330 32
9331 32
9332 27
9333 47
9334 34
9335 23
9336 29
9337 29
9338 29
9339 27
9340 51
9342 32
9341 52
9343 32
9344 34
9345 29
9347 26
9348 27
9346 54
9349 29
9351 29
9353 22
9350 63
9352 40
9354 32
9355 29
9356 29
9357 29
9358 39
9359 31
9360 31
9361 35
9362 33
9363 46
9364 35
9365 33
9366 37
9367 29
9368 28
9369 33
9370 32
9372 28
9371 58
9373 48
9375 28
9374 55
9376 37
9377 43
9378 29
9379 23
9380 28
9381 20
9382 43
9383 37
9384 29
9385 23
9387 34
9388 28
9389 36
9386 75
9390 29
9393 27
9391 50
9394 20
9392 58
9395 22
9397 39
9398 35
9396 73
9400 32
9399 55
9401 34
9402 29
9403 32
9404 28
9405 25
9406 17
9407 17
9408 31
9409 28
9410 37
9411 37
9412 25
9415 23
9414 54
9413 74
9416 47
9417 31
9418 23
9419 32
9420 31
9421 32
9422 22
9423 29
9424 37
9425 29
9426 23
9427 29
9428 26
9430 32
9431 26
9429 49
9432 37
9433 20
9434 37
9435 34
9436 25
9437 29
9438 35
9439 28
9441 14
9440 32
9442 42
9443 29
9444 35
9446 27
9445 48
9447 41
9448 31
9449 29
9451 28
9450 40
9452 29
9453 26
9455 19
9456 30
9454 66
9457 32
9458 29
9459 42
9460 29
9462 36
9463 26
9464 32
9465 23
9461 77
9466 26
9467 29
9468 23
9469 26
9470 43
9472 26
9473 41
9474 35
9471 78
9475 41
9476 32
9477 56
9478 46
9479 44
9480 47
9482 47
9483 32
9481 62
9486 33
9487 31
9485 63
9488 38
9489 42
9491 33
9492 26
9493 20
9484 125
9494 29
9490 81
9496 28
9497 37
9495 66
9498 29
9500 23
9501 20
9499 60
9502 38
9504 28
9503 51
9505 32
9506 26
9507 19
9508 23
9510 38
9511 43
9509 78
9512 39
9513 51
9514 48
9515 37
9517 26
9516 45
9518 23
9520 23
9519 43
9521 24
9522 41
9523 32
9525 28
9526 29
9524 60
9527 35
9528 23
9529 37
9530 29
9531 23
9533 24
9532 54
9534 30
9535 26
9536 20
9537 26
9538 31
9539 28
9540 31
9541 26
9542 26
9543 29
9544 35
9545 35
9546 28
9547 26
9549 23
9550 19
9548 52
9551 25
9552 25
9553 30
9554 26
9555 29
9556 25
9557 26
9558 23
9560 28
9561 37
9559 61
9562 29
9563 27
9566 17
9565 39
9567 25
9564 64
9568 45
9569 29
9570 36
9571 38
9572 36
9574 32
9573 51
9575 40
9577 28
9578 31
9579 28
9576 60
9580 26
9581 28
9582 26
9583 36
9584 47
9585 32
9586 34
9587 28
9588 32
9589 33
9591 25
9590 39
9592 28
9594 23
9593 40
9595 29
9596 42
9597 34
9599 14
9598 29
9600 32
9601 26
9602 25
9603 20
9604 29
9605 23
9606 32
9607 29
9608 32
9609 23
9610 32
9611 26
9613 22
9612 40
9614 26
9615 26
9616 34
9617 32
9618 23
9619 26
9621 17
9620 32
9622 42
9623 38
9624 31
9625 36
9626 26
9627 24
9628 20
9629 37
9631 23
9630 56
9632 33
9633 29
9634 23
9635 25
9636 29
9637 27
9638 31
9639 22
9640 29
9641 23
9642 17
9643 25
9644 31
9645 29
9647 28
9648 26
9649 17
9646 56
9650 15
9651 25
9653 17
9652 31
9654 31
9655 26
9656 33
9657 44
9658 34
9660 17
9659 40
9661 33
9662 22
9663 25
9664 30
9665 32
9666 32
9667 26
9668 29
9669 23
9670 46
9671 39
9672 38
9673 22
9674 35
9675 34
9676 34
9677 35
9678 29
9680 17
9679 38
9681 37
9682 28
9683 28
9684 36
9685 38
9686 32
9687 35
9688 27
9689 29
9690 26
9691 48
9692 31
9693 36
9694 32
9695 36
9696 29
9697 26
9698 28
9699 29
9700 32
9701 29
9702 35
9703 31
9704 23
9706 25
9705 42
9707 23
9708 34
9709 32
9710 32
9711 35
9712 26
9713 35
9714 35
9716 26
9715 46
9717 23
9718 35
9720 20
9721 25
9719 50
9722 29
9723 33
9724 36
9726 25
9725 58
9727 40
9728 29
9729 30
9730 30
9731 33
9732 37
9733 29
9734 29
9735 32
9736 31
9737 33
9738 32
9739 24
9740 33
9741 28
9742 32
9743 26
9744 29
9745 41
9746 35
9747 26
9748 30
9749 34
9750 37
9751 30
9752 20
9753 35
9754 37
9755 29
9756 23
9757 22
9758 41
9759 38
9761 31
9762 31
9763 23
9764 29
9765 35
9766 28
9760 101
9768 29
9767 58
9770 25
9769 47
9771 23
9773 23
9774 27
9775 25
9772 68
9776 30
9777 26
9778 38
9779 24
9781 26
9782 22
9780 62
9783 29
9784 23
9785 32
9786 41
9788 26
9787 42
9789 26
9790 25
9791 28
9792 33
9793 46
9795 26
9794 52
9796 44
9797 33
9798 29
9799 29
9801 25
9803 19
9800 59
9802 39
9804 26
9805 16
9806 44
9807 29
9808 45
9809 39
9811 23
9812 38
9810 64
9813 31
9814 35
9815 35
9816 30
9817 27
9818 40
9819 55
9821 31
9820 55
9822 33
9823 49
9824 45
9825 29
9826 26
9827 32
9828 38
9829 29
9830 44
9831 36
9832 32
9833 28
9834 33
9835 29
9836 35
9837 36
9840 26
9838 57
9839 58
9841 29
9842 31
9843 28
9844 37
9845 25
9846 38
9847 29
9848 23
9849 31
9850 38
9851 34
9852 34
9854 36
9855 28
9853 54
9856 22
9857 34
9858 36
9859 43
9860 29
9862 20
9861 48
9863 27
9865 26
9864 45
9866 23
9867 32
9869 29
9870 38
9871 25
9868 67
9872 26
9874 23
9875 23
9873 49
9877 25
9878 26
9876 55
9879 26
9880 32
9881 28
9882 33
9883 32
9884 26
9885 28
9887 26
9886 40
9888 34
9889 37
9890 29
9891 26
9892 28
9893 35
9894 41
9895 46
9896 46
9897 37
9899 28
9898 45
9900 25
9901 22
9902 20
9904 23
9903 41
9905 30
9906 23
9907 28
9908 41
9909 31
9910 29
9911 25
9912 28
9914 35
9913 55
9915 29
9916 29
9917 32
9919 35
9918 53
9920 41
9921 31
9923 25
9924 17
9922 55
9925 28
9926 14
9927 17
9928 30
9929 23
9930 32
9931 35
9933 29
9934 26
9932 53
9935 27
9936 37
9938 26
9939 22
9937 57
9941 23
9943 23
9940 59
9942 53
9944 39
9945 33
9946 29
9947 26
9948 55
9949 48
9951 20
9950 42
9952 29
9953 29
9954 40
9955 37
9956 28
9957 35
9958 42
9959 29
9960 33
9961 26
9962 26
9963 20
9964 29
9965 32
9966 28
9967 32
9968 20
9969 29
9970 26
9971 23
9972 29
9973 36
9974 34
9976 22
9975 40
9977 45
9978 29
9979 33
9980 23
9981 23
9982 32
9983 32
9985 23
9986 26
9984 52
9987 23
9989 29
9990 28
9988 50
9991 27
9993 35
9992 51
9995 31
9996 23
9994 54
9997 34
9998 26
10000 26
9999 40
10001 37
10002 45
10003 37
10005 14
10004 34
10006 38
10007 27
10008 30
10009 26
10010 38
10011 28
10013 20
10012 45
10014 29
10015 37
10016 26
10018 28
10019 17
10017 55
10020 33
10021 25
10022 35
10023 23
10024 23
10025 20
10026 29
10027 23
10028 30
10029 35
10030 29
10031 37
10032 23
10034 30
10035 28
10036 26
10033 63
10037 32
10038 48
10039 31
10041 36
10040 52
10042 32
10043 23
10044 20
10045 28
10046 22
10047 33
10048 37
10049 35
10050 32
10051 25
10052 29
10053 48
10054 38
10055 26
10056 35
10058 27
10057 41
10059 33
10060 34
10061 26
10062 32
10063 29
10064 23
10065 24
10066 23
10067 29
10068 48
10070 26
10069 39
10071 34
10072 26
10073 29
10074 25
10075 29
10076 45
10077 35
10079 27
10078 63
10081 35
10080 58
10083 35
10082 50
10084 38
10086 35
10085 60
10089 23
10087 62
10088 50
10090 29
10091 34
10092 36
10094 32
10095 26
10093 49
10097 12
10098 26
10096 62
10099 30
