101 20
104 21
107 18
110 15
113 12
116 21
122 19
114 28
115 28
117 26
103 41
121 26
109 41
124 26
129 22
119 33
120 32
106 48
125 29
127 27
131 23
111 44
118 37
144 11
128 28
102 55
123 34
138 19
142 15
108 50
136 23
148 11
130 30
112 49
132 29
141 20
143 18
105 57
126 36
145 17
155 7
100 64
134 30
147 17
154 13
157 11
146 23
150 19
152 17
153 16
135 35
140 30
149 23
151 22
156 17
139 36
161 14
158 20
133 46
159 21
163 17
162 19
167 14
171 11
137 47
160 24
170 14
164 21
168 17
165 22
166 22
169 19
174 17
172 20
181 11
176 17
178 17
173 23
179 17
183 14
185 12
175 23
177 23
184 17
192 10
180 23
182 21
190 14
193 11
186 23
187 23
189 21
188 23
191 20
194 17
195 16
196 15
199 14
202 14
197 20
200 19
198 23
201 20
207 19
203 26
206 23
217 12
209 22
223 8
213 20
211 23
220 15
215 23
216 22
227 11
205 34
225 14
214 26
221 20
219 23
232 11
204 40
210 34
208 37
230 17
233 14
228 20
212 37
235 14
222 28
231 20
240 11
218 34
229 23
238 14
224 36
236 24
237 23
226 35
245 20
239 27
234 34
244 26
253 17
260 10
249 23
252 20
251 23
258 17
241 35
259 17
261 15
246 31
254 23
255 22
257 20
247 31
266 12
265 14
242 38
243 38
256 26
267 17
250 36
270 17
268 22
275 17
262 34
273 23
280 16
263 35
272 26
281 17
282 17
274 26
286 14
269 33
248 55
278 26
285 20
288 17
277 29
264 45
271 38
284 26
296 14
297 13
276 35
279 33
292 20
295 17
293 23
298 19
302 17
308 11
283 37
312 8
287 34
305 17
301 22
289 35
290 38
309 20
291 39
313 17
294 37
311 20
314 17
303 29
315 17
300 34
329 6
310 26
306 32
299 40
319 20
320 20
318 23
304 38
322 20
307 36
323 20
327 16
321 23
326 23
336 14
317 34
335 17
338 14
316 37
334 20
333 24
340 17
324 37
341 20
330 32
346 17
325 39
337 27
344 20
331 34
352 14
353 14
332 36
349 20
350 20
328 43
351 20
364 8
356 17
367 6
365 10
345 33
359 20
362 17
348 32
360 20
361 19
339 42
342 39
343 38
347 37
363 23
366 20
375 14
358 32
354 37
370 23
376 17
357 38
372 23
373 23
382 17
383 17
369 32
377 24
355 47
387 17
379 26
368 38
384 23
371 37
388 23
374 38
389 23
391 23
394 20
380 36
396 20
378 39
395 23
397 23
401 20
399 23
402 20
405 17
385 40
411 14
390 36
409 17
386 41
398 30
381 48
410 21
392 42
393 43
403 33
417 20
413 26
422 17
400 41
415 26
429 14
404 40
421 23
424 20
425 20
412 34
406 41
407 42
426 23
435 14
427 23
414 37
434 17
416 37
408 47
441 14
418 38
440 17
436 23
437 23
443 17
423 38
419 43
420 42
449 14
452 11
445 20
430 36
444 23
431 38
446 23
450 20
428 43
433 38
438 33
451 20
453 20
432 45
454 23
455 23
461 17
459 20
457 23
464 17
467 14
442 40
468 14
447 37
439 46
462 23
465 20
458 32
471 20
448 44
470 23
460 34
466 29
469 26
472 23
479 17
482 14
463 34
474 23
456 42
475 23
477 23
478 22
483 20
481 23
493 11
480 25
492 14
491 17
486 23
473 38
485 26
494 17
487 26
490 23
497 17
498 17
496 20
502 14
476 41
499 22
488 36
510 14
484 42
507 20
513 15
506 23
489 42
503 28
515 18
495 40
512 23
518 17
508 29
517 20
520 17
501 37
500 39
505 36
504 39
511 32
514 29
525 20
526 20
521 29
524 27
509 43
523 29
538 14
533 20
536 17
519 36
527 29
531 26
534 23
522 38
544 16
532 32
541 23
529 36
548 17
546 20
528 40
530 38
545 23
551 17
537 32
543 26
552 20
535 41
550 26
554 23
539 40
553 26
559 20
556 26
540 43
549 37
542 45
561 26
567 20
568 20
547 42
572 17
564 26
570 20
573 17
558 33
555 37
557 38
575 20
580 17
560 38
563 35
562 37
579 20
571 29
574 26
566 36
576 26
585 17
584 19
587 17
582 23
577 29
583 23
590 17
569 39
565 45
581 29
578 33
591 20
593 20
597 17
588 28
594 23
600 21
601 20
589 35
598 26
607 17
602 23
613 14
608 20
586 43
592 39
605 26
611 20
596 37
617 17
612 23
616 20
609 29
626 12
619 20
595 45
604 38
599 44
620 23
624 19
606 38
625 20
603 43
614 32
633 14
637 11
621 29
610 41
630 22
627 26
628 26
629 26
639 16
618 38
623 34
632 25
636 23
615 45
631 29
635 26
638 23
641 23
643 23
646 20
622 45
645 23
640 29
649 21
651 20
634 38
652 20
655 17
642 31
662 11
647 29
659 17
650 29
644 36
653 29
665 17
658 26
656 29
648 38
654 32
660 26
666 20
673 14
668 20
663 26
661 32
674 20
657 40
679 18
681 18
684 15
675 26
688 17
664 43
682 25
687 20
690 17
671 37
676 32
691 17
686 23
689 20
670 41
694 17
667 45
683 29
692 20
669 46
693 23
672 45
705 14
677 44
680 41
701 20
685 37
678 45
700 23
698 29
709 19
711 17
697 32
696 34
707 23
712 20
715 17
702 33
710 26
699 38
717 20
720 20
732 8
706 36
695 48
723 20
718 26
727 17
722 23
725 20
714 33
724 23
704 45
703 47
708 42
721 29
719 32
734 17
713 39
726 26
716 38
735 20
738 17
733 23
730 30
737 23
736 26
728 36
745 20
740 26
729 38
744 23
731 37
754 14
743 26
749 20
756 14
739 32
751 26
748 32
758 23
742 42
741 44
763 22
760 26
764 23
746 42
771 17
766 23
769 20
750 40
762 29
777 14
747 46
770 23
779 14
753 41
752 43
759 36
773 23
782 14
755 42
765 33
775 23
757 42
767 33
768 33
776 25
781 20
785 17
780 23
761 43
784 23
789 20
787 23
774 37
788 23
792 19
772 41
791 23
794 20
797 17
786 29
795 20
798 17
803 14
778 40
793 26
802 17
783 37
801 20
805 17
808 17
790 37
800 27
812 17
809 23
804 29
813 20
815 20
796 41
816 23
827 14
799 44
814 29
824 20
806 40
811 35
818 29
821 26
807 41
825 23
831 17
830 20
823 29
826 26
829 23
817 36
848 6
819 37
810 47
838 20
820 39
822 37
835 26
837 26
841 22
843 20
844 20
828 37
839 27
842 26
845 23
853 17
850 21
832 40
849 23
847 26
856 17
834 40
836 40
833 45
846 32
857 21
858 20
861 20
851 32
868 17
854 34
865 23
866 23
852 38
867 23
840 51
875 17
869 26
859 37
855 42
877 20
863 36
879 20
874 26
880 20
889 11
860 43
862 41
883 20
872 32
876 29
886 20
870 40
890 20
893 17
892 20
864 49
887 26
885 29
882 34
891 26
873 45
871 49
895 26
878 44
884 41
881 45
909 17
911 17
888 41
903 26
906 23
902 29
901 32
904 29
907 26
910 23
919 14
922 11
905 29
908 26
912 23
896 40
897 42
898 42
917 23
920 20
926 15
914 29
924 20
932 14
900 47
921 26
894 54
899 49
913 35
925 23
928 20
927 23
930 20
933 17
931 20
929 23
915 39
939 17
940 17
916 42
941 17
918 41
942 17
937 23
943 17
938 23
944 17
936 26
947 17
923 43
952 14
950 20
953 17
945 26
949 23
934 40
935 39
948 26
951 23
958 20
954 26
969 11
966 17
964 20
968 16
960 26
956 31
946 42
972 17
973 17
970 22
967 26
955 39
965 29
977 17
971 24
976 23
962 38
963 37
978 23
984 17
957 45
979 23
961 44
988 17
959 49
974 35
1000 11
989 23
987 26
993 20
982 32
992 23
990 26
997 20
975 44
985 36
981 41
980 44
996 29
1005 20
986 40
1003 23
994 34
999 29
1008 20
1006 23
1018 11
983 49
995 40
1001 34
1012 23
991 46
1002 37
1013 26
1004 37
1015 26
998 44
1021 23
1027 17
1025 20
1017 29
1026 20
1011 39
1009 43
1029 23
1035 17
1030 23
1007 47
1031 23
1010 45
1032 23
1042 14
1019 38
1037 20
1014 45
1016 44
1020 40
1038 23
1033 29
1022 41
1024 39
1039 24
1040 23
1023 41
1045 20
1047 20
1054 15
1044 26
1028 43
1046 26
1049 23
1053 20
1056 17
1052 23
1036 40
1050 26
1034 43
1048 32
1041 40
1055 26
1059 23
1064 20
1067 17
1062 23
1043 43
1060 26
1072 14
1061 26
1070 17
1065 23
1066 23
1051 40
1069 23
1084 9
1079 17
1082 14
1057 40
1077 20
1063 39
1074 29
1083 20
1086 17
1096 7
1058 46
1075 29
1081 23
1088 17
1078 29
1071 41
1091 23
1089 26
1068 49
1100 17
1092 26
1080 39
1076 44
1093 29
1105 17
1095 29
1104 20
1085 40
1087 38
1073 53
1112 14
1101 26
1107 20
1113 14
1097 33
1099 32
1102 29
1090 45
1106 29
1109 26
1098 38
1108 29
1111 26
1114 23
1103 35
1094 48
1122 20
1117 26
1120 23
1116 29
1126 20
1124 23
1129 20
1133 17
1110 43
1125 28
1132 23
1119 37
1131 26
1137 20
1136 23
1115 45
1123 37
1139 23
1118 45
1143 20
1141 23
1151 13
1142 23
1140 26
1127 40
1157 11
1138 31
1155 14
1147 23
1121 52
1144 29
1153 20
1145 29
1128 47
1130 45
1152 23
1135 41
1156 20
1148 29
1154 23
1134 44
1161 23
1170 14
1162 26
1163 26
1169 20
1172 17
1171 20
1159 33
1166 26
1167 26
1174 20
1146 50
1149 47
1179 17
1158 40
1181 17
1173 26
1176 23
1150 50
1184 17
1177 26
1164 40
1175 29
1187 17
1183 23
1193 13
1160 47
1165 45
1185 26
1168 44
1186 26
1189 26
1199 17
1190 27
1194 23
1192 26
1195 23
1196 23
1180 40
1191 29
1197 23
1203 17
1182 39
1200 23
1208 17
1178 49
1202 26
1214 17
1188 46
1209 26
1224 11
1204 33
1211 26
1216 23
1219 20
1201 41
1225 17
1217 26
1215 29
1210 35
1228 17
1220 26
1223 23
1226 20
1198 49
1218 29
1221 26
1207 41
1205 45
1229 23
1227 26
1230 23
1234 20
1206 49
1212 43
1235 20
1244 11
1232 26
1240 20
1238 23
1237 26
1243 20
1213 51
1250 14
1233 32
1231 35
1252 14
1222 47
1245 26
1251 20
1253 19
1236 37
1241 32
1248 26
1263 11
1247 29
1257 23
1259 23
1262 20
1265 20
1258 29
1261 26
1239 49
1242 47
1272 17
1256 34
1264 26
1268 23
1269 23
1275 17
1254 39
1270 23
1246 49
1273 25
1249 50
1260 39
1271 29
1266 36
1284 20
1255 51
1293 14
1282 26
1291 17
1281 29
1294 17
1278 34
1267 46
1274 39
1290 23
1277 37
1289 26
1298 17
1288 29
1276 44
1296 26
1308 14
1303 20
1283 41
1287 37
1279 47
1306 20
1280 48
1314 17
1310 23
1313 20
1312 23
1285 51
1319 17
1286 52
1292 46
1315 23
1295 44
1316 23
1322 17
1299 41
1302 39
1304 37
1317 26
1327 17
1297 48
1325 20
1309 37
1320 26
1323 23
1307 40
1321 26
1301 47
1331 17
1326 23
1329 20
1324 26
1328 23
1300 52
1305 49
1311 43
1332 23
1333 26
1336 23
1339 23
1341 23
1342 23
1330 36
1347 20
1318 50
1345 23
1348 20
1350 20
1346 26
1349 23
1355 23
1353 26
1354 26
1357 23
1338 43
1337 47
1358 26
1361 23
1334 51
1362 23
1366 20
1369 17
1340 48
1356 32
1335 54
1360 29
1363 26
1376 14
1371 20
1343 51
1374 20
1344 51
1351 46
1368 29
1383 14
1367 32
1382 17
1359 43
1352 51
1386 20
1388 20
1370 39
1389 20
1390 20
1380 32
1387 26
1364 50
1391 23
1397 17
1398 17
1381 35
1365 52
1372 45
1394 23
1396 23
1373 48
1395 26
1379 43
1409 13
1375 48
1406 17
1377 47
1384 40
1404 20
1402 23
1392 36
1405 23
1408 20
1400 29
1378 53
1414 17
1412 20
1407 26
1385 49
1393 41
1413 23
1416 20
1419 17
1411 26
1420 17
1417 23
1399 43
1401 42
1423 20
1421 23
1422 23
1424 23
1425 23
1403 46
1418 32
1426 26
1429 23
1427 26
1428 26
1441 13
1431 26
1435 23
1442 17
1415 45
1434 26
1432 29
1410 52
1440 23
1445 20
1446 20
1444 23
1443 26
1437 34
1448 23
1433 40
1454 20
1447 29
1430 47
1452 26
1453 25
1436 43
1469 11
1464 17
1460 23
1463 20
1455 29
1439 46
1462 26
1438 51
1466 23
1458 32
1456 35
1468 23
1470 23
1449 46
1474 23
1475 23
1450 49
1479 20
1467 33
1451 50
1472 29
1481 20
1477 25
1457 46
1478 26
1459 47
1484 23
1461 48
1483 26
1485 26
1480 32
1492 23
1490 26
1493 23
1473 44
1465 53
1476 42
1498 20
1471 48
1482 37
1496 23
1491 29
1499 23
1495 29
1497 29
1509 17
1504 23
1514 14
1500 29
1487 43
1502 29
1488 44
1503 29
1512 20
1515 17
1489 44
1513 23
1516 20
1494 43
1510 29
1519 20
1486 55
1521 20
1505 38
1523 20
1529 14
1517 29
1518 29
1527 20
1525 23
1501 50
1506 45
1531 20
1526 26
1532 20
516 1037
1534 20
1528 27
1507 50
1533 24
1508 50
1530 29
1537 26
1511 53
1538 26
1543 23
1550 17
1520 49
1522 47
1540 31
1545 26
1524 49
1546 29
1549 26
1552 23
1535 41
1556 20
1559 17
1548 29
1544 34
1562 17
1557 23
1560 20
1555 26
1558 23
1536 47
1565 20
1539 47
1542 44
1563 23
1541 47
1568 20
1547 42
1570 20
1567 26
1564 32
1573 23
1551 46
1581 17
1576 23
1575 26
1578 23
1554 48
1571 32
1577 26
1586 17
1561 44
1566 39
1579 26
1580 26
1553 56
1583 27
1591 20
1574 38
1584 29
1590 23
1589 26
1596 20
1593 26
1569 51
1572 49
1595 26
1594 29
1603 20
1602 23
1600 26
1610 17
1613 14
1608 20
1587 43
1599 32
1614 17
1609 23
1582 51
1606 27
1585 49
1588 47
1605 32
1598 40
1592 48
1623 17
1621 20
1628 14
1597 46
1601 43
1607 38
1617 29
1604 44
1620 29
1624 26
1622 29
1631 20
1629 23
1641 14
1633 23
1636 20
1642 14
1640 17
1632 26
1635 23
1612 47
1627 32
1619 42
1644 17
1615 47
1645 17
1611 53
1647 17
1616 49
1639 26
1646 20
1651 17
1637 32
1618 53
1626 46
1625 49
1630 44
1634 40
1662 14
1654 23
1650 29
1653 26
1660 20
1638 43
1659 23
1657 26
1652 32
1661 26
1663 26
1649 41
1658 32
1664 26
1670 20
1643 49
1667 26
1648 48
1673 23
1655 42
1668 29
1674 23
1669 29
1675 23
1677 23
1680 23
1683 20
1681 23
1656 49
1665 40
1682 23
1688 17
1686 20
1678 32
1679 32
1685 26
1666 47
1684 29
1671 43
1672 42
1689 26
1692 23
1691 26
1702 15
1699 20
1697 23
1700 20
1693 29
1696 26
1694 29
1703 20
1695 29
1698 26
1708 17
1676 52
1706 23
1712 17
1687 43
1707 23
1717 17
1715 20
1716 23
1719 20
1690 51
1718 23
1710 32
1722 20
1701 42
1704 40
1713 31
1727 17
1705 42
1728 20
1731 17
1711 38
1741 8
1709 41
1733 17
1724 29
1734 20
1725 32
1735 23
1739 20
1743 17
1730 32
1742 20
1714 49
1726 37
1723 44
1720 48
1721 49
1729 41
1745 26
1755 17
1732 41
1744 29
1747 26
1753 20
1738 36
1752 23
1751 26
1736 42
1756 23
1765 14
1754 26
1740 42
1759 23
1762 23
1760 26
1766 20
1737 50
1746 41
1749 38
1758 29
1761 26
1771 17
1772 17
1778 14
1748 45
1767 26
1773 20
1769 26
1770 26
1750 47
1777 20
1781 20
1776 26
1757 47
1764 42
1775 32
1782 26
1784 26
1785 26
1788 23
1787 26
1790 23
1793 20
1791 23
1763 52
1783 32
1798 17
1774 43
1794 23
1786 32
1792 26
1795 23
1768 51
1812 8
1802 21
1807 17
1810 14
1779 46
1805 20
1803 26
1804 26
1789 42
1806 26
1780 53
1814 20
1817 20
1823 14
1811 29
1796 45
1815 26
1801 42
1820 23
1829 14
1797 47
1821 23
1799 46
1816 29
1800 47
1828 20
1831 17
1818 32
1819 32
1824 29
1809 46
1826 29
1830 26
1839 17
1813 44
1825 32
1834 23
1836 23
1808 53
1838 26
1848 19
1822 46
1843 26
1841 29
1827 46
1850 23
1832 42
1851 23
1852 23
1856 20
1835 42
1859 20
1833 49
1857 26
1840 44
1858 26
1837 48
1847 39
1863 23
1871 17
1845 45
1864 27
1881 10
1846 46
1842 51
1873 20
1868 26
1844 51
1849 46
1870 26
1875 21
1853 44
1865 32
1874 23
1877 20
1855 44
1879 20
1878 23
1854 48
1876 26
1860 43
1880 23
1861 43
1862 44
1867 42
1883 26
1887 23
1882 29
1866 48
1872 43
1886 29
1892 23
1895 20
1893 23
1890 29
1894 26
1897 23
1900 20
1869 52
1898 23
1891 32
1899 24
1906 17
1884 40
1888 40
1910 19
1912 17
1902 29
1885 48
1889 44
1909 26
1913 23
1922 14
1905 32
1917 20
1918 20
1901 40
1914 27
1903 39
1916 26
1919 23
1904 39
1896 51
1925 23
1920 29
1921 29
1924 26
1936 14
1928 23
1926 26
1929 23
1930 23
1934 20
1937 17
1907 48
1933 23
1911 47
1932 26
1935 26
1944 17
1908 55
1931 32
1939 26
1941 24
1946 20
1938 29
1915 53
1942 26
1948 20
1940 29
1923 48
1954 17
1945 29
1952 23
1955 20
1947 29
1950 26
1951 26
1962 17
1927 54
1958 23
1953 29
1956 29
1943 43
1964 26
1968 23
1966 26
1969 23
1967 26
1970 26
1949 49
1957 41
1961 38
1965 34
1973 26
1976 23
1974 26
1975 26
1963 41
1978 26
1983 21
1985 20
1977 29
1959 48
1972 37
1986 23
1987 23
1990 20
1989 23
1992 20
1984 29
1971 43
1988 26
1994 20
1996 20
1960 57
1991 26
1979 39
1995 23
2001 20
1999 23
1997 26
2000 23
1981 43
1998 26
2007 17
2002 23
2004 23
2003 26
1982 49
1980 52
1993 41
2014 20
2010 26
2022 14
2008 29
2016 23
2017 23
2015 26
2019 23
2023 26
2021 29
2011 40
2027 26
2031 23
2012 43
2029 26
2013 43
2024 32
2030 26
2005 52
2025 32
2006 52
2032 26
2035 23
2036 23
2034 26
2038 23
2009 54
2049 14
2028 37
2042 23
2043 23
2018 49
2053 17
2026 45
2040 32
2050 23
2051 23
2020 55
2052 23
2061 17
2063 17
2039 43
2065 17
2060 23
2041 43
2047 37
2033 52
2037 49
2054 32
2044 43
2045 42
2059 29
2082 8
2048 43
2056 36
2064 29
2069 26
2070 26
2071 26
2077 20
2046 52
2072 26
2055 45
2080 20
2057 45
2076 26
2075 29
2078 26
2085 20
2066 40
2083 23
2087 20
2088 20
2089 20
2092 17
2067 43
2074 36
2058 53
2091 20
2062 50
2086 26
2068 45
2073 41
2079 35
2095 23
2090 29
2093 26
2099 20
2094 26
2096 26
2098 26
2102 23
2081 45
2097 29
2103 23
2106 23
2109 20
2113 17
2111 20
2107 26
2110 26
2119 17
2115 23
2114 25
2117 23
2084 57
2112 29
2121 20
2100 42
2125 17
2126 17
2101 46
2124 26
2127 23
2104 47
2105 46
2129 23
2108 45
2130 23
2134 20
2122 35
2138 20
2142 17
2118 42
2132 29
2116 47
2123 40
2140 23
2128 37
2136 29
2137 29
2143 23
2133 34
2135 32
2147 20
2145 23
2151 17
2149 20
2148 26
2120 55
2131 44
2152 23
2141 36
2157 20
2164 13
2150 29
2159 20
2154 27
2161 20
2144 38
2162 20
2139 44
2160 23
2155 29
2153 32
2165 20
2163 23
2166 20
2170 20
2146 46
2158 34
2156 38
2171 23
2169 26
2167 29
2173 23
2174 23
2176 23
2183 20
2178 26
2184 20
2195 12
2186 23
2168 42
2191 20
2189 23
2192 20
2193 20
2179 35
2194 20
2197 17
2175 43
2198 20
2201 17
2177 42
2187 32
2190 29
2172 48
2196 26
2199 23
2180 44
2182 43
2200 26
2206 20
2202 27
2188 42
2204 26
2213 17
2214 20
2209 26
2218 17
2207 29
2210 26
2208 32
2215 29
2205 40
2222 23
2185 61
2181 66
2216 32
2228 20
2231 17
2220 29
2226 23
2236 14
2225 26
2203 49
2229 23
2224 29
2211 46
2212 45
2240 17
2227 32
2245 17
2234 29
2255 8
2235 29
2238 26
2241 23
2223 42
2242 23
2243 23
2217 50
2219 49
2248 20
2254 17
2233 39
2247 26
2251 23
2221 54
2249 26
2250 26
2253 23
2252 26
2230 49
2237 42
2257 23
2232 51
2269 14
2258 26
2244 42
2267 20
2246 42
2263 26
2239 52
2256 39
2262 34
2273 23
2279 17
2274 23
2272 26
2265 35
2261 40
2275 26
2286 17
2278 26
2260 46
2266 40
2284 22
2289 17
2281 26
2282 26
2283 26
2276 35
2288 23
2291 23
2297 17
2259 57
2270 46
2287 29
2264 53
2292 26
2298 20
2295 26
2277 46
2294 29
2303 20
2301 23
2285 40
2296 29
2271 55
2300 26
2304 23
2280 50
2302 29
2311 20
2309 23
2308 26
2306 29
2268 68
2293 44
2317 20
2310 29
2322 17
2290 51
2299 42
2315 26
2307 35
2313 29
2312 32
2326 20
2323 26
2325 26
2334 17
2305 47
2320 32
2332 20
2321 32
2330 23
2316 38
2335 20
2314 42
2328 29
2340 17
2343 14
2338 20
2341 17
2347 11
2336 23
2333 29
2329 35
2339 26
2319 47
2337 29
2349 17
2344 23
2342 26
2345 23
2331 39
2318 53
2324 47
2348 26
2346 29
2352 23
2353 23
2327 50
2350 29
2359 20
2351 29
2354 26
2358 23
2360 26
2365 26
2377 14
2366 26
2355 41
2364 33
2368 29
2362 36
2369 29
2371 27
2387 11
2367 32
2370 29
2356 45
2372 29
2382 20
2361 42
2379 26
2374 32
2380 26
2386 20
2357 50
2381 26
2392 17
2363 48
2388 23
2391 20
2393 20
2395 20
2373 43
2375 41
2383 33
2384 32
2390 26
2396 20
2399 20
2402 17
2376 44
2403 17
2398 23
2397 26
2404 20
2400 26
2385 44
2406 23
2409 20
2411 20
2415 17
2408 26
2378 58
2416 20
2389 51
2417 23
2413 29
2424 20
2401 44
2405 40
2410 35
2419 29
2422 26
2423 26
2394 57
2425 26
2407 45
2432 20
2412 43
2429 26
2440 17
2414 44
2433 26
2443 17
2435 26
2438 23
2420 42
2428 35
2431 32
2437 26
2444 20
2439 26
2450 17
2426 42
2436 32
2418 51
2427 44
2446 26
2441 32
2447 26
2442 32
2445 29
2448 26
2457 17
2421 54
2460 17
2452 26
2456 23
2465 14
2434 46
2430 52
2453 29
2463 20
2455 29
2462 23
2461 26
2475 14
2467 23
2468 23
2466 26
2473 20
2476 17
2451 43
2464 32
2470 26
2474 23
2469 29
2459 41
2477 23
2454 47
2472 29
2471 31
2449 54
2458 45
2479 26
2480 26
2486 20
2489 20
2478 32
2493 17
2484 29
2485 29
2491 23
2488 29
2494 23
2495 23
2490 29
2497 23
2492 29
2501 20
2481 41
2483 39
2487 35
2505 20
2482 44
2506 20
2498 29
2504 23
2496 32
2508 20
2500 29
2510 23
2516 17
2512 23
2513 23
2509 29
2511 29
2503 38
2515 26
2518 23
2521 20
2524 17
2502 41
2520 23
2499 46
2519 26
2522 23
2514 35
2527 23
2507 45
2523 29
2532 20
2525 29
2534 20
2530 26
2531 26
2526 32
2529 32
2535 26
2537 26
2544 20
2539 26
2543 23
2541 26
2517 51
2542 26
2538 32
2547 23
2550 20
2545 26
2549 23
2528 45
2546 29
2558 17
2556 23
2548 32
2552 29
2555 26
2567 14
2559 23
2533 50
2551 32
2554 29
2565 20
2536 50
2561 26
2557 32
2569 20
2540 51
2568 23
2566 26
2562 32
2560 36
2570 26
2571 26
2574 23
2572 26
2573 26
2579 20
2581 20
2584 17
2576 26
2578 24
2588 14
2593 11
2582 23
2577 29
2564 43
2563 46
2583 26
2587 23
2585 26
2592 20
2553 60
2586 29
2591 24
2596 20
2599 17
2597 20
2598 20
2604 14
2590 29
2594 26
2595 26
2580 42
2600 23
2575 49
2602 23
2607 20
2589 39
2611 17
2606 26
2614 20
2612 23
2610 26
2619 17
2609 29
2605 35
2601 41
2616 26
2615 29
2630 14
2620 26
2623 23
2618 29
2624 23
2603 45
2613 35
2628 20
2622 29
2625 26
2626 26
2627 26
2633 20
2621 35
2637 20
2617 41
2636 23
2631 29
2608 55
2635 29
2641 23
2644 20
2652 14
2632 35
2638 29
2629 40
2640 29
2642 29
2648 23
2650 23
2653 23
2651 26
2657 20
2649 29
2660 20
2634 47
2645 36
2647 37
2655 29
2665 20
2639 47
2643 43
2656 32
2662 26
2669 20
2646 44
2664 26
2667 23
2674 17
2654 39
2666 29
2673 23
2676 20
2661 36
2668 29
2675 23
2670 29
2681 20
2679 23
2658 45
2672 32
2682 23
2677 29
2683 23
2659 48
2684 23
2688 20
2686 23
2671 42
2687 26
2696 17
2694 20
2689 26
2691 26
2680 38
2698 20
2685 34
2697 23
2692 29
2695 26
2693 29
2706 17
2678 47
2690 35
2708 17
2663 63
2700 26
2703 23
2699 29
2705 23
2710 20
2702 29
2704 29
2711 23
2715 20
2716 20
2714 23
2717 20
2709 29
2712 26
2701 38
2707 34
2718 23
2713 29
2722 23
2725 20
2720 26
2723 23
2729 17
2721 26
2726 23
2735 14
2727 23
2719 32
2728 23
2732 20
2733 20
2731 23
2730 29
2739 20
2737 26
2741 23
2750 17
2745 23
2755 15
2742 29
2749 23
2752 20
2754 20
2743 33
2740 38
2753 26
2747 33
2748 32
2751 29
2724 59
2734 50
2738 46
2762 23
2768 17
2744 42
2764 23
2767 20
2759 29
2766 23
2758 32
2761 29
2736 55
2772 20
2773 20
2765 29
2780 14
2770 26
2756 41
2746 52
2760 40
2771 29
2769 32
2763 42
2776 29
2778 29
2784 23
2783 26
2781 29
2790 20
2779 32
2794 17
2757 56
2782 32
2789 25
2791 23
2786 29
2785 32
2797 20
2795 23
2798 20
2801 17
2793 26
2792 29
2788 35
2800 23
2799 26
2774 52
2777 49
2775 54
2804 26
2807 23
2796 36
2803 29
2812 20
2802 32
2808 26
2815 23
2823 17
2787 55
2816 26
2822 20
2806 37
2821 23
2813 32
2820 26
2818 29
2827 20
2819 32
2828 23
2811 41
2805 48
2809 45
2825 29
2829 26
2817 41
2810 49
2831 29
2834 26
2833 29
2840 23
2842 21
2830 35
2836 29
2824 42
2843 23
2849 20
2832 38
2838 32
2852 18
2814 57
2848 23
2845 27
2846 26
2844 29
2847 26
2837 37
2854 20
2855 20
2856 20
2851 26
2826 52
2835 44
2862 17
2860 23
2864 20
2861 26
2839 49
2859 29
2865 23
2841 48
2870 20
2853 39
2879 14
2868 26
2869 26
2875 20
2858 38
2867 29
2873 23
2866 32
2850 50
2871 29
2881 20
2876 26
2874 29
2863 41
2884 20
2857 48
2882 23
2877 29
2880 26
2883 23
2885 26
2891 20
2894 17
2893 20
2892 22
2900 14
2887 29
2897 20
2886 32
2895 23
2872 48
2889 35
2878 47
2899 26
2904 23
2890 38
2903 26
2907 23
2910 20
2902 29
2908 23
2911 20
2917 14
2905 29
2888 49
2898 39
2906 32
2916 23
2912 29
2896 46
2909 33
2913 29
2919 23
2901 43
2915 29
2918 26
2920 26
2922 26
2914 35
2921 29
2925 26
2923 29
2927 26
2937 17
2929 26
2933 23
2928 29
2931 26
2934 26
2926 35
2932 29
2941 20
2939 23
2936 29
2940 26
2944 23
2950 17
2948 20
2942 29
2930 42
2943 29
2952 20
2945 29
2954 20
2924 51
2947 29
2953 23
2946 32
2955 23
2969 9
2956 23
2951 29
2961 20
2935 47
2938 44
2957 26
2966 17
2958 26
2959 26
2964 21
2949 39
2965 23
2960 29
2963 29
2972 20
2967 26
2968 29
2974 23
2975 23
2973 29
2976 26
2977 28
2979 26
2988 20
2991 17
2981 29
2990 20
2980 32
2962 51
2987 26
2985 29
2986 29
2992 23
2994 23
2997 20
2978 40
2970 50
2993 29
2996 26
2971 52
2983 40
3003 20
2995 29
2999 26
3002 23
2998 29
3001 26
3011 17
3009 20
2989 41
3007 23
2984 48
3012 20
2982 52
3005 29
3017 20
3006 32
3015 23
3004 35
3013 26
3016 23
3020 20
3024 17
3019 23
3014 29
3023 20
3000 45
3025 20
3028 17
3034 14
3010 39
3032 17
3018 32
3027 26
3030 23
3022 32
3031 26
3029 29
3035 23
3033 26
3039 20
3038 23
3037 26
3040 23
3050 14
3021 44
3041 26
3047 20
3046 23
3044 26
3008 63
3026 46
3043 29
3045 27
3048 26
3036 40
3053 26
3062 17
3049 32
3052 29
3055 26
3042 40
3056 26
3065 17
3057 26
3066 17
3058 26
3064 20
3063 25
3070 20
3072 20
3061 32
3067 26
3068 26
3077 17
3060 35
3078 17
3059 38
3071 26
3083 14
3051 47
3069 29
3073 26
3080 20
3074 29
3075 29
3084 20
3082 23
3085 20
3086 20
3081 26
3054 54
3094 14
3092 17
3099 11
3079 32
3096 17
3076 38
3089 26
3095 20
3087 29
3100 16
3091 29
3097 23
3090 32
3102 20
3098 26
3107 17
3103 23
3104 26
3093 38
3105 26
3088 44
3112 20
3110 23
3113 20
3108 26
3106 29
3109 29
3116 23
3111 29
3122 20
3114 29
3117 26
3125 20
3123 23
3115 32
3118 29
3121 26
3119 29
3128 20
3101 51
3120 32
3124 29
3127 26
3132 23
3131 26
3145 14
3129 32
3135 26
3134 29
3141 23
3130 36
3138 29
3126 42
3139 29
3137 32
3152 17
3140 30
3147 23
3133 39
3156 17
3148 26
3143 32
3146 29
3153 23
3142 35
3149 29
3158 23
3136 46
3150 32
3154 29
3159 29
3165 23
3157 32
3166 23
3144 49
3173 20
3162 32
3164 30
3163 32
3161 35
3167 29
3168 29
3151 47
3181 17
3170 29
3172 29
3175 26
3180 24
3176 29
3174 32
3155 52
3160 47
3178 29
3179 29
3185 23
3177 32
3186 23
3190 23
3182 32
3188 26
3191 23
3189 26
3169 47
3194 23
3171 47
3187 32
3195 26
3200 21
3196 26
3199 26
3203 23
3207 20
3193 35
3184 45
3209 20
3183 48
3204 29
3216 17
3202 32
3208 26
3206 29
3198 38
3201 35
3205 32
3211 26
3214 23
3212 26
3213 25
3210 29
3222 20
3218 26
3219 25
3221 23
3217 29
3223 23
3227 20
3197 51
3225 23
3228 23
3231 20
3220 32
3229 23
3230 23
3233 20
3232 23
3215 41
3236 20
3192 66
3239 20
3238 23
3234 29
3235 29
3241 23
3242 23
3252 14
3244 23
3224 44
3243 26
3246 23
3245 26
3247 24
3248 23
3251 23
3254 20
3249 26
3261 17
3250 29
3253 26
3257 23
3226 58
3258 26
3256 29
3265 20
3268 17
3237 49
3255 32
3259 29
3260 29
3264 26
3262 29
3273 20
3263 32
3269 26
3276 20
3279 20
3271 29
3277 23
3275 26
3283 20
3278 26
3285 20
3274 32
3240 67
3291 17
3267 42
3270 39
3272 38
3282 29
3286 26
3289 23
3284 29
3287 26
3294 20
3292 23
3266 50
3299 17
3297 20
3295 23
3296 23
3288 32
3290 32
3300 23
3280 44
3305 20
3293 33
3303 23
3301 26
3304 23
3306 23
3309 23
3307 26
3302 32
3308 26
3298 37
3310 26
3322 14
3281 56
3311 26
3314 23
3317 20
3312 26
3313 26
3315 26
3319 23
3328 14
3318 29
3321 26
3330 17
3316 32
3325 26
3329 23
3326 29
3327 29
3331 26
3334 23
3332 26
3333 26
3324 36
3337 26
3338 26
3343 23
3320 47
3336 32
3342 26
3340 29
3350 20
3345 26
3354 17
3344 29
3348 26
3353 21
3346 29
3323 54
3339 38
3357 20
3341 38
3347 34
3355 26
3359 26
3335 51
3360 26
3365 23
3371 17
3363 29
3366 26
3372 20
3352 41
3356 37
3361 32
3362 35
3369 29
3378 20
3381 17
3349 50
3367 32
3370 29
3368 32
3374 26
3376 24
3377 23
3375 26
3351 53
3358 46
3380 26
3384 23
3379 29
3383 26
3385 26
3373 40
3390 23
3394 20
3389 26
3392 23
3393 23
3382 36
3387 32
3396 23
3364 56
3386 35
3404 20
3402 23
3399 29
3405 23
3411 17
3406 23
3409 20
3388 43
3412 20
3398 35
3401 32
3413 20
3415 20
3397 40
3417 20
3420 17
3391 48
3410 29
3416 23
3408 32
3403 39
3407 35
3395 48
3423 20
3424 20
3422 23
3425 20
3418 29
3428 20
3421 29
3400 51
3430 23
3419 35
3432 23
3427 29
3433 26
3437 23
3443 20
3435 29
3414 51
3445 20
3449 16
3434 32
3440 26
3431 37
3439 29
3441 29
3444 26
3450 20
3447 26
3453 20
3448 26
3446 29
3452 23
3426 51
3442 35
3456 23
3451 29
3462 18
3455 26
3436 46
3454 29
3458 26
3457 29
3466 20
3438 49
3429 60
3463 26
3464 26
3468 23
3465 29
3472 23
3461 35
3467 29
3470 26
3473 26
3474 26
3459 43
3460 44
3469 35
3475 29
3480 26
3483 23
3479 29
3487 21
3482 29
3489 23
3481 32
3488 26
3491 23
3484 32
3490 26
3494 23
3500 17
3495 23
3471 49
3476 46
3493 32
3499 26
3501 26
3502 26
3508 20
3497 32
3506 23
3507 23
3477 54
3478 55
3498 35
3505 29
3514 20
3520 14
3504 32
3486 52
3496 42
3510 29
3522 17
3511 29
3485 56
3512 29
3518 23
3519 23
3492 51
3517 26
3521 23
3527 17
3503 42
3525 20
3528 17
3531 17
3515 35
3524 26
3530 20
3523 30
3529 26
3513 45
3526 32
3532 26
3535 23
3533 29
3538 26
3536 29
3509 57
3540 26
3546 20
3550 17
3539 29
3542 26
3545 23
3552 17
3541 29
3544 26
3516 55
3534 38
3537 35
3543 29
3555 20
3547 29
3553 23
3551 26
3557 20
3558 20
3559 20
3548 34
3556 26
3561 23
3564 20
3571 17
3569 20
3562 29
3565 26
3560 32
3570 23
3566 28
3575 20
3568 29
3574 23
3549 49
3563 35
3572 26
3576 23
3579 20
3578 23
3554 50
3588 17
3587 20
3591 17
3577 32
3580 29
3586 23
3589 20
3581 29
3582 29
3592 20
3593 20
3583 32
3596 20
3597 20
3584 35
3594 26
3573 48
3601 20
3605 16
3567 55
3590 32
3599 26
3602 23
3612 14
3595 32
3598 29
3608 20
3603 26
3607 23
3585 46
3614 17
3600 32
3604 29
3616 20
3606 31
3609 29
3610 29
3615 26
3613 29
3625 17
3611 32
3618 25
3620 23
3619 26
3623 23
3626 20
3622 26
3630 18
3621 29
3624 26
3628 23
3632 19
3638 14
3631 23
3629 26
3636 23
3637 23
3640 20
3635 26
3633 29
3627 37
3641 23
3634 32
3647 20
3639 32
3645 26
3617 56
3644 29
3643 32
3646 29
3649 26
3652 23
3650 26
3653 23
3654 23
3656 23
3657 23
3658 23
3666 17
3648 39
3662 26
3655 34
3665 24
3667 23
3659 32
3668 23
3674 17
3663 32
3675 20
3642 54
3664 32
3677 20
3678 20
3670 29
3651 50
3676 29
3660 46
3673 35
3682 26
3691 17
3671 38
3698 11
3684 26
3693 17
3681 30
3661 52
3685 29
3688 26
3680 35
3687 29
3690 26
3696 20
3694 23
3697 20
3679 39
3689 29
3695 23
3699 20
3669 51
3710 11
3700 23
3672 54
3703 23
3683 44
3704 23
3706 23
3712 17
3701 29
3686 45
3702 32
3692 46
3714 24
3707 32
3713 26
3715 26
3718 23
3721 20
3716 26
3719 23
3708 35
3711 32
3717 26
3729 17
3723 26
3705 47
3722 30
3709 45
3725 29
3735 20
3724 32
3730 26
3736 20
3731 26
3734 23
3743 14
3727 32
3739 20
3737 23
3732 29
3741 23
3728 39
3720 48
3742 26
3745 26
3746 26
3749 23
3744 31
3752 26
3761 17
3733 46
3747 32
3765 14
3726 55
3758 23
3740 42
3756 26
3751 32
3754 29
3759 26
3762 26
3760 29
3764 26
3750 42
3763 29
3772 20
3775 17
3753 41
3755 41
3771 26
3774 23
3769 29
3773 26
3738 63
3778 23
3776 26
3790 12
3757 46
3748 56
3766 38
3767 37
3781 23
3779 26
3783 23
3782 26
3777 32
3789 20
3770 40
3784 26
3791 20
3786 29
3795 20
3793 23
3788 29
3792 26
3797 26
3796 29
3803 23
3768 59
3787 41
3807 23
3799 32
3805 26
3806 26
3809 23
3798 35
3812 23
3785 51
3819 17
3808 29
3811 26
3794 44
3780 59
3810 29
3817 23
3818 23
3804 39
3815 29
3824 20
3813 32
3800 47
3802 45
3822 26
3814 35
3820 29
3823 26
3826 23
3821 29
3816 35
3829 22
3834 17
3827 26
3825 29
3801 54
3832 23
3828 29
3830 29
3836 23
3831 29
3835 26
3837 26
3838 26
3843 23
3850 17
3842 26
3845 23
3841 29
3847 23
3839 32
3852 20
3840 35
3855 20
3851 26
3849 29
3861 17
3853 26
3857 23
3846 35
3856 26
3859 23
3833 50
3848 35
3860 23
3858 26
3867 23
3870 20
3868 23
3871 20
3863 29
3844 51
3875 20
3862 34
3869 29
3872 26
3854 45
3877 22
3873 29
3876 26
3879 23
3882 23
3874 32
3880 26
3878 32
3888 23
3881 32
3885 29
3883 32
3889 26
3898 17
3865 51
3887 29
3864 54
3866 53
3899 20
3902 17
3890 32
3893 29
3891 32
3894 29
3897 26
3910 14
3896 29
3905 20
3886 41
3904 23
3901 29
3907 23
3916 14
3900 31
3908 23
3912 20
3903 30
3911 23
3909 26
3884 52
3913 23
3906 32
3922 17
3917 26
3926 17
3892 52
3895 49
3915 32
3919 29
3928 20
3914 35
3920 29
3924 26
3929 23
3937 17
3930 26
3933 23
3925 32
3934 23
3935 23
3936 26
3940 23
3943 20
3942 26
3941 29
3949 21
3945 26
3951 20
3946 26
3952 20
3921 52
3931 42
3938 35
3932 42
3948 26
3918 57
3923 52
3939 36
3950 26
3927 51
3958 20
3947 32
3955 26
3944 38
3954 29
3963 20
3970 14
3953 32
3969 17
3956 32
3961 29
3967 23
3957 35
3972 20
3964 29
3959 38
3977 20
3966 32
3976 23
3981 20
3960 42
3973 29
3982 20
3968 35
3983 20
3975 29
3984 23
3962 47
3980 29
3990 20
3979 32
3988 23
3978 35
3971 43
3985 29
3986 29
3987 29
3994 23
3965 53
3992 26
4004 17
3993 29
3996 26
3974 49
4000 23
3989 35
3995 29
3998 26
4008 17
4001 26
4002 26
3999 32
4005 26
4003 29
4009 23
4007 26
4017 17
4006 29
4014 26
4012 29
4015 26
4010 32
4016 26
4033 11
4022 23
4025 20
3991 55
4020 26
4021 26
3997 51
4026 23
4032 17
4024 26
4027 23
4031 20
4029 23
4013 40
4019 35
4028 26
4035 20
4011 50
4037 26
4023 41
4041 23
4039 26
4030 36
4052 14
4038 29
4044 23
4018 50
4048 20
4051 17
4040 29
4036 37
4047 26
4042 32
4043 32
4046 29
4049 26
4034 42
4050 26
4045 32
4053 26
4059 20
4057 23
4063 17
4055 26
4064 20
4062 24
4066 20
4061 26
4058 30
4067 23
4054 39
4074 20
4056 41
4065 32
4068 29
4079 20
4071 29
4069 32
4072 29
4076 26
4077 26
4073 32
4084 23
4087 20
4091 17
4083 26
4082 29
4086 26
4089 23
4081 32
4070 44
4085 29
4097 17
4080 35
4092 23
4090 26
4060 57
4088 29
4095 23
4100 20
4098 26
4093 32
4096 29
4094 33
4101 26
4078 50
4113 17
4103 29
4109 23
4075 58
4107 26
4099 35
4120 14
4110 26
4104 33
4111 26
4106 32
4112 26
4121 17
4115 26
4102 42
4118 26
4119 26
4123 23
4126 20
4124 23
4116 32
4122 26
4132 17
4105 45
4108 44
4133 20
4139 14
4128 26
4131 23
4127 28
4114 42
4130 26
4129 29
4125 34
4137 23
4117 44
4141 23
4140 26
4146 20
4138 29
4148 19
4136 32
4135 34
4143 26
4144 26
4153 17
4134 38
4149 23
4154 18
4158 14
4150 23
4142 32
4151 23
4147 29
4145 32
4152 26
4159 21
4163 17
4155 26
4161 20
4156 26
4168 14
4164 20
4162 23
4157 29
4166 20
4169 17
4165 26
4160 32
4172 20
4167 29
4170 26
4184 14
4178 21
4179 20
4175 26
4181 20
4186 17
4189 14
4173 31
4182 23
4180 26
4171 38
4177 32
4183 26
4185 26
4187 26
4191 23
4195 20
4190 26
4188 29
4194 26
4192 29
4193 29
4196 26
4197 26
4174 50
4201 23
4199 26
4202 23
4176 50
4203 23
4209 17
4206 23
4204 26
4207 23
4211 23
4200 35
4212 23
4208 29
4210 29
4219 20
4205 35
4213 29
4216 26
4222 20
4198 45
4220 23
4214 32
4224 23
4223 26
4229 20
4218 32
4217 35
4221 32
4230 23
4225 29
4228 26
4226 32
4236 23
4234 26
4232 29
4238 23
4231 32
4240 23
4235 29
4215 50
4227 38
4237 29
4243 23
4247 20
4241 29
4256 14
4242 32
4248 26
4251 23
4233 43
4253 23
4254 23
4257 20
4263 17
4252 29
4258 23
4262 23
4260 26
4255 32
4261 26
4245 43
4239 51
4249 41
4259 32
4265 26
4268 23
4244 48
4266 26
4271 23
4246 49
4267 28
4272 23
4276 20
4270 29
4273 26
4274 26
4269 32
4284 23
4288 20
4287 23
4280 32
4283 29
4294 20
4264 51
4286 29
4278 38
4290 26
4250 67
4281 36
4285 32
4292 29
4298 23
4275 47
4297 26
4300 23
4303 20
4293 32
4302 23
4306 20
4296 32
4301 29
4310 20
4277 55
4279 53
4318 14
4307 26
4313 20
4305 29
4308 26
4282 53
4304 32
4291 47
4312 26
4314 24
4295 45
4323 17
4309 32
4315 26
4324 17
4316 26
4299 44
4311 35
4317 29
4320 26
4326 20
4338 9
4289 59
4327 23
4330 20
4319 32
4321 32
4336 17
4325 29
4328 29
4331 26
4329 29
4332 26
4339 20
4334 26
4337 23
4335 26
4333 29
4342 20
4340 23
4344 20
4322 45
4347 20
4345 23
4349 20
4341 31
4343 29
4350 23
4346 29
4352 23
4348 32
4355 25
4357 23
4363 17
4354 28
4356 26
4359 23
4351 32
4361 26
4364 26
4362 29
4368 23
4366 26
4367 26
4373 20
4365 29
4374 23
4353 45
4372 26
4358 41
4382 17
4371 29
4378 23
4384 17
4360 42
4377 26
4386 17
4381 23
4369 39
4379 29
4380 32
4390 23
4385 32
4387 32
4388 32
4391 29
4394 26
4392 29
4398 23
4370 52
4383 39
4389 35
4401 23
4396 29
4400 26
4407 20
4399 29
4408 20
4375 54
4397 32
4404 26
4402 29
4395 37
4410 23
4406 29
4409 26
4412 23
4376 60
4414 23
4393 46
4419 20
4423 17
4425 17
4411 32
4417 26
4415 29
4416 29
4428 17
4413 33
4418 29
4420 29
4432 17
4424 26
4427 23
4422 32
4426 29
4437 20
4433 26
4449 13
4405 58
4434 29
4440 23
4444 21
4431 35
4403 64
4429 39
4451 17
4441 29
4430 41
4439 32
4442 29
4421 51
4446 26
4456 17
4438 36
4447 27
4435 42
4436 41
4454 23
4452 26
4445 35
4458 23
4457 26
4459 26
4468 17
4460 26
4443 46
4469 20
4455 35
4464 26
4467 23
4466 26
4470 23
4450 44
4453 41
4472 23
4448 52
4474 26
4465 36
4476 26
4480 23
4484 20
4479 26
4485 20
4483 23
4487 20
4477 31
4482 26
4488 20
4491 20
4461 51
4492 20
4475 38
4481 32
4463 52
4495 20
4500 17
4486 32
4489 29
4462 57
4490 29
4473 47
4494 26
4471 50
4501 23
4478 47
4496 29
4508 17
4505 23
4509 20
4493 38
4506 26
4498 35
4504 29
4510 23
4516 17
4511 23
4503 32
4513 23
4502 35
4514 23
4512 26
4507 32
4528 15
4518 26
4520 26
4523 23
4515 32
4526 23
4532 17
4530 20
4497 55
4517 35
4521 32
4524 29
4522 32
4531 23
4499 56
4540 16
4525 32
4529 29
4535 23
4527 32
4536 23
4541 20
4538 26
4519 47
4539 29
4543 26
4537 35
4546 26
4542 32
4545 29
4544 32
4559 17
4533 45
4552 26
4558 20
4550 29
4553 26
4562 20
4554 29
4557 26
4560 23
4561 23
4564 20
4551 36
4555 32
4534 56
4548 44
4565 29
4568 26
4580 14
4567 29
4547 50
4571 26
4577 20
4563 35
4578 20
4576 23
4574 26
4566 35
4575 29
4581 23
4549 56
4569 37
4583 23
4585 23
4586 23
4589 20
4556 54
4587 23
4579 34
4572 42
4573 42
4595 23
4602 17
4570 50
4588 32
4582 40
4590 32
4594 29
4592 32
4603 23
4593 35
4597 32
4601 29
4614 17
4600 32
4591 42
4598 35
4604 29
4584 51
4609 26
4596 40
4607 30
4612 26
4615 23
4618 20
4620 19
4608 32
4611 29
4599 43
4610 32
4622 23
4617 29
4627 20
4613 35
4616 32
4619 29
4605 44
4626 26
4630 23
4631 23
4637 17
4606 50
4636 20
4628 29
4634 23
4623 35
4629 29
4632 26
4635 23
4633 26
4640 20
4625 38
4643 20
4624 43
4638 29
4621 47
4648 20
4644 26
4642 29
4645 26
4651 20
4641 31
4646 29
4652 23
4656 20
4654 23
4649 29
4655 23
4658 20
4664 17
4650 32
4653 32
4667 20
4659 29
4671 17
4660 29
4663 26
4666 23
4665 25
4662 29
4668 23
4672 23
4661 35
4639 59
4657 41
4678 20
4682 17
4674 26
4647 54
4669 32
4673 29
4676 26
4679 23
4677 26
4684 20
4680 26
4686 20
4681 26
4683 29
4691 23
4689 26
4695 20
4670 46
4690 26
4685 32
4693 26
4694 29
4696 29
4699 26
4675 52
4697 32
4703 26
4701 29
4687 44
4698 35
4704 29
4716 17
4709 26
4712 23
4721 14
4707 29
4713 23
4702 35
4705 32
4708 29
4706 32
4718 20
4717 23
4710 32
4719 23
4688 55
4692 51
4715 29
4720 26
4727 20
4722 26
4729 20
4724 26
4700 52
4726 26
4723 32
4741 14
4728 29
4731 26
4736 23
4711 49
4737 23
4714 47
4732 29
4738 23
4733 29
4734 29
4730 35
4739 26
4742 26
4748 20
4740 29
4735 35
4751 20
4746 29
4749 26
4747 29
4725 53
4755 23
4756 23
4745 35
4752 29
4750 32
4753 29
4765 17
4757 26
4763 20
4761 23
4759 26
4754 32
4760 29
4744 46
4743 48
4762 29
4771 20
4766 26
4767 26
4768 26
4774 20
4758 38
4769 29
4775 23
4776 23
4778 23
4770 32
4780 23
4781 23
4773 32
4783 23
4786 20
4779 29
4784 26
4785 26
4789 23
4782 32
4787 27
4764 52
4788 29
4798 20
4790 29
4793 26
4792 29
4801 20
4772 50
4794 29
4797 26
4800 23
4803 20
4796 29
4802 23
4795 32
4804 23
4807 20
4799 29
4808 20
4777 53
4805 26
4810 23
4791 43
4809 26
4817 20
4806 32
4816 23
4819 20
4814 26
4812 29
4815 26
4813 32
4818 29
4831 17
4822 29
4825 26
4823 29
4829 23
4838 14
4811 43
4828 26
4826 29
4827 29
4820 37
4846 14
4824 37
4835 26
4830 32
4836 26
4839 26
4849 17
4821 47
4845 23
4832 38
4837 35
4840 32
4852 20
4841 32
4850 23
4851 23
4843 32
4834 42
4847 29
4844 38
4853 29
4856 26
4855 29
4858 26
4867 17
4859 29
4865 23
4863 26
4869 20
4842 48
4868 23
4866 26
4861 32
4833 61
4864 32
4862 35
4874 23
4875 23
4871 29
4885 17
4880 23
4876 29
4854 52
4877 29
4889 17
4848 59
4879 29
4882 26
4883 26
4884 26
4894 17
4888 26
4891 23
4890 26
4872 46
4878 41
4881 41
4873 51
4892 32
4898 26
4893 32
4896 29
4902 23
4860 66
4895 32
4901 26
4870 59
4897 32
4905 26
4909 22
4906 26
4907 26
4857 77
4899 35
4886 51
4903 35
4914 24
4916 23
4926 14
4912 29
4887 55
4913 29
4900 43
4908 35
4917 26
4928 17
4910 37
4920 29
4927 23
4921 32
4922 32
4904 51
4935 20
4924 32
4931 26
4911 47
4923 35
4930 29
4933 26
4936 23
4942 17
4929 32
4919 43
4932 30
4915 48
4937 26
4948 17
4939 29
4940 29
4949 20
4944 26
4945 26
4950 24
4952 25
4946 32
4955 23
4943 36
4953 26
4959 20
4951 29
4957 23
4918 64
4947 35
4956 26
4962 20
4965 17
4969 14
4934 50
4938 46
4954 32
4961 26
4966 23
4925 65
4958 32
4967 23
4963 29
4973 20
4974 20
4972 23
4941 55
4968 29
4964 35
4971 29
4970 32
4977 26
4960 44
4975 29
4978 26
4984 20
4976 29
4979 26
4982 23
4986 20
4987 23
4980 32
4983 29
4989 23
4990 23
4985 29
4994 20
4992 23
4988 29
4991 26
4999 20
4993 29
4998 26
4981 45
5007 20
4996 32
5002 26
5004 26
4995 39
5011 23
5001 35
5005 32
5008 29
5010 29
5012 29
5019 23
4997 46
5006 38
5009 35
5013 32
5016 29
5018 29
5022 26
5023 26
5025 26
5024 29
5028 26
5003 52
5038 17
5000 56
5021 35
5036 20
5017 41
5029 29
5014 45
5033 26
5042 17
5034 26
5035 26
5039 26
5027 39
5031 35
5043 23
5030 38
5026 43
5037 32
5040 29
5046 23
5041 29
5045 26
5049 23
5047 26
5050 26
5020 57
5032 45
5058 20
5053 26
5059 20
5015 65
5051 29
5054 29
5044 41
5060 26
5069 17
5055 32
5071 17
5048 41
5063 27
5067 23
5066 26
5075 17
5064 29
5056 41
5065 32
5074 23
5052 46
5072 29
5062 40
5076 26
5081 23
5084 20
5073 32
5082 23
5085 20
5077 29
5078 29
5079 29
5080 29
5083 26
5086 23
5089 20
5093 17
5088 23
5057 56
5061 53
5070 44
5087 29
5090 26
5091 29
5094 29
5097 26
5102 23
5068 59
5104 23
5107 20
5096 32
5095 35
5101 29
5110 20
5099 32
5105 26
5098 35
5109 26
5092 44
5108 29
5114 23
5106 32
5118 20
5113 26
5123 17
5103 38
5117 26
5111 33
5121 23
5119 26
5122 23
5120 26
5126 20
5115 32
5116 32
5100 53
5112 41
5128 29
5127 33
5129 32
5132 29
5138 23
5130 32
5134 29
5137 26
5135 29
5139 29
5143 26
5146 23
5141 29
5140 32
5144 29
5124 50
5125 49
5151 23
5149 26
5152 23
5136 40
5148 29
5155 23
5131 48
5147 32
5154 26
5157 23
5161 20
5150 32
5162 20
5160 23
5142 43
5156 29
5133 53
5145 42
5159 29
5165 23
5163 26
5166 26
5172 20
5164 29
5170 23
5153 43
5167 29
5179 17
5168 29
5175 26
5173 29
5180 23
5178 26
5176 29
5171 35
5169 38
5181 29
5185 26
5158 54
5183 29
5184 29
5193 20
5188 26
5189 26
5177 39
5187 29
5191 25
5199 17
5194 23
5192 26
5198 20
5174 45
5190 29
5197 23
5203 20
5201 23
5204 20
5196 29
5209 20
5182 48
5195 35
5202 29
5186 46
5210 23
5205 29
5214 20
5206 29
5212 23
5211 26
5213 24
5221 17
5207 32
5216 26
5218 26
5208 37
5225 20
5220 26
5200 47
5224 23
5222 26
5223 26
5228 23
5217 35
5227 26
5232 25
5226 32
5230 29
5231 29
5237 23
5235 26
5215 48
5234 29
5233 32
5240 26
5229 38
5238 29
5236 32
5219 50
5243 26
5244 26
5242 29
5246 26
5253 20
5248 26
5241 35
5250 26
5245 32
5247 32
5259 20
5249 32
5264 20
5255 32
5261 26
5267 20
5262 26
5239 50
5263 29
5269 23
5272 20
5265 29
5268 26
5266 29
5254 43
5271 26
5270 29
5274 26
5277 23
5280 20
5278 23
5273 29
5282 20
5252 52
5276 29
5279 26
5251 57
5256 52
5294 14
5257 52
5283 26
5275 35
5281 29
5258 53
5289 23
5284 29
5290 23
5287 29
5285 32
5288 29
5291 26
5260 60
5292 29
5293 29
5303 23
5311 17
5306 23
5297 35
5298 35
5286 48
5314 20
5307 29
5310 26
5302 35
5308 29
5317 20
5312 26
5301 38
5299 42
5313 29
5320 23
5318 26
5323 23
5315 32
5327 20
5295 53
5316 32
5319 29
5322 26
5300 50
5325 26
5332 20
5328 26
5331 23
5326 29
5329 26
5330 26
5335 23
5296 64
5304 57
5344 17
5336 26
5334 29
5309 55
5341 23
5339 26
5305 63
5338 32
5342 29
5348 23
5337 35
5340 32
5343 29
5321 52
5324 50
5350 26
5351 26
5357 20
5349 29
5358 23
5347 35
5356 26
5365 17
5354 29
5360 23
5352 32
5359 26
5355 32
5333 56
5363 26
5366 23
5353 37
5361 29
5362 29
5369 24
5368 26
5346 49
5364 32
5370 26
5345 52
5372 26
5380 20
5382 20
5374 29
5386 17
5375 29
5384 20
5376 29
5379 26
5371 35
5377 29
5378 29
5385 23
5383 29
5390 23
5392 23
5393 23
5391 26
5367 51
5373 45
5389 29
5402 17
5388 32
5387 35
5396 26
5394 29
5395 29
5401 23
5399 26
5398 29
5408 20
5397 32
5403 29
5415 17
5411 23
5410 26
5404 35
5409 32
5412 29
5414 29
5417 26
5400 44
5419 26
5381 65
5420 26
5427 20
5416 32
5422 26
5426 23
5418 32
5413 38
5425 26
5406 48
5421 33
5431 23
5434 20
5407 48
5435 23
5438 20
5424 35
5430 29
5405 55
5429 32
5432 29
5436 26
5444 20
5439 26
5447 20
5442 26
5437 32
5440 29
5455 14
5423 47
5451 20
5443 29
5449 23
5441 32
5445 29
5456 20
5448 29
5446 32
5428 51
5453 29
5433 54
5457 32
5460 29
5466 23
5461 29
5467 23
5459 32
5469 23
5458 35
5464 29
5462 32
5465 29
5468 26
5473 23
5452 46
5475 23
5463 37
5481 20
5454 48
5471 32
5476 29
5477 29
5478 29
5482 26
5450 59
5480 29
5486 26
5484 29
5487 26
5496 17
5494 20
5472 43
5489 26
5479 37
5490 26
5485 32
5497 20
5492 26
5499 20
5491 29
5470 52
5505 17
5500 23
5495 29
5474 51
5503 23
5498 29
5493 35
5506 23
5502 29
5508 23
5509 26
5518 17
5483 54
5511 26
5520 17
5512 26
5510 29
5507 35
5514 29
5523 23
5526 20
5501 46
5521 26
5488 60
5525 23
5517 32
5524 26
5527 23
5504 47
5516 35
5519 35
5522 32
5534 20
5536 20
5531 26
5537 20
5532 26
5538 23
5544 20
5540 26
5541 26
5542 26
5515 56
5545 26
5548 23
5529 43
5533 39
5543 29
5513 60
5535 38
5550 23
5528 47
5546 29
5539 38
5552 26
5554 26
5547 35
5551 32
5563 20
5555 29
5567 17
5557 29
5553 35
5559 29
5560 29
5569 20
5561 29
5565 26
5558 35
5530 64
5562 32
5566 29
5574 23
5579 18
5575 23
5570 29
5568 32
5571 29
5576 26
5577 27
5584 20
5556 50
5549 58
5572 35
5573 35
5578 32
5588 23
5594 17
5564 48
5589 23
5592 26
5590 29
5599 20
5586 35
5595 26
5596 26
5603 20
5598 26
5601 26
5602 26
5606 23
5581 49
5582 49
5585 46
5608 23
5609 23
5583 53
5610 26
5600 38
5612 26
5604 35
5607 32
5587 54
5618 23
5616 26
5619 23
5580 63
5593 51
5615 29
5597 48
5613 32
5622 23
5591 57
5625 23
5617 32
5620 29
5623 26
5621 29
5605 47
5626 32
5635 23
5614 45
5637 22
5632 29
5627 35
5633 29
5628 35
5643 20
5638 26
5636 29
5631 35
5646 20
5641 26
5644 23
5639 29
5634 35
5640 29
5647 23
5642 29
5645 26
5630 42
5648 26
5655 20
5650 26
5624 53
5651 26
5654 23
5649 29
5657 23
5653 29
5652 32
5629 56
5662 23
5611 75
5660 26
5659 29
5663 26
5669 20
5661 29
5673 17
5656 35
5665 26
5668 23
5670 23
5666 29
5678 17
5675 23
5667 32
5677 23
5679 23
5671 32
5674 29
5683 20
5672 32
5676 29
5685 20
5658 48
5664 42
5681 26
5688 19
5690 20
5682 29
5686 26
5692 23
5691 26
5698 26
5704 20
5693 32
5696 29
5689 37
5697 29
5705 23
5684 45
5706 23
5707 23
5702 29
5700 32
5703 29
5701 32
5699 36
5732 6
5710 29
5713 26
5716 23
5695 45
5717 23
5708 35
5720 23
5712 32
5715 29
5722 23
5728 17
5714 32
5718 29
5721 26
5719 29
5724 26
5687 64
5727 26
5723 32
5726 30
5730 26
5734 23
5737 20
5709 49
5729 29
5711 49
5741 20
5736 26
5738 26
5740 26
5743 23
5735 32
5739 29
5680 90
5694 76
5725 45
5745 26
5733 39
5746 26
5749 23
5759 14
5742 32
5761 17
5756 23
5762 20
5751 32
5754 29
5763 20
5744 40
5752 32
5755 29
5731 54
5760 26
5758 29
5764 26
5767 26
5770 23
5765 29
5768 26
5766 29
5772 23
5750 46
5753 43
5776 20
5769 29
5747 53
5771 29
5748 54
5773 29
5780 23
5775 29
5774 32
5757 50
5781 26
5782 26
5777 32
5785 26
5784 29
5787 26
5794 20
5795 20
5778 39
5779 38
5788 29
5792 26
5793 26
5796 23
5791 29
5800 20
5789 32
5807 14
5783 39
5786 38
5802 23
5803 23
5801 26
5805 23
5798 32
5804 26
5790 41
5808 26
5797 38
5809 26
5812 23
5811 26
5806 32
5810 29
5813 26
5818 23
5814 29
5817 29
5820 26
5815 32
5816 32
5826 23
5838 11
5822 29
5825 26
5828 26
5831 23
5799 56
5832 23
5824 32
5827 29
5833 23
5823 35
5829 29
5835 26
5830 32
5842 20
5837 26
5843 20
5819 45
5841 23
5844 20
5836 29
5845 20
5849 20
5850 20
5848 23
5840 32
5847 26
5853 20
5839 35
5851 23
5846 29
5852 26
5859 20
5863 17
5854 29
5821 63
5856 29
5857 29
5861 26
5862 26
5860 29
5834 56
5858 32
5864 26
5867 26
5868 26
5872 23
5873 23
5876 20
5869 29
5870 29
5871 32
5877 26
5883 20
5881 23
5882 23
5891 14
5874 32
5889 17
5855 52
5878 32
5887 23
5875 38
5884 29
5879 35
5894 20
5866 49
5886 29
5890 26
5885 32
5892 26
5895 23
5888 32
5865 57
5896 26
5899 23
5880 43
5897 26
5898 26
5900 32
5903 29
5906 26
5909 23
5915 17
5907 26
5910 23
5912 23
5904 33
5914 23
5916 23
5917 23
5893 48
5913 29
5902 44
5911 35
5918 29
5924 23
5927 20
5919 29
5922 26
5920 29
5926 23
5908 42
5901 51
5921 32
5930 23
5905 49
5932 23
5929 29
5939 20
5934 26
5935 26
5931 32
5940 23
5949 14
5933 32
5942 23
5928 38
5937 29
5950 17
5923 46
5947 23
5936 35
5941 32
5951 23
5943 32
5944 32
5957 19
5952 26
5955 26
5938 44
5953 29
5956 26
5946 38
5958 26
5925 60
5959 26
5962 26
5968 20
5961 29
5964 26
5970 20
5965 26
5960 32
5963 30
5945 49
5974 20
5973 23
5948 50
5966 32
5969 29
5967 32
5976 23
5971 29
5972 29
5978 23
5981 20
5954 49
5988 17
5980 26
5975 32
5983 26
5982 29
5986 26
5977 38
5995 20
5990 26
6001 17
5984 35
5993 26
5994 26
6000 20
5992 29
6002 20
5991 32
6003 20
5998 26
5996 29
5997 29
6007 20
5987 44
6012 23
6010 26
6008 29
6009 29
6011 27
6004 35
6016 23
5979 62
5985 56
6015 26
5999 43
6014 29
6013 32
6023 23
6018 29
6019 29
5989 60
6017 32
6005 48
6006 47
6024 29
6020 35
6026 29
6030 26
6036 20
6025 32
6029 29
6032 26
6035 23
6028 32
6031 29
6027 35
6037 26
6044 20
6053 14
6033 35
6039 29
6051 17
6046 23
6049 20
6038 32
6047 23
6040 32
6042 32
6021 56
6022 55
6041 37
6043 35
6052 26
6048 32
6034 47
6050 32
6045 38
6054 29
6057 26
6055 29
6058 26
6056 29
6060 26
6059 29
6065 26
6084 7
6069 23
6070 23
6063 33
6064 32
6067 29
6080 17
6082 17
6068 32
6071 29
6074 26
6077 23
6061 40
6072 29
6083 20
6086 17
6075 29
6076 29
6066 41
6079 32
6081 32
6094 20
6062 53
6087 29
6096 20
6085 32
6073 45
6089 29
6093 26
6092 29
6090 32
6088 35
6103 20
6095 29
6078 47
6098 29
6099 29
6102 26
6105 23
6097 32
6100 32
6110 23
6091 45
6107 29
6113 23
6117 20
6115 23
6116 23
6108 32
6114 26
6109 32
6118 23
6121 23
6111 35
6120 26
6130 17
6119 29
6131 17
6123 26
6122 29
6127 26
6101 53
6125 29
6104 51
6106 49
6129 26
6124 32
6128 29
6135 23
6133 26
6126 35
6139 23
6134 29
6137 26
6112 52
6132 32
6142 26
6140 29
6143 26
6138 32
6141 29
6147 23
6136 35
6149 23
6152 20
6145 29
6150 26
6148 29
6153 26
6159 20
6156 26
6144 39
6151 32
6146 38
6164 20
6154 31
6165 20
6157 29
6161 26
6163 26
6166 23
6155 35
6162 29
6168 23
6158 35
6173 23
6176 20
6167 33
6160 41
6181 20
6180 23
6169 35
6172 32
6175 29
6178 26
6184 20
6170 35
6179 26
6171 35
6182 26
6174 35
6193 17
6187 26
6188 26
6191 23
6194 20
6186 29
6192 23
6197 23
6199 23
6202 20
6183 40
6189 34
6198 26
6190 35
6196 29
6206 20
6207 20
6205 23
6177 52
6195 35
6201 29
6212 20
6211 23
6200 35
6214 21
6210 26
6215 23
6213 26
6204 36
6208 32
6217 23
6223 17
6209 32
6225 17
6216 29
6219 26
6218 32
6221 29
6228 23
6220 32
6229 23
6185 68
6230 26
6242 14
6203 54
6224 35
6227 32
6231 29
6233 29
6236 26
6244 20
6247 17
6239 26
6248 17
6232 35
6235 32
6241 26
6234 34
6240 29
6226 46
6245 29
6237 38
6249 26
6253 23
6256 23
6260 20
6261 23
6259 26
6251 35
6268 20
6222 67
6257 32
6262 29
6271 20
6263 29
6250 43
6264 29
6270 23
6266 29
6267 29
6252 45
6238 60
6243 56
6276 26
6274 29
6284 19
6275 29
6279 26
6254 53
6272 35
6269 39
6282 26
6255 54
6278 32
6281 29
6287 23
6297 14
6246 66
6258 54
6283 29
6285 29
6277 38
6286 29
6289 26
6292 23
6265 52
6288 29
6294 23
6280 38
6295 23
6298 23
6290 32
6273 50
6304 20
6299 26
6301 29
6307 23
6305 26
6303 29
6291 44
6306 29
6309 26
6296 40
6302 35
6308 29
6315 23
6316 23
6311 29
6320 20
6313 29
6321 23
6314 32
6300 47
6312 35
6293 56
6317 32
6318 32
6324 26
6322 29
6310 42
6323 29
6319 34
6333 20
6329 26
6332 26
6325 34
6339 20
6331 29
6334 26
6337 26
6340 23
6338 29
6342 26
6345 23
6335 35
6326 45
6327 44
6347 26
6341 35
6336 42
6349 29
6352 26
6350 29
6348 32
6343 38
6358 23
6356 26
6328 55
6330 53
6354 29
6363 20
6360 26
6366 20
6364 23
6359 29
6365 23
6344 45
6375 14
6361 29
6362 29
6368 23
6355 38
6367 26
6371 23
6372 23
6346 50
6370 26
6373 26
6351 49
6378 23
6382 20
6353 51
6381 23
6380 26
6376 32
6379 29
6385 23
6383 26
6388 23
6369 44
6384 29
6357 58
6386 29
6389 26
6390 26
6393 29
6394 29
6392 32
6396 29
6391 35
6400 26
6395 32
6387 41
6405 23
6397 32
6404 26
6407 23
6410 20
6398 33
6399 32
6403 29
6374 60
6377 57
6402 35
6408 29
6413 26
6411 29
6414 26
6420 20
6426 14
6421 20
6409 35
6412 32
6415 29
6418 26
6422 23
6419 29
6425 23
6401 48
6417 32
6423 26
6424 26
6427 23
6431 23
6435 20
6438 17
6433 23
6436 20
6429 29
6416 44
6439 23
6428 35
6430 35
6437 29
6449 20
6441 29
6444 26
6434 38
6440 32
6447 26
6448 26
6451 23
6443 32
6453 23
6406 71
6464 17
6459 23
6465 17
6445 38
6457 26
6461 23
6446 39
6450 35
6469 17
6442 46
6462 26
6454 35
6460 29
6463 26
6455 35
6458 32
6432 61
6473 20
6452 42
6456 38
6468 26
6466 29
6467 29
6478 23
6474 29
6477 26
6472 32
6476 29
6485 20
6483 23
6487 20
6482 26
6486 23
6492 17
6481 29
6491 20
6471 41
6484 32
6480 38
6490 29
6493 26
6470 51
6504 17
6475 49
6496 29
6494 32
6495 32
6498 29
6501 26
6502 26
6503 26
6513 17
6511 20
6499 35
6489 46
6500 35
6479 57
6510 26
6505 32
6508 29
6514 23
6506 32
6512 26
6515 23
6518 20
6488 51
6516 26
6523 23
6524 23
6507 41
6519 29
6525 23
6517 32
6520 29
6497 53
6526 26
6522 32
6529 26
6527 29
6533 23
6532 26
6530 29
6536 23
6539 20
6538 23
6531 32
6537 26
6540 23
6509 55
6521 47
6528 40
6534 35
6541 29
6547 23
6542 29
6546 26
6544 29
6551 23
6549 26
6545 32
6560 17
6543 35
6548 32
6554 26
6557 23
6552 29
6553 29
6559 23
6535 48
6563 20
6566 17
6562 23
6565 20
6555 32
6558 29
6561 26
6550 40
6556 35
6571 20
6574 20
6569 29
6570 29
6585 14
6577 23
6572 29
6564 38
6567 35
6573 29
6582 20
6575 29
6590 17
6589 20
6581 29
6579 35
6591 23
6583 32
6586 29
6595 20
6584 32
6588 29
6597 23
6592 29
6598 23
6576 46
6587 35
6599 23
6568 55
6601 23
6596 29
6578 48
6594 32
6600 26
6580 48
6593 38
6611 20
6604 29
6607 26
6602 32
6605 29
6614 20
6608 29
6603 35
6609 29
6612 26
6613 26
6615 26
6610 32
6628 17
6617 29
6621 26
6622 26
6623 26
6627 26
6619 35
6639 17
6606 51
6631 26
6634 23
6626 32
6632 26
6624 35
6633 26
6640 20
6635 26
6642 20
6647 17
6616 49
6630 35
6641 26
6643 24
6618 51
6620 49
6646 23
6636 35
6637 35
6638 35
6644 29
6645 29
6650 26
6652 26
6655 23
6625 54
6653 26
6629 51
6654 26
6651 32
6660 24
6656 29
6657 29
6664 23
6663 26
6670 20
6659 32
6658 35
6662 32
6666 29
6667 29
6674 23
6669 29
6676 23
6683 17
6648 53
6672 29
6661 41
6671 32
6680 23
6668 36
6675 29
6687 17
6649 56
6673 32
6677 29
6678 29
6681 26
6665 43
6679 29
6690 20
6682 29
6685 29
6691 23
6686 29
6689 26
6707 11
6695 26
6694 29
6704 20
6705 20
6703 23
6698 29
6699 29
6697 32
6700 29
6684 46
6717 17
6693 42
6701 35
6708 29
6706 32
6709 29
6692 47
6713 26
6688 52
6718 23
6711 32
6715 29
6696 49
6716 29
6714 32
6721 26
6702 46
6725 23
6727 23
6733 17
6722 29
6720 32
6723 29
6710 47
6737 20
6729 29
6724 35
6730 29
6719 41
6735 26
6731 32
6734 29
6740 23
6732 32
6736 29
6748 17
6741 26
6742 26
6745 23
6751 17
6746 23
6738 32
6712 60
6744 29
6750 23
6739 35
6743 32
6726 50
6728 49
6757 20
6747 31
6759 20
6749 32
6761 20
6758 26
6762 23
6765 20
6754 32
6755 32
6766 23
6767 23
6760 31
6763 29
6764 29
6752 44
6773 23
6776 20
6768 29
6774 23
6769 29
6770 29
6753 49
6777 26
6775 29
6778 26
6781 23
6780 29
6783 26
6786 23
6756 55
6772 41
6790 23
6799 14
6785 29
6788 26
6782 34
6784 32
6793 23
6791 26
6794 23
6792 26
6789 32
6771 51
6787 35
6795 29
6779 46
6803 23
6813 14
6797 32
6807 23
6800 32
6802 32
6805 29
6808 26
6811 23
6809 26
6812 23
6806 32
6814 26
6817 23
6816 26
6819 23
6801 43
6815 29
6796 49
6810 38
6822 26
6823 26
6826 23
6833 17
6820 32
6824 29
6798 56
6825 29
6834 20
6840 14
6821 35
6827 29
6836 20
6839 17
6831 26
6832 26
6828 32
6829 35
6838 26
6842 23
6837 29
6841 26
6818 50
6847 23
6804 70
6849 26
6830 46
6835 42
6848 29
6851 29
6853 28
6845 38
6858 26
6850 35
6855 30
6859 26
6862 23
6860 26
6846 41
6861 26
6865 23
6854 35
6863 26
6844 47
6868 23
6864 29
6870 23
6856 38
6874 20
6877 20
6866 32
6869 29
6875 23
6878 20
6867 32
6873 26
6871 29
6843 58
6852 49
6876 26
6884 22
6872 35
6885 23
6889 20
6881 29
6886 26
6857 56
6890 23
6887 29
6899 17
6879 38
6891 26
6880 40
6882 38
6888 32
6895 26
6896 26
6892 32
6898 26
6897 29
6901 26
6893 35
6900 32
6902 32
6883 54
6905 32
6914 23
6909 29
6912 26
6915 23
6904 35
6919 20
6911 29
6918 23
6907 35
6910 32
6913 29
6916 26
6903 41
6908 38
6921 26
6924 23
6922 26
6931 17
6926 23
6935 14
6920 32
6894 60
6906 48
6927 29
6930 26
6929 29
6936 23
6939 20
6923 37
6937 23
6928 35
6934 29
6941 23
6944 20
6933 32
6942 29
6940 32
6943 29
6948 26
6932 43
6947 29
6945 32
6949 29
6917 63
6952 29
6958 23
6950 32
6953 29
6951 32
6960 23
6925 59
6955 29
6959 26
6962 23
6957 29
6956 32
6961 29
6967 23
6969 21
6938 55
6965 29
6954 41
6946 50
6979 17
6968 29
6963 35
6964 35
6970 29
6971 29
6974 26
6966 35
6973 29
6977 26
6972 32
6976 29
6980 26
6981 26
6975 35
6978 32
6996 14
6983 29
6982 32
6988 26
6989 26
6984 32
6987 29
6986 32
6990 29
6993 26
6985 35
6991 29
6992 29
6994 29
6995 29
6997 29
7009 20
6999 32
7000 32
7010 23
7002 32
7011 23
7012 23
7004 32
7007 29
7019 17
7005 32
7008 29
7014 23
7021 17
7022 17
7003 37
7006 37
7020 23
7027 17
7013 32
7017 29
7023 23
7015 32
7018 32
7024 26
7001 51
7029 26
7032 23
7031 26
7033 26
7036 23
7028 32
7035 26
7039 23
6998 66
7044 20
7025 41
7038 29
7042 26
7034 35
7043 26
7047 23
7030 41
7046 26
7049 23
7041 32
7051 26
7050 29
7052 27
7053 26
7045 35
7066 14
7056 26
7059 23
7063 20
7040 44
7054 32
7055 32
7064 23
7026 62
7037 51
7075 13
7058 32
7016 77
7061 32
7062 32
7069 26
7067 29
7073 23
7076 20
7065 32
7072 26
7081 17
7074 26
7080 20
7070 32
7057 48
7048 58
7071 35
7077 29
7079 29
7085 23
7091 17
7078 32
7082 29
7083 29
7086 26
7060 53
7084 29
7087 26
7093 20
7068 51
7089 32
7092 29
7090 32
7094 29
7103 20
7095 29
7098 26
7096 29
7109 17
7099 29
7101 29
7104 26
7102 29
7113 18
7097 35
7108 29
7117 20
7106 32
7119 20
7111 29
7120 20
7112 29
7107 35
7110 32
7122 20
7114 29
7121 23
7088 57
7126 20
7128 20
7115 34
7127 23
7116 35
7125 26
7118 35
7130 23
7134 20
7123 32
7100 57
7137 20
7129 29
7133 26
7139 20
7131 29
7140 20
7141 20
7142 20
7135 29
7138 26
7105 61
7132 34
7124 44
7143 26
7136 35
7147 24
7148 23
7149 23
7150 23
7145 29
7146 29
7144 32
7153 23
7157 20
7151 29
7166 17
7152 32
7161 23
7158 29
7159 29
7165 23
7171 17
7163 26
7173 17
7154 37
7175 20
7164 32
7167 29
7170 26
7168 29
7174 23
7160 38
7169 29
7179 23
7172 32
7178 26
7181 23
7183 23
7185 23
7177 32
7156 54
7184 26
7190 20
7176 35
7188 23
7191 20
7155 57
7189 23
7199 16
7180 36
7196 20
7186 35
7192 29
7195 26
7187 35
7193 29
7162 61
7194 29
7197 27
7201 23
7200 26
7204 23
7182 48
7198 32
7202 29
7206 26
7207 26
7215 20
7208 29
7211 26
7209 29
7212 26
7213 26
7203 38
7205 36
7222 20
7218 26
7224 20
7230 14
7225 20
7214 32
7216 32
7223 26
7221 29
7227 23
7219 32
7217 36
7220 38
7226 32
7238 20
7228 32
7234 26
7229 32
7241 20
7210 55
7236 29
7242 23
7231 35
7240 26
7244 23
7247 20
7245 23
7235 35
7233 38
7239 32
7248 23
7237 35
7252 20
7249 26
7246 32
7250 29
7256 23
7260 20
7232 51
7251 32
7262 23
7271 14
7265 23
7269 20
7258 32
7261 29
7243 48
7253 39
7263 29
7266 26
7275 17
7270 23
7259 35
7268 26
7254 41
7255 40
7274 26
7278 23
7257 46
7273 32
7276 29
7277 29
7280 29
7283 26
7272 38
7294 16
7285 26
7287 26
7288 26
7281 35
7284 32
7264 53
7291 26
7289 29
7290 29
7296 23
7297 23
7286 35
7304 23
7267 61
7293 35
7303 26
7295 35
7302 29
7309 23
7312 20
7307 26
7313 20
7299 35
7305 29
7282 53
7279 57
7310 26
7301 37
7319 20
7308 32
7317 23
7306 38
7318 26
7323 23
7298 49
7315 32
7327 20
7300 48
7316 32
7322 26
7326 23
7325 26
7321 32
7314 41
7335 20
7292 66
7324 35
7328 32
7331 29
7332 29
7339 23
7340 23
7330 35
7342 23
7311 55
7334 32
7349 17
7338 29
7344 23
7320 50
7336 35
7337 37
7351 23
7343 32
7350 26
7356 20
7329 48
7345 32
7354 23
7352 26
7347 32
7353 29
7346 37
7357 26
7360 23
7361 23
7359 26
7333 56
7341 48
7355 35
7348 43
7365 26
7363 29
7366 26
7367 26
7369 26
7373 26
7376 23
7368 32
7389 12
7379 23
7371 32
7380 23
7374 32
7378 29
7387 20
7390 17
7382 29
7385 26
7388 23
7383 29
7381 32
7384 29
7362 53
7370 45
7375 40
7392 23
7386 32
7364 55
7391 29
7372 49
7393 29
7396 26
7401 23
7395 32
7398 29
7377 51
7358 71
7399 32
7405 26
7406 26
7404 29
7407 26
7408 26
7400 35
7412 23
7402 35
7409 29
7421 17
7410 29
7411 29
7394 47
7415 26
7423 20
7397 49
7417 29
7418 29
7413 35
7420 29
7426 23
7419 32
7422 29
7425 26
7428 23
7429 23
7432 20
7424 29
7433 21
7403 52
7436 23
7440 20
7427 35
7430 32
7431 32
7435 29
7439 26
7414 52
7449 17
7444 23
7448 20
7443 29
7446 26
7458 17
7455 23
7453 26
7434 47
7450 33
7451 32
7460 23
7441 43
7461 23
7456 29
7437 49
7454 32
7438 49
7459 29
7416 74
7466 26
7442 51
7452 41
7462 32
7469 25
7447 48
7475 20
7483 12
7457 39
7445 52
7465 32
7468 29
7463 35
7478 20
7481 17
7476 23
7477 23
7464 37
7467 35
7471 32
7480 23
7470 35
7479 26
7474 35
7482 29
7484 29
7496 17
7485 29
7488 26
7491 23
7486 29
7487 29
7493 23
7494 23
7492 26
7500 20
7502 20
7489 35
7495 29
7498 26
7504 23
7497 32
7506 23
7505 26
7472 60
7473 62
7490 46
7513 23
7503 35
7514 24
7515 23
7507 32
7512 29
7518 23
7510 32
7499 44
7517 26
7509 35
7516 29
7519 26
7511 35
7523 23
7524 23
7508 40
7521 29
7522 29
7528 23
7526 26
7527 26
7531 23
7540 14
7501 55
7529 29
7532 26
7530 29
7533 26
7537 23
7539 23
7543 19
7534 32
7546 20
7535 32
7536 32
7525 45
7538 32
7541 29
7549 23
7547 26
7550 23
7542 32
7557 17
7520 55
7556 20
7548 29
7564 14
7545 35
7560 20
7552 29
7551 32
7553 31
7555 29
7558 26
7562 23
7554 32
7544 44
7565 23
7563 29
7561 32
7568 26
7574 20
7566 32
7573 26
7576 23
7579 20
7572 29
7570 33
7575 29
7578 26
7581 23
7567 38
7571 35
7584 23
7585 23
7559 50
7589 23
7586 29
7582 35
7598 20
7607 11
7591 29
7600 20
7595 26
7590 32
7588 35
7594 29
7569 55
7583 41
7592 32
7618 6
7577 50
7580 48
7593 35
7605 23
7597 32
7603 26
7609 20
7601 29
7602 29
7611 20
7604 29
7599 38
7587 51
7606 32
7608 30
7612 26
7610 29
7613 26
7616 23
7614 26
7622 20
7596 50
7623 23
7615 32
7619 29
7625 23
7620 29
7621 29
7624 26
7628 23
7630 23
7617 37
7629 26
7627 32
7639 20
7637 23
7626 35
7632 29
7638 26
7633 32
7631 35
7640 26
7635 32
7644 26
7650 20
7642 29
7634 39
7636 38
7643 32
7646 29
7645 32
7652 26
7647 32
7648 32
7657 23
7665 17
7663 20
7656 29
7641 45
7654 32
7655 32
7662 26
7666 23
7664 26
7649 42
7653 38
7670 23
7660 35
7667 29
7676 20
7669 29
7651 48
7673 26
7679 20
7668 32
7677 23
7680 20
7672 29
7675 26
7681 20
7684 20
7658 48
7661 45
7671 35
7683 23
7678 29
7659 52
7689 23
7688 26
7686 29
7692 29
7701 20
7690 32
7674 52
7682 44
7694 32
7687 40
7698 29
7704 23
7699 29
7703 26
7709 20
7702 29
7691 41
7693 41
7712 23
7710 26
7714 23
7717 20
7716 23
7708 32
7685 56
7713 29
7700 43
7711 32
7697 47
7718 26
7721 23
7695 50
7726 20
7696 51
7706 41
7719 29
7723 26
7724 26
7729 23
7705 48
7715 38
7727 26
7707 49
7730 26
7731 26
7734 23
7733 29
7739 23
7720 43
7732 32
7736 29
7738 29
7741 26
7745 23
7737 32
7747 26
7759 14
7742 32
7748 26
7751 23
7728 48
7744 32
7760 16
7746 32
7749 29
7725 55
7750 32
7740 44
7753 32
7757 29
7766 20
7761 26
7722 67
7752 38
7755 35
7763 29
7769 23
7743 50
7764 29
7767 26
7756 38
7762 32
7771 23
7758 38
7772 26
7770 29
7773 29
7776 26
7768 35
7735 69
7775 29
7781 23
7783 23
7787 20
7779 29
7777 32
7780 29
7786 23
7778 32
7785 26
7794 17
7789 23
7788 26
7774 41
7784 32
7790 26
7793 23
7792 26
7765 55
7805 17
7803 20
7754 71
7782 43
7796 29
7802 23
7791 35
7797 29
7795 32
7800 29
7809 20
7801 29
7804 29
7807 26
7799 35
7812 23
7810 26
7798 41
7822 17
7811 29
7806 35
7815 26
7821 20
7813 29
7820 23
7818 29
7817 32
7823 26
7808 42
7833 17
7819 32
7829 23
7824 29
7827 26
7830 23
7816 38
7835 20
7837 20
7845 13
7826 33
7836 23
7825 39
7839 26
7814 52
7832 35
7828 40
7846 23
7852 17
7841 29
7844 26
7831 41
7850 23
7848 26
7854 23
7858 20
7847 32
7851 32
7853 32
7838 48
7867 20
7857 32
7860 29
7863 26
7834 56
7861 29
7842 49
7865 26
7849 45
7856 39
7866 29
7869 26
7840 56
7868 29
7874 23
7883 14
7864 35
7873 26
7871 29
7877 23
7872 29
7855 47
7870 32
7876 26
7843 60
7862 42
7878 26
7884 20
7879 26
7886 20
7875 34
7881 32
7859 55
7880 35
7889 26
7893 23
7885 32
7895 22
7892 26
7891 29
7901 20
7887 35
7899 23
7888 35
7900 23
7882 43
7894 32
7903 23
7898 29
7896 32
7911 17
7909 20
7910 20
7890 41
7905 26
7908 29
7902 36
7915 23
7913 26
7912 29
7897 45
7904 38
7919 23
7925 17
7929 14
7922 23
7906 40
7917 29
7924 23
7926 23
7927 23
7920 32
7923 29
7931 23
7907 48
7935 20
7921 35
7932 29
7933 29
7936 26
7914 52
7947 20
7943 26
7918 52
7938 32
7939 32
7945 26
7954 17
7934 38
7916 58
7942 32
7928 47
7946 29
7949 26
7941 35
7944 32
7952 26
7950 29
7951 29
7957 23
7953 29
7956 26
7948 37
7961 26
7960 29
7979 10
7958 32
7964 26
7962 29
7930 62
7963 29
7965 29
7971 23
7955 41
7970 26
7969 29
7959 40
7967 32
7973 26
7937 63
7968 32
7972 29
7980 23
7940 65
7982 23
7977 29
7986 20
7975 32
7987 20
7974 35
7981 30
7988 23
7985 29
7992 23
7976 40
7996 20
7995 23
7999 20
7994 26
7989 32
7998 26
7966 59
7978 48
8000 26
8006 20
8001 26
8004 23
8010 17
7990 38
7993 35
7984 45
7997 32
8009 20
8002 29
8012 20
8005 29
8008 26
7983 53
8007 29
7991 47
8016 23
8011 29
8023 17
8018 23
8024 17
8019 23
8013 32
8014 32
8017 29
8020 29
8015 35
8026 26
8029 23
8035 17
8030 23
8027 29
8022 35
8025 32
8028 29
8003 57
8031 32
8032 32
8041 23
8044 23
8036 32
8039 29
8045 23
8037 32
8053 17
8046 26
8056 17
8042 32
8048 26
8034 42
8050 26
8038 39
8051 26
8040 38
8049 29
8047 32
8043 38
8052 29
8060 23
8033 51
8055 29
8021 64
8054 32
8057 29
8063 23
8066 23
8064 26
8062 29
8065 26
8071 20
8074 17
8069 23
8061 32
8067 26
8070 23
8078 20
8058 41
8068 32
8077 23
8072 29
8081 20
8080 23
8073 32
8082 23
8085 20
8075 32
8076 32
8079 32
8088 23
8087 26
8091 23
8086 29
8095 20
8090 26
8083 35
8096 26
8093 32
8102 23
8112 14
8097 32
8103 26
8094 36
8107 23
8059 73
8092 40
8098 35
8110 23
8099 35
8105 29
8108 26
8106 29
8089 48
8114 23
8104 35
8109 32
8116 26
8115 29
8117 29
8101 47
8122 26
8120 29
8126 23
8118 32
8131 20
8130 23
8134 20
8111 44
8132 23
8135 20
8113 43
8124 32
8125 32
8123 35
8127 32
8084 76
8128 32
8100 61
8129 32
8136 26
8141 23
8133 32
8139 26
8140 26
8119 48
8144 26
8146 26
8137 38
8143 32
8150 26
8151 26
8152 26
8147 32
8154 26
8149 32
8161 20
8162 20
8138 46
8167 17
8153 32
8156 29
8158 27
8157 29
8160 26
8155 32
8159 29
8142 47
8169 20
8145 45
8148 42
8165 26
8173 20
8170 25
8179 17
8163 35
8164 34
8166 32
8174 26
8175 26
8181 21
8168 35
8171 32
8121 83
8172 32
8176 29
8177 29
8183 23
8182 26
8190 20
8192 20
8193 20
8184 32
8178 39
8188 29
8191 26
8186 32
8180 40
8189 32
8195 27
8185 38
8206 17
8196 29
8199 26
8198 29
8204 26
8207 23
8187 44
8197 34
8202 29
8203 29
8201 32
8194 41
8210 26
8216 20
8208 29
8211 26
8209 29
8212 26
8205 35
8215 26
8200 42
8213 29
8222 23
8220 26
8230 20
8225 26
8218 35
8221 32
8227 26
8233 20
8219 35
8229 26
8228 29
8223 35
8235 23
8224 35
8226 35
8232 29
8239 23
8217 47
8238 26
8241 23
8236 29
8240 26
8243 23
8247 20
8245 23
8248 23
8257 14
8237 35
8249 23
8252 20
8244 29
8251 23
8242 38
8214 67
8250 32
8246 37
8254 29
8260 23
8255 29
8253 32
8259 26
8262 23
8265 20
8263 23
8234 54
8258 32
8268 23
8269 23
8231 62
8261 32
8272 23
8264 32
8273 23
8274 23
8267 32
8270 29
8277 23
8281 20
8286 20
8256 53
8271 38
8278 32
8287 23
8288 23
8283 29
8290 23
8276 38
8279 35
8282 32
8285 29
8293 23
8280 37
8294 23
8300 17
8275 44
8296 23
8304 17
8297 29
8292 35
8295 32
8298 29
8291 37
8299 29
8302 26
8305 23
8284 45
8310 20
8306 26
8301 32
8313 20
8289 45
8308 29
8309 32
8266 78
8307 38
8316 29
8317 29
8318 29
8314 35
8326 24
8319 32
8328 23
8312 40
8320 32
8315 38
8324 29
8327 26
8322 32
8331 23
8323 32
8339 17
8325 32
8303 55
8335 23
8321 39
8340 20
8332 29
8334 29
8337 26
8311 53
8338 26
8341 23
8336 35
8348 23
8347 26
8353 20
8342 32
8333 42
8343 32
8349 26
8350 26
8356 20
8344 35
8345 35
8360 20
8355 26
8361 20
8359 23
8362 20
8329 54
8354 29
8352 32
8358 26
8364 20
8367 17
8330 56
8357 29
8363 23
8346 42
8366 23
8369 20
8368 23
8351 45
8376 20
8365 35
8370 32
8373 32
8382 23
8374 32
8375 32
8381 26
8379 29
8380 29
8383 26
8385 29
8386 32
8395 23
8377 42
8384 35
8371 50
8404 17
8378 44
8390 32
8393 29
8394 29
8392 32
8399 26
8397 29
8387 40
8396 32
8406 23
8372 58
8401 29
8402 29
8405 26
8408 23
8403 29
8409 26
8407 29
8410 29
8419 20
8388 52
8417 23
8389 52
8416 26
8411 32
8420 23
8412 32
8415 29
8422 23
8391 55
8432 14
8421 29
8430 20
8413 38
8423 29
8429 23
8398 56
8426 29
8435 20
8400 56
8424 32
8427 29
8440 17
8428 30
8431 29
8418 43
8439 23
8434 29
8438 26
8436 32
8442 26
8443 26
8414 56
8444 26
8447 23
8446 26
8425 52
8449 29
8459 20
8445 35
8458 23
8450 32
8437 46
8451 32
8457 26
8456 29
8454 32
8460 26
8463 23
8448 39
8466 23
8441 50
8453 38
8462 29
8465 26
8468 23
8469 23
8461 32
8455 40
8472 23
8464 35
8473 26
8474 26
8483 17
8433 68
8467 34
8475 26
8470 32
8476 26
8479 23
8482 20
8452 51
8471 32
8477 26
8486 17
8484 23
8490 20
8491 20
8481 32
8487 26
8494 26
8489 32
8492 29
8499 23
8478 45
8497 26
8495 29
8496 29
8502 23
8485 41
8480 48
8488 40
8493 35
8505 23
8504 26
8511 20
8506 26
8500 34
8508 26
8520 14
8501 34
8503 32
8509 26
8510 26
8515 23
8518 26
8498 47
8513 35
8529 20
8519 32
8528 23
8517 35
8516 37
8507 47
8522 32
8514 41
8523 32
8521 35
8524 32
8530 26
8525 35
8531 29
8534 26
8537 23
8535 28
8541 23
8512 53
8543 23
8532 35
8533 35
8542 26
8544 26
8526 45
8536 35
8539 32
8545 26
8549 23
8554 23
8527 52
8551 29
8557 23
8555 26
8556 26
8562 20
8538 45
8546 38
8547 38
8560 26
8553 35
8552 38
8558 32
8564 26
8566 24
8567 23
8565 26
8563 29
8572 23
8570 26
8571 26
8580 17
8569 29
8575 23
8548 51
8561 38
8568 32
8573 29
8550 54
8578 26
8540 66
8576 32
8582 26
8577 32
8583 26
8579 32
8588 23
8559 53
8581 32
8587 26
8594 23
8596 26
8585 38
8600 23
8586 38
8589 35
8601 23
8602 23
8605 20
8591 35
8597 29
8606 23
8604 26
8616 14
8598 35
8607 26
8610 23
8608 26
8574 61
8584 51
8603 32
8611 26
8595 43
8609 29
8613 26
8590 50
8592 49
8599 42
8612 29
8618 23
8617 26
8619 26
8622 23
8614 35
8620 29
8626 23
8632 20
8593 60
8621 32
8624 29
8634 20
8623 32
8633 23
8639 17
8628 29
8631 26
8630 29
8640 20
8635 26
8637 26
8629 36
8625 41
8662 6
8644 26
8615 56
8642 29
8649 23
8627 47
8658 17
8641 35
8656 20
8659 17
8648 29
8651 26
8647 32
8650 29
8645 35
8654 26
8657 23
8653 28
8638 44
8646 38
8655 29
8666 20
8664 23
8636 53
8660 29
8663 26
8661 29
8665 26
8668 23
8643 50
8667 26
8671 26
8669 32
8684 17
8652 51
8677 26
8680 23
8675 29
8670 35
8674 32
8681 26
8673 35
8679 29
8672 38
8676 35
8690 23
8693 20
8691 23
8694 20
8683 32
8689 26
8687 29
8688 29
8678 40
8698 23
8685 41
8697 29
8703 23
8692 35
8704 23
8696 35
8705 26
8726 8
8695 41
8702 35
8711 26
8686 53
8701 38
8707 32
8713 26
8699 41
8709 32
8712 29
8727 14
8715 29
8708 37
8719 26
8682 64
8717 29
8729 20
8730 20
8700 52
8724 29
8720 34
8722 32
8706 49
8714 41
8716 41
8725 32
8728 29
8731 26
8732 26
8733 26
8735 26
8741 20
8742 20
8743 20
8718 46
8739 26
8740 26
8746 20
8736 32
8734 35
8749 20
8721 50
8744 29
8710 66
8738 38
8747 29
8723 56
8750 29
8753 26
8745 35
8751 29
8758 23
8764 17
8737 45
8748 35
8752 32
8755 29
8759 26
8763 23
8761 26
8765 23
8757 32
8762 29
8766 26
8772 20
8771 23
8756 39
8767 32
8754 46
8768 32
8769 32
8776 29
8760 46
8777 29
8786 20
8775 32
8781 26
8779 29
8778 32
8780 32
8784 29
8782 32
8787 29
8773 44
8801 17
8770 49
8790 29
8793 26
8788 32
8794 29
8800 23
8792 32
8795 29
8798 26
8797 29
8774 53
8785 43
8803 26
8796 35
8799 32
8812 20
8789 44
8807 26
8783 51
8814 20
8821 14
8791 46
8802 35
8806 32
8808 32
8809 32
8804 38
8816 26
8819 23
8811 32
8805 40
8810 35
8818 29
8822 26
8825 23
8817 32
8820 32
8824 29
8823 32
8826 29
8834 23
8840 17
8828 32
8841 20
8833 29
8842 20
8832 32
8815 50
8830 35
8835 32
8844 23
8838 30
8837 35
8813 60
8847 26
8850 23
8831 43
8829 46
8843 32
8851 26
8854 23
8836 44
8845 35
8846 35
8856 26
8858 26
8839 48
8852 35
8868 20
8848 41
8857 32
8849 42
8853 39
8863 29
8861 32
8864 29
8867 26
8869 26
8871 26
8878 20
8855 45
8874 26
8859 43
8877 26
8872 32
8881 23
8870 35
8865 41
8827 80
8875 32
8891 17
8862 47
8873 38
8882 29
8886 26
8866 47
8883 32
8892 23
8860 56
8887 29
8890 26
8897 20
8889 29
8895 23
8894 26
8893 29
8898 26
8876 49
8879 47
8899 29
8880 50
8902 29
8884 48
8903 29
8896 38
8905 29
8885 50
8909 26
8913 23
8904 33
8906 32
8918 20
8901 38
8915 26
8916 26
8908 35
8917 26
8900 45
8910 35
8911 35
8914 32
8888 59
8924 23
8927 20
8921 29
8919 32
8922 29
8923 29
8933 20
8925 29
8926 29
8930 26
8946 11
8907 51
8932 26
8935 23
8912 48
8934 26
8929 32
8941 20
8920 42
8937 26
8938 26
8936 29
8939 26
8942 23
8945 20
8940 26
8931 38
8947 23
8953 17
8949 23
8958 17
8928 50
8950 29
8956 23
8948 32
8955 26
8951 32
8954 29
8957 26
8943 41
8959 26
8961 26
8965 23
8944 47
8960 32
8966 26
8967 29
8952 45
8964 35
8970 29
8979 20
8974 26
8977 23
8973 29
8978 26
8984 20
8981 26
8982 26
8972 38
8975 35
8976 35
8985 26
8983 29
8969 45
8997 17
8986 29
8990 26
8963 54
9001 17
8991 29
9000 20
8968 53
8989 32
8992 29
8971 51
8987 39
8995 32
8980 49
9009 20
9004 26
8996 35
9007 26
9008 26
8998 38
9010 26
9019 17
9002 35
8994 44
9003 35
9006 32
8993 46
9013 26
9016 23
9011 29
9014 26
9012 29
9023 20
9027 17
8962 83
9021 26
9017 32
9018 32
9005 46
9022 29
8988 64
9020 32
9026 26
9029 26
9037 18
9033 23
9034 23
9032 26
9030 29
9035 26
9036 26
9039 23
9043 20
8999 65
9038 29
9041 26
9044 23
9015 54
9049 20
9050 20
9024 47
9045 26
9025 47
9051 23
9047 29
9046 32
9028 51
9060 20
9063 17
9069 11
9031 50
9040 41
9054 29
9055 29
9058 26
9062 23
9057 29
9067 20
9053 35
9056 32
9064 26
9059 32
9071 20
9075 17
9042 51
9048 45
9052 41
9070 23
9065 29
9068 26
9066 29
9061 37
9072 29
9073 29
9079 23
9080 23
9074 32
9076 31
9083 26
9089 20
9084 26
9077 35
9085 29
9086 29
9092 23
9087 29
9082 35
9088 29
9094 23
9078 41
9090 29
9093 26
9096 23
9102 20
9081 42
9091 32
9095 29
9104 20
9107 18
9097 29
9100 26
9116 11
9099 29
9103 26
9098 32
9101 29
9106 26
9108 29
9111 29
9110 32
9113 29
9114 29
9109 35
9115 29
9112 35
9118 29
9121 26
9124 23
9119 29
9125 23
9105 45
9131 20
9129 23
9127 29
9136 20
9123 35
9126 32
9130 29
9117 43
9120 41
9132 29
9128 35
9134 29
9140 23
9122 44
9143 23
9138 29
9141 26
9147 20
9145 23
9148 20
9146 23
9144 26
9150 23
9156 17
9149 26
9135 42
9142 35
9139 40
9155 26
9133 49
9159 23
9151 32
9157 26
9160 23
9163 20
9161 23
9137 48
9153 32
9162 23
9152 38
9168 23
9154 38
9177 15
9167 29
9166 32
9173 26
9165 35
9169 32
9175 26
9180 26
9170 38
9179 29
9184 25
9178 32
9181 29
9187 23
9190 20
9189 23
9197 16
9182 32
9185 32
9191 26
9183 35
9192 26
9196 23
9164 56
9158 64
9171 51
9176 48
9195 29
9172 53
9193 32
9202 23
9174 52
9194 32
9198 29
9186 43
9201 29
9207 23
9211 20
9200 32
9216 17
9205 29
9208 26
9206 29
9204 32
9188 49
9214 26
9220 20
9209 32
9218 23
9210 32
9212 32
9213 32
9225 20
9229 17
9223 26
9221 29
9203 48
9219 32
9222 29
9199 53
9217 35
9215 39
9232 23
9233 23
9231 26
9226 32
9224 35
9230 29
9235 26
9238 23
9242 20
9228 35
9236 29
9240 29
9244 29
9252 23
9241 35
9247 29
9253 23
9251 26
9250 29
9248 32
9260 20
9249 32
9263 20
9227 57
9246 38
9264 20
9267 17
9259 26
9234 52
9237 49
9256 32
9243 46
9254 35
9257 32
9266 23
9258 32
9265 26
9239 54
9245 49
9255 39
9277 17
9269 29
9273 26
9262 38
9272 29
9275 26
9261 41
9270 32
9276 26
9271 32
9274 29
9281 23
9279 26
9292 17
9268 42
9291 20
9280 32
9295 17
9287 26
9286 29
9284 32
9293 23
9285 32
9290 29
9297 26
9300 23
9278 46
9301 23
9308 17
9299 29
9294 35
9303 26
9298 32
9304 26
9307 23
9305 26
9282 51
9288 47
9289 46
9316 20
9283 54
9302 35
9306 32
9317 23
9309 32
9312 29
9310 32
9311 32
9296 48
9313 32
9322 23
9314 32
9315 32
9324 23
9325 23
9320 29
9321 29
9330 20
9323 29
9332 20
9326 29
9329 26
9327 29
9336 20
9328 29
9335 23
9337 23
9333 29
9318 46
9339 26
9319 47
9346 21
9338 32
9341 29
9344 26
9345 26
9334 39
9350 23
9353 20
9359 14
9342 32
9348 26
9340 35
9343 32
9354 23
9331 47
9357 23
9349 32
9352 29
9356 26
9363 20
9355 29
9347 39
9351 35
9361 26
9367 26
9368 26
9378 17
9364 32
9365 32
9374 26
9377 23
9373 29
9366 38
9369 35
9370 35
9379 26
9383 23
9358 49
9372 35
9375 32
9385 23
9380 29
9360 50
9381 29
9376 35
9382 29
9362 51
9384 29
9402 11
9397 17
9392 23
9387 32
9399 20
9391 29
9389 32
9393 29
9388 35
9371 53
9395 32
9401 26
9404 23
9396 32
9390 41
9412 20
9386 49
9400 35
9403 32
9407 29
9410 26
9411 26
9415 26
9398 45
9408 35
9418 26
9419 26
9409 38
9413 35
9416 32
9417 31
9423 26
9406 44
9424 26
9425 26
9420 32
9394 59
9430 23
9422 32
9428 26
9405 51
9434 23
9432 26
9427 32
9433 26
9437 26
9414 50
9435 29
9426 39
9439 26
9431 35
9447 20
9436 32
9442 26
9448 26
9429 47
9444 32
9421 56
9438 39
9452 26
9455 23
9453 26
9456 23
9450 32
9462 20
9454 29
9443 42
9459 26
9451 35
9457 29
9460 26
9440 47
9458 29
9441 48
9464 26
9468 23
9463 29
9466 26
9470 23
9481 14
9476 20
9465 32
9471 26
9469 29
9472 26
9445 54
9482 17
9449 51
9467 35
9477 26
9475 29
9461 44
9473 32
9474 32
9480 26
9478 29
9446 64
9484 29
9479 35
9485 29
9483 32
9489 26
9487 32
9490 29
9486 35
9492 32
9498 26
9493 32
9496 29
9497 29
9500 26
9495 32
9499 29
9506 26
9502 32
9505 29
9508 26
9517 17
9488 48
9491 47
9512 26
9509 30
9521 20
9513 29
9510 33
9515 29
9501 44
9494 52
9503 43
9511 35
9530 17
9516 32
9522 26
9528 20
9514 35
9520 29
9529 23
9527 26
9533 20
9519 35
9523 32
9526 29
9504 53
9525 32
9531 26
9534 23
9537 20
9507 51
9524 35
9538 26
9545 20
9546 20
9541 26
9536 32
9540 29
9543 26
9542 29
9518 54
9539 35
9551 23
9544 32
9547 29
9550 26
9559 20
9554 26
9549 32
9552 29
9548 35
9568 17
9535 51
9560 26
9555 32
9553 35
9556 32
9566 23
9532 58
9558 32
9561 29
9564 29
9567 26
9562 32
9563 32
9571 26
9569 29
9575 23
9573 26
9565 35
9574 26
9592 10
9577 26
9580 23
9557 48
9570 35
9576 29
9586 20
9581 26
9588 20
9589 20
9578 32
9584 26
9572 39
9579 32
9582 29
9585 26
9598 14
9593 20
9590 26
9583 35
9596 23
9594 26
9595 26
9587 35
9599 23
9606 17
9610 14
9608 17
9597 29
9603 26
9604 26
9602 29
9591 42
9601 32
9607 26
9600 37
9609 29
9612 26
9605 35
9616 26
9611 35
9615 32
9613 35
9619 29
9626 23
9618 32
9620 32
9622 30
9623 29
9632 20
9624 29
9628 26
9617 38
9621 35
9633 26
9636 23
9634 26
9637 26
9640 23
9635 29
9639 26
9641 26
9643 26
9646 23
9638 32
9614 59
9625 48
9627 46
9631 42
9651 23
9647 29
9629 48
9656 23
9630 50
9648 32
9660 20
9655 26
9654 29
9644 40
9652 32
9662 23
9645 41
9661 26
9657 32
9672 17
9642 49
9653 38
9671 20
9680 11
9659 34
9649 45
9650 45
9668 29
9674 23
9666 32
9658 41
9664 35
9667 32
9665 35
9670 31
9676 26
9669 35
9681 23
9685 20
9684 23
9673 35
9675 35
9663 48
9682 29
9686 26
9690 23
9694 20
9677 38
9696 23
9683 38
9702 20
9688 35
9697 26
9692 32
9687 38
9703 23
9679 48
9701 26
9693 35
9691 38
9700 29
9678 52
9707 23
9710 20
9705 26
9704 29
9695 40
9706 29
9689 47
9699 38
9708 29
9714 23
9718 20
9713 29
9716 26
9719 23
9720 23
9709 35
9712 35
9722 26
9721 29
9724 26
9725 26
9717 35
9726 26
9698 55
9711 42
9727 26
9723 32
9738 17
9730 26
9728 29
9729 29
9735 23
9733 29
9742 20
9737 26
9715 49
9750 14
9740 26
9731 37
9732 38
9744 26
9739 32
9745 26
9736 37
9751 23
9743 32
9749 26
9748 29
9754 23
9755 23
9757 23
9763 17
9734 47
9746 35
9753 29
9756 26
9759 23
9758 26
9764 23
9769 20
9762 29
9774 17
9760 32
9761 32
9770 23
9741 53
9765 29
9747 48
9775 20
9781 14
9772 26
9752 48
9773 29
9779 23
9777 29
9780 26
9785 23
9783 26
9768 42
9767 44
9782 29
9795 16
9778 35
9793 20
9771 43
9776 38
9784 32
9790 26
9786 32
9791 29
9797 23
9766 55
9792 29
9788 35
9803 20
9789 35
9796 32
9794 35
9801 29
9804 26
9802 29
9808 23
9805 27
9813 20
9816 17
9799 35
9800 36
9810 26
9798 42
9806 35
9809 32
9815 26
9787 56
9820 23
9821 23
9807 39
9811 35
9814 32
9817 29
9818 29
9819 29
9824 26
9829 23
9822 32
9823 32
9827 29
9825 32
9831 26
9834 23
9842 17
9826 35
9812 50
9830 32
9836 26
9828 35
9837 26
9840 23
9844 20
9833 32
9835 32
9850 17
9839 29
9845 23
9843 26
9841 29
9847 23
9851 23
9854 20
9846 29
9849 29
9864 14
9856 23
9838 42
9848 32
9855 26
9861 20
9857 26
9832 54
9860 26
9859 29
9852 38
9862 29
9853 39
9863 29
9858 35
9865 29
9873 22
9870 26
9871 26
9867 32
9875 26
9880 23
9869 35
9872 32
9877 29
9886 20
9882 26
9874 35
9883 26
9895 17
9885 29
9894 20
9897 17
9868 50
9889 29
9866 53
9893 26
9879 43
9890 32
9899 23
9876 47
9900 23
9878 47
9881 44
9884 42
9891 35
9903 23
9907 20
9898 32
9902 29
9901 32
9892 42
9905 29
9888 47
9911 26
9906 32
9904 35
9910 29
9913 26
9919 20
9896 47
9914 29
9917 26
9909 35
9912 32
9931 14
9887 59
9915 32
9916 32
9922 26
9939 11
9923 29
9908 45
9924 29
9927 29
9936 20
9925 32
9932 26
9921 38
9920 42
9930 32
9942 20
9934 29
9940 23
9918 47
9945 20
9948 17
9933 34
9935 32
9938 29
9937 32
9926 44
9950 20
9941 32
9928 46
9943 32
9947 29
9952 26
9929 50
9944 38
9951 32
9958 26
9954 32
9963 23
9955 32
9961 29
9964 26
9956 35
9962 29
9968 23
9971 20
9957 35
9969 23
9946 49
9949 46
9960 35
9967 29
9953 44
9980 17
9966 35
9973 29
9978 26
9974 32
9977 29
9975 32
9981 26
9970 38
9976 32
9959 50
9984 26
9979 32
9988 23
9985 29
9983 32
9987 29
9990 26
9996 20
9982 35
9972 49
9992 29
9991 32
9989 35
9993 32
10008 17
9994 32
10003 23
10001 26
9965 63
10002 26
9997 32
10013 17
9999 32
10011 20
10009 23
10005 29
10007 29
10012 26
10015 26
10018 23
9986 56
10010 32
10016 26
9998 45
10024 20
10028 17
10014 32
10017 29
10020 26
10000 47
10019 29
10021 29
10034 17
10006 46
10023 29
9995 59
10025 29
10032 26
10004 56
10040 20
10026 35
10037 26
10035 29
10033 32
10036 29
10039 26
10042 23
10022 44
10046 20
10030 38
10051 17
10045 26
10038 35
10053 20
10029 47
10056 23
10031 49
10054 29
10049 35
10052 32
10055 29
10062 23
10057 29
10066 20
10050 37
10067 20
10044 44
10065 23
10068 20
10027 63
10058 32
10048 43
10059 32
10047 45
10041 52
10061 32
10060 35
10072 23
10073 23
10074 22
10043 55
10069 29
10070 29
10082 20
10080 23
10079 26
10077 29
10064 43
10075 32
10078 29
10084 26
10091 20
10081 32
10090 23
10071 43
10076 38
10088 26
10063 52
10089 26
10094 23
10092 26
10093 29
10097 26
10086 38
10095 29
10083 42
10096 29
10085 43
10099 29
10087 42
10098 32
