109 10
110 12
106 17
100 24
111 18
102 28
103 37
114 26
117 24
107 35
112 30
115 27
108 35
113 30
118 25
132 12
121 24
105 41
128 18
124 23
120 28
122 30
101 52
123 31
125 29
126 28
116 41
142 15
143 14
144 13
130 28
131 28
136 23
137 22
145 14
146 13
127 33
133 27
104 57
135 26
139 22
147 14
153 9
138 25
141 22
150 14
160 6
148 19
129 39
152 16
155 14
119 51
140 30
149 21
156 14
157 14
134 38
154 20
162 12
159 17
164 12
161 17
158 22
169 11
151 30
165 21
166 22
181 9
163 28
168 23
172 19
176 16
170 23
174 20
177 17
175 20
173 23
171 29
167 34
182 20
185 17
180 23
194 11
189 17
191 15
195 11
190 17
193 14
187 26
192 21
202 11
186 28
178 37
179 36
183 34
197 20
200 19
204 16
196 25
198 23
201 20
203 20
188 36
184 41
199 26
205 20
215 10
207 20
210 17
216 11
211 17
217 17
222 14
209 29
224 14
229 11
212 30
225 17
223 20
233 11
213 32
208 38
226 20
206 41
230 20
221 30
219 36
220 35
214 43
240 17
218 40
236 23
245 17
227 36
234 30
232 34
249 17
228 39
238 29
239 28
235 33
246 22
251 17
259 9
231 38
243 26
253 17
242 31
244 30
258 17
237 39
256 22
265 13
254 26
257 23
250 31
262 19
267 15
241 42
247 36
269 14
261 23
266 19
268 17
248 38
270 17
273 14
255 35
264 26
272 20
275 17
276 17
278 17
260 36
288 8
252 45
271 26
280 17
279 20
285 14
263 37
274 27
287 14
284 20
282 23
289 20
290 20
291 19
299 11
301 9
277 35
300 14
296 20
302 14
283 34
297 20
295 23
305 14
281 41
286 37
298 25
312 11
304 20
292 33
294 33
316 11
308 20
293 36
309 20
310 19
314 17
313 20
315 20
318 17
311 26
323 14
322 17
317 23
303 39
330 12
306 37
320 23
326 17
327 17
328 17
331 14
307 39
319 27
333 14
334 17
321 31
346 7
335 21
345 14
337 23
341 20
351 11
329 34
340 24
349 15
342 23
325 41
332 34
343 26
324 46
347 23
348 26
339 36
352 23
350 26
359 17
353 24
355 23
338 41
366 14
354 27
344 38
363 19
358 25
336 48
360 26
369 17
376 11
368 20
371 17
377 11
356 34
361 29
370 23
357 40
372 26
378 20
365 34
373 26
381 20
383 20
364 40
367 37
362 43
374 32
391 16
393 14
382 26
379 31
385 26
388 23
375 37
380 32
392 20
387 26
390 23
396 17
394 20
411 8
384 36
406 14
398 23
401 20
386 36
400 29
403 26
410 19
395 35
404 26
416 14
389 43
412 20
399 34
419 14
405 29
407 29
413 23
418 20
397 42
417 23
402 42
408 37
425 20
423 23
433 14
428 20
420 29
429 20
422 30
409 44
414 39
415 38
421 33
439 17
426 33
424 36
437 26
442 21
427 38
430 35
435 32
438 29
434 35
449 20
452 17
431 39
454 17
450 23
436 38
441 33
444 31
456 19
458 17
432 44
451 26
460 17
455 23
453 26
462 17
440 41
445 38
448 37
465 20
464 23
447 41
468 20
446 43
469 20
443 47
471 20
472 20
459 34
473 20
476 17
461 34
474 21
481 14
467 29
480 17
457 41
475 23
483 17
466 36
479 23
484 20
487 17
463 44
488 20
489 20
478 32
490 20
493 17
477 39
482 35
497 20
492 26
498 20
500 20
510 11
496 26
470 53
486 39
512 14
485 42
491 36
494 35
517 12
522 8
506 26
513 19
516 17
519 14
520 14
499 36
515 20
495 41
501 36
514 23
504 34
503 36
526 14
507 34
502 40
525 17
511 32
518 26
521 23
508 37
527 20
533 14
509 39
528 20
529 20
532 17
536 14
505 48
530 23
537 17
523 33
539 17
538 20
524 40
544 23
542 26
548 20
551 17
541 28
535 35
540 32
553 20
534 40
546 29
552 23
558 17
563 14
531 47
557 23
567 13
559 23
561 23
543 43
545 41
560 26
564 22
565 23
566 22
568 20
575 17
570 23
547 47
550 45
554 41
549 47
574 23
577 20
580 17
556 42
576 23
579 26
582 23
555 51
583 23
589 17
562 45
590 17
597 10
572 36
581 29
584 26
585 26
571 41
592 20
569 44
587 26
596 17
593 23
573 44
594 23
598 20
591 30
602 20
606 17
586 38
604 20
607 17
578 47
599 26
588 38
601 26
609 20
611 20
608 24
612 20
610 23
613 20
615 20
616 20
617 20
618 20
614 26
620 20
595 46
625 17
623 20
603 41
600 45
621 26
605 43
619 29
630 20
629 22
633 20
628 26
631 23
637 20
635 23
640 20
622 41
649 14
638 26
641 23
644 20
647 17
642 23
648 17
626 40
627 40
645 23
634 35
650 20
624 48
646 27
636 39
652 23
657 20
643 35
664 14
632 48
662 18
656 26
659 23
639 44
658 26
667 18
668 17
666 20
661 26
654 34
655 35
653 38
665 26
671 20
684 10
670 26
660 37
674 23
672 26
680 20
686 14
675 26
682 19
651 51
685 17
681 23
679 26
688 17
663 46
673 36
683 26
669 42
689 23
691 23
690 26
677 41
692 26
695 23
678 41
700 20
701 20
699 23
676 48
702 23
707 20
705 23
711 17
687 45
694 38
696 36
709 23
706 29
715 20
703 33
713 23
708 29
714 23
719 20
698 42
697 44
718 23
693 49
717 26
722 23
704 46
724 26
729 22
710 42
712 42
735 20
737 20
740 17
716 42
741 17
739 20
726 34
738 23
723 39
720 43
750 15
725 42
747 20
721 47
730 39
743 26
746 23
744 26
752 18
728 46
748 26
754 20
763 11
727 48
733 45
742 36
755 23
734 45
731 49
762 20
760 23
732 52
736 49
745 40
759 26
764 23
751 37
771 20
769 23
772 20
753 40
758 35
770 23
775 20
749 47
774 23
777 20
756 44
778 23
780 21
782 20
761 42
765 39
781 23
779 26
785 20
766 41
757 52
768 42
796 14
767 44
789 23
786 28
797 17
773 43
788 29
802 17
776 44
783 37
795 26
798 23
815 6
784 38
801 23
805 20
808 17
800 27
807 20
809 20
794 36
787 44
806 26
810 23
813 20
790 44
814 20
793 42
819 18
818 20
792 47
817 23
824 17
791 52
799 44
821 23
803 42
804 41
829 17
826 21
828 20
820 31
822 29
837 14
812 40
823 29
835 17
811 42
825 29
830 26
831 26
834 23
816 46
833 29
827 37
840 24
836 29
843 23
849 17
841 26
847 20
839 29
846 24
832 39
845 26
848 29
859 19
838 41
850 29
862 17
854 26
855 26
856 26
842 42
865 20
844 42
857 29
864 23
867 20
870 17
851 37
852 37
872 17
869 23
873 20
861 33
858 37
860 37
871 26
878 20
880 18
866 34
853 49
883 20
886 17
884 20
876 29
879 26
882 23
863 43
868 40
889 20
877 34
891 20
885 28
893 20
894 20
890 26
896 20
881 36
892 26
899 20
897 23
898 23
875 47
902 20
887 37
888 37
874 52
909 19
911 19
912 20
915 17
908 26
914 20
906 29
895 44
900 40
901 39
921 20
913 29
926 17
928 17
929 17
904 44
923 26
918 32
905 46
932 20
938 14
939 13
919 34
927 26
930 23
903 51
907 47
910 44
934 20
937 23
943 17
951 9
916 45
935 26
917 45
936 26
947 17
945 20
948 17
946 20
924 44
920 50
922 49
931 40
949 23
955 17
958 14
950 23
925 49
933 41
956 23
954 26
940 41
957 26
944 40
959 25
964 20
941 44
968 17
965 23
953 36
967 23
962 29
961 31
969 23
942 51
952 43
966 29
970 26
973 23
960 37
974 23
980 17
979 20
978 25
992 14
981 26
984 23
985 23
991 17
963 46
983 26
986 23
971 39
994 17
976 37
990 23
972 42
988 26
989 29
977 43
982 39
995 26
996 26
999 23
1008 14
1000 23
1002 23
1003 23
975 55
993 37
1005 26
1014 17
987 46
1007 26
1011 23
1009 26
1015 20
1010 26
1017 19
998 42
1004 36
1013 29
1016 26
997 46
1020 23
1012 33
1022 23
1001 45
1006 43
1023 26
1026 23
1024 26
1029 23
1032 20
1036 17
1025 29
1018 37
1041 14
1021 35
1034 23
1030 29
1031 29
1038 23
1040 23
1019 45
1044 20
1027 38
1042 23
1037 29
1047 20
1052 17
1045 26
1048 23
1033 40
1050 23
1056 17
1028 47
1043 32
1049 26
1053 23
1059 17
1051 26
1060 20
1035 47
1062 20
1058 29
1061 26
1046 42
1039 51
1068 23
1057 35
1074 20
1067 29
1070 26
1079 17
1054 44
1069 29
1075 23
1077 23
1076 26
1065 38
1083 20
1055 49
1078 26
1064 41
1080 26
1081 26
1063 45
1071 37
1088 20
1066 43
1072 38
1087 23
1091 20
1094 20
1096 18
1073 42
1086 29
1095 23
1098 20
1099 20
1100 19
1097 23
1082 40
1106 17
1092 32
1107 20
1102 26
1108 20
1084 45
1112 17
1105 26
1089 44
1113 20
1111 23
1090 45
1093 42
1109 26
1110 26
1119 17
1085 53
1104 34
1101 39
1118 23
1120 21
1103 40
1114 29
1124 20
1122 23
1126 20
1127 20
1123 26
1128 23
1115 37
1131 23
1134 20
1135 20
1117 40
1129 29
1132 26
1121 38
1130 29
1139 20
1116 44
1137 23
1125 37
1142 20
1133 30
1138 26
1143 23
1141 26
1145 23
1147 23
1150 20
1151 20
1149 26
1146 31
1152 26
1153 26
1136 45
1154 29
1166 17
1155 29
1156 29
1159 26
1160 26
1163 23
1140 47
1162 26
1164 24
1168 20
1158 32
1161 29
1144 47
1148 44
1172 20
1171 23
1169 26
1167 29
1157 42
1173 26
1175 26
1188 17
1180 26
1183 23
1174 34
1186 23
1181 29
1184 26
1193 17
1176 35
1194 17
1165 47
1179 33
1192 20
1190 23
1170 44
1185 29
1189 26
1195 20
1177 39
1197 23
1203 17
1201 20
1178 44
1196 26
1182 41
1204 23
1187 42
1200 29
1209 20
1208 23
1206 26
1210 23
1214 20
1215 20
1198 38
1213 23
1219 17
1191 46
1222 17
1202 38
1218 23
1221 20
1207 35
1216 26
1228 14
1199 44
1224 20
1205 40
1217 29
1229 17
1223 26
1230 20
1226 26
1232 20
1211 42
1234 20
1227 29
1235 23
1236 23
1225 36
1240 23
1241 23
1212 55
1247 20
1220 48
1248 20
1243 26
1246 23
1252 17
1249 23
1233 40
1254 20
1231 44
1258 17
1253 23
1242 35
1245 32
1238 42
1257 23
1263 20
1255 29
1264 20
1262 23
1269 18
1276 11
1237 52
1244 45
1266 23
1275 14
1256 34
1267 23
1270 20
1265 26
1268 23
1271 20
1274 17
1239 53
1250 43
1273 20
1251 44
1283 14
1259 41
1272 29
1277 26
1289 14
1261 43
1279 26
1278 29
1288 20
1260 49
1286 23
1281 29
1285 26
1292 20
1284 29
1299 17
1291 26
1300 17
1287 32
1282 39
1290 31
1296 26
1305 17
1280 43
1301 23
1304 20
1308 17
1303 23
1306 23
1312 17
1307 23
1311 20
1298 35
1310 23
1316 17
1314 20
1293 42
1318 17
1297 40
1317 20
1325 14
1294 47
1295 47
1322 23
1321 26
1313 35
1302 49
1328 23
1315 37
1329 23
1336 17
1324 30
1320 35
1323 32
1319 37
1330 26
1339 17
1334 23
1309 53
1340 23
1326 38
1338 26
1350 14
1327 39
1332 35
1344 23
1354 14
1345 25
1343 29
1352 20
1341 32
1348 26
1331 44
1333 42
1355 20
1347 29
1353 23
1360 16
1361 17
1335 44
1356 23
1337 43
1359 23
1342 43
1368 17
1366 20
1362 26
1346 43
1363 26
1351 41
1367 26
1380 14
1369 26
1372 23
1349 47
1376 20
1378 20
1379 20
1383 17
1375 26
1357 45
1377 29
1389 17
1393 14
1387 23
1358 53
1365 46
1388 23
1391 20
1395 17
1364 49
1373 41
1386 29
1402 14
1400 17
1374 44
1401 17
1371 49
1370 51
1398 23
1382 41
1397 26
1404 20
1396 29
1408 17
1411 14
1392 36
1405 23
1415 14
1407 23
1414 17
1384 48
1403 29
1410 23
1390 44
1417 17
1381 54
1385 50
1412 23
1409 29
1416 23
1430 9
1394 49
1428 17
1423 23
1406 41
1399 49
1413 35
1419 29
1425 23
1431 20
1426 26
1432 20
1427 26
1436 17
1418 40
1424 34
1438 20
1420 43
1422 41
1437 26
1440 23
1443 20
1446 23
1433 37
1444 26
1429 42
1421 53
1434 43
1435 43
1452 26
1462 17
1445 35
1454 26
1465 15
1449 32
1439 43
1450 32
1455 29
1461 23
1441 44
1442 45
1467 20
1453 35
1463 26
1448 42
1471 20
1466 26
1475 17
1464 29
1451 44
1472 23
1447 49
1470 26
1458 40
1459 39
1460 39
1473 26
1479 20
1480 20
1478 23
1481 20
1457 45
1482 20
1487 20
1486 23
1456 54
1468 42
1469 41
1490 23
1496 17
1474 40
1489 26
1492 24
1495 23
1477 42
1493 26
1494 26
1476 45
1503 20
1483 42
1502 23
1505 20
1497 29
1491 36
1512 17
1484 46
1501 29
1504 26
1485 47
1506 26
1498 35
1507 26
1488 46
1508 26
1499 36
1521 14
1513 23
1519 17
1511 26
1510 30
1517 23
1526 14
1516 26
1522 20
1525 17
1523 20
1500 45
1520 26
1529 17
1527 23
1539 14
1514 40
1534 20
1532 23
1535 20
1530 26
1533 23
1536 20
1528 29
1543 17
1509 52
1538 23
1518 44
1515 48
1544 20
1537 29
1540 26
1546 20
1531 39
1550 20
1524 47
1542 29
1545 26
1555 17
1558 14
1547 26
1562 11
1549 26
1552 23
1553 23
1548 29
1554 26
1560 20
1563 17
1559 23
1541 42
1551 32
1578 6
1556 29
1561 26
1564 23
1569 26
1570 25
1576 20
1568 29
1574 23
1575 23
1566 35
1567 35
1582 20
1577 26
1581 23
1587 17
1580 26
1583 23
1557 51
1598 10
1571 41
1586 26
1590 23
1572 42
1606 8
1565 51
1584 32
1593 23
1596 20
1599 20
1591 29
1594 26
1597 24
1573 49
1610 12
1579 45
1595 29
1613 12
1592 34
1603 23
1609 17
1612 17
1600 32
1585 49
1602 32
1589 46
1622 14
1588 50
1614 26
1615 26
1621 20
1619 23
1604 39
1617 26
1629 14
1601 43
1628 17
1626 20
1623 26
1632 17
1627 23
1630 20
1625 26
1605 47
1607 45
1611 43
1631 23
1639 17
1618 41
1633 26
1636 23
1608 53
1635 26
1634 29
1640 23
1616 50
1646 20
1620 47
1624 45
1655 14
1641 29
1649 24
1648 26
1651 23
1638 40
1653 26
1657 23
1642 39
1652 29
1661 20
1674 7
1637 45
1643 39
1659 23
1647 41
1645 44
1660 29
1650 41
1656 36
1644 49
1675 20
1664 32
1669 29
1667 32
1662 39
1658 45
1671 32
1685 18
1654 50
1666 38
1678 26
1676 29
1682 23
1683 23
1672 35
1681 26
1679 29
1663 46
1692 17
1668 43
1688 23
1689 23
1690 23
1693 20
1670 46
1687 29
1665 52
1673 44
1691 26
1695 23
1696 23
1684 38
1702 20
1677 46
1701 23
1686 40
1703 23
1680 47
1704 23
1711 17
1700 29
1698 32
1713 17
1699 32
1714 23
1697 41
1706 32
1709 29
1715 26
1718 23
1723 20
1694 50
1712 32
1721 23
1720 26
1707 40
1719 29
1725 23
1727 21
1722 29
1731 20
1705 47
1726 26
1708 48
1710 46
1733 23
1734 23
1740 17
1716 42
1729 29
1739 23
1742 20
1732 32
1728 37
1717 51
1743 26
1724 46
1744 29
1749 26
1741 36
1730 49
1738 41
1736 45
1753 28
1735 47
1752 32
1763 23
1737 50
1757 30
1754 35
1767 23
1746 45
1775 17
1745 48
1748 45
1747 48
1761 34
1769 26
1772 23
1750 46
1773 23
1765 32
1771 26
1776 23
1774 26
1777 23
1756 45
1751 51
1779 23
1755 48
1759 44
1780 23
1758 46
1781 23
1762 44
1760 47
1782 26
1792 20
1764 51
1766 49
1787 29
1768 49
1795 23
1793 26
1770 50
1788 32
1791 29
1798 23
1796 26
1802 20
1790 33
1805 20
1784 42
1797 29
1778 49
1801 26
1785 43
1783 46
1803 26
1815 14
1809 21
1806 26
1807 26
1789 45
1786 49
1811 26
1823 14
1813 26
1794 46
1817 23
1800 41
1818 23
1799 44
1814 29
1821 23
1824 20
1822 23
1820 26
1808 39
1829 20
1804 49
1827 26
1834 20
1837 20
1812 47
1819 40
1842 17
1830 30
1840 20
1816 45
1833 29
1810 53
1832 32
1835 29
1825 40
1828 37
1845 23
1856 12
1826 44
1847 23
1831 43
1849 26
1852 23
1848 29
1860 17
1855 23
1836 44
1851 29
1854 26
1859 23
1850 33
1864 20
1839 46
1853 32
1862 23
1838 49
1863 26
1871 20
1869 23
1867 26
1876 17
1841 53
1844 50
1868 26
1873 23
1877 20
1846 52
1843 57
1881 20
1879 23
1874 29
1886 17
1861 43
1857 48
1858 48
1875 32
1865 43
1866 42
1882 26
1870 39
1890 20
1872 42
1885 29
1891 23
1889 26
1884 32
1897 20
1880 39
1887 32
1899 20
1901 20
1888 35
1898 26
1878 47
1883 42
1893 32
1902 26
1903 26
1904 27
1900 32
1896 37
1907 26
1911 23
1914 20
1894 44
1921 17
1895 46
1915 26
1916 26
1892 51
1924 20
1913 32
1926 19
1927 20
1930 17
1925 23
1923 29
1905 49
1912 42
1908 48
1910 46
1933 26
1906 54
1917 43
1940 20
1943 17
1919 42
1938 23
1936 26
1934 29
1937 26
1918 46
1928 36
1953 11
1939 26
1922 45
1941 26
1909 61
1920 51
1949 23
1929 45
1931 44
1952 23
1958 17
1947 32
1962 17
1932 48
1960 23
1935 50
1942 44
1957 29
1964 23
1977 11
1961 29
1969 23
1944 49
1948 47
1954 41
1966 29
1972 23
1975 20
1946 50
1973 23
1976 20
1978 20
1950 49
1951 48
1945 55
1971 29
1981 20
1956 46
1963 39
1974 28
1986 17
1955 50
1979 26
1984 23
1959 49
1965 43
1985 23
1967 42
1989 20
1968 43
1991 20
1970 43
1987 26
1993 20
1992 23
2009 11
2001 20
1983 39
2002 23
1995 32
2004 23
2003 26
2012 17
1980 50
1996 35
2000 32
1982 51
2007 26
1990 44
2006 29
2010 26
2020 16
2018 20
1997 42
1998 41
2011 29
2017 23
1988 54
2015 29
2028 17
2024 23
1999 49
2019 29
2023 26
2026 23
1994 58
2027 26
2005 49
2008 46
2016 38
2029 26
2021 35
2022 35
2031 26
2038 20
2014 45
2030 29
2040 20
2036 26
2025 39
2013 52
2039 26
2043 23
2049 17
2045 26
2052 20
2057 17
2033 42
2058 17
2032 46
2050 29
2051 29
2041 41
2037 46
2060 23
2064 20
2035 50
2046 39
2047 38
2056 29
2059 26
2062 23
2065 23
2048 41
2061 29
2034 58
2042 50
2055 37
2044 49
2072 23
2053 45
2067 32
2070 29
2073 26
2076 23
2079 20
2077 23
2083 17
2081 20
2071 32
2074 29
2082 23
2091 14
2054 52
2068 38
2078 29
2069 39
2080 29
2089 20
2063 50
2066 47
2087 26
2097 17
2090 26
2094 23
2075 44
2093 26
2084 38
2100 23
2096 29
2102 23
2085 41
2107 20
2108 20
2088 41
2095 35
2098 32
2104 26
2092 39
2105 26
2112 20
2113 20
2121 13
2086 49
2103 33
2114 23
2110 28
2124 14
2120 20
2122 20
2116 27
2117 26
2099 45
2130 14
2101 45
2123 23
2111 36
2106 43
2129 20
2118 32
2132 20
2135 17
2127 26
2109 47
2136 20
2115 42
2125 32
2140 17
2128 30
2126 33
2133 26
2119 41
2134 26
2144 17
2141 26
2143 26
2146 23
2150 20
2145 29
2151 23
2153 23
2131 46
2148 29
2160 17
2138 42
2142 39
2155 26
2156 26
2154 29
2158 26
2137 48
2159 26
2139 49
2167 23
2162 29
2168 23
2166 26
2164 29
2172 23
2147 49
2152 44
2170 26
2149 50
2173 26
2176 26
2174 29
2177 26
2183 20
2192 11
2163 41
2157 48
2161 44
2179 26
2193 20
2175 39
2169 46
2186 29
2188 27
2165 51
2185 32
2197 20
2200 17
2171 47
2184 35
2178 43
2180 43
2191 32
2207 17
2196 29
2199 26
2208 17
2194 32
2203 23
2206 20
2187 40
2198 29
2202 26
2205 23
2211 17
2181 49
2182 48
2215 17
2204 29
2210 23
2190 48
2209 29
2216 23
2222 17
2225 14
2195 45
2229 11
2224 17
2213 29
2189 54
2220 23
2218 26
2221 23
2214 32
2223 23
2230 17
2201 48
2228 23
2235 17
2242 14
2236 21
2237 20
2232 26
2212 49
2243 20
2247 17
2239 26
2227 39
2217 50
2249 20
2226 44
2244 26
2219 52
2231 41
2240 32
2246 26
2238 35
2250 23
2253 20
2234 41
2259 17
2248 29
2254 26
2257 23
2262 20
2241 42
2255 29
2261 23
2264 20
2233 53
2266 20
2268 20
2265 26
2245 47
2271 21
2263 32
2256 40
2267 29
2273 23
2251 46
2252 46
2272 29
2275 26
2276 26
2280 23
2258 48
2281 26
2287 20
2279 29
2285 23
2283 26
2286 23
2270 42
2292 20
2282 32
2288 26
2299 16
2290 26
2300 17
2289 29
2298 20
2260 60
2278 44
2277 47
2295 29
2284 41
2293 32
2302 23
2305 20
2269 57
2297 29
2274 53
2310 17
2296 32
2303 26
2309 23
2307 26
2308 26
2311 26
2304 36
2323 17
2294 47
2312 29
2291 52
2321 23
2318 29
2324 23
2306 42
2316 32
2319 29
2334 14
2317 32
2335 14
2315 35
2333 17
2301 51
2332 20
2327 26
2328 26
2331 23
2314 41
2330 26
2326 31
2313 45
2339 20
2325 36
2329 32
2336 26
2320 43
2346 17
2341 23
2322 43
2342 23
2344 23
2347 20
2345 23
2343 26
2349 26
2355 20
2340 36
2348 29
2360 17
2338 44
2351 32
2361 22
2359 26
2337 49
2354 32
2363 23
2358 29
2365 23
2368 20
2357 32
2369 20
2356 34
2364 26
2367 23
2370 20
2362 29
2371 20
2350 46
2352 45
2353 48
2375 27
2377 26
2378 26
2374 32
2366 42
2380 29
2389 20
2383 29
2376 37
2384 29
2391 23
2392 23
2390 26
2385 32
2388 29
2397 20
2372 46
2373 45
2381 37
2386 32
2401 19
2400 23
2403 20
2407 17
2382 43
2399 26
2394 32
2412 14
2387 41
2402 26
2405 23
2408 23
2379 53
2406 26
2393 42
2404 32
2396 41
2395 43
2415 23
2409 32
2421 20
2411 32
2414 29
2420 23
2398 46
2426 20
2429 17
2430 17
2416 32
2422 26
2428 20
2417 32
2423 26
2427 23
2437 14
2433 20
2434 20
2410 45
2418 37
2436 20
2432 26
2441 17
2413 47
2431 29
2438 26
2439 26
2443 23
2447 20
2419 49
2424 45
2449 23
2425 48
2450 23
2451 23
2454 23
2455 23
2462 17
2466 14
2435 46
2452 29
2453 29
2459 23
2463 20
2445 39
2440 45
2457 29
2460 26
2469 17
2442 46
2444 44
2458 32
2464 29
2465 29
2478 17
2448 48
2470 26
2479 17
2468 29
2471 26
2474 26
2472 29
2484 17
2473 29
2480 23
2475 29
2456 49
2483 23
2496 11
2446 65
2482 29
2485 26
2492 20
2495 17
2467 46
2494 20
2461 54
2489 29
2501 17
2477 42
2476 46
2502 20
2491 32
2481 43
2497 29
2488 39
2498 29
2499 29
2486 43
2503 26
2510 20
2508 23
2506 26
2490 44
2514 20
2493 42
2487 50
2511 26
2512 26
2516 26
2522 20
2517 26
2518 26
2524 20
2500 45
2523 23
2505 43
2525 23
2531 17
2507 42
2520 29
2526 23
2515 35
2504 51
2509 47
2521 35
2529 30
2533 26
2539 20
2513 47
2537 23
2535 26
2519 44
2546 17
2541 23
2527 40
2538 29
2550 17
2536 32
2551 17
2530 39
2528 42
2544 26
2545 26
2548 25
2542 32
2554 20
2553 23
2540 38
2543 35
2555 23
2547 32
2556 23
2558 23
2559 23
2532 51
2552 31
2557 26
2560 23
2534 50
2549 35
2561 23
2563 26
2575 14
2568 23
2564 29
2576 17
2562 32
2565 29
2571 23
2566 29
2567 32
2573 26
2581 20
2590 11
2579 23
2574 29
2578 26
2591 14
2582 26
2594 14
2577 32
2586 23
2595 14
2584 26
2569 43
2580 32
2587 26
2593 20
2570 45
2572 43
2600 17
2599 20
2585 35
2603 17
2592 29
2601 20
2596 26
2602 20
2588 36
2598 26
2583 48
2589 44
2610 23
2613 20
2609 26
2616 20
2605 32
2623 14
2604 35
2607 32
2614 26
2611 31
2619 23
2617 26
2618 26
2621 23
2612 33
2622 23
2625 20
2597 49
2626 23
2606 44
2624 26
2627 23
2631 20
2633 23
2620 39
2630 29
2628 32
2634 26
2629 32
2608 54
2632 32
2639 26
2635 32
2647 20
2646 23
2651 20
2653 20
2656 17
2642 32
2645 29
2654 20
2640 35
2649 26
2655 20
2644 32
2650 29
2615 66
2641 41
2637 46
2658 26
2661 23
2664 20
2663 23
2636 51
2638 50
2643 45
2665 23
2671 17
2657 32
2667 23
2648 43
2662 29
2670 23
2673 20
2677 17
2666 29
2678 17
2676 20
2675 23
2679 20
2680 20
2672 29
2659 43
2674 29
2683 23
2681 26
2684 23
2685 23
2660 50
2668 42
2682 29
2687 24
2652 63
2692 23
2669 47
2690 26
2696 20
2686 32
2693 26
2705 14
2691 29
2700 20
2697 26
2698 26
2704 20
2699 26
2694 35
2711 20
2688 44
2709 23
2712 20
2707 26
2708 26
2714 23
2701 38
2710 29
2713 26
2716 23
2727 13
2721 20
2719 23
2722 20
2717 26
2689 55
2718 26
2702 43
2706 39
2729 17
2730 20
2728 23
2703 49
2720 32
2725 29
2695 62
2734 26
2726 35
2732 29
2735 26
2733 29
2739 23
2742 20
2745 17
2737 26
2738 26
2715 50
2743 26
2746 23
2754 15
2723 49
2724 48
2740 32
2744 29
2747 26
2748 26
2751 23
2749 29
2752 26
2731 49
2755 26
2756 26
2765 17
2736 47
2757 26
2763 20
2758 29
2768 20
2775 14
2764 26
2741 51
2772 20
2761 32
2766 29
2769 26
2778 17
2776 20
2777 19
2774 23
2773 29
2786 16
2759 44
2780 23
2750 54
2787 17
2753 52
2779 26
2782 23
2788 17
2760 46
2791 17
2771 38
2781 29
2767 44
2762 52
2789 26
2790 26
2793 23
2800 17
2795 23
2798 20
2804 14
2770 50
2794 26
2784 38
2796 29
2801 26
2810 17
2802 26
2806 23
2813 17
2811 20
2783 49
2797 35
2792 41
2808 26
2803 32
2809 26
2799 37
2807 29
2812 26
2814 26
2820 20
2785 56
2823 20
2816 29
2819 29
2830 19
2832 17
2815 35
2822 29
2825 26
2829 23
2835 17
2805 49
2831 23
2818 37
2817 40
2837 20
2824 35
2836 23
2840 20
2834 29
2846 17
2838 26
2844 20
2828 38
2843 29
2821 53
2826 48
2848 26
2854 20
2849 26
2841 35
2847 29
2851 26
2856 23
2857 22
2833 47
2845 35
2860 20
2855 26
2858 23
2827 55
2850 32
2853 29
2859 23
2839 47
2867 20
2863 26
2870 19
2842 48
2873 17
2862 29
2869 23
2872 20
2852 41
2861 32
2864 29
2887 6
2866 29
2875 20
2878 17
2865 32
2868 29
2874 23
2880 20
2876 26
2871 32
2881 23
2885 20
2877 29
2883 23
2884 25
2894 17
2889 23
2888 26
2892 23
2895 20
2890 26
2886 32
2891 29
2882 40
2900 23
2893 31
2879 46
2899 26
2902 23
2897 29
2909 17
2901 26
2904 23
2905 23
2898 32
2908 23
2912 20
2907 26
2911 26
2916 23
2917 23
2923 17
2915 26
2910 32
2925 17
2906 38
2903 42
2918 29
2896 52
2919 32
2920 32
2921 32
2930 23
2933 20
2936 17
2939 17
2913 45
2929 29
2914 46
2932 29
2931 32
2927 38
2941 26
2937 31
2942 26
2922 47
2926 43
2938 32
2924 47
2945 26
2948 23
2955 16
2940 32
2943 29
2944 29
2934 40
2957 17
2946 29
2953 23
2928 49
2935 42
2951 26
2958 20
2947 32
2954 26
2963 17
2950 32
2952 30
2956 26
2959 23
2968 14
2962 23
2960 27
2964 23
2965 23
2972 17
2961 29
2970 23
2971 23
2973 23
2979 17
2969 29
2967 32
2966 35
2974 29
2949 57
2980 26
2983 23
2987 20
2976 32
2982 26
2988 20
2977 32
2981 29
2985 26
2990 23
2993 20
2986 29
2975 41
2984 32
2991 26
2994 23
2998 20
2999 20
2997 23
2995 26
3000 23
2992 32
3004 20
3007 17
2996 29
3002 23
2978 50
3003 26
3012 18
3008 23
3017 14
3009 23
2989 46
3016 20
3006 32
3010 29
3013 26
3026 13
3024 17
3022 20
3011 32
3018 26
3021 23
3019 26
3023 23
3029 17
3015 32
3031 17
3001 48
3020 29
3025 26
3028 23
3032 20
3005 48
3027 26
3030 23
3034 20
3036 20
3033 29
3037 26
3040 23
3014 51
3039 26
3042 23
3038 29
3035 35
3048 23
3057 14
3052 20
3058 14
3041 32
3047 26
3050 23
3045 32
3043 35
3055 23
3053 26
3051 29
3054 26
3060 20
3063 18
3044 38
3056 26
3061 23
3062 23
3064 23
3059 29
3049 40
3046 46
3070 23
3065 29
3066 29
3072 23
3067 29
3071 26
3069 29
3075 23
3068 32
3074 26
3078 23
3073 29
3084 20
3076 29
3081 29
3087 23
3079 32
3085 26
3088 23
3080 32
3086 26
3089 23
3090 26
3096 20
3082 35
3091 26
3103 20
3106 17
3095 29
3101 23
3093 32
3099 26
3077 49
3097 29
3105 23
3083 46
3092 38
3108 23
3111 20
3094 38
3100 32
3118 14
3104 29
3098 38
3113 23
3122 14
3109 29
3116 23
3119 20
3123 17
3112 29
3114 29
3125 20
3117 29
3129 17
3102 46
3107 43
3127 23
3133 17
3128 23
3131 20
3121 32
3126 29
3132 23
3134 23
3135 23
3110 49
3124 35
3140 20
3115 49
3130 34
3141 23
3146 19
3143 23
3152 14
3138 29
3137 32
3153 17
3136 35
3120 53
3147 26
3142 32
3144 32
3148 29
3155 23
3150 29
3151 29
3160 20
3149 32
3163 20
3161 23
3156 29
3162 23
3157 29
3158 28
3154 33
3170 17
3139 51
3167 23
3171 23
3174 20
3173 23
3176 20
3159 42
3175 26
3178 23
3145 57
3182 20
3179 26
3180 26
3186 20
3169 38
3181 26
3184 23
3183 26
3190 20
3166 45
3185 27
3164 49
3177 36
3201 12
3165 50
3172 44
3187 29
3188 29
3191 26
3194 23
3192 26
3195 23
3197 23
3203 17
3204 17
3168 55
3189 35
3196 29
3205 20
3200 26
3199 29
3214 17
3206 26
3209 26
3210 26
3208 29
3216 23
3219 20
3212 29
3215 26
3213 29
3202 43
3193 53
3220 26
3218 29
3225 23
3226 23
3232 17
3198 53
3222 29
3224 29
3227 29
3233 23
3228 29
3237 20
3240 17
3236 23
3231 29
3211 50
3229 32
3245 20
3234 32
3217 50
3238 29
3244 23
3247 20
3207 61
3230 38
3239 29
3242 26
3223 47
3235 35
3221 51
3243 29
3246 26
3249 23
3241 32
3248 29
3252 26
3255 23
3257 21
3253 26
3258 23
3250 32
3256 26
3265 17
3261 23
3260 26
3259 29
3268 20
3263 26
3264 26
3267 23
3270 20
3272 20
3262 32
3266 29
3251 47
3278 20
3273 26
3276 23
3274 26
3269 32
3275 26
3281 20
3254 49
3271 32
3286 17
3279 26
3282 23
3283 23
3285 23
3280 29
3284 26
3293 20
3302 11
3288 26
3287 29
3298 20
3291 29
3297 23
3295 26
3309 14
3307 17
3299 26
3303 23
3296 32
3305 23
3277 52
3294 35
3312 17
3300 32
3306 26
3301 32
3304 29
3310 23
3317 17
3289 46
3318 17
3290 46
3313 23
3308 29
3314 23
3315 24
3327 14
3311 32
3324 20
3322 23
3292 54
3316 32
3321 29
3325 26
3328 23
3323 29
3337 17
3331 26
3332 26
3333 26
3335 26
3334 29
3343 20
3320 46
3346 20
3351 17
3349 20
3347 23
3350 20
3330 42
3336 36
3319 54
3344 29
3339 35
3342 32
3352 23
3329 49
3326 53
3341 39
3355 26
3361 20
3353 29
3362 20
3348 35
3338 46
3364 20
3368 17
3360 26
3358 29
3367 20
3340 48
3356 32
3345 45
3373 17
3359 32
3378 17
3371 26
3379 20
3382 17
3377 23
3376 26
3383 20
3354 50
3366 38
3369 35
3372 32
3375 29
3381 23
3370 35
3374 32
3386 20
3384 23
3387 20
3357 51
3385 23
3363 49
3365 47
3391 23
3380 35
3390 26
3393 23
3388 29
3395 23
3396 23
3397 23
3400 20
3389 32
3403 18
3394 28
3398 26
3401 23
3404 23
3399 29
3406 23
3402 29
3405 26
3410 23
3409 26
3392 44
3407 29
3416 23
3408 32
3420 20
3412 29
3415 26
3418 23
3413 29
3417 26
3414 32
3423 23
3426 20
3427 20
3419 29
3422 26
3425 23
3421 29
3434 17
3411 41
3430 23
3428 26
3431 23
3433 23
3432 26
3424 35
3440 20
3435 26
3438 29
3447 20
3442 26
3437 32
3443 29
3446 26
3455 17
3444 29
3450 23
3445 29
3441 35
3452 26
3453 26
3429 51
3436 44
3448 32
3451 29
3463 20
3459 26
3454 32
3457 29
3458 29
3461 26
3439 49
3465 23
3449 42
3468 23
3456 39
3475 20
3467 29
3470 26
3462 35
3460 40
3471 29
3480 20
3479 23
3482 20
3478 26
3469 38
3473 34
3486 23
3481 29
3464 48
3477 35
3483 29
3492 20
3484 29
3487 26
3466 48
3476 38
3472 43
3485 32
3488 29
3493 26
3489 32
3501 20
3490 32
3496 26
3505 17
3504 20
3474 51
3497 29
3498 29
3499 29
3502 26
3503 26
3494 38
3506 29
3508 27
3523 14
3495 43
3509 29
3515 23
3516 23
3517 23
3521 20
3510 32
3514 29
3520 23
3491 53
3500 44
3524 20
3511 35
3526 20
3527 20
3530 17
3522 26
3529 20
3519 32
3532 20
3512 43
3507 51
3536 23
3525 35
3528 32
3531 29
3537 23
3541 20
3540 23
3543 20
3513 51
3533 33
3535 32
3547 20
3545 23
3548 20
3518 51
3534 35
3538 32
3549 23
3544 29
3550 23
3556 17
3542 32
3546 32
3552 26
3558 20
3560 20
3559 23
3554 29
3557 26
3555 29
3539 47
3551 35
3561 26
3563 26
3566 23
3567 23
3562 29
3571 20
3572 20
3568 26
3569 26
3575 20
3576 20
3565 32
3553 45
3570 28
3578 20
3573 26
3574 26
3580 20
3577 26
3581 26
3564 45
3583 26
3587 23
3579 32
3588 23
3591 20
3594 17
3590 23
3589 26
3584 32
3585 32
3597 20
3586 32
3592 26
3593 26
3595 24
3600 20
3603 17
3598 23
3604 23
3599 32
3602 29
3608 23
3611 20
3582 51
3601 32
3620 14
3606 29
3607 29
3616 20
3622 14
3596 41
3613 26
3614 26
3609 32
3612 29
3615 26
3610 32
3626 17
3618 26
3619 26
3625 20
3628 17
3617 29
3605 42
3624 23
3623 26
3630 23
3629 26
3635 20
3627 29
3621 38
3633 26
3634 26
3632 29
3638 23
3648 14
3637 26
3639 26
3645 20
3631 35
3640 26
3647 20
3636 32
3651 17
3642 29
3646 26
3644 29
3643 32
3649 26
3655 20
3659 17
3652 26
3650 29
3653 26
3654 26
3658 23
3641 45
3657 29
3661 26
3665 23
3663 26
3666 23
3671 20
3656 37
3667 26
3670 23
3669 26
3664 35
3673 26
3674 26
3660 41
3678 23
3681 20
3676 26
3677 26
3672 32
3690 14
3679 26
3668 38
3675 32
3682 26
3683 26
3684 29
3685 29
3688 29
3698 20
3691 29
3686 35
3692 29
3687 35
3696 26
3689 35
3695 29
3680 45
3693 32
3694 32
3697 29
3700 26
3703 23
3704 23
3662 66
3708 20
3710 20
3705 26
3701 32
3702 32
3711 23
3723 11
3709 26
3712 26
3713 26
3706 35
3722 20
3714 29
3699 45
3716 29
3718 28
3720 26
3715 32
3707 44
3731 20
3726 26
3729 23
3721 32
3719 35
3728 26
3730 26
3733 23
3737 20
3732 26
3741 20
3717 45
3734 29
3735 29
3742 23
3746 20
3736 32
3740 29
3743 26
3744 26
3724 47
3739 32
3725 48
3747 26
3754 20
3749 26
3750 26
3752 26
3755 23
3753 26
3762 20
3727 57
3763 21
3756 29
3768 17
3758 29
3738 50
3765 23
3757 32
3760 29
3766 23
3759 32
3745 48
3764 29
3748 47
3751 44
3767 28
3776 20
3774 26
3778 23
3773 29
3779 23
3782 20
3775 29
3771 35
3777 29
3785 23
3761 48
3769 42
3787 26
3783 32
3792 23
3793 23
3791 26
3801 17
3790 29
3796 23
3770 50
3789 33
3808 14
3797 26
3795 29
3780 45
3772 54
3794 32
3804 23
3799 29
3800 29
3803 26
3784 47
3802 29
3810 23
3786 49
3798 37
3809 26
3788 48
3820 17
3812 26
3821 17
3819 20
3811 29
3824 17
3806 36
3813 29
3814 29
3817 26
3825 20
3781 67
3816 32
3831 17
3832 17
3805 47
3829 23
3827 26
3833 20
3840 13
3830 24
3823 32
3835 20
3818 38
3807 50
3828 32
3834 26
3826 35
3842 20
3851 11
3849 14
3850 14
3846 20
3836 32
3837 32
3855 14
3839 32
3822 50
3843 29
3815 58
3838 35
3845 29
3858 17
3841 35
3853 23
3856 20
3848 29
3854 23
3859 20
3861 20
3844 39
3860 23
3852 32
3864 20
3862 23
3863 23
3869 23
3867 26
3865 29
3847 48
3870 26
3873 23
3868 29
3857 41
3866 32
3876 23
3871 29
3880 20
3881 20
3884 20
3879 26
3885 20
3883 23
3875 32
3874 35
3890 20
3882 29
3891 23
3886 29
3889 26
3892 23
3893 23
3888 29
3897 20
3900 17
3899 20
3877 43
3878 42
3894 26
3895 26
3896 26
3901 23
3872 53
3902 23
3908 20
3906 26
3903 32
3912 23
3907 29
3910 26
3911 26
3887 51
3915 26
3914 29
3917 26
3918 26
3919 26
3916 30
3920 26
3923 23
3929 17
3924 23
3913 35
3926 22
3921 29
3930 20
3933 17
3909 42
3922 29
3898 54
3905 47
3936 20
3931 26
3934 23
3927 32
3937 23
3904 58
3942 20
3943 20
3935 29
3925 40
3939 26
3948 17
3947 23
3956 14
3940 32
3944 29
3945 29
3938 37
3953 23
3954 23
3963 14
3952 26
3928 51
3941 40
3955 26
3961 20
3951 32
3932 52
3958 26
3962 23
3957 29
3950 38
3969 20
3964 26
3970 20
3946 45
3960 31
3965 26
3968 23
3977 17
3966 29
3975 23
3967 32
3973 26
3959 41
3949 54
3972 32
3979 26
3982 23
3976 32
3980 29
3981 29
3984 26
3991 20
3983 29
3986 26
3995 17
3987 26
3993 20
3978 36
3988 26
3971 44
3974 41
3992 23
3996 20
3985 32
3994 23
3990 29
3997 23
4006 14
3989 32
4004 17
3998 26
4000 26
4001 26
4007 20
4002 26
4008 20
4005 26
4009 23
4010 26
4011 26
4013 26
4016 23
4003 38
4018 23
4022 20
4017 26
4012 32
4015 29
4024 20
4027 17
4019 26
4014 32
3999 48
4020 29
4023 29
4021 32
4025 29
4029 26
4033 23
4026 32
4032 26
4036 23
4028 32
4035 26
4039 23
4031 32
4038 26
4041 23
4044 20
4042 23
4048 17
4037 29
4040 26
4046 20
4047 20
4043 26
4034 40
4064 10
4049 29
4055 23
4050 29
4063 17
4052 29
4059 23
4045 38
4051 32
4054 29
4060 23
4057 29
4053 35
4056 32
4068 20
4071 18
4058 32
4067 23
4065 26
4074 17
4066 26
4062 31
4030 64
4076 20
4075 23
4080 20
4084 17
4073 29
4083 20
4070 35
4079 26
4089 17
4061 49
4081 29
4082 29
4085 26
4078 35
4090 23
4088 26
4072 43
4094 23
4092 26
4093 26
4096 23
4100 20
4069 52
4077 46
4091 32
4097 26
4098 26
4101 23
4087 38
4086 41
4095 32
4103 26
4109 20
4099 32
4105 26
4115 17
4107 26
4102 32
4108 26
4106 29
4110 26
4111 26
4118 20
4104 35
4112 29
4113 29
4116 26
4119 26
4114 32
4117 29
4125 23
4120 29
4123 26
4124 26
4126 26
4127 26
4122 32
4131 23
4121 34
4128 27
4130 29
4132 29
4133 29
4136 26
4138 26
4142 23
4137 29
4140 29
4129 41
4144 26
4147 23
4139 32
4145 26
4143 29
4134 39
4141 32
4146 29
4135 41
4150 29
4148 32
4163 17
4169 11
4149 32
4155 26
4161 20
4154 29
4152 32
4164 20
4160 26
4166 20
4159 29
4165 23
4156 33
4158 32
4151 40
4171 20
4174 17
4167 26
4162 32
4168 26
4153 43
4176 20
4179 20
4157 44
4178 23
4185 17
4173 33
4186 20
4189 17
4184 23
4191 17
4180 29
4183 26
4175 37
4181 31
4182 32
4172 43
4195 20
4170 46
4193 23
4196 20
4192 26
4177 42
4188 32
4198 26
4204 20
4194 35
4190 41
4199 32
4211 20
4187 45
4197 35
4200 32
4205 29
4217 17
4206 29
4209 26
4212 23
4210 26
4219 17
4222 14
4208 29
4215 23
4201 38
4213 26
4214 26
4218 26
4216 29
4225 20
4220 26
4221 26
4223 26
4224 26
4227 26
4203 51
4202 54
4226 31
4237 20
4229 29
4207 53
4230 32
4228 35
4231 32
4234 29
4241 23
4233 32
4239 26
4238 29
4236 32
4235 34
4232 39
4240 32
4242 32
4246 29
4249 26
4252 23
4247 29
4250 26
4248 29
4256 23
4262 17
4266 14
4255 26
4253 29
4245 38
4254 29
4263 20
4258 26
4261 23
4265 20
4264 23
4251 38
4273 17
4259 32
4244 50
4274 20
4243 52
4260 35
4270 26
4269 29
4272 26
4267 32
4279 23
4282 20
4281 23
4284 20
4268 38
4277 29
4271 36
4276 32
4280 29
4283 29
4286 26
4257 57
4278 36
4291 23
4290 26
4293 23
4298 18
4294 23
4297 20
4287 32
4275 46
4295 26
4296 26
4303 20
4304 20
4302 23
4289 37
4292 35
4299 29
4300 29
4306 23
4308 24
4318 14
4285 48
4307 26
4311 26
4314 23
4310 29
4313 29
4319 23
4326 17
4305 39
4309 35
4288 57
4312 34
4323 23
4315 32
4321 26
4324 23
4301 47
4320 29
4317 38
4335 20
4330 26
4316 41
4322 35
4331 26
4329 29
4327 32
4328 32
4336 29
4332 35
4341 26
4339 29
4351 17
4337 32
4334 36
4347 23
4325 46
4349 23
4338 35
4346 32
4344 35
4354 26
4333 50
4340 43
4357 26
4361 23
4350 35
4353 32
4359 26
4362 23
4369 17
4343 44
4358 29
4356 32
4360 29
4364 26
4365 26
4368 23
4342 50
4367 26
4352 42
4355 39
4371 23
4363 32
4380 20
4348 53
4372 29
4375 26
4388 14
4366 37
4374 29
4378 26
4370 35
4373 32
4379 26
4382 23
4383 23
4381 26
4376 32
4345 64
4386 23
4387 23
4377 35
4384 32
4394 23
4397 20
4392 26
4393 26
4389 32
4395 26
4403 20
4401 23
4404 23
4405 23
4398 32
4407 23
4414 17
4406 26
4411 23
4390 46
4415 23
4385 54
4391 48
4410 29
4419 20
4400 44
4412 33
4416 29
4402 44
4418 29
4399 50
4417 32
4424 26
4428 23
4429 23
4427 26
4433 20
4409 45
4422 32
4413 42
4431 26
4437 20
4432 26
4439 20
4396 64
4408 53
4441 20
4442 20
4425 38
4434 29
4440 23
4436 29
4438 29
4423 45
4445 23
4446 23
4435 35
4447 23
4430 43
4444 29
4420 54
4426 48
4449 26
4421 55
4450 26
4452 26
4462 17
4448 32
4454 26
4458 23
4456 26
4460 23
4455 29
4464 20
4451 35
4466 20
4461 26
4443 45
4457 32
4472 17
4465 26
4468 23
4469 23
4471 23
4463 32
4475 23
4477 23
4480 20
4476 26
4453 50
4474 29
4483 20
4486 17
4473 32
4482 23
4459 47
4478 32
4490 20
4488 23
4470 42
4481 32
4484 29
4485 29
4479 36
4487 29
4491 26
4494 23
4495 23
4499 20
4489 32
4493 28
4496 26
4505 17
4503 20
4497 29
4500 26
4498 29
4467 61
4507 23
4502 29
4508 23
4510 24
4506 29
4515 20
4501 36
4511 26
4512 26
4516 23
4514 26
4509 32
4518 23
4504 38
4520 23
4526 17
4522 23
4492 54
4521 26
4529 20
4519 32
4528 23
4513 40
4530 23
4517 37
4525 29
4531 23
4532 23
4535 20
4541 14
4527 32
4536 23
4524 38
4533 29
4545 17
4540 23
4539 26
4523 43
4542 26
4549 20
4548 23
4554 17
4543 29
4546 26
4555 17
4544 29
4550 23
4559 14
4551 23
4547 29
4538 39
4557 23
4560 23
4558 26
4553 32
4562 23
4534 52
4566 20
4552 35
4565 23
4561 29
4537 56
4564 32
4577 20
4572 26
4570 29
4567 35
4571 31
4575 29
4581 23
4582 23
4583 23
4584 23
4576 32
4556 53
4580 29
4586 23
4573 38
4579 34
4596 17
4563 51
4569 45
4591 23
4587 29
4588 29
4593 26
4594 26
4589 32
4592 29
4595 26
4590 32
4599 23
4574 50
4598 26
4601 23
4606 20
4568 59
4604 23
4605 23
4597 32
4610 20
4585 46
4602 29
4600 32
4608 26
4578 57
4615 20
4609 29
4612 26
4614 26
4611 32
4617 29
4620 26
4618 29
4625 23
4628 20
4631 17
4623 26
4621 29
4616 35
4619 32
4632 20
4624 29
4635 20
4627 29
4630 26
4639 23
4603 60
4626 37
4629 35
4638 26
4607 58
4637 29
4641 26
4647 20
4645 23
4613 56
4622 47
4650 20
4642 29
4640 32
4646 26
4649 26
4651 26
4654 23
4656 23
4648 32
4655 26
4634 48
4644 38
4636 48
4653 32
4662 23
4633 53
4660 26
4664 23
4671 17
4657 32
4658 32
4659 32
4666 26
4643 52
4669 26
4679 17
4668 32
4680 20
4672 29
4652 50
4667 35
4673 29
4688 17
4677 29
4675 32
4661 47
4663 46
4686 23
4690 20
4693 17
4676 35
4674 38
4681 32
4685 29
4691 23
4695 20
4698 17
4684 32
4665 53
4699 23
4714 8
4697 26
4707 17
4670 55
4683 42
4709 17
4689 38
4692 35
4703 24
4678 50
4708 20
4682 47
4687 42
4694 35
4700 29
4696 35
4704 29
4702 32
4701 35
4713 23
4706 32
4712 26
4705 35
4719 23
4720 23
4718 26
4721 23
4716 29
4728 20
4715 34
4717 32
4733 17
4722 29
4710 42
4727 26
4730 23
4726 29
4735 20
4725 32
4731 26
4732 26
4711 52
4734 29
4746 17
4744 20
4742 23
4737 29
4738 29
4739 29
4723 47
4736 35
4743 29
4741 32
4747 26
4745 29
4749 26
4724 53
4748 29
4740 38
4752 26
4729 52
4758 23
4756 26
4762 20
4763 20
4755 29
4750 38
4759 29
4765 23
4754 35
4760 29
4778 14
4764 29
4767 26
4751 43
4766 29
4753 43
4770 26
4757 40
4768 29
4769 29
4771 29
4772 29
4775 26
4773 29
4789 14
4781 23
4779 26
4761 45
4797 11
4777 32
4790 20
4785 26
4783 29
4776 38
4782 32
4792 26
4795 26
4793 29
4804 20
4774 51
4787 38
4805 20
4791 35
4798 30
4796 37
4801 32
4807 26
4780 54
4802 32
4808 26
4803 32
4806 29
4812 23
4800 37
4809 29
4784 55
4810 29
4819 20
4825 14
4786 54
4811 29
4814 26
4820 20
4799 42
4818 23
4816 27
4813 32
4822 23
4828 17
4794 53
4821 26
4788 61
4831 20
4832 20
4835 17
4830 23
4829 26
4841 14
4826 32
4833 26
4823 37
4834 26
4840 22
4817 48
4836 29
4815 52
4842 26
4851 17
4824 45
4837 32
4846 23
4847 23
4839 32
4843 32
4849 26
4827 49
4844 32
4850 26
4845 32
4852 26
4855 23
4854 26
4856 26
4862 20
4853 32
4857 29
4860 26
4863 23
4872 14
4838 49
4864 23
4848 41
4881 9
4859 32
4873 20
4865 29
4871 23
4866 29
4869 26
4861 35
4870 26
4882 14
4874 26
4880 20
4867 35
4876 26
4875 29
4878 26
4885 20
4883 23
4889 17
4884 23
4858 51
4887 23
4888 23
4868 47
4886 29
4898 20
4890 29
4896 23
4892 29
4903 20
4897 29
4900 26
4877 50
4901 26
4899 29
4902 26
4879 50
4904 26
4907 23
4915 17
4891 42
4905 29
4918 20
4908 32
4920 20
4895 46
4909 32
4910 32
4913 29
4912 32
4916 29
4917 29
4894 53
4921 26
4919 29
4931 17
4923 26
4927 23
4928 23
4924 29
4922 32
4941 14
4893 64
4925 32
4934 23
4930 29
4933 26
4942 17
4929 32
4911 51
4937 26
4935 29
4944 20
4936 29
4906 60
4947 19
4938 29
4914 54
4926 44
4932 38
4939 32
4940 32
4943 29
4952 20
4955 17
4948 26
4946 29
4953 23
4956 20
4951 29
4949 32
4945 37
4950 32
4964 20
4957 29
4961 26
4959 29
4966 23
4969 23
4967 26
4962 32
4965 29
4970 26
4968 29
4980 17
4971 29
4977 23
4984 17
4973 29
4958 46
4972 32
4975 29
4981 23
4976 29
4985 20
4960 46
4983 23
4954 54
4982 26
4978 32
4990 20
4987 29
4988 29
4991 26
4995 23
4998 20
4979 40
4993 26
4974 46
4994 26
4997 23
5001 20
4986 38
5004 20
4996 29
4999 26
5002 23
4963 63
5006 20
5013 14
5000 29
4989 41
5007 23
5003 29
5008 26
5011 23
5010 26
5014 23
5009 30
4992 48
5005 35
5017 23
5016 29
5022 23
5026 20
5025 23
5020 29
5023 26
5024 29
5027 26
5032 23
5035 20
5030 26
5021 40
5041 20
5012 50
5019 43
5033 29
5018 45
5042 23
5015 51
5034 32
5036 32
5043 26
5038 32
5045 26
5054 17
5044 29
5039 35
5060 14
5046 29
5047 29
5059 17
5028 49
5048 29
5050 29
5061 20
5029 54
5051 32
5031 53
5049 35
5052 32
5055 29
5053 32
5065 23
5037 53
5067 23
5076 14
5062 29
5040 52
5063 29
5064 29
5056 38
5069 26
5072 23
5071 26
5075 23
5070 29
5073 26
5058 42
5077 23
5078 23
5079 23
5081 23
5057 49
5068 38
5083 23
5086 23
5082 29
5089 23
5084 29
5091 23
5066 52
5092 26
5098 20
5074 45
5096 23
5094 26
5095 26
5097 26
5106 17
5101 23
5080 45
5093 32
5099 26
5100 26
5087 41
5102 26
5109 20
5112 20
5107 26
5118 17
5088 48
5090 46
5108 29
5111 26
5113 26
5114 26
5085 57
5116 26
5115 29
5121 23
5117 29
5123 23
5104 43
5119 29
5129 20
5124 26
5122 29
5125 26
5103 50
5110 43
5120 33
5127 26
5136 17
5105 49
5133 23
5128 29
5137 23
5130 32
5145 18
5126 38
5132 32
5134 32
5148 20
5143 26
5150 20
5147 26
5139 35
5142 32
5138 38
5151 26
5146 32
5149 29
5131 51
5153 29
5156 26
5157 26
5160 23
5155 29
5140 45
5159 26
5171 14
5163 23
5158 29
5170 17
5162 26
5144 46
5161 29
5135 56
5168 23
5172 19
5169 23
5167 26
5165 29
5154 42
5164 32
5152 46
5166 32
5176 23
5141 59
5177 26
5175 32
5179 29
5182 26
5185 23
5180 29
5186 23
5184 26
5190 20
5183 29
5187 26
5193 20
5173 41
5191 23
5174 41
5197 20
5181 37
5199 20
5188 32
5194 26
5192 32
5206 20
5189 38
5198 29
5207 20
5202 26
5212 17
5210 20
5205 26
5214 17
5178 54
5203 29
5201 32
5208 26
5222 14
5211 26
5195 43
5204 35
5209 32
5215 26
5196 47
5221 23
5224 20
5219 26
5220 26
5226 20
5218 32
5200 51
5225 26
5229 23
5228 26
5232 23
5213 43
5233 23
5216 41
5238 20
5230 29
5234 26
5235 26
5227 35
5247 17
5245 20
5223 43
5231 35
5237 29
5217 50
5241 26
5246 23
5242 29
5248 23
5240 32
5236 37
5250 23
5260 17
5243 35
5258 20
5253 26
5262 17
5257 23
5249 32
5256 26
5259 23
5251 32
5254 29
5266 17
5252 32
5255 29
5244 43
5261 26
5263 26
5269 20
5239 51
5282 11
5268 26
5270 26
5283 14
5274 26
5271 32
5277 26
5272 32
5273 32
5279 26
5275 32
5278 29
5281 26
5276 32
5265 44
5286 23
5292 17
5285 26
5280 32
5287 26
5289 26
5267 50
5284 35
5290 29
5293 26
5291 29
5264 58
5301 21
5297 26
5295 29
5304 20
5296 29
5299 26
5306 20
5302 26
5305 23
5294 35
5300 29
5303 26
5308 26
5311 23
5314 20
5310 26
5320 17
5309 29
5315 23
5307 32
5316 23
5324 17
5313 29
5322 20
5288 55
5312 32
5331 14
5318 29
5321 26
5317 32
5323 26
5326 23
5325 26
5328 23
5332 23
5335 20
5298 58
5327 29
5330 29
5333 26
5336 26
5334 29
5347 17
5339 26
5348 17
5342 26
5329 40
5337 32
5346 23
5338 32
5350 20
5349 23
5319 54
5340 35
5355 20
5358 17
5353 23
5345 32
5352 26
5361 17
5356 23
5357 22
5343 37
5351 29
5359 26
5362 26
5360 29
5366 23
5367 23
5365 26
5368 23
5344 48
5354 38
5371 23
5375 20
5377 20
5341 57
5363 35
5381 17
5373 26
5374 26
5364 37
5380 23
5370 35
5369 37
5384 23
5376 32
5379 29
5378 32
5387 23
5388 23
5383 29
5392 20
5394 20
5389 26
5386 32
5393 26
5399 20
5385 35
5372 49
5396 26
5398 26
5390 35
5397 29
5403 23
5382 45
5401 26
5402 26
5395 35
5391 41
5406 26
5412 20
5407 29
5405 32
5409 29
5418 20
5404 35
5410 29
5411 32
5400 44
5415 29
5413 32
5419 26
5422 23
5414 32
5421 26
5416 32
5425 23
5426 26
5408 45
5429 26
5434 23
5440 17
5427 32
5436 23
5437 23
5428 33
5432 29
5430 32
5420 43
5431 32
5423 41
5435 29
5439 26
5443 23
5446 20
5433 35
5442 26
5424 46
5451 20
5438 35
5445 29
5449 26
5417 59
5444 32
5450 26
5454 22
5441 36
5453 26
5459 20
5448 32
5457 23
5455 26
5452 32
5456 29
5447 39
5458 32
5461 29
5464 26
5462 29
5471 20
5466 26
5460 35
5472 23
5470 26
5475 29
5476 29
5483 23
5486 20
5469 38
5481 26
5473 35
5479 29
5488 20
5477 33
5478 32
5484 26
5482 29
5465 47
5474 38
5485 29
5480 35
5489 26
5490 26
5491 26
5463 56
5468 51
5467 53
5501 19
5492 29
5487 35
5496 26
5498 26
5504 20
5507 17
5494 32
5495 32
5497 32
5500 29
5503 26
5514 20
5506 29
5509 26
5512 23
5510 26
5508 29
5511 26
5515 23
5516 23
5499 41
5502 41
5520 23
5523 20
5524 20
5519 26
5517 29
5529 17
5518 29
5521 26
5525 23
5527 23
5528 23
5531 20
5530 23
5493 65
5505 53
5533 26
5513 47
5537 23
5526 35
5535 26
5541 20
5536 26
5532 32
5546 20
5534 33
5547 20
5539 29
5551 17
5544 26
5542 29
5548 23
5543 29
5556 17
5549 26
5559 17
5545 32
5555 23
5553 26
5562 17
5554 26
5560 20
5552 29
5561 23
5538 47
5550 35
5522 66
5540 49
5557 32
5564 26
5567 23
5568 23
5563 29
5566 26
5570 23
5558 39
5565 32
5574 23
5572 26
5573 29
5576 26
5571 32
5577 26
5579 26
5582 23
5592 14
5578 29
5584 23
5585 23
5580 29
5588 23
5583 29
5587 26
5591 23
5589 26
5590 26
5569 48
5594 23
5575 44
5600 20
5598 23
5581 43
5597 29
5604 23
5612 17
5586 44
5601 29
5602 29
5606 26
5605 29
5611 23
5621 17
5599 40
5607 32
5617 23
5620 20
5609 32
5615 26
5593 49
5616 29
5622 23
5618 30
5619 29
5596 53
5614 35
5624 26
5627 23
5610 42
5625 27
5595 60
5603 52
5613 42
5626 29
5629 26
5635 20
5608 50
5623 35
5632 26
5642 17
5631 29
5633 32
5637 29
5646 20
5636 32
5639 29
5643 26
5645 26
5628 46
5634 41
5652 23
5655 20
5638 38
5648 29
5647 31
5656 23
5662 17
5640 40
5649 32
5658 23
5644 38
5650 32
5653 29
5630 53
5665 20
5651 35
5666 20
5661 26
5659 29
5660 29
5669 20
5663 32
5667 28
5672 23
5670 29
5673 26
5676 23
5668 32
5680 20
5678 23
5654 48
5664 38
5679 23
5641 62
5657 50
5681 26
5683 26
5675 35
5685 26
5690 23
5682 32
5688 29
5694 23
5686 32
5695 23
5671 51
5693 29
5696 26
5700 23
5677 47
5691 34
5697 29
5703 23
5699 29
5706 23
5707 23
5687 44
5701 32
5718 15
5674 60
5705 29
5708 26
5709 26
5698 38
5704 32
5710 26
5702 35
5712 29
5715 26
5719 23
5684 59
5711 32
5723 20
5727 16
5689 55
5717 32
5724 26
5722 29
5728 23
5733 20
5726 29
5731 26
5734 23
5716 43
5736 23
5713 47
5737 23
5739 23
5742 23
5732 34
5744 23
5721 47
5714 55
5743 26
5735 35
5692 79
5740 32
5746 26
5752 20
5730 43
5741 32
5720 54
5745 29
5748 26
5751 23
5755 20
5750 26
5749 29
5758 20
5725 55
5764 17
5729 53
5738 44
5756 26
5757 26
5761 23
5747 38
5762 23
5766 23
5754 36
5765 26
5760 32
5772 20
5767 26
5771 23
5763 32
5769 26
5759 38
5768 29
5773 26
5779 20
5774 26
5778 23
5753 49
5775 29
5770 35
5782 23
5787 20
5776 32
5777 32
5783 26
5786 23
5781 29
5788 23
5789 23
5796 20
5785 32
5791 26
5780 38
5792 26
5795 23
5801 17
5790 29
5793 26
5799 20
5794 32
5802 26
5797 32
5806 23
5798 32
5804 29
5810 23
5805 29
5808 26
5812 23
5809 29
5815 23
5807 32
5813 26
5811 29
5784 59
5814 29
5818 26
5822 23
5800 46
5824 23
5826 23
5840 11
5817 35
5832 20
5831 23
5829 26
5830 26
5839 17
5825 32
5823 35
5833 26
5820 43
5828 35
5834 29
5837 26
5821 43
5836 29
5838 29
5843 26
5849 20
5835 35
5841 29
5816 55
5847 26
5819 55
5854 20
5846 29
5827 49
5848 29
5850 27
5857 20
5855 26
5858 23
5845 37
5851 32
5803 82
5866 20
5852 35
5856 31
5861 26
5864 23
5853 35
5860 29
5867 23
5862 29
5869 23
5875 17
5842 51
5870 23
5873 20
5844 52
5865 32
5868 29
5871 29
5877 26
5872 32
5878 26
5881 23
5884 20
5876 29
5874 32
5880 29
5883 29
5885 29
5863 52
5890 26
5902 14
5859 58
5888 29
5889 29
5898 20
5887 32
5886 35
5893 29
5900 23
5892 32
5896 29
5891 35
5897 29
5895 32
5907 20
5905 23
5894 35
5879 52
5899 32
5908 23
5903 29
5906 26
5882 51
5909 26
5910 26
5917 20
5915 26
5916 25
5913 29
5911 32
5914 29
5923 20
5918 26
5922 23
5925 20
5912 35
5919 29
5928 20
5942 6
5926 23
5924 26
5927 23
5904 47
5931 23
5920 36
5921 35
5901 57
5929 29
5934 26
5935 26
5933 29
5936 26
5937 26
5943 20
5939 26
5932 34
5940 26
5946 20
5938 29
5955 14
5947 23
5950 20
5930 42
5941 35
5944 32
5951 26
5949 29
5953 26
5954 26
5957 23
5960 20
5956 26
5962 20
5945 38
5948 35
5963 20
5959 26
5964 23
5965 23
5968 20
5966 23
5961 32
5967 26
5969 26
5970 26
5952 48
5974 26
5977 23
5981 23
5982 23
5992 13
5983 23
5976 32
5975 35
5958 53
5985 26
5984 29
5990 23
5988 26
5997 17
5980 35
5987 30
5973 46
5986 35
5996 26
6015 7
5989 35
5995 29
6001 23
5978 47
5993 32
5999 26
6006 20
6007 19
5971 57
6002 26
5979 50
6003 26
6004 26
5972 59
6000 32
6009 23
6011 23
6012 23
6005 33
6019 20
6008 32
5991 50
6010 32
6013 29
6018 26
6021 23
6017 29
6020 26
6029 17
5994 54
6022 26
6037 11
6023 26
6026 23
6032 17
6014 37
6016 35
6025 26
5998 54
6031 23
6024 32
6028 29
6035 23
6030 32
6039 23
6041 23
6027 38
6034 32
6046 23
6036 35
6042 29
6048 23
6054 17
6040 32
6043 29
6049 23
6038 35
6044 29
6047 26
6055 23
6050 29
6057 23
6052 29
6058 23
6045 38
6033 51
6062 23
6063 23
6064 23
6059 29
6060 29
6072 17
6053 38
6071 20
6065 29
6074 20
6070 26
6051 47
6066 32
6073 26
6068 32
6080 20
6082 20
6075 29
6067 38
6087 20
6056 53
6095 14
6078 32
6061 50
6081 32
6069 46
6092 23
6090 26
6093 23
6085 32
6088 29
6094 23
6077 41
6083 35
6079 41
6098 23
6097 29
6091 36
6110 17
6117 11
6076 53
6100 29
6101 29
6099 32
6102 29
6105 26
6112 20
6084 50
6108 26
6109 26
6096 40
6104 32
6089 48
6111 26
6113 26
6119 20
6106 34
6118 23
6116 26
6114 29
6115 29
6121 23
6120 26
6123 23
6122 26
6107 42
6124 26
6125 26
6131 20
6127 29
6086 71
6129 32
6130 32
6136 26
6128 35
6126 38
6134 32
6137 29
6140 26
6135 32
6139 29
6146 23
6144 26
6145 26
6148 23
6151 20
6152 20
6103 70
6138 35
6141 32
6147 26
6142 32
6143 32
6149 26
6153 23
6164 14
6133 47
6154 26
6132 49
6158 23
6166 17
6155 29
6162 23
6160 26
6150 38
6156 32
6169 20
6170 20
6159 32
6157 35
6163 29
6165 29
6171 23
6167 29
6177 20
6168 32
6173 29
6181 23
6182 23
6186 20
6178 29
6185 23
6161 49
6172 38
6175 35
6176 35
6180 32
6183 29
6197 17
6190 26
6193 23
6188 29
6189 29
6184 35
6191 29
6194 26
6200 20
6192 29
6195 26
6174 49
6187 38
6202 23
6198 29
6199 29
6196 33
6203 26
6209 20
6205 29
6211 23
6179 56
6218 17
6204 32
6207 29
6210 26
6213 23
6208 29
6214 23
6219 20
6223 17
6206 35
6215 26
6216 29
6217 29
6227 20
6201 48
6226 26
6229 23
6230 23
6233 20
6221 35
6225 31
6222 35
6212 47
6224 35
6234 26
6232 29
6235 26
6231 35
6237 29
6243 23
6228 39
6238 29
6246 23
6241 29
6236 35
6249 23
6244 29
6250 23
6242 32
6240 35
6220 56
6256 23
6251 29
6259 23
6254 29
6257 26
6245 39
6252 35
6261 26
6239 49
6263 26
6268 23
6264 29
6262 32
6266 29
6269 26
6253 43
6267 32
6276 23
6265 35
6275 26
6279 22
6273 29
6274 29
6248 56
6272 32
6258 47
6270 35
6277 29
6255 52
6278 29
6247 63
6283 29
6295 17
6287 26
6260 54
6282 32
6286 29
6289 26
6288 29
6281 38
6284 35
6297 23
6300 20
6301 20
6302 20
6291 32
6296 29
6294 32
6298 29
6299 28
6293 35
6313 17
6271 60
6303 29
6315 17
6310 23
6309 29
6280 59
6306 35
6292 51
6311 32
6285 59
6316 29
6308 38
6314 32
6320 26
6321 26
6307 41
6319 29
6322 26
6327 23
6328 23
6331 20
6317 35
6290 63
6330 23
6323 32
6326 29
6337 20
6332 26
6341 17
6324 35
6336 23
6305 56
6304 59
6340 23
6338 26
6312 53
6325 41
6347 20
6318 50
6329 40
6343 26
6342 29
6334 38
6335 38
6344 29
6348 26
6354 20
6346 29
6333 43
6345 32
6362 17
6357 23
6363 17
6352 29
6350 32
6356 26
6351 32
6355 29
6339 46
6365 20
6359 27
6360 26
6373 14
6358 32
6349 44
6364 29
6366 27
6371 23
6375 20
6361 35
6370 26
6378 20
6353 46
6385 14
6368 32
6374 26
6377 23
6369 32
6372 29
6367 35
6379 24
6380 23
6382 23
6383 26
6386 23
6376 35
6391 20
6394 17
6395 20
6384 32
6388 29
6389 29
6401 17
6403 17
6400 23
6404 20
6390 35
6393 32
6405 20
6396 32
6397 32
6406 26
6407 26
6410 26
6381 56
6421 17
6398 41
6399 41
6402 38
6408 32
6411 29
6414 26
6417 26
6409 35
6412 32
6415 29
6418 26
6413 32
6392 54
6420 26
6387 60
6416 32
6422 26
6431 17
6430 20
6423 29
6428 26
6427 29
6419 38
6434 23
6429 29
6435 23
6433 26
6436 26
6437 26
6440 23
6439 26
6442 23
6432 35
6445 23
6424 45
6425 44
6449 20
6426 46
6438 35
6441 32
6448 26
6443 32
6451 26
6454 23
6455 23
6447 32
6463 17
6452 29
6467 17
6446 40
6457 29
6453 35
6462 26
6458 32
6461 29
6459 32
6460 32
6456 38
6468 26
6471 23
6464 32
6470 26
6444 53
6465 32
6469 29
6473 26
6477 23
6476 26
6482 20
6450 53
6472 32
6479 29
6480 29
6475 35
6493 17
6485 26
6474 38
6481 32
6484 29
6487 26
6486 29
6478 38
6488 29
6491 26
6494 23
6466 52
6489 29
6483 38
6507 14
6495 29
6498 26
6505 20
6497 29
6500 27
6492 37
6510 20
6502 29
6512 20
6504 29
6508 26
6499 36
6524 11
6496 42
6506 32
6514 26
6519 23
6517 26
6520 23
6515 29
6527 20
6509 39
6513 35
6528 20
6529 20
6501 49
6503 47
6518 32
6516 35
6526 26
6522 32
6525 29
6531 23
6534 20
6523 32
6521 35
6533 26
6490 71
6511 50
6535 26
6539 23
6540 23
6538 26
6530 35
6537 29
6546 20
6542 26
6543 26
6532 38
6551 21
6552 23
6553 23
6556 20
6557 20
6544 35
6547 32
6549 32
6550 32
6559 23
6541 42
6555 29
6564 20
6554 32
6545 43
6568 20
6563 26
6558 32
6567 23
6562 29
6536 57
6566 29
6570 26
6565 32
6569 29
6548 51
6574 26
6573 29
6561 42
6580 23
6581 23
6585 20
6577 29
6572 35
6575 32
6578 29
6576 32
6579 29
6582 26
6583 26
6588 23
6584 29
6594 20
6560 55
6589 26
6571 46
6591 29
6586 35
6592 29
6590 32
6593 29
6595 29
6598 26
6604 20
6587 38
6597 29
6609 20
6607 23
6605 26
6608 23
6614 17
6600 35
6603 32
6601 35
6602 35
6610 29
6619 20
6617 23
6612 29
6596 46
6599 43
6616 26
6606 38
6615 29
6618 26
6627 20
6622 26
6620 29
6611 40
6626 26
6613 40
6625 29
6628 26
6631 23
6623 32
6632 24
6629 32
6621 41
6633 29
6636 26
6634 29
6635 29
6647 17
6642 23
6640 26
6643 23
6646 20
6645 23
6638 32
6639 32
6655 17
6648 26
6630 45
6637 38
6653 23
6650 29
6649 32
6659 23
6654 29
6624 61
6662 23
6660 26
6652 35
6658 29
6644 44
6657 32
6663 26
6661 29
6641 50
6668 23
6651 42
6664 29
6672 23
6675 20
6667 29
6674 23
6677 20
6678 20
6656 43
6665 36
6670 34
6676 29
6671 35
6680 29
6681 29
6679 32
6682 29
6683 29
6693 19
6690 23
6685 29
6688 26
6703 11
6684 32
6687 29
6697 20
6686 32
6696 23
6691 29
6669 52
6704 20
6666 59
6673 53
6702 26
6700 29
6706 23
6710 20
6699 32
6707 26
6713 20
6705 29
6723 14
6712 26
6716 26
6708 35
6711 32
6709 35
6689 56
6719 26
6722 23
6714 32
6717 29
6720 26
6724 23
6695 53
6694 56
6718 32
6730 20
6698 53
6731 20
6701 51
6732 20
6692 62
6715 40
6721 35
6725 32
6729 29
6727 32
6733 26
6728 32
6737 23
6726 35
6739 23
6734 29
6738 26
6746 20
6735 32
6741 29
6747 23
6748 26
6751 23
6740 35
6743 32
6752 23
6744 32
6753 23
6750 29
6757 23
6755 26
6758 23
6754 29
6760 23
6749 35
6756 29
6772 14
6763 26
6736 55
6759 32
6762 29
6765 29
6774 20
6742 53
6766 29
6767 29
6770 26
6769 29
6782 17
6745 58
6780 23
6776 29
6775 32
6781 26
6788 20
6777 32
6778 32
6784 26
6779 32
6791 20
6783 29
6789 23
6764 50
6773 41
6800 14
6761 54
6768 50
6798 20
6790 29
6771 49
6787 33
6785 38
6794 29
6795 29
6801 23
6786 43
6796 35
6802 29
6808 23
6803 29
6806 26
6804 29
6799 35
6805 29
6819 20
6812 29
6810 32
6813 29
6814 29
6793 51
6815 30
6817 29
6824 23
6816 32
6831 17
6820 29
6823 26
6826 23
6818 32
6825 26
6822 31
6827 26
6809 45
6797 58
6833 23
6792 65
6828 29
6834 23
6840 17
6832 26
6836 23
6845 14
6838 23
6839 23
6844 20
6811 54
6830 35
6835 32
6837 32
6843 26
6841 29
6821 50
6842 29
6849 23
6807 67
6829 45
6848 26
6847 29
6851 26
6854 23
6858 20
6850 29
6853 26
6855 29
6856 29
6860 26
6863 23
6846 42
6857 32
6878 14
6852 41
6859 35
6866 29
6861 35
6867 29
6865 32
6869 29
6862 38
6872 29
6875 26
6882 20
6874 29
6864 42
6883 23
6879 29
6885 23
6877 32
6881 29
6884 26
6870 41
6876 35
6880 32
6897 17
6868 48
6887 29
6898 20
6871 48
6890 29
6888 32
6905 16
6893 29
6873 51
6899 26
6902 23
6889 38
6895 32
6908 20
6894 35
6892 38
6912 20
6896 38
6904 32
6891 46
6907 32
6913 26
6914 26
6917 23
6915 26
6910 32
6916 26
6909 34
6924 20
6919 26
6925 20
6927 20
6886 62
6921 29
6933 17
6918 33
6928 23
6911 41
6920 32
6901 52
6900 54
6906 50
6930 26
6923 35
6935 23
6938 20
6941 17
6922 37
6931 29
6943 20
6932 32
6903 62
6942 23
6937 29
6936 32
6929 40
6934 35
6946 23
6939 32
6945 26
6947 26
6950 23
6940 35
6952 23
6944 32
6926 51
6948 29
6955 23
6958 23
6956 26
6951 32
6954 29
6963 20
6959 26
6957 29
6964 23
6965 23
6960 29
6966 23
6961 29
6970 20
6968 23
6969 26
6953 43
6962 34
6967 29
6949 49
6975 23
6971 29
6977 23
6972 29
6978 23
6973 32
6976 29
6982 23
6974 32
6981 26
6990 20
6979 35
6991 23
6984 32
6983 35
6992 26
6985 35
6988 32
6989 32
6993 29
6996 26
6999 23
6980 44
6998 26
7008 17
7004 23
7011 17
6994 35
7000 29
6995 36
7002 29
7005 26
7016 17
7006 29
7010 26
7019 17
7009 29
7012 26
7007 32
6987 53
7018 23
6997 45
7014 29
7017 26
7023 23
6986 61
7013 35
7022 26
7025 23
7001 48
7024 26
7030 20
7028 23
7031 22
7032 23
7034 23
7015 44
7027 32
7033 26
7036 23
7026 35
7038 23
7003 59
7043 20
7035 29
7041 23
7044 20
7037 32
7049 20
7039 32
7042 29
7048 23
7021 52
7047 26
7045 29
7050 26
7020 58
7046 32
7052 26
7040 39
7056 26
7057 26
7061 23
7064 20
7059 26
7062 23
7029 57
7054 32
7055 32
7065 23
7060 29
7053 38
7063 29
7070 23
7076 17
7071 23
7074 23
7066 32
7069 29
7058 41
7073 26
7051 49
7080 20
7083 17
7075 26
7086 17
7072 32
7087 17
7067 38
7077 29
7092 17
7078 32
7079 32
7082 29
7091 20
7068 44
7081 32
7089 26
7084 32
7099 17
7088 29
7090 29
7093 26
7094 26
7103 20
7095 29
7096 29
7111 14
7100 26
7102 26
7101 29
7107 23
7105 26
7097 35
7106 26
7108 29
7117 23
7085 56
7121 20
7125 17
7114 29
7120 23
7109 35
7112 32
7115 29
7118 26
7124 20
7119 26
7123 23
7126 20
7116 32
7130 20
7113 38
7132 20
7098 56
7129 26
7104 52
7128 29
7131 26
7135 26
7133 29
7137 26
7138 26
7141 23
7136 29
7140 26
7110 57
7142 26
7145 23
7134 38
7148 26
7151 23
7147 29
7153 23
7146 32
7163 15
7143 36
7144 35
7150 29
7166 14
7139 44
7152 32
7161 23
7122 63
7156 29
7162 23
7160 26
7127 60
7155 32
7158 29
7154 35
7169 20
7168 23
7157 35
7164 29
7165 29
7174 20
7167 29
7149 50
7177 23
7173 29
7185 17
7171 32
7172 32
7175 29
7179 26
7184 23
7181 29
7188 23
7186 26
7189 23
7159 54
7182 32
7180 35
7183 32
7191 26
7192 26
7176 44
7170 53
7197 26
7200 23
7198 26
7196 29
7194 32
7199 29
7202 26
7211 20
7203 29
7206 26
7193 40
7204 29
7207 26
7208 26
7209 26
7214 23
7212 26
7190 49
7201 38
7187 53
7205 35
7210 32
7216 26
7213 32
7217 29
7178 70
7222 26
7228 20
7226 23
7224 26
7218 35
7221 32
7227 26
7231 23
7230 26
7233 23
7225 32
7215 43
7229 29
7232 26
7235 26
7234 29
7243 20
7247 17
7237 29
7240 26
7219 50
7223 46
7236 33
7249 20
7241 29
7242 29
7244 29
7195 79
7245 29
7257 17
7252 23
7253 23
7250 29
7248 32
7255 26
7256 26
7251 32
7246 38
7220 65
7259 26
7265 20
7254 32
7260 26
7263 26
7258 32
7261 29
7239 52
7262 32
7273 23
7268 32
7271 29
7270 32
7283 20
7278 26
7277 29
7280 26
7238 69
7285 23
7286 23
7284 26
7272 39
7264 48
7274 39
7279 35
7288 26
7267 48
7295 20
7281 35
7290 26
7282 35
7289 29
7292 26
7287 32
7269 51
7297 23
7293 29
7298 26
7294 32
7304 23
7311 17
7300 29
7301 29
7276 56
7303 29
7309 23
7299 35
7302 32
7275 60
7307 29
7313 23
7266 72
7312 26
7310 29
7308 32
7317 23
7315 26
7318 23
7325 17
7326 17
7319 26
7296 50
7314 32
7323 23
7321 26
7316 32
7328 20
7320 29
7338 11
7324 26
7327 23
7306 45
7291 62
7305 48
7330 23
7331 26
7332 26
7333 26
7336 23
7334 29
7337 26
7329 35
7344 20
7343 26
7346 23
7349 20
7335 35
7348 23
7340 32
7341 32
7347 26
7356 20
7357 20
7322 56
7352 26
7353 26
7342 38
7351 29
7354 26
7345 36
7355 29
7358 26
7350 35
7365 20
7360 26
7363 23
7361 29
7364 26
7367 26
7374 20
7339 56
7372 26
7370 29
7379 21
7368 35
7380 23
7378 26
7371 34
7373 32
7386 20
7366 41
7381 26
7390 18
7377 32
7376 35
7382 29
7383 29
7385 29
7391 23
7384 32
7387 29
7359 59
7389 29
7388 32
7392 29
7395 26
7398 23
7393 29
7399 23
7394 29
7396 29
7402 23
7397 29
7406 20
7369 58
7362 66
7400 29
7403 26
7409 20
7407 23
7408 26
7417 17
7415 20
7375 61
7419 17
7413 26
7427 14
7420 23
7428 17
7423 23
7424 23
7401 47
7421 29
7422 29
7405 47
7429 23
7418 35
7425 28
7430 24
7438 17
7439 16
7432 26
7436 23
7426 34
7404 57
7410 51
7433 29
7437 26
7412 53
7411 55
7435 32
7447 20
7416 52
7434 34
7443 26
7441 29
7444 29
7456 17
7442 32
7458 17
7448 29
7451 26
7454 23
7455 23
7452 29
7450 32
7445 39
7446 38
7449 35
7440 45
7414 72
7457 29
7460 26
7461 26
7473 17
7468 23
7464 29
7465 29
7470 26
7466 32
7467 32
7471 29
7474 26
7453 48
7469 32
7485 17
7478 26
7481 23
7484 20
7477 29
7483 23
7472 35
7476 32
7479 29
7475 35
7490 20
7431 82
7480 35
7489 26
7482 35
7491 26
7487 32
7493 26
7502 17
7497 23
7498 23
7463 59
7499 23
7459 64
7488 35
7494 29
7492 32
7501 26
7495 35
7505 26
7500 32
7503 29
7512 20
7506 29
7513 26
7518 23
7514 28
7486 57
7509 35
7516 29
7520 26
7521 26
7524 23
7517 32
7532 17
7527 23
7525 26
7462 90
7510 42
7526 26
7529 23
7504 49
7533 20
7496 58
7522 32
7528 26
7523 32
7515 41
7508 51
7530 29
7535 26
7539 23
7534 29
7540 23
7536 29
7511 56
7541 26
7547 20
7507 62
7542 29
7545 26
7538 34
7556 17
7531 44
7543 32
7553 23
7563 14
7558 20
7559 20
7548 32
7519 63
7565 17
7537 46
7554 29
7552 32
7557 29
7555 32
7549 39
7546 43
7551 38
7569 20
7561 29
7562 29
7566 26
7564 29
7575 20
7570 26
7568 29
7567 32
7576 23
7571 29
7578 23
7573 29
7577 26
7572 32
7550 60
7544 67
7560 51
7579 32
7591 20
7580 32
7581 32
7584 29
7582 32
7585 29
7586 29
7583 34
7587 32
7593 26
7592 29
7601 23
7596 32
7600 29
7603 26
7598 32
7594 37
7602 29
7590 44
7608 26
7606 32
7615 23
7597 43
7611 29
7588 53
7607 36
7617 26
7589 55
7624 20
7622 23
7595 51
7610 36
7612 35
7618 29
7574 74
7620 29
7626 23
7605 45
7609 41
7599 52
7604 49
7621 32
7628 26
7633 23
7634 23
7639 20
7614 46
7632 29
7635 26
7616 47
7643 22
7637 29
7640 26
7623 44
7627 40
7638 29
7647 20
7636 32
7645 23
7651 17
7646 23
7644 26
7649 23
7654 20
7629 47
7641 35
7613 65
7625 53
7652 26
7655 23
7619 60
7650 29
7657 23
7630 57
7656 32
7658 32
7661 29
7660 32
7666 26
7669 23
7642 51
7667 26
7631 63
7662 32
7671 23
7663 32
7673 23
7668 29
7680 17
7675 23
7664 35
7672 32
7678 26
7679 26
7677 29
7683 23
7653 55
7682 26
7659 50
7674 35
7689 20
7676 35
7648 64
7695 17
7687 26
7685 29
7688 26
7691 23
7694 20
7665 50
7699 20
7697 23
7703 17
7686 35
7698 23
7702 19
7696 26
7705 17
7700 23
7684 40
7701 23
7693 32
7710 17
7681 48
7706 23
7670 60
7690 40
7692 38
7704 27
7711 20
7712 20
7707 32
7713 26
7708 32
7714 26
7717 23
7720 20
7724 17
7716 26
7719 23
7722 20
7715 29
7727 17
7723 23
7729 17
7726 23
7725 26
7728 23
7730 23
7740 14
7709 47
7721 35
7731 26
7739 20
7732 29
7741 20
7733 29
7742 20
7737 26
7744 20
7746 20
7747 20
7736 32
7734 35
7743 26
7745 29
7718 57
7756 20
7754 23
7750 29
7748 32
7751 29
7752 29
7753 29
7765 17
7757 26
7738 46
7764 20
7758 29
7759 29
7766 23
7735 55
7755 35
7761 32
7762 32
7763 32
7770 26
7768 29
7771 26
7772 26
7781 20
7767 35
7773 29
7769 35
7787 17
7776 29
7779 26
7774 32
7783 23
7777 31
7791 17
7778 35
7749 67
7790 26
7788 29
7760 58
7780 38
7789 29
7795 23
7782 38
7792 29
7794 29
7797 26
7799 29
7775 54
7809 20
7800 32
7803 29
7812 20
7802 32
7817 17
7807 29
7805 32
7808 29
7811 26
7814 23
7784 54
7786 52
7806 32
7798 41
7793 47
7810 32
7819 23
7822 20
7821 23
7827 17
7796 49
7818 29
7835 12
7823 26
7815 35
7785 66
7820 32
7804 49
7825 29
7828 26
7829 26
7832 23
7801 55
7824 32
7833 23
7836 20
7839 17
7837 20
7838 20
7830 32
7831 32
7842 23
7813 54
7816 51
7840 29
7846 23
7841 29
7844 26
7847 26
7848 26
7826 49
7843 32
7849 26
7850 26
7853 23
7852 26
7856 23
7845 35
7854 26
7861 24
7858 29
7870 17
7859 29
7862 26
7851 38
7834 58
7873 20
7865 29
7868 26
7857 38
7860 35
7866 29
7872 23
7855 42
7869 32
7878 23
7881 20
7879 23
7877 26
7876 29
7885 20
7871 35
7874 32
7883 23
7875 32
7884 29
7887 26
7890 23
7891 23
7864 53
7867 50
7894 23
7863 55
7893 26
7899 20
7903 17
7892 29
7901 20
7880 43
7888 35
7906 17
7916 7
7882 43
7897 28
7895 32
7898 29
7900 29
7907 23
7896 35
7902 29
7905 26
7886 46
7909 26
7915 20
7904 32
7908 29
7912 26
7910 29
7889 51
7918 23
7921 20
7913 29
7919 26
7920 26
7927 23
7914 37
7922 29
7917 37
7926 29
7932 23
7938 17
7924 32
7930 26
7928 32
7935 26
7944 17
7911 51
7931 34
7940 26
7923 45
7942 26
7937 32
7943 26
7941 29
7939 32
7933 39
7947 26
7929 47
7945 32
7951 26
7961 17
7950 29
7954 26
7949 32
7925 57
7956 26
7965 17
7934 49
7957 26
7955 29
7964 20
7953 35
7962 26
7971 17
7960 29
7948 42
7946 50
7967 29
7976 20
7968 29
7973 26
7979 20
7963 38
7975 26
7978 23
7985 17
7952 51
7936 68
7966 39
7970 35
7974 32
7977 29
7972 35
7984 23
7987 20
7958 50
7980 29
7989 20
7981 29
7990 20
7969 42
7982 29
7959 53
7986 32
7993 26
7988 32
7983 38
7991 30
7992 29
7997 26
7994 30
7995 29
8007 20
7996 32
8000 29
8001 29
8010 20
8002 30
8008 26
8003 32
8006 29
8009 26
7999 38
8014 23
8015 23
8016 23
8005 35
8012 29
8013 29
8018 26
8021 23
8024 20
8004 42
8020 29
8019 32
8022 29
8028 23
8032 20
7998 56
8017 38
8038 17
8027 29
8011 48
8035 26
8033 29
8039 23
8029 35
8036 29
8037 32
8046 23
8042 29
8034 38
8025 48
8043 30
8047 26
8026 49
8049 26
8050 26
8023 54
8057 20
8031 49
8052 29
8064 17
8040 43
8060 23
8061 23
8056 29
8054 32
8053 34
8067 20
8059 29
8044 45
8041 49
8048 42
8065 26
8051 41
8030 64
8063 32
8069 26
8081 14
8066 32
8045 57
8055 49
8071 35
8077 29
8084 23
8073 35
8078 32
8090 20
8088 23
8068 44
8080 32
8062 51
8058 56
8085 29
8086 29
8095 20
8083 33
8070 48
8092 26
8098 20
8101 17
8076 43
8091 29
8096 24
8103 17
8074 47
8075 46
8099 23
8072 51
8089 35
8104 23
8094 35
8106 23
8102 29
8097 35
8100 32
8117 17
8116 20
8105 32
8108 29
8111 26
8082 57
8107 32
8110 29
8120 20
8093 48
8114 29
8087 57
8115 29
8121 23
8113 32
8109 37
8119 29
8125 23
8128 23
8079 75
8126 29
8118 38
8134 23
8112 46
8129 29
8133 26
8139 20
8131 29
8132 29
8137 26
8135 29
8141 23
8148 17
8138 29
8136 35
8130 42
8146 26
8149 23
8124 50
8127 48
8159 17
8145 32
8158 20
8147 32
8143 37
8154 26
8123 58
8155 26
8122 60
8144 38
8150 32
8165 17
8140 46
8157 29
8160 26
8162 26
8166 23
8152 38
8153 41
8171 23
8174 20
8161 35
8164 32
8167 29
8176 20
8168 29
8156 42
8142 57
8151 48
8170 29
8180 20
8175 26
8177 26
8183 20
8169 35
8178 29
8179 29
8188 20
8184 26
8172 41
8185 29
8163 53
8186 32
8189 29
8192 26
8195 23
8193 26
8182 40
8181 42
8191 32
8197 26
8187 38
8190 35
8196 29
8200 26
8206 20
8198 29
8173 55
8199 29
8210 20
8202 29
8208 23
8201 32
8204 29
8211 23
8194 41
8209 26
8214 23
8205 35
8212 29
8218 23
8224 20
8228 17
8207 39
8220 26
8213 35
8216 32
8219 29
8217 32
8223 26
8215 35
8221 29
8222 29
8225 26
8235 17
8230 23
8229 26
8227 29
8231 29
8234 26
8236 26
8203 60
8243 20
8232 32
8238 26
8245 20
8237 29
8240 29
8226 44
8247 23
8239 32
8242 29
8248 23
8246 26
8233 40
8255 20
8241 35
8249 29
8258 20
8253 26
8251 29
8252 29
8250 32
8259 23
8257 26
8244 40
8261 23
8260 26
8262 26
8254 35
8265 26
8279 14
8266 29
8267 29
8270 26
8263 34
8275 23
8273 26
8277 23
8274 29
8278 26
8276 29
8282 23
8285 20
8284 23
8256 52
8288 20
8264 45
8281 29
8287 23
8280 32
8272 41
8291 23
8295 20
8290 26
8283 35
8289 29
8286 35
8308 14
8294 29
8268 56
8292 32
8301 23
8307 17
8271 55
8298 29
8269 59
8296 32
8297 32
8300 29
8303 32
8306 29
8310 26
8305 32
8314 23
8309 29
8315 23
8313 26
8312 29
8318 23
8304 38
8324 20
8311 35
8293 56
8317 32
8321 29
8316 36
8320 32
8323 29
8319 35
8322 32
8330 26
8302 55
8326 32
8334 25
8325 35
8328 32
8299 62
8339 23
8341 23
8344 20
8327 38
8338 29
8336 32
8345 23
8357 11
8346 23
8331 39
8340 32
8352 20
8333 40
8337 36
8347 26
8342 32
8349 26
8356 20
8350 27
8354 23
8348 32
8343 38
8353 29
8329 54
8351 32
8355 29
8332 53
8359 26
8360 26
8358 29
8335 53
8362 26
8364 26
8367 23
8361 32
8371 23
8369 26
8363 35
8370 29
8365 35
8368 32
8374 26
8372 29
8379 23
8377 26
8366 38
8381 23
8382 23
8375 32
8387 20
8385 23
8380 29
8389 20
8378 32
8386 24
8383 29
8384 32
8390 26
8376 41
8392 26
8399 20
8391 29
8395 26
8393 29
8373 52
8403 23
8401 26
8408 23
8398 35
8388 46
8405 29
8397 38
8409 26
8412 23
8407 29
8411 26
8414 23
8406 36
8417 26
8404 40
8415 29
8410 35
8424 23
8396 52
8419 29
8420 29
8413 38
8422 29
8394 59
8421 32
8402 52
8434 20
8426 29
8427 29
8430 26
8439 17
8416 41
8433 26
8428 32
8429 32
8438 23
8442 20
8418 46
8435 29
8445 20
8431 35
8437 29
8423 44
8444 26
8425 46
8400 73
8440 35
8441 35
8453 23
8443 35
8450 29
8432 48
8448 32
8452 29
8461 20
8447 35
8465 17
8451 32
8460 23
8436 48
8458 26
8446 39
8456 29
8459 26
8462 23
8454 32
8457 29
8449 40
8471 20
8474 17
8467 26
8473 20
8475 20
8470 26
8476 20
8477 20
8466 32
8469 29
8472 26
8479 20
8464 36
8468 32
8455 46
8478 26
8483 23
8487 20
8463 47
8481 29
8485 26
8484 29
8488 26
8495 20
8502 16
8493 26
8492 29
8498 23
8506 15
8494 29
8490 35
8480 46
8497 29
8501 26
8505 23
8500 29
8507 23
8510 20
8508 23
8482 52
8503 32
8489 47
8486 51
8499 39
8509 29
8515 23
8504 35
8516 23
8511 29
8513 29
8520 23
8519 26
8526 20
8518 29
8521 26
8491 57
8496 53
8514 35
8523 26
8522 29
8524 29
8530 23
8536 17
8525 29
8517 38
8533 23
8528 29
8531 26
8529 29
8512 47
8527 32
8535 26
8538 23
8541 20
8532 32
8540 26
8545 23
8534 37
8544 29
8546 29
8547 29
8550 26
8537 40
8548 29
8554 23
8543 35
8549 29
8542 37
8561 23
8564 20
8539 46
8556 29
8559 26
8560 26
8552 35
8555 32
8558 29
8562 26
8568 20
8557 35
8567 26
8571 23
8566 29
8569 26
8563 33
8570 26
8572 26
8551 49
8565 35
8576 26
8573 32
8579 26
8574 32
8577 29
8580 26
8553 54
8575 32
8581 29
8582 29
8585 29
8591 23
8578 38
8587 29
8589 29
8588 32
8594 26
8597 23
8592 32
8598 26
8596 29
8599 26
8593 33
8595 32
8606 23
8586 44
8602 29
8583 49
8613 20
8608 26
8584 52
8604 32
8590 48
8603 35
8618 20
8614 26
8612 29
8615 26
8610 32
8616 29
8622 23
8617 29
8611 39
8621 29
8601 50
8625 26
8607 46
8627 26
8600 54
8620 35
8626 29
8629 26
8630 26
8633 23
8619 38
8631 26
8634 23
8639 20
8642 17
8609 51
8628 32
8636 26
8640 23
8623 41
8632 32
8638 26
8643 23
8641 26
8645 23
8605 67
8637 35
8649 23
8635 38
8646 29
8650 26
8662 14
8624 54
8644 35
8648 32
8651 29
8655 26
8647 35
8653 29
8659 23
8660 23
8652 35
8667 20
8656 32
8658 32
8661 29
8665 26
8671 20
8668 26
8663 32
8657 42
8664 35
8670 29
8666 35
8678 23
8673 29
8654 49
8677 26
8676 29
8682 23
8674 32
8680 26
8675 32
8684 23
8683 26
8685 26
8679 35
8686 29
8672 45
8691 26
8669 49
8693 26
8688 32
8700 20
8690 32
8696 26
8692 32
8697 29
8698 29
8702 26
8710 20
8703 29
8695 38
8681 53
8689 46
8713 23
8711 26
8706 32
8718 20
8687 52
8694 45
8719 20
8712 29
8716 26
8699 44
8717 26
8715 29
8723 23
8725 26
8708 44
8720 32
8726 26
8732 20
8701 52
8704 49
8724 29
8731 23
8707 48
8729 26
8705 51
8730 26
8728 29
8735 23
8721 38
8727 32
8733 26
8734 26
8739 23
8709 54
8736 29
8743 23
8738 29
8741 26
8748 20
8740 29
8744 26
8742 29
8745 26
8714 61
8746 29
8757 20
8722 56
8747 32
8750 29
8758 23
8737 45
8751 32
8749 35
8752 32
8764 20
8754 32
8760 26
8769 17
8761 26
8759 29
8763 29
8774 23
8755 43
8756 44
8768 32
8777 23
8775 26
8770 32
8780 23
8766 38
8772 32
8771 35
8781 26
8773 35
8779 29
8753 56
8787 23
8790 20
8776 35
8791 20
8784 29
8762 53
8778 38
8767 50
8782 35
8783 35
8765 56
8789 32
8792 29
8795 26
8788 35
8794 29
8797 26
8801 23
8793 32
8803 23
8802 29
8800 32
8786 48
8808 26
8809 26
8806 30
8810 26
8812 26
8807 32
8785 55
8796 46
8816 26
8819 23
8822 20
8815 29
8804 41
8813 32
8798 50
8818 32
8824 26
8827 23
8820 32
8826 26
8832 20
8830 23
8805 49
8814 40
8828 26
8823 32
8829 26
8821 36
8834 23
8799 59
8825 35
8811 51
8817 46
8831 32
8842 26
8837 32
8838 32
8841 29
8844 26
8839 32
8855 17
8847 26
8836 38
8851 23
8840 35
8843 32
8846 29
8835 41
8850 26
8859 17
8845 32
8833 45
8864 14
8856 23
8848 32
8849 32
8853 29
8857 26
8858 26
8861 23
8863 23
8852 35
8862 26
8870 20
8865 29
8866 29
8860 37
8869 29
8872 26
8878 20
8867 32
8876 23
8868 32
8871 29
8879 23
8874 29
8854 51
8873 32
8885 20
8887 19
8881 26
8877 32
8883 26
8880 32
8884 29
8882 32
8894 20
8886 29
8896 20
8891 26
8895 23
8902 17
8888 32
8897 23
8889 32
8892 29
8875 48
8900 26
8903 23
8898 29
8901 26
8893 35
8899 29
8911 20
8906 26
8905 29
8908 26
8909 26
8912 26
8916 23
8914 26
8917 26
8890 54
8913 32
8907 39
8922 26
8928 20
8926 23
8929 20
8915 35
8918 32
8927 23
8919 32
8931 20
8924 32
8930 26
8936 20
8923 35
8935 23
8940 20
8920 42
8934 29
8910 55
8933 32
8942 23
8904 62
8937 29
8941 26
8947 20
8939 29
8946 23
8932 38
8953 17
8945 26
8949 23
8938 35
8921 53
8948 26
8943 32
8955 20
8944 32
8954 26
8956 26
8925 59
8952 32
8963 23
8969 17
8961 26
8959 29
8973 17
8957 34
8965 26
8967 26
8962 32
8960 35
8966 29
8964 32
8968 29
8971 26
8974 23
8950 48
8982 17
8970 32
8977 26
8976 29
8988 17
8958 49
8981 26
8984 23
8951 57
8979 29
8983 26
8989 20
8978 32
8972 44
8987 29
8980 38
8986 32
8992 26
8990 29
8994 26
8993 29
8996 26
8995 29
9001 26
8999 29
9000 29
9004 26
8998 33
9005 26
9008 23
9003 29
8975 58
9010 23
8985 49
8991 44
9007 29
9009 29
9015 23
9014 26
9006 35
9017 26
8997 47
9012 32
9016 29
9019 26
9018 29
9011 38
9024 26
9013 38
9020 32
9022 32
9025 29
9023 32
9035 20
9021 35
9027 29
9033 23
9028 29
9036 23
9002 58
9031 29
9043 20
9047 17
9037 29
9049 17
9038 29
9042 26
9053 17
9039 32
9044 29
9029 45
9032 44
9041 35
9045 32
9048 29
9051 26
9026 52
9034 44
9040 39
9050 29
9030 50
9056 26
9055 29
9054 32
9060 26
9061 26
9062 26
9057 32
9069 20
9059 32
9058 35
9077 17
9046 49
9052 43
9066 29
9070 25
9064 32
9067 29
9071 26
9081 16
9063 35
9078 20
9076 23
9065 35
9073 29
9080 23
9072 32
9083 23
9075 32
9079 29
9084 26
9087 26
9082 32
9086 29
9098 17
9090 26
9068 49
9085 32
9097 20
9089 29
9100 20
9092 29
9093 29
9096 26
9094 29
9095 29
9074 52
9091 35
9103 29
9106 26
9104 29
9107 26
9105 29
9120 14
9109 26
9113 23
9102 35
9108 29
9111 26
9114 23
9088 50
9112 26
9115 23
9110 29
9101 42
9116 32
9119 29
9132 17
9128 23
9099 53
9123 29
9126 26
9121 32
9122 32
9134 20
9131 26
9117 41
9129 29
9141 17
9118 41
9130 29
9133 26
9135 26
9124 41
9140 26
9143 23
9125 42
9127 40
9139 29
9137 32
9149 20
9145 26
9147 26
9144 30
9148 26
9146 29
9150 26
9153 23
9142 36
9151 29
9154 26
9158 23
9156 26
9138 45
9160 26
9161 26
9159 29
9168 20
9170 20
9162 29
9163 29
9164 29
9165 29
9136 65
9172 29
9175 26
9180 23
9193 10
9155 50
9157 48
9171 35
9174 32
9177 29
9178 29
9184 23
9176 32
9179 29
9182 26
9169 41
9187 23
9152 60
9195 17
9181 32
9190 23
9186 29
9189 26
9166 51
9173 44
9188 29
9185 35
9191 29
9197 23
9183 38
9192 29
9201 20
9196 26
9203 20
9209 14
9167 60
9198 29
9207 20
9205 23
9206 23
9211 23
9199 37
9204 32
9210 26
9208 29
9200 38
9202 41
9218 26
9221 26
9216 32
9222 26
9224 26
9215 38
9194 60
9225 32
9223 35
9229 29
9230 29
9234 26
9220 41
9235 26
9227 35
9239 23
9231 32
9246 17
9236 29
9213 53
9237 29
9232 35
9226 42
9228 40
9242 26
9214 55
9240 29
9241 29
9243 29
9249 23
9217 56
9244 29
9250 23
9253 20
9245 29
9254 20
9247 29
9248 29
9256 21
9255 26
9258 23
9262 20
9251 32
9252 32
9263 23
9212 75
9261 26
9260 29
9219 71
9233 57
9259 32
9271 20
9266 26
9269 23
9272 20
9267 26
9270 23
9265 29
9238 58
9264 32
9273 23
9280 23
9275 29
9268 38
9274 32
9285 23
9257 52
9278 32
9276 35
9277 35
9286 29
9284 32
9282 35
9291 26
9287 32
9296 23
9290 30
9279 43
9299 23
9288 35
9281 43
9283 41
9298 26
9301 23
9294 32
9297 29
9295 32
9306 23
9304 26
9310 20
9300 32
9303 29
9289 45
9307 29
9316 20
9308 29
9315 23
9305 34
9313 26
9319 20
9312 29
9318 23
9292 50
9293 49
9302 42
9309 35
9321 23
9322 26
9311 38
9314 35
9317 32
9325 26
9320 32
9323 29
9329 23
9332 23
9330 26
9333 23
9328 29
9324 35
9327 32
9335 26
9338 23
9336 26
9339 23
9331 32
9340 23
9341 23
9353 17
9345 26
9348 23
9326 46
9337 35
9346 26
9349 23
9347 26
9342 32
9351 23
9334 42
9350 26
9343 35
9344 35
9356 23
9352 29
9358 26
9362 23
9354 32
9357 29
9360 26
9363 26
9366 23
9364 26
9367 23
9359 32
9370 23
9374 20
9365 35
9371 29
9355 48
9372 32
9378 26
9375 32
9361 47
9373 35
9377 32
9383 26
9392 17
9376 34
9381 29
9382 29
9385 26
9393 20
9379 35
9388 26
9401 14
9391 26
9386 32
9384 35
9387 32
9390 29
9369 52
9389 32
9368 54
9399 23
9402 20
9394 29
9397 26
9398 26
9380 46
9410 17
9403 26
9415 14
9405 25
9409 23
9396 38
9418 17
9406 32
9416 23
9395 45
9411 32
9417 26
9412 32
9407 38
9414 32
9423 23
9424 23
9413 35
9419 29
9430 20
9420 32
9404 49
9400 54
9425 29
9429 26
9421 35
9422 35
9428 29
9437 20
9408 50
9427 32
9436 23
9431 29
9434 26
9433 29
9442 20
9426 38
9432 32
9439 26
9448 17
9443 23
9449 20
9438 32
9444 26
9447 23
9440 32
9446 29
9450 27
9441 38
9451 29
9454 26
9452 29
9455 26
9467 17
9459 26
9435 51
9457 29
9466 20
9461 26
9475 12
9445 43
9458 32
9470 20
9460 32
9464 29
9469 26
9472 26
9479 20
9462 38
9465 35
9453 49
9456 49
9482 26
9477 32
9483 26
9489 20
9478 32
9490 20
9496 14
9463 48
9474 37
9480 32
9484 29
9487 26
9485 29
9497 17
9486 29
9476 41
9494 23
9495 23
9493 26
9488 32
9492 29
9491 32
9471 53
9498 27
9504 23
9468 61
9500 29
9499 32
9503 32
9502 35
9505 32
9511 26
9473 65
9518 20
9510 29
9509 32
9516 26
9519 23
9481 62
9507 36
9515 29
9513 32
9517 29
9501 47
9534 14
9514 35
9521 29
9524 26
9527 23
9531 20
9520 32
9525 29
9523 32
9512 46
9530 29
9526 34
9532 29
9535 26
9508 55
9540 23
9522 43
9536 29
9528 38
9548 20
9506 63
9538 32
9544 26
9539 32
9537 35
9549 23
9533 40
9542 32
9545 29
9543 32
9546 29
9552 23
9554 23
9555 23
9547 32
9551 29
9557 23
9529 52
9559 23
9541 43
9553 32
9556 29
9566 20
9572 14
9564 23
9567 20
9558 32
9561 29
9562 29
9568 23
9563 29
9570 26
9571 26
9569 29
9573 26
9576 23
9578 23
9581 20
9579 23
9550 55
9577 29
9587 20
9583 26
9586 23
9589 20
9560 50
9584 26
9575 38
9590 23
9585 29
9565 53
9574 46
9582 38
9597 23
9592 29
9598 23
9593 29
9594 29
9600 23
9599 26
9591 35
9595 32
9601 26
9580 48
9605 26
9606 26
9604 29
9616 17
9602 32
9612 23
9610 26
9596 41
9608 29
9603 35
9607 32
9613 26
9618 23
9588 54
9621 23
9619 26
9625 20
9614 32
9620 29
9615 35
9617 35
9632 20
9626 29
9638 17
9609 47
9611 45
9630 26
9631 26
9629 29
9624 35
9639 20
9634 26
9627 35
9636 26
9628 35
9640 23
9635 29
9641 26
9623 45
9642 26
9637 32
9644 26
9655 17
9643 32
9633 45
9647 32
9622 59
9650 32
9659 23
9648 35
9657 26
9660 23
9652 32
9653 32
9649 39
9662 26
9667 23
9656 35
9665 26
9663 29
9669 23
9646 47
9664 29
9673 20
9672 26
9677 23
9645 56
9661 41
9658 45
9674 29
9676 29
9682 23
9671 35
9683 23
9689 17
9679 29
9685 23
9654 55
9666 43
9670 41
9680 32
9692 20
9678 35
9684 29
9687 26
9668 47
9686 29
9701 14
9651 68
9675 48
9681 42
9706 17
9702 23
9694 32
9697 29
9700 26
9690 38
9693 35
9696 32
9704 26
9699 32
9703 29
9712 20
9708 26
9698 38
9711 26
9714 23
9709 29
9715 23
9691 48
9705 34
9707 32
9713 29
9722 20
9723 20
9688 57
9726 20
9717 32
9695 55
9721 29
9710 41
9728 23
9720 32
9718 36
9719 35
9731 23
9730 26
9733 23
9729 32
9732 29
9744 17
9734 29
9737 26
9727 38
9736 29
9716 50
9738 29
9741 26
9747 20
9742 26
9724 45
9740 29
9745 26
9743 29
9746 29
9749 26
9758 17
9748 29
9725 53
9754 26
9751 32
9757 26
9755 29
9753 32
9756 29
9752 35
9767 20
9760 29
9739 51
9735 57
9763 29
9765 29
9771 23
9766 29
9764 32
9768 29
9769 29
9750 52
9785 17
9774 29
9781 22
9770 35
9773 32
9772 35
9776 32
9782 26
9761 48
9777 32
9780 29
9762 48
9775 35
9778 32
9759 53
9792 23
9784 35
9796 23
9788 32
9794 26
9786 35
9789 32
9795 26
9779 44
9798 26
9787 38
9791 35
9803 23
9797 32
9790 41
9800 32
9806 26
9809 23
9783 50
9801 32
9799 35
9805 29
9811 23
9804 32
9807 29
9810 26
9793 45
9821 17
9813 26
9808 32
9817 23
9814 29
9822 23
9812 35
9815 32
9827 20
9820 29
9824 26
9819 35
9828 26
9837 17
9823 32
9826 29
9830 26
9825 32
9802 57
9833 26
9831 29
9840 20
9829 32
9843 20
9835 29
9838 26
9841 26
9839 29
9816 53
9834 35
9844 26
9832 41
9847 26
9850 23
9845 29
9851 23
9818 60
9859 20
9849 32
9846 36
9853 29
9836 47
9855 29
9862 23
9842 44
9854 32
9858 29
9870 17
9868 20
9857 32
9863 26
9861 29
9867 23
9876 14
9864 29
9856 38
9874 20
9860 35
9871 29
9877 23
9848 53
9866 35
9883 23
9881 26
9852 57
9865 44
9869 41
9896 14
9882 29
9886 26
9875 38
9878 35
9885 29
9872 44
9887 29
9884 33
9880 38
9895 23
9893 26
9873 47
9879 41
9888 32
9897 26
9900 23
9892 32
9904 20
9890 35
9902 23
9898 29
9905 26
9906 29
9901 35
9903 33
9913 23
9912 26
9891 49
9908 32
9911 29
9889 53
9917 26
9926 17
9909 35
9915 29
9919 26
9894 52
9920 26
9916 31
9918 29
9921 26
9924 23
9923 26
9910 40
9907 46
9922 32
9930 26
9933 23
9928 29
9931 26
9937 20
9899 59
9927 32
9934 26
9932 29
9940 23
9935 32
9941 26
9936 32
9942 29
9914 60
9929 45
9925 51
9944 32
9945 32
9946 32
9947 32
9950 29
9959 20
9962 17
9948 32
9953 29
9951 32
9960 23
9949 35
9939 46
9954 32
9963 23
9966 20
9955 32
9957 32
9961 29
9964 26
9952 41
9967 26
9943 51
9965 29
9938 57
9958 38
9971 26
9978 20
9956 43
9968 32
9974 26
9970 32
9973 29
9979 23
9972 32
9977 29
9980 26
9982 26
9983 29
9986 26
9984 29
9985 29
9969 46
9981 35
9993 23
9999 20
9988 32
9987 35
9990 32
9975 48
9998 26
9991 34
9996 29
9976 51
9989 38
10008 20
10002 29
10011 20
10000 32
10003 29
10004 29
9994 41
10009 26
10012 23
9992 44
10005 32
10017 20
10001 38
10006 35
10021 20
10019 23
10015 29
10028 16
10013 32
9995 53
10014 35
10029 20
10018 32
10027 23
10016 35
9997 58
10020 35
10032 23
10024 32
10031 26
10034 23
10007 52
10022 38
10025 35
10023 38
10035 26
10026 38
10033 32
10039 26
10042 23
10037 29
10044 23
10036 32
10045 23
10038 32
10041 29
10049 23
10030 45
10046 29
10052 23
10047 29
10040 38
10053 26
10051 29
10061 20
10050 32
10059 23
10054 29
10055 29
10058 26
10056 29
10057 32
10060 29
10010 81
10063 29
10069 23
10048 45
10065 29
10068 26
10067 29
10070 26
10073 23
10062 35
10066 32
10064 35
10074 29
10043 62
10076 29
10075 32
10078 29
10082 26
10071 38
10077 32
10083 29
10089 23
10081 32
10084 29
10088 26
10086 29
10085 32
10091 26
10072 46
10087 32
10090 29
10093 26
10096 23
10095 26
10079 45
10094 32
10097 35
10099 33
10092 55
10098 51
10080 72
