100 30
101 14
102 34
103 14
104 27
105 12
106 9
107 20
108 8
109 20
110 20
111 18
112 18
113 17
114 16
115 15
116 13
117 13
118 11
119 11
120 11
121 8
122 11
123 16
124 12
125 6
126 15
127 10
128 14
129 33
130 32
131 31
132 28
133 29
134 31
135 8
136 14
137 12
138 18
139 14
140 19
141 12
142 14
143 12
144 15
145 10
146 12
147 18
148 11
149 10
150 14
151 10
152 11
153 8
154 8
155 16
156 12
157 10
158 10
159 12
160 8
161 12
162 16
163 12
164 16
165 14
166 12
167 9
168 9
169 10
170 8
171 10
172 8
173 10
174 10
175 12
176 18
177 12
178 12
179 8
180 10
181 6
182 15
184 8
186 10
188 10
183 16
185 18
187 13
189 10
190 14
191 16
192 8
193 12
194 10
195 5
196 14
197 12
198 14
199 8
200 14
201 12
202 14
203 12
204 16
205 14
206 14
207 12
208 14
209 12
210 10
211 10
212 12
213 16
214 10
215 14
216 8
217 16
218 14
219 18
220 14
221 12
222 7
223 18
224 14
225 16
226 15
227 16
228 9
229 12
230 12
231 16
232 14
233 14
234 10
235 14
236 16
237 14
238 8
239 17
240 8
241 4
242 12
243 16
244 10
245 14
246 20
247 8
248 14
249 8
250 14
251 16
252 10
253 16
254 12
255 10
256 16
257 16
258 16
259 8
260 14
261 14
262 14
263 8
264 16
265 14
266 12
267 16
268 13
269 11
270 14
271 10
272 18
273 12
274 14
275 18
276 8
277 16
278 10
279 16
280 12
281 14
282 12
283 14
284 12
287 10
290 8
285 14
286 16
288 14
289 16
291 10
292 16
293 18
294 14
295 12
296 14
297 16
298 14
299 16
300 16
301 18
302 14
303 18
304 14
305 16
306 14
307 14
308 14
309 14
310 18
311 18
312 14
313 16
314 12
315 18
316 14
317 12
318 16
319 14
320 14
321 16
322 12
323 14
324 14
325 12
326 16
327 16
328 16
329 12
330 18
331 14
332 10
333 14
334 14
335 14
336 16
337 14
338 11
339 12
340 18
341 18
342 6
343 12
344 10
345 14
346 10
347 14
348 10
349 16
350 10
351 14
352 16
353 10
354 16
355 8
356 18
357 12
358 16
359 12
360 10
361 14
362 14
363 14
364 14
365 12
366 9
367 18
368 14
369 14
370 14
371 14
372 12
373 10
374 16
375 10
376 16
377 12
378 16
379 12
380 16
381 14
382 8
383 12
384 14
386 10
385 18
387 18
388 16
389 14
390 14
391 18
392 10
393 12
394 14
395 20
396 10
397 18
398 14
399 10
400 12
401 14
402 16
403 10
404 16
405 10
406 20
407 14
408 14
409 16
410 14
411 18
412 12
413 14
414 12
415 16
416 12
417 12
418 14
419 10
420 14
421 16
422 20
423 14
424 12
425 16
426 16
427 12
428 10
429 20
430 16
431 16
432 18
433 10
434 10
435 16
436 16
437 14
438 16
439 11
440 12
441 18
442 14
443 10
444 18
445 10
446 8
447 16
448 14
449 12
450 18
451 12
452 16
453 14
454 14
455 16
456 14
457 16
458 14
459 18
460 18
461 10
462 12
463 20
464 16
465 12
466 18
467 12
468 16
469 20
470 14
471 16
472 10
473 14
474 12
475 20
476 14
477 18
478 14
479 13
480 16
481 12
482 16
483 14
485 12
487 10
484 16
486 14
488 18
489 14
490 13
491 16
492 18
493 18
494 14
495 16
496 8
497 12
498 14
499 16
500 10
501 14
502 16
503 16
504 16
505 14
506 14
507 14
508 12
509 18
510 16
511 20
512 14
513 16
514 12
515 18
516 16
517 14
518 12
519 12
520 14
521 16
522 12
523 5
524 16
525 14
526 14
527 14
528 10
529 13
530 14
531 12
532 14
533 16
534 18
535 14
536 16
537 16
538 16
539 12
540 18
541 14
542 12
543 16
544 16
545 14
546 16
547 16
548 12
549 16
550 12
551 14
552 16
553 16
554 12
555 14
556 18
557 16
558 18
559 20
560 6
561 16
562 18
563 16
564 14
565 16
566 16
567 16
568 16
569 16
570 16
571 14
572 14
573 12
574 11
575 12
576 18
577 12
578 18
580 10
581 10
582 14
586 12
579 20
583 20
584 16
585 16
587 12
588 18
589 16
590 16
591 20
592 16
593 16
594 14
595 20
596 16
597 14
598 20
599 14
600 18
601 20
602 12
603 12
604 14
605 20
606 14
607 18
608 14
609 14
610 20
611 14
612 18
613 10
614 16
615 14
616 18
617 18
618 16
619 12
620 18
621 10
622 12
623 12
624 20
625 14
626 20
627 16
628 14
629 10
630 16
631 14
632 16
633 14
634 12
635 10
636 12
637 18
638 16
639 18
640 8
641 14
642 18
643 18
644 10
645 16
646 16
647 16
648 14
649 18
650 14
651 12
652 18
653 18
654 4
655 12
656 14
657 16
658 18
659 18
660 12
661 16
662 16
663 18
664 18
665 14
666 20
667 14
668 14
669 16
670 14
671 14
672 12
673 14
674 22
675 18
676 14
677 16
678 20
679 14
681 13
682 16
683 12
680 20
684 16
685 14
686 16
687 16
688 20
689 22
690 14
691 16
692 14
693 16
694 9
695 14
696 18
697 18
698 14
699 16
700 18
701 18
702 18
703 16
704 16
705 18
706 16
707 6
708 14
709 16
710 16
711 14
712 16
713 18
714 18
715 16
716 16
717 12
718 18
719 14
720 20
721 14
722 8
723 20
724 16
725 18
726 14
727 18
728 12
729 16
730 12
731 18
732 18
733 18
734 14
735 14
736 16
737 14
738 14
739 15
740 12
741 18
742 16
743 18
744 14
745 16
746 18
747 6
748 14
749 18
750 16
751 14
752 18
753 16
754 16
755 8
756 16
757 16
758 10
759 16
760 16
761 20
762 20
763 18
764 14
765 12
766 16
767 18
768 20
769 12
770 12
771 14
772 12
773 18
774 12
775 18
776 20
777 18
778 16
779 14
780 14
781 14
782 12
783 16
784 16
785 18
786 18
787 18
788 11
789 16
790 14
791 16
792 14
793 18
794 12
795 4
796 18
797 18
798 14
799 16
800 10
801 24
802 14
803 14
804 18
805 18
806 18
807 16
808 18
809 18
810 16
811 18
812 14
813 18
814 10
815 14
816 13
817 16
818 14
819 15
820 14
821 16
822 14
823 14
824 20
825 22
826 14
827 18
828 10
829 12
830 16
831 18
832 16
833 14
834 18
835 10
836 12
837 15
838 12
839 16
840 16
841 16
842 18
843 14
844 10
845 16
846 18
847 18
848 16
849 22
850 9
851 12
852 12
853 20
854 14
855 16
856 18
857 12
858 16
859 14
860 14
861 12
862 16
863 16
864 16
865 12
866 14
867 16
868 16
869 16
870 16
871 14
872 18
873 16
874 18
875 16
876 12
877 14
878 13
879 8
880 16
881 14
882 14
883 10
884 8
885 12
886 14
887 22
888 16
889 16
890 13
891 16
892 20
893 16
894 12
895 14
896 16
897 16
898 16
899 18
900 14
901 18
902 18
903 16
904 16
905 12
906 16
907 7
908 16
909 16
910 18
911 16
912 18
913 16
914 16
915 16
916 14
917 14
918 12
919 10
920 20
921 18
922 20
923 16
924 18
925 12
926 14
927 12
928 13
929 16
930 12
931 12
932 12
933 16
934 14
935 16
936 14
937 13
938 16
939 18
940 18
941 10
942 14
943 14
944 16
945 16
946 20
947 16
948 14
949 12
950 18
951 12
952 11
953 18
954 18
955 12
956 16
957 18
958 16
959 16
960 16
961 20
962 18
963 20
964 18
965 11
966 14
967 20
968 12
969 14
970 14
971 14
972 16
973 16
974 12
975 16
976 16
977 16
978 16
979 16
980 18
982 16
983 14
981 22
984 18
985 16
986 18
987 16
988 20
989 16
990 18
991 12
992 18
993 22
994 14
995 16
996 14
997 12
998 14
999 14
1000 14
1001 20
1002 14
1003 18
1004 10
1005 16
1006 18
1007 14
1008 20
1009 18
1010 14
1011 16
1012 16
1013 22
1014 20
1015 14
1016 18
1017 16
1018 14
1019 18
1020 18
1021 18
1022 20
1023 14
1024 16
1025 16
1026 18
1027 14
1028 14
1029 14
1030 14
1031 12
1032 14
1033 18
1034 14
1035 10
1036 18
1037 14
1038 20
1039 20
1040 12
1041 16
1042 10
1043 16
1044 18
1045 18
1046 10
1047 10
1048 10
1049 20
1050 12
1051 16
1052 14
1053 16
1054 8
1055 24
1056 18
1057 14
1058 18
1059 14
1060 16
1061 18
1062 10
1063 20
1064 16
1065 12
1066 16
1067 24
1068 20
1069 18
1070 14
1071 18
1072 12
1073 17
1074 16
1075 16
1076 18
1077 20
1078 14
1079 14
1080 12
1082 14
1083 14
1081 26
1084 16
1085 22
1086 16
1087 12
1088 18
1089 14
1090 18
1091 20
1092 16
1093 22
1094 14
1095 22
1096 16
1097 12
1098 16
1099 14
1100 14
1101 14
1102 16
1103 18
1104 20
1105 18
1106 12
1107 18
1108 16
1109 16
1110 12
1111 20
1112 20
1113 16
1114 18
1115 16
1116 14
1117 18
1118 16
1119 16
1120 16
1121 14
1122 12
1123 22
1124 12
1125 18
1126 16
1127 14
1128 14
1129 12
1130 10
1131 18
1132 16
1133 16
1134 12
1135 14
1136 12
1137 12
1138 18
1139 16
1140 16
1141 20
1142 14
1143 18
1144 14
1145 24
1146 16
1147 14
1148 18
1149 16
1150 20
1151 18
1152 14
1153 14
1154 14
1155 18
1156 12
1157 12
1158 12
1159 14
1160 16
1161 14
1162 20
1163 16
1164 12
1165 16
1166 18
1167 22
1168 14
1169 18
1170 16
1171 16
1172 12
1173 16
1174 16
1175 18
1176 14
1177 16
1178 16
1179 16
1182 16
1184 12
1180 20
1181 20
1183 16
1185 16
1186 14
1187 14
1188 16
1189 12
1190 18
1191 14
1192 18
1193 18
1194 14
1195 16
1196 16
1197 16
1198 18
1199 18
1200 20
1201 16
1202 22
1203 22
1204 12
1205 14
1206 16
1207 16
1208 16
1209 22
1210 18
1211 20
1212 22
1213 14
1214 22
1215 16
1216 16
1217 18
1218 16
1219 22
1220 20
1221 18
1222 16
1223 16
1224 12
1225 16
1226 18
1227 18
1228 18
1229 20
1230 16
1231 16
1232 20
1233 18
1234 20
1235 16
1236 22
1237 18
1238 20
1239 14
1240 18
1241 16
1242 18
1243 18
1244 14
1245 18
1246 16
1247 14
1248 12
1249 16
1250 16
1251 8
1252 14
1253 14
1254 22
1255 20
1256 18
1257 14
1258 12
1259 13
1260 20
1261 16
1262 20
1263 22
1264 20
1265 12
1266 10
1267 20
1268 14
1269 16
1270 10
1271 18
1272 14
1273 20
1274 22
1275 12
1276 14
1277 14
1278 18
1279 16
1280 16
1281 14
1285 12
1282 20
1283 16
1284 18
1286 14
1287 18
1288 16
1289 12
1290 9
1291 18
1292 16
1293 16
1294 16
1295 18
1296 16
1297 21
1298 16
1299 14
1300 18
1301 18
1302 9
1303 18
1304 12
1305 18
1306 18
1307 12
1308 16
1309 20
1310 18
1311 20
1312 14
1313 14
1314 18
1315 24
1316 16
1317 16
1318 12
1319 16
1320 16
1321 16
1322 12
1323 16
1324 16
1325 14
1326 12
1327 18
1328 10
1329 16
1330 14
1331 18
1332 14
1333 18
1334 14
1335 12
1336 16
1337 16
1338 22
1339 14
1340 12
1341 16
1342 10
1343 12
1344 16
1345 4
1346 13
1347 16
1348 14
1349 14
1350 22
1351 20
1352 11
1353 18
1354 18
1355 10
1356 12
1357 18
1358 14
1359 18
1360 18
1361 14
1362 16
1363 18
1364 20
1365 12
1366 14
1367 14
1368 16
1369 14
1370 16
1371 16
1372 16
1373 18
1374 16
1375 16
1376 12
1377 18
1378 20
1379 18
1381 14
1382 14
1383 14
1384 14
1380 20
1385 14
1386 16
1387 12
1388 16
1389 18
1390 12
1391 14
1392 20
1393 12
1394 20
1395 14
1396 12
1397 14
1398 18
1399 14
1400 16
1401 14
1402 16
1403 18
1404 16
1405 14
1406 16
1407 14
1408 18
1409 12
1410 7
1411 16
1412 20
1413 18
1414 16
1415 14
1416 22
1417 16
1418 16
1419 18
1420 18
1421 16
1422 14
1423 18
1424 18
1425 16
1426 20
1427 12
1428 20
1429 18
1430 20
1431 16
1432 16
1433 14
1434 14
1435 10
1436 14
1437 16
1438 12
1439 10
1440 14
1441 16
1442 16
1443 18
1444 14
1445 20
1446 16
1447 14
1448 14
1449 16
1450 14
1451 12
1452 16
1453 14
1454 14
1455 18
1456 16
1457 18
1458 20
1459 18
1460 18
1461 16
1462 18
1463 12
1464 16
1465 14
1466 16
1467 16
1468 20
1469 18
1470 16
1471 14
1472 12
1473 20
1474 16
1475 20
1476 14
1477 10
1478 14
1479 12
1481 12
1483 14
1480 20
1482 20
1484 17
1485 18
1486 14
1487 14
1488 16
1489 20
1490 18
1491 20
1492 14
1493 16
1494 14
1495 12
1496 14
1497 16
1498 22
1499 14
1500 14
1501 18
1502 14
1503 16
1504 18
1505 14
1506 12
1507 12
1508 16
1509 14
1510 18
1511 16
1512 16
1513 18
1514 14
1515 14
1516 16
1517 18
1518 20
1519 18
1520 22
1521 22
1522 16
1523 18
1524 20
1525 10
1526 16
1527 14
1528 18
1529 18
1530 20
1531 12
1532 18
1533 14
1534 16
1535 9
1536 18
1537 12
1538 16
1539 12
1540 18
1541 16
1542 16
1543 18
1544 18
1545 14
1546 16
1547 20
1548 14
1549 14
1550 18
1551 20
1552 14
1553 16
1554 11
1555 18
1556 18
1557 14
1558 18
1559 14
1560 20
1561 14
1562 16
1563 16
1564 20
1565 18
1566 14
1567 20
1568 14
1569 22
1570 10
1571 18
1572 14
1573 14
1574 16
1575 12
1576 14
1577 16
1578 14
1579 16
1580 16
1582 10
1584 14
1581 18
1583 22
1585 16
1586 16
1587 14
1588 18
1589 14
1590 12
1591 14
1592 18
1593 24
1594 16
1595 18
1596 12
1597 18
1598 14
1599 14
1600 18
1601 14
1602 18
1603 20
1604 14
1605 18
1606 14
1607 20
1608 18
1609 12
1610 20
1611 12
1612 18
1613 14
1614 16
1615 14
1616 16
1617 18
1618 12
1619 16
1620 20
1621 18
1622 14
1623 16
1624 12
1625 14
1626 18
1627 10
1628 14
1629 16
1630 16
1631 16
1632 16
1633 22
1634 20
1635 18
1636 16
1637 20
1638 20
1639 18
1640 14
1641 12
1642 18
1643 10
1644 18
1645 20
1646 18
1647 20
1648 14
1649 16
1650 12
1651 18
1652 15
1653 24
1654 20
1655 14
1656 12
1657 20
1658 18
1659 16
1660 18
1661 20
1662 12
1663 16
1664 10
1665 12
1666 14
1667 16
1668 15
1669 16
1670 22
1671 16
1672 16
1673 18
1674 12
1675 12
1676 18
1677 18
1679 14
1681 14
1682 16
1686 12
1678 22
1680 22
1683 16
1684 24
1685 20
1687 18
1688 20
1689 20
1690 16
1691 22
1692 14
1693 14
1694 22
1695 18
1696 20
1697 18
1698 18
1699 18
1700 18
1701 12
1702 14
1703 6
1704 12
1705 16
1706 10
1707 12
1708 16
1709 18
1710 12
1711 16
1712 12
1713 24
1714 14
1715 20
1716 12
1717 20
1718 14
1719 14
1720 18
1721 14
1722 16
1723 18
1724 10
1725 18
1726 18
1727 10
1728 14
1729 20
1730 18
1731 22
1732 14
1733 16
1734 14
1735 24
1736 16
1737 24
1738 16
1739 20
1740 14
1741 14
1742 12
1743 16
1744 18
1745 18
1746 14
1747 18
1748 16
1749 12
1750 16
1751 20
1752 20
1753 8
1754 18
1755 14
1756 18
1757 16
1758 14
1759 20
1760 18
1761 16
1762 20
1763 14
1764 22
1765 20
1766 24
1767 14
1768 16
1769 16
1770 18
1771 20
1772 14
1773 20
1774 20
1775 20
1776 16
1777 14
1778 18
1779 14
1780 14
1782 16
1783 12
1785 12
1786 12
1781 18
1784 16
1787 22
1788 22
1789 12
1790 20
1791 16
1792 14
1793 18
1794 18
1795 14
1796 14
1797 14
1798 18
1799 18
1800 16
1801 16
1802 16
1803 16
1804 20
1805 20
1806 14
1807 16
1808 22
1809 12
1810 14
1811 16
1812 16
1813 18
1814 16
1815 14
1816 18
1817 20
1818 16
1819 12
1820 16
1821 22
1822 20
1823 18
1824 14
1825 18
1826 18
1827 20
1828 22
1829 16
1830 18
1831 12
1832 12
1833 18
1834 16
1835 12
1836 22
1837 18
1838 14
1839 16
1840 16
1841 14
1842 20
1843 14
1844 22
1845 14
1846 10
1847 12
1848 18
1849 20
1850 22
1851 14
1852 18
1853 16
1854 14
1855 8
1856 10
1857 18
1858 18
1859 10
1860 18
1861 12
1862 12
1863 20
1864 20
1865 18
1866 24
1867 18
1868 16
1869 18
1870 22
1871 22
1872 22
1873 12
1874 20
1875 18
1876 13
1877 12
1878 16
1879 14
1880 14
1881 10
1882 16
1883 18
1884 16
1885 22
1886 14
1887 14
1888 14
1889 20
1890 18
1891 20
1892 16
1893 16
1894 16
1895 14
1896 14
1897 14
1898 18
1899 16
1900 18
1901 14
1902 20
1903 16
1904 14
1905 16
1906 14
1907 13
1908 14
1909 14
1910 12
1911 22
1912 20
1913 22
1914 12
1915 18
1916 18
1917 24
1918 10
1919 20
1920 14
1921 20
1922 22
1923 14
1924 20
1925 18
1926 16
1927 14
1928 18
1929 20
1930 14
1931 16
1932 16
1933 14
1934 20
1935 16
1936 16
1937 16
1938 22
1939 14
1940 14
1941 24
1942 14
1943 21
1944 12
1945 16
1946 24
1947 14
1948 18
1949 14
1950 8
1951 20
1952 18
1953 20
1954 18
1955 18
1956 18
1957 20
1958 16
1959 12
1960 18
1961 18
1962 10
1963 22
1964 14
1965 16
1966 14
1967 18
1968 20
1969 18
1970 18
1971 16
1972 14
1973 14
1974 20
1975 14
1976 12
1978 18
1980 16
1981 16
1982 16
1983 14
1984 14
1977 24
1979 22
1985 16
1986 22
1987 24
1988 12
1989 16
1990 11
1991 18
1992 20
1993 22
1994 20
1995 18
1996 10
1997 12
1998 14
1999 16
2000 20
2001 14
2002 18
2003 18
2004 18
2005 18
2006 14
2007 18
2008 16
2009 16
2010 18
2011 20
2012 18
2013 18
2014 16
2015 14
2016 18
2017 16
2018 22
2019 16
2020 14
2021 14
2022 14
2023 18
2024 16
2025 14
2026 18
2027 16
2028 16
2029 20
2030 22
2031 18
2032 20
2033 18
2034 14
2035 8
2036 20
2037 12
2038 14
2039 18
2040 18
2041 14
2042 14
2043 16
2044 14
2045 18
2046 12
2047 18
2048 14
2049 16
2050 18
2051 12
2052 14
2053 20
2054 20
2055 12
2056 14
2057 14
2058 16
2059 14
2060 16
2061 14
2062 22
2063 18
2064 14
2065 20
2066 12
2067 16
2068 16
2069 16
2070 14
2071 16
2072 16
2073 12
2074 12
2075 18
2076 16
2077 10
2078 12
2079 16
2080 16
2081 22
2082 24
2083 16
2084 18
2085 14
2086 16
2087 18
2088 22
2089 16
2090 10
2091 20
2092 16
2093 16
2094 14
2095 12
2096 16
2097 14
2098 16
2099 16
2100 18
2101 16
2102 10
2103 14
2104 18
2105 14
2106 20
2107 16
2108 12
2109 16
2110 18
2111 14
2112 16
2113 14
2114 18
2115 16
2116 14
2117 18
2118 20
2119 24
2120 16
2121 14
2122 16
2123 18
2124 14
2125 14
2126 10
2127 20
2128 16
2129 18
2130 22
2131 18
2132 14
2133 14
2134 18
2135 20
2136 18
2137 12
2138 16
2139 16
2140 18
2141 18
2142 18
2143 20
2144 14
2145 18
2146 18
2147 16
2148 22
2149 16
2150 16
2151 18
2152 22
2153 16
2154 22
2155 12
2156 20
2157 16
2158 18
2159 16
2160 24
2161 18
2162 16
2163 20
2164 18
2165 18
2166 18
2167 16
2168 16
2169 14
2170 16
2171 24
2172 16
2173 14
2174 12
2175 20
2176 20
2177 16
2178 12
2179 16
2180 12
2184 14
2181 18
2182 18
2183 22
2185 18
2186 18
2187 18
2188 16
2189 22
2190 14
2191 12
2192 18
2193 22
2194 18
2195 18
2196 18
2197 18
2198 14
2199 20
2200 14
2201 20
2202 22
2203 10
2204 12
2205 16
2206 16
2207 20
2208 12
2209 22
2210 16
2211 20
2212 16
2213 18
2214 22
2215 14
2216 20
2217 20
2218 20
2219 16
2220 18
2221 11
2222 18
2223 20
2224 22
2225 12
2226 18
2227 16
2228 16
2229 18
2230 12
2231 20
2232 22
2233 12
2234 14
2235 16
2236 10
2237 20
2238 12
2239 16
2240 22
2241 18
2242 16
2243 16
2244 16
2245 18
2246 12
2247 14
2248 18
2249 18
2250 22
2251 22
2252 20
2253 14
2254 18
2255 20
2256 18
2257 22
2258 12
2259 16
2260 12
2261 16
2262 14
2263 16
2264 22
2265 18
2266 16
2267 20
2268 16
2269 18
2270 16
2271 16
2272 14
2273 16
2274 14
2275 20
2276 18
2277 20
2279 18
2280 18
2281 16
2287 10
2278 22
2282 18
2283 16
2284 16
2285 24
2286 20
2288 18
2289 14
2290 14
2291 18
2292 16
2293 14
2294 16
2295 16
2296 16
2297 20
2298 12
2299 16
2300 20
2301 20
2302 18
2303 22
2304 14
2305 14
2306 20
2307 14
2308 22
2309 22
2310 20
2311 18
2312 14
2313 20
2314 22
2315 18
2316 22
2317 20
2318 14
2319 14
2320 22
2321 16
2322 10
2323 19
2324 7
2325 16
2326 18
2327 18
2328 14
2329 16
2330 16
2331 16
2332 18
2333 16
2334 16
2335 20
2336 18
2337 20
2338 22
2339 18
2340 20
2341 14
2342 22
2343 30
2344 19
2345 22
2346 20
2347 38
2348 24
2349 18
2350 16
2351 22
2352 18
2353 14
2354 10
2355 16
2356 14
2357 16
2358 18
2359 16
2360 26
2361 12
2362 20
2363 18
2364 20
2365 10
2366 16
2367 16
2368 18
2369 20
2370 14
2371 18
2372 18
2373 20
2374 16
2375 20
2376 18
2377 16
2378 18
2379 10
2380 14
2381 16
2382 14
2383 20
2384 16
2385 20
2386 14
2387 14
2388 16
2389 14
2390 20
2391 14
2392 16
2393 16
2394 18
2395 16
2396 18
2397 14
2398 16
2399 18
2400 16
2401 14
2402 16
2403 18
2404 16
2405 16
2406 18
2407 20
2408 22
2409 20
2410 16
2411 18
2412 12
2413 16
2414 20
2415 16
2416 18
2417 16
2418 12
2419 12
2420 14
2421 12
2422 14
2423 12
2424 14
2425 20
2426 12
2427 14
2428 20
2429 14
2430 16
2431 20
2432 28
2433 8
2434 14
2435 22
2436 16
2437 20
2438 32
2439 10
2440 24
2441 16
2442 10
2443 16
2444 12
2445 14
2446 16
2447 20
2448 14
2449 20
2450 22
2451 14
2452 16
2453 22
2454 20
2455 18
2456 20
2457 14
2458 22
2459 14
2460 22
2461 36
2462 18
2463 24
2464 20
2465 20
2466 14
2467 18
2468 16
2469 16
2470 16
2471 12
2472 10
2473 12
2474 20
2475 12
2476 14
2477 18
2478 16
2479 16
2480 14
2481 10
2485 12
2488 10
2482 18
2483 20
2484 20
2486 18
2487 14
2489 18
2490 14
2491 14
2492 14
2493 18
2494 16
2495 10
2496 18
2497 14
2498 16
2499 18
2500 16
2501 18
2502 30
2503 18
2504 10
2505 22
2506 18
2507 18
2508 18
2509 18
2510 26
2511 14
2512 16
2513 20
2514 22
2515 18
2516 15
2517 20
2518 12
2519 18
2520 16
2521 14
2522 18
2523 18
2524 16
2525 20
2526 20
2527 10
2528 18
2529 18
2530 16
2531 18
2532 20
2533 16
2534 18
2535 22
2536 18
2537 18
2538 18
2539 24
2540 16
2541 14
2542 12
2543 20
2544 16
2545 16
2546 12
2547 18
2548 20
2549 16
2550 18
2551 16
2552 16
2553 18
2554 26
2555 18
2556 16
2557 22
2558 16
2559 18
2560 22
2561 24
2562 14
2563 18
2564 22
2565 12
2566 20
2567 22
2569 14
2570 20
2571 20
2572 14
2573 10
2574 18
2575 13
2576 16
2577 16
2578 18
2579 18
2581 16
2582 14
2585 8
2586 8
2568 32
2580 20
2583 24
2584 18
2587 18
2588 16
2589 14
2590 16
2591 16
2592 20
2593 16
2594 20
2595 16
2596 20
2597 14
2598 18
2599 18
2600 14
2601 22
2602 18
2603 22
2604 20
2605 10
2606 16
2607 12
2608 10
2609 18
2610 12
2611 12
2612 20
2613 34
2614 18
2615 24
2616 20
2617 14
2618 18
2619 20
2620 22
2621 16
2622 16
2623 30
2624 18
2625 20
2626 20
2627 44
2628 26
2629 15
2630 16
2631 24
2632 16
2633 24
2634 20
2635 14
2636 10
2637 20
2638 18
2639 12
2640 20
2641 16
2642 15
2643 20
2644 18
2645 18
2646 12
2647 18
2648 16
2649 14
2650 24
2651 14
2652 16
2653 18
2654 18
2655 14
2656 24
2657 14
2658 14
2659 18
2660 18
2661 18
2662 20
2663 24
2664 14
2665 29
2666 20
2667 16
2668 20
2669 22
2670 20
2671 14
2672 18
2673 12
2674 22
2675 14
2677 14
2680 14
2681 14
2682 16
2683 12
2676 24
2678 24
2679 22
2684 18
2685 24
2686 18
2687 16
2688 22
2689 18
2690 14
2691 20
2692 16
2693 18
2694 22
2695 19
2696 16
2697 28
2698 22
2699 18
2700 20
2701 20
2702 12
2703 16
2704 18
2705 16
2706 16
2707 14
2708 16
2709 24
2710 16
2711 12
2712 16
2713 18
2714 14
2715 20
2716 20
2717 16
2718 22
2719 18
2720 16
2721 16
2722 22
2723 22
2724 16
2725 14
2726 14
2727 8
2728 16
2729 12
2730 18
2731 16
2732 12
2733 18
2734 18
2735 16
2736 16
2737 22
2738 12
2739 18
2740 18
2741 16
2742 14
2743 16
2744 18
2745 20
2746 12
2747 20
2748 20
2749 24
2750 34
2751 18
2752 18
2753 16
2754 14
2755 16
2756 16
2757 16
2758 22
2759 16
2760 18
2761 18
2762 22
2763 20
2764 16
2765 22
2766 16
2767 12
2768 16
2769 12
2770 16
2771 12
2772 14
2773 18
2774 20
2776 18
2777 18
2778 16
2783 14
2785 12
2775 26
2779 20
2780 22
2781 18
2782 22
2784 18
2786 18
2787 20
2788 16
2789 12
2790 18
2791 12
2792 20
2793 16
2794 18
2795 16
2796 20
2797 18
2798 24
2799 14
2800 20
2801 18
2802 12
2803 14
2804 14
2805 18
2806 18
2807 22
2808 18
2809 24
2810 16
2811 18
2812 10
2813 34
2814 20
2815 18
2816 16
2817 16
2818 16
2819 20
2820 18
2821 14
2822 18
2823 20
2824 16
2825 14
2826 14
2827 18
2828 20
2829 14
2830 18
2831 24
2832 20
2833 10
2834 18
2835 20
2836 14
2837 18
2838 10
2839 18
2840 16
2841 16
2842 18
2843 18
2844 12
2845 16
2846 18
2847 40
2848 18
2849 18
2850 14
2851 16
2852 14
2853 16
2854 12
2855 32
2856 22
2857 20
2858 18
2859 20
2860 18
2861 18
2862 14
2863 18
2864 16
2865 24
2866 16
2867 28
2868 16
2869 20
2870 16
2871 18
2872 22
2873 14
2874 16
2875 20
2876 8
2877 10
2878 16
2879 18
2880 8
2881 14
2882 14
2883 16
2884 20
2885 20
2886 20
2887 18
2888 16
2889 10
2890 18
2891 16
2892 26
2893 16
2894 12
2895 16
2896 14
2897 18
2898 16
2899 14
2900 16
2901 18
2902 20
2903 12
2904 20
2905 14
2906 14
2907 18
2908 24
2909 14
2910 12
2911 16
2912 22
2913 14
2914 18
2915 16
2916 12
2917 30
2918 14
2919 20
2920 18
2921 12
2922 16
2923 18
2924 24
2925 12
2926 18
2927 14
2928 18
2929 14
2930 12
2931 14
2932 16
2933 16
2934 18
2935 18
2936 16
2937 20
2938 18
2939 16
2940 16
2941 16
2942 20
2943 18
2944 20
2945 14
2946 16
2947 14
2948 20
2949 16
2950 20
2951 18
2952 24
2953 20
2954 22
2955 13
2956 10
2957 16
2958 20
2959 13
2960 22
2961 16
2962 20
2963 16
2964 8
2965 16
2966 16
2967 16
2968 14
2969 16
2970 14
2971 14
2972 16
2973 12
2974 17
2975 16
2976 14
2977 14
2978 18
2980 18
2981 16
2979 22
2982 24
2983 20
2984 16
2985 16
2986 22
2987 28
2988 18
2989 24
2990 18
2991 20
2992 18
2993 20
2994 18
2995 38
2996 14
2997 18
2998 16
2999 22
3000 16
3001 20
3002 20
3003 22
3004 22
3005 18
3006 16
3007 18
3008 20
3009 18
3010 20
3011 16
3012 13
3013 16
3014 12
3015 18
3016 22
3017 22
3018 18
3019 20
3020 12
3021 16
3022 54
3023 16
3024 12
3025 16
3026 16
3027 28
3028 24
3029 14
3030 16
3031 20
3032 16
3033 22
3034 14
3035 14
3036 20
3037 20
3038 14
3039 20
3040 16
3041 20
3042 14
3043 18
3044 20
3045 16
3046 16
3047 18
3048 18
3049 14
3050 20
3051 18
3052 16
3053 16
3054 28
3055 18
3056 16
3057 18
3058 16
3059 20
3060 14
3061 20
3062 16
3063 24
3064 18
3065 20
3066 14
3067 16
3068 16
3069 22
3070 20
3071 18
3072 16
3073 14
3075 14
3076 20
3077 20
3078 18
3079 14
3082 12
3074 28
3080 20
3081 20
3083 18
3084 16
3085 16
3086 20
3087 18
3088 12
3089 16
3090 18
3091 12
3092 16
3093 22
3094 20
3095 20
3096 16
3097 20
3098 16
3099 14
3100 14
3101 16
3102 10
3103 10
3104 16
3105 20
3106 20
3107 18
3108 18
3109 16
3110 16
3111 16
3112 18
3113 18
3114 18
3115 24
3116 24
3117 18
3118 14
3119 16
3120 13
3121 18
3122 14
3123 18
3124 18
3125 18
3126 16
3127 14
3128 16
3129 18
3130 10
3131 38
3132 18
3133 24
3134 22
3135 18
3136 14
3137 18
3138 20
3139 18
3140 18
3141 20
3142 28
3143 18
3144 12
3145 16
3146 20
3147 18
3148 22
3149 22
3150 14
3151 18
3152 18
3153 20
3154 20
3155 16
3156 20
3157 26
3158 14
3159 20
3160 18
3161 12
3162 16
3163 22
3164 24
3165 22
3166 20
3167 22
3168 18
3169 14
3170 18
3171 16
3172 16
3173 14
3174 24
3175 16
3176 14
3178 14
3179 12
3180 18
3177 22
3181 18
3182 32
3183 16
3184 34
3185 14
3186 18
3187 20
3188 20
3189 18
3190 18
3191 18
3192 16
3193 18
3194 16
3195 18
3196 20
3197 20
3198 16
3199 16
3200 16
3201 12
3202 22
3203 12
3204 18
3205 18
3206 16
3207 12
3208 16
3209 16
3210 22
3211 14
3212 22
3213 10
3214 20
3215 18
3216 22
3217 16
3218 12
3219 18
3220 16
3221 20
3222 18
3223 18
3224 20
3225 14
3226 22
3227 14
3228 22
3229 14
3230 18
3231 20
3232 12
3233 22
3234 18
3235 16
3236 18
3237 16
3238 16
3239 28
3240 12
3241 30
3242 16
3243 18
3244 20
3245 18
3246 14
3247 16
3248 16
3249 20
3250 14
3251 32
3252 20
3253 16
3254 22
3255 20
3256 16
3257 12
3258 18
3259 12
3260 20
3261 18
3262 18
3263 18
3264 16
3265 16
3266 14
3267 18
3268 16
3269 16
3270 16
3271 18
3272 14
3273 20
3274 18
3275 22
3276 14
3277 20
3278 18
3280 10
3281 12
3282 16
3279 22
3283 18
3284 18
3285 14
3286 20
3287 14
3288 22
3289 14
3290 18
3291 14
3292 12
3293 16
3294 14
3295 14
3296 18
3297 18
3298 34
3299 20
3300 18
3301 14
3302 18
3303 14
3304 18
3305 18
3306 20
3307 16
3308 18
3309 16
3310 24
3311 18
3312 18
3313 16
3314 18
3315 14
3316 18
3317 18
3318 14
3319 18
3320 20
3321 16
3322 14
3323 22
3324 16
3325 22
3326 16
3327 20
3328 18
3329 16
3330 26
3331 22
3332 20
3333 16
3334 16
3335 22
3336 16
3337 14
3338 20
3339 9
3340 14
3341 20
3342 20
3343 22
3344 20
3345 13
3346 16
3347 16
3348 12
3349 18
3350 16
3351 16
3352 20
3353 18
3354 22
3355 20
3356 22
3357 22
3358 18
3359 14
3360 22
3361 20
3362 18
3363 22
3364 22
3365 16
3366 4
3367 12
3368 14
3369 22
3370 20
3371 18
3372 18
3373 18
3375 20
3376 20
3377 14
3378 20
3379 14
3380 16
3381 16
3382 16
3374 30
3383 16
3384 18
3385 36
3386 14
3387 14
3388 18
3389 16
3390 14
3391 20
3392 16
3393 22
3394 18
3395 16
3396 12
3397 16
3398 16
3399 16
3400 16
3401 22
3402 12
3403 16
3404 20
3405 20
3406 18
3407 18
3408 16
3409 32
3410 18
3411 20
3412 18
3413 18
3414 10
3415 18
3416 36
3417 16
3418 34
3419 20
3420 12
3421 14
3422 20
3423 20
3424 28
3425 18
3426 18
3427 24
3428 20
3429 26
3430 12
3431 16
3432 22
3433 14
3434 18
3435 18
3436 20
3437 22
3438 18
3439 20
3440 20
3441 16
3442 24
3443 24
3444 14
3445 14
3446 18
3447 16
3448 16
3449 20
3450 18
3451 12
3452 16
3453 20
3454 16
3455 14
3456 22
3457 16
3458 14
3459 20
3460 24
3461 14
3462 12
3463 26
3464 24
3465 20
3466 18
3467 14
3468 20
3470 16
3471 18
3472 18
3473 24
3474 18
3475 20
3476 14
3478 16
3479 16
3480 12
3484 14
3469 34
3477 22
3481 18
3482 18
3483 16
3485 16
3486 20
3487 16
3488 12
3489 28
3490 20
3491 16
3492 14
3493 20
3494 18
3495 14
3496 18
3497 12
3498 12
3499 16
3500 18
3501 12
3502 18
3503 14
3504 18
3505 20
3506 12
3507 18
3508 26
3509 22
3510 14
3511 14
3512 20
3513 10
3514 18
3515 18
3516 18
3517 16
3518 16
3519 18
3520 18
3521 34
3522 20
3523 24
3524 11
3525 14
3526 20
3527 20
3528 18
3529 22
3530 16
3531 20
3532 20
3533 24
3534 16
3535 22
3536 20
3537 16
3538 20
3539 22
3540 16
3541 22
3542 20
3543 16
3544 16
3545 14
3546 18
3547 14
3548 18
3549 16
3550 12
3551 18
3552 16
3553 28
3554 20
3555 14
3556 16
3557 18
3558 18
3559 20
3560 14
3561 20
3562 16
3563 14
3564 18
3565 16
3566 16
3567 16
3568 18
3569 18
3570 16
3571 16
3572 18
3573 20
3574 18
3575 18
3576 14
3577 10
3580 18
3582 16
3583 14
3578 34
3579 20
3581 18
3584 16
3585 18
3586 16
3587 12
3588 16
3589 20
3590 18
3591 14
3592 20
3593 24
3594 30
3595 22
3596 18
3597 14
3598 18
3599 22
3600 18
3601 8
3602 12
3603 16
3604 16
3605 12
3606 14
3607 10
3608 36
3609 18
3610 16
3611 20
3612 12
3613 16
3614 20
3615 22
3616 20
3617 16
3618 18
3619 18
3620 18
3621 16
3622 22
3623 18
3624 14
3625 28
3626 18
3627 22
3628 20
3629 16
3630 20
3631 46
3632 20
3633 16
3634 18
3635 24
3636 14
3637 16
3638 20
3639 22
3640 18
3641 18
3642 22
3643 14
3644 16
3645 16
3646 14
3647 20
3648 14
3649 12
3650 22
3651 14
3652 18
3653 16
3654 18
3655 18
3656 20
3657 16
3658 18
3659 16
3660 20
3661 16
3662 20
3663 14
3664 16
3665 18
3666 24
3667 22
3668 18
3669 20
3670 22
3671 20
3672 20
3673 22
3675 16
3676 20
3678 18
3679 18
3681 16
3674 30
3677 50
3680 20
3682 20
3683 36
3684 22
3685 16
3686 20
3687 18
3688 16
3689 20
3690 24
3691 20
3692 22
3693 14
3694 30
3695 14
3696 22
3697 16
3698 16
3699 38
3700 33
3701 14
3702 28
3703 12
3704 18
3705 22
3706 20
3707 22
3708 20
3709 18
3710 36
3711 12
3712 18
3713 18
3714 20
3715 38
3716 22
3717 28
3718 22
3719 16
3720 14
3721 20
3722 16
3723 20
3724 14
3725 18
3726 18
3727 16
3728 20
3729 16
3730 16
3731 22
3732 22
3733 22
3734 20
3735 20
3736 16
3737 16
3738 20
3739 20
3740 14
3741 20
3742 10
3743 20
3744 24
3745 18
3746 18
3747 24
3748 20
3749 30
3750 20
3751 18
3752 14
3753 20
3754 20
3755 18
3756 22
3757 22
3758 18
3759 10
3760 18
3761 14
3762 20
3763 14
3764 12
3765 20
3766 16
3767 18
3768 18
3769 14
3771 20
3772 14
3774 16
3776 14
3777 18
3778 18
3779 18
3780 18
3781 14
3783 14
3786 12
3770 32
3773 30
3775 28
3782 22
3784 24
3785 14
3787 18
3788 16
3789 18
3790 18
3791 18
3792 14
3793 20
3794 14
3795 18
3796 24
3797 54
3798 16
3799 24
3800 12
3801 16
3802 11
3803 16
3804 14
3805 16
3806 24
3807 38
3808 18
3809 14
3810 30
3811 18
3812 32
3813 16
3814 12
3815 20
3816 38
3817 20
3818 18
3819 20
3820 18
3821 26
3822 20
3823 22
3824 16
3825 18
3826 12
3827 22
3828 16
3829 20
3830 18
3831 14
3832 14
3833 14
3834 18
3835 20
3836 16
3837 10
3838 18
3839 20
3840 12
3841 18
3842 22
3843 20
3844 20
3845 14
3846 32
3847 16
3848 16
3849 24
3850 16
3851 18
3852 22
3853 14
3854 16
3855 20
3856 22
3857 14
3858 20
3859 24
3860 16
3861 18
3863 12
3864 24
3865 26
3866 18
3867 16
3868 6
3869 16
3870 16
3872 20
3873 20
3874 18
3875 16
3876 17
3877 10
3878 16
3880 16
3862 38
3871 32
3879 22
3881 22
3882 20
3883 18
3884 22
3885 16
3886 36
3887 14
3888 20
3889 22
3890 20
3891 18
3892 20
3893 16
3894 18
3895 40
3896 18
3897 16
3898 18
3899 20
3900 12
3901 18
3902 18
3903 20
3904 30
3905 26
3906 20
3907 30
3908 20
3909 20
3910 14
3911 32
3912 16
3913 18
3914 28
3915 20
3916 20
3917 16
3918 22
3919 16
3920 22
3921 20
3922 18
3923 14
3924 16
3925 18
3926 16
3927 18
3928 22
3929 20
3930 22
3931 24
3932 14
3933 16
3934 18
3935 18
3936 11
3937 10
3938 24
3939 16
3940 26
3941 28
3942 24
3943 14
3944 11
3945 20
3946 16
3947 26
3948 20
3949 14
3950 20
3951 16
3952 14
3953 22
3954 16
3955 18
3956 18
3957 20
3958 34
3959 32
3960 18
3961 18
3962 16
3963 16
3964 10
3965 14
3966 20
3967 20
3968 16
3969 22
3970 14
3971 12
3972 16
3973 16
3974 20
3975 20
3976 18
3977 20
3980 18
3978 22
3979 20
3981 18
3982 22
3983 16
3984 22
3985 16
3986 14
3987 18
3988 12
3989 18
3990 16
3991 26
3992 18
3993 22
3994 20
3995 24
3996 10
3997 10
3998 16
3999 26
4000 14
4001 16
4002 20
4003 16
4004 20
4005 20
4006 10
4007 20
4008 18
4009 18
4010 24
4011 26
4012 18
4013 24
4014 16
4015 16
4016 16
4017 18
4018 18
4019 20
4020 16
4021 34
4022 18
4023 22
4024 18
4025 14
4026 14
4027 12
4028 18
4029 12
4030 16
4031 36
4032 14
4033 22
4034 22
4035 26
4036 18
4037 16
4038 18
4039 20
4040 20
4041 16
4042 20
4043 16
4044 18
4046 20
4047 14
4048 12
4049 14
4050 20
4051 20
4052 20
4053 14
4054 18
4055 18
4056 24
4057 16
4058 12
4059 20
4060 18
4061 20
4062 14
4063 12
4064 24
4065 20
4066 22
4068 16
4070 14
4071 16
4072 14
4073 18
4074 16
4075 18
4076 18
4077 18
4078 16
4080 16
4082 14
4084 12
4045 62
4067 34
4069 32
4079 24
4081 18
4083 18
4085 22
4086 18
4087 16
4088 16
4089 24
4090 16
4091 30
4092 16
4093 18
4094 12
4095 18
4096 16
4097 18
4098 20
4099 20
4100 16
4101 22
4102 14
4103 22
4104 16
4105 20
4106 10
4107 14
4108 24
4109 22
4110 18
4111 18
4112 22
4113 22
4114 12
4115 20
4116 20
4117 22
4118 20
4119 18
4120 18
4121 18
4122 20
4123 28
4124 18
4125 20
4126 16
4127 14
4128 12
4129 16
4130 32
4131 20
4132 20
4133 22
4134 18
4135 10
4136 22
4137 18
4138 14
4139 20
4140 14
4141 20
4142 12
4143 18
4144 16
4145 20
4146 24
4147 20
4148 24
4149 18
4150 16
4151 16
4152 14
4153 18
4154 22
4155 30
4156 20
4157 20
4158 22
4159 20
4160 14
4161 32
4162 22
4163 18
4164 10
4165 18
4166 14
4167 16
4168 18
4169 14
4170 20
4171 18
4172 24
4174 20
4175 20
4176 20
4177 20
4178 18
4180 16
4181 14
4173 36
4179 28
4182 30
4183 16
4184 33
4185 16
4186 18
4187 16
4188 20
4189 16
4190 14
4191 18
4192 20
4193 18
4194 14
4195 18
4196 22
4197 14
4198 20
4199 32
4200 18
4201 22
4202 22
4203 16
4204 30
4205 18
4206 18
4207 22
4208 20
4209 18
4210 18
4211 14
4212 14
4213 18
4214 18
4215 14
4216 18
4217 18
4218 14
4219 20
4220 16
4221 20
4222 20
4223 22
4224 16
4225 20
4226 18
4227 18
4228 16
4229 16
4230 20
4231 18
4232 16
4233 30
4234 16
4235 24
4236 14
4237 16
4238 18
4239 18
4240 16
4241 21
4242 18
4243 18
4244 16
4245 12
4246 22
4247 14
4248 38
4249 20
4250 22
4251 22
4252 14
4253 20
4254 40
4255 20
4256 16
4257 18
4258 18
4259 12
4260 14
4261 26
4262 16
4263 18
4264 16
4265 18
4266 12
4267 20
4268 14
4269 16
4270 16
4271 18
4272 22
4273 14
4274 20
4275 20
4277 14
4278 18
4276 24
4279 20
4280 20
4281 18
4282 18
4283 20
4284 20
4285 20
4286 22
4287 24
4288 18
4289 20
4290 16
4291 12
4292 26
4293 14
4294 22
4295 18
4296 22
4297 18
4298 18
4299 16
4300 12
4301 20
4302 20
4303 20
4304 20
4305 20
4306 16
4307 20
4308 24
4309 20
4310 16
4311 14
4312 14
4313 18
4314 14
4315 22
4316 20
4317 20
4318 16
4319 20
4320 26
4321 22
4322 18
4323 22
4324 22
4325 12
4326 18
4327 20
4328 20
4329 14
4330 12
4331 14
4332 24
4333 12
4334 36
4335 12
4336 16
4337 16
4338 18
4339 16
4340 22
4341 24
4342 18
4343 18
4344 18
4345 20
4346 16
4347 14
4348 16
4349 12
4350 20
4351 16
4352 18
4353 28
4354 18
4355 24
4356 22
4357 20
4358 18
4359 18
4360 22
4361 20
4362 18
4363 22
4364 22
4365 22
4366 17
4367 16
4368 16
4369 22
4370 22
4372 26
4373 20
4374 14
4375 18
4377 16
4379 18
4380 14
4381 16
4382 12
4371 30
4376 34
4378 32
4383 16
4384 16
4385 16
4386 24
4387 22
4388 16
4389 20
4390 20
4391 20
4392 14
4393 18
4394 14
4395 20
4396 22
4397 18
4398 18
4399 14
4400 11
4401 16
4402 20
4403 24
4404 16
4405 14
4406 24
4407 20
4408 28
4409 20
4410 18
4411 24
4412 16
4413 14
4414 18
4415 12
4416 16
4417 8
4418 32
4419 20
4420 20
4421 18
4422 18
4423 30
4424 26
4425 16
4426 18
4427 18
4428 14
4429 26
4430 10
4431 16
4432 18
4433 36
4434 22
4435 18
4436 14
4437 16
4438 22
4439 20
4440 22
4441 20
4442 18
4443 12
4444 18
4445 16
4446 18
4447 20
4448 16
4449 22
4450 18
4451 16
4452 22
4453 18
4454 20
4455 14
4456 16
4457 18
4458 20
4459 18
4460 20
4461 16
4462 20
4463 20
4464 34
4465 14
4466 18
4467 16
4470 24
4471 16
4472 14
4473 24
4474 14
4475 18
4476 16
4477 14
4478 18
4479 18
4481 14
4484 8
4468 32
4469 36
4480 28
4482 22
4483 16
4485 20
4486 16
4487 18
4488 18
4489 14
4490 20
4491 22
4492 22
4493 20
4494 18
4495 16
4496 16
4497 16
4498 28
4499 18
4500 16
4501 16
4502 20
4503 16
4504 18
4505 18
4506 16
4507 20
4508 16
4509 10
4510 10
4511 20
4512 16
4513 18
4514 16
4515 14
4516 24
4517 18
4518 22
4519 18
4520 16
4521 20
4522 22
4523 16
4524 18
4525 16
4526 18
4527 12
4528 22
4529 32
4530 12
4531 16
4532 40
4533 16
4534 16
4535 20
4536 16
4537 14
4538 10
4539 24
4540 18
4541 14
4542 12
4543 18
4544 12
4545 18
4546 22
4547 14
4548 18
4549 14
4550 20
4551 10
4552 24
4553 16
4554 18
4555 28
4556 18
4557 16
4559 22
4560 16
4561 20
4562 36
4563 18
4564 18
4565 22
4567 14
4568 20
4569 24
4570 18
4571 12
4572 18
4573 18
4574 18
4575 20
4579 18
4583 12
4558 56
4566 36
4576 26
4577 36
4578 30
4580 62
4581 18
4582 22
4584 18
4585 20
4586 16
4587 20
4588 20
4589 24
4590 14
4591 12
4592 18
4593 12
4594 18
4595 14
4596 16
4597 16
4598 20
4599 24
4600 26
4601 20
4602 26
4603 16
4604 22
4605 14
4606 14
4607 14
4608 20
4609 26
4610 20
4611 20
4612 38
4613 14
4614 14
4615 20
4616 18
4617 22
4618 18
4619 26
4620 12
4621 16
4622 20
4623 18
4624 14
4625 16
4626 18
4627 18
4628 16
4629 18
4630 18
4631 14
4632 18
4633 12
4634 18
4635 22
4636 12
4637 16
4638 20
4639 20
4640 14
4641 22
4642 20
4643 14
4644 18
4645 18
4646 18
4647 18
4648 18
4649 14
4650 20
4651 14
4652 20
4653 36
4654 16
4655 38
4656 18
4657 22
4658 20
4659 20
4660 16
4661 20
4662 26
4663 20
4664 16
4665 18
4666 16
4667 20
4668 12
4669 18
4670 14
4671 12
4672 14
4673 14
4674 18
4675 18
4676 12
4678 18
4679 18
4680 16
4681 16
4683 14
4677 26
4682 22
4684 18
4685 18
4686 20
4687 16
4688 14
4689 22
4690 20
4691 18
4692 20
4693 14
4694 20
4695 24
4696 36
4697 16
4698 16
4699 14
4700 14
4701 12
4702 18
4703 20
4704 14
4705 16
4706 26
4707 22
4708 12
4709 16
4710 20
4711 24
4712 20
4713 14
4714 14
4715 14
4716 18
4717 24
4718 18
4719 18
4720 20
4721 18
4722 24
4723 16
4724 26
4725 18
4726 18
4727 18
4728 20
4729 18
4730 20
4731 18
4732 18
4733 14
4734 20
4735 16
4736 14
4737 12
4738 22
4739 16
4740 18
4741 17
4742 12
4743 18
4744 24
4745 14
4746 14
4747 30
4748 14
4749 16
4750 20
4751 16
4752 10
4753 32
4754 16
4755 18
4756 14
4757 14
4758 18
4759 8
4760 14
4761 14
4762 24
4763 20
4764 18
4765 18
4766 16
4767 22
4768 14
4769 20
4771 22
4772 16
4773 22
4774 16
4775 14
4776 16
4777 18
4778 18
4781 14
4770 36
4779 24
4780 20
4782 18
4783 18
4784 20
4785 22
4786 18
4787 34
4788 18
4789 16
4790 38
4791 22
4792 14
4793 20
4794 16
4795 18
4796 14
4797 18
4798 18
4799 18
4800 20
4801 24
4802 20
4803 24
4804 16
4805 20
4806 18
4807 14
4808 20
4809 16
4810 30
4811 16
4812 18
4813 18
4814 14
4815 16
4816 18
4817 14
4818 20
4819 16
4820 10
4821 18
4822 18
4823 12
4824 14
4825 18
4826 18
4827 30
4828 16
4829 22
4830 24
4831 16
4832 16
4833 18
4834 16
4835 20
4836 24
4837 18
4838 18
4839 22
4840 20
4841 26
4842 20
4843 20
4844 34
4845 22
4846 16
4847 12
4848 18
4849 24
4850 18
4851 18
4852 20
4853 32
4854 14
4855 14
4856 20
4857 14
4858 16
4859 16
4860 16
4861 18
4862 24
4863 20
4864 20
4865 22
4866 22
4867 18
4868 16
4869 20
4870 20
4871 16
4872 20
4873 16
4874 16
4875 20
4876 20
4878 12
4877 34
4879 22
4880 20
4881 18
4882 18
4883 24
4884 26
4885 18
4886 18
4887 12
4888 16
4889 18
4890 16
4891 24
4892 14
4893 16
4894 20
4895 20
4896 20
4897 24
4898 14
4899 12
4900 14
4901 36
4902 14
4903 16
4904 20
4905 16
4906 20
4907 26
4908 16
4909 16
4910 20
4911 18
4912 20
4913 18
4914 20
4915 14
4916 34
4917 26
4918 12
4919 16
4920 24
4921 22
4922 18
4923 16
4924 38
4925 20
4926 18
4927 18
4928 16
4929 22
4930 22
4931 18
4932 22
4933 20
4934 22
4935 16
4936 18
4937 24
4938 32
4939 18
4940 17
4941 26
4942 12
4943 18
4944 20
4945 18
4946 18
4947 28
4948 14
4949 22
4950 20
4951 20
4952 18
4953 18
4954 16
4955 20
4956 12
4957 18
4958 14
4959 26
4960 18
4961 20
4962 16
4963 12
4964 16
4965 18
4966 16
4967 22
4968 16
4969 22
4970 22
4971 10
4972 18
4973 22
4974 14
4975 14
4976 14
4977 20
4979 12
4980 18
4978 28
4981 18
4982 20
4983 20
4984 24
4985 24
4986 16
4987 20
4988 14
4989 20
4990 18
4991 16
4992 20
4993 24
4994 16
4995 24
4996 18
4997 18
4998 18
4999 54
5000 16
5001 14
5002 22
5003 24
5004 20
5005 22
5006 10
5007 14
5008 22
5009 14
5010 20
5011 24
5012 16
5013 22
5014 14
5015 22
5016 18
5017 20
5018 16
5019 14
5020 24
5021 14
5022 22
5023 14
5024 26
5025 28
5026 20
5027 14
5028 14
5029 18
5030 22
5031 24
5032 36
5033 18
5034 38
5035 38
5036 20
5037 22
5038 26
5039 22
5040 16
5041 16
5042 22
5043 20
5044 20
5045 18
5046 20
5047 16
5048 18
5049 20
5050 23
5051 20
5052 16
5053 18
5054 18
5055 22
5056 14
5057 34
5058 12
5059 16
5060 14
5061 20
5062 20
5063 16
5064 18
5065 22
5066 20
5067 16
5068 16
5069 20
5070 16
5071 14
5072 12
5073 22
5074 18
5075 22
5076 22
5077 16
5078 20
5079 14
5081 16
5084 12
5086 12
5080 20
5082 18
5083 22
5085 24
5087 22
5088 26
5089 14
5090 20
5091 14
5092 16
5093 17
5094 22
5095 12
5096 18
5097 20
5098 20
5099 20
5100 20
5101 12
5102 22
5103 24
5104 14
5105 12
5106 16
5107 14
5108 22
5109 14
5110 30
5111 18
5112 16
5113 14
5114 22
5115 14
5116 16
5117 16
5118 26
5119 18
5120 16
5121 16
5122 14
5123 18
5124 20
5125 14
5126 26
5127 22
5128 24
5129 14
5130 16
5131 20
5132 14
5133 16
5134 16
5135 14
5136 12
5137 16
5138 16
5139 20
5140 36
5141 18
5142 16
5143 18
5144 18
5145 20
5146 18
5147 14
5148 18
5149 16
5150 20
5151 20
5152 34
5153 14
5154 16
5155 20
5156 16
5157 16
5158 34
5159 20
5160 18
5161 16
5162 16
5163 12
5164 18
5165 24
5166 24
5167 18
5168 18
5169 18
5170 14
5172 14
5173 18
5174 18
5175 16
5176 18
5177 16
5178 18
5179 18
5180 18
5181 12
5171 28
5182 20
5183 16
5184 16
5185 16
5186 26
5187 20
5188 14
5189 18
5190 30
5191 18
5192 18
5193 16
5194 22
5195 16
5196 20
5197 18
5198 14
5199 22
5200 14
5201 14
5202 20
5203 14
5204 18
5205 18
5206 10
5207 18
5208 22
5209 12
5210 32
5211 34
5212 18
5213 14
5214 34
5215 14
5216 18
5217 20
5218 16
5219 26
5220 14
5221 16
5222 18
5223 18
5224 18
5225 16
5226 16
5227 22
5228 18
5229 22
5230 20
5231 14
5232 14
5233 20
5234 16
5235 14
5236 18
5237 14
5238 18
5239 24
5240 16
5241 36
5242 18
5243 14
5244 16
5245 20
5246 12
5247 16
5248 9
5249 20
5250 32
5251 20
5252 14
5253 14
5254 20
5255 16
5256 14
5257 14
5258 14
5259 16
5260 16
5261 12
5262 14
5263 22
5264 14
5265 22
5266 22
5267 16
5268 20
5269 18
5270 22
5271 24
5272 18
5273 16
5274 20
5275 22
5276 18
5277 14
5279 14
5280 16
5278 24
5281 20
5282 20
5283 18
5284 24
5285 28
5286 14
5287 16
5288 16
5289 20
5290 10
5291 34
5292 12
5293 14
5294 18
5295 18
5296 34
5297 18
5298 16
5299 14
5300 18
5301 28
5302 16
5303 16
5304 16
5305 24
5306 18
5307 18
5308 22
5309 22
5310 20
5311 22
5312 20
5313 18
5314 16
5315 20
5316 18
5317 20
5318 20
5319 18
5320 16
5321 20
5322 22
5323 20
5324 24
5325 20
5326 20
5327 20
5328 24
5329 18
5330 16
5331 22
5332 18
5333 22
5334 24
5335 22
5336 18
5337 22
5338 20
5339 20
5340 18
5341 18
5342 16
5343 12
5344 14
5345 20
5346 16
5347 12
5348 20
5349 24
5350 20
5351 22
5352 16
5353 20
5354 14
5355 20
5356 18
5357 20
5358 18
5359 18
5360 14
5361 20
5362 12
5363 18
5364 12
5365 20
5366 18
5367 18
5368 26
5369 22
5370 10
5372 18
5373 18
5374 16
5375 16
5376 16
5377 20
5379 14
5380 14
5384 14
5371 48
5378 26
5381 22
5382 18
5383 16
5385 22
5386 22
5387 12
5388 14
5389 14
5390 24
5391 14
5392 24
5393 20
5394 18
5395 18
5396 14
5397 26
5398 22
5399 20
5400 32
5401 18
5402 18
5403 18
5404 22
5405 22
5406 12
5407 24
5408 18
5409 22
5410 12
5411 18
5412 18
5413 16
5414 22
5415 20
5416 14
5417 18
5418 22
5419 18
5420 20
5421 18
5422 20
5423 20
5424 22
5425 18
5426 16
5427 20
5428 14
5429 30
5430 14
5431 10
5432 18
5433 14
5434 16
5435 20
5436 14
5437 16
5438 22
5439 16
5440 18
5441 14
5442 36
5443 20
5444 18
5445 8
5446 26
5447 12
5448 16
5449 20
5450 12
5451 20
5452 24
5453 18
5454 11
5455 14
5456 12
5457 14
5458 30
5459 14
5460 12
5461 18
5462 20
5463 14
5464 18
5465 26
5466 20
5467 22
5468 22
5469 20
5470 20
5471 14
5472 16
5473 14
5474 20
5475 22
5477 14
5478 16
5479 18
5480 18
5482 14
5483 10
5484 14
5476 24
5481 22
5485 20
5486 20
5487 22
5488 14
5489 16
5490 22
5491 14
5492 18
5493 20
5494 16
5495 16
5496 20
5497 22
5498 20
5499 18
5500 20
5501 16
5502 20
5503 14
5504 14
5505 20
5506 16
5507 14
5508 22
5509 32
5510 18
5511 28
5512 18
5513 18
5514 20
5515 16
5516 14
5517 16
5518 14
5519 18
5520 18
5521 22
5522 24
5523 22
5524 18
5525 18
5526 16
5527 22
5528 22
5529 16
5530 16
5531 14
5532 20
5533 18
5534 18
5535 16
5536 22
5537 20
5538 20
5539 18
5540 20
5541 20
5542 18
5543 16
5544 17
5545 22
5546 20
5547 18
5548 22
5549 20
5550 16
5551 20
5552 12
5553 16
5554 14
5555 24
5556 18
5557 18
5558 20
5559 22
5560 28
5561 14
5562 20
5563 20
5564 24
5565 22
5566 16
5567 10
5568 22
5569 18
5570 20
5572 20
5573 20
5574 20
5575 18
5576 20
5579 18
5580 16
5581 16
5582 11
5571 30
5577 30
5578 24
5583 38
5584 26
5585 26
5586 20
5587 18
5588 20
5589 14
5590 12
5591 24
5592 44
5593 12
5594 16
5595 20
5596 20
5597 18
5598 16
5599 12
5600 16
5601 16
5602 22
5603 22
5604 16
5605 22
5606 12
5607 12
5608 22
5609 40
5610 20
5611 20
5612 18
5613 18
5614 18
5615 18
5616 16
5617 12
5618 18
5619 16
5620 18
5621 14
5622 22
5623 18
5624 16
5625 16
5626 36
5627 18
5628 24
5629 18
5630 22
5631 16
5632 18
5633 18
5634 20
5635 12
5636 16
5637 18
5638 20
5639 16
5640 18
5641 18
5642 14
5643 18
5644 12
5645 18
5646 30
5647 16
5648 20
5649 24
5650 22
5651 22
5652 36
5653 22
5654 16
5655 22
5656 24
5657 16
5658 16
5659 16
5660 18
5661 26
5662 24
5663 18
5664 22
5665 20
5666 22
5667 8
5668 22
5669 16
5670 18
5671 16
5672 12
5673 14
5674 14
5675 22
5676 20
5678 16
5679 16
5682 14
5684 14
5688 10
5677 24
5680 54
5681 18
5683 16
5685 24
5686 28
5687 12
5689 38
5690 18
5691 22
5692 18
5693 24
5694 18
5695 18
5696 16
5697 14
5698 20
5699 20
5700 22
5701 16
5702 16
5703 18
5704 16
5705 18
5706 18
5707 22
5708 22
5709 20
5710 18
5711 22
5712 14
5713 30
5714 18
5715 20
5716 22
5717 18
5718 16
5719 20
5720 20
5721 26
5722 22
5723 14
5724 20
5725 18
5726 10
5727 20
5728 16
5729 22
5730 16
5731 18
5732 20
5733 14
5734 14
5735 18
5736 22
5737 16
5738 12
5739 16
5740 20
5741 16
5742 14
5743 32
5744 18
5745 18
5746 22
5747 18
5748 22
5749 16
5750 18
5751 20
5752 36
5753 20
5754 20
5755 16
5756 22
5757 16
5758 18
5759 36
5760 16
5761 16
5762 24
5763 12
5764 10
5765 7
5766 22
5768 20
5769 20
5770 14
5771 16
5772 18
5773 16
5774 18
5775 16
5776 18
5781 12
5767 34
5777 24
5778 24
5779 20
5780 20
5782 18
5783 18
5784 34
5785 16
5786 22
5787 20
5788 22
5789 16
5790 16
5791 20
5792 18
5793 16
5794 14
5795 24
5796 18
5797 14
5798 16
5799 18
5800 26
5801 20
5802 16
5803 22
5804 20
5805 14
5806 18
5807 16
5808 18
5809 16
5810 14
5811 16
5812 22
5813 32
5814 14
5815 18
5816 16
5817 16
5818 14
5819 18
5820 18
5821 20
5822 20
5823 16
5824 20
5825 14
5826 16
5827 20
5828 24
5829 22
5830 16
5831 16
5832 16
5833 20
5834 16
5835 18
5836 20
5837 24
5838 24
5839 20
5840 20
5841 20
5842 18
5843 16
5844 24
5845 16
5846 18
5847 18
5848 20
5849 16
5850 12
5851 20
5852 20
5853 20
5854 18
5855 18
5856 16
5857 10
5858 18
5859 14
5860 20
5861 20
5862 34
5863 16
5864 24
5865 18
5866 18
5867 22
5869 14
5870 20
5871 18
5872 20
5874 20
5875 18
5876 18
5878 20
5879 12
5880 7
5883 12
5868 34
5873 42
5877 22
5881 18
5882 22
5884 34
5885 32
5886 20
5887 16
5888 20
5889 18
5890 20
5891 18
5892 16
5893 16
5894 20
5895 32
5896 16
5897 24
5898 20
5899 20
5900 16
5901 16
5902 20
5903 18
5904 14
5905 36
5906 34
5907 16
5908 22
5909 18
5910 12
5911 18
5912 16
5913 8
5914 22
5915 16
5916 20
5917 16
5918 20
5919 18
5920 18
5921 17
5922 16
5923 10
5924 22
5925 20
5926 38
5927 20
5928 12
5929 38
5930 12
5931 16
5932 18
5933 12
5934 26
5935 14
5936 18
5937 16
5938 14
5939 16
5940 18
5941 20
5942 20
5943 22
5944 14
5945 18
5946 30
5947 11
5948 24
5949 12
5950 18
5951 22
5952 30
5953 16
5954 20
5955 22
5956 20
5957 14
5958 16
5959 18
5960 10
5961 14
5962 22
5963 20
5964 22
5965 22
5966 18
5967 20
5968 18
5969 14
5970 14
5971 16
5972 18
5973 22
5974 18
5975 16
5977 20
5979 18
5980 18
5976 38
5978 22
5981 20
5982 22
5983 24
5984 20
5985 26
5986 15
5987 22
5988 20
5989 16
5990 20
5991 20
5992 18
5993 20
5994 18
5995 16
5996 36
5997 22
5998 42
5999 18
6000 22
6001 20
6002 18
6003 18
6004 18
6005 16
6006 40
6007 18
6008 20
6009 20
6010 22
6011 12
6012 22
6013 18
6014 18
6015 10
6016 16
6017 38
6018 38
6019 22
6020 16
6021 18
6022 18
6023 22
6024 16
6025 24
6026 20
6027 16
6028 18
6029 16
6030 12
6031 10
6032 22
6033 16
6034 20
6035 18
6036 24
6037 14
6038 22
6039 18
6040 18
6041 20
6042 20
6043 18
6044 24
6045 18
6046 18
6047 4
6048 26
6049 18
6050 14
6051 16
6052 10
6053 18
6054 16
6055 20
6056 16
6057 24
6058 18
6059 16
6060 34
6061 22
6062 18
6063 22
6064 22
6065 18
6066 9
6067 22
6068 16
6069 28
6070 12
6071 20
6072 14
6073 18
6074 20
6075 12
6076 14
6077 18
6078 12
6084 12
6079 24
6080 24
6081 22
6082 20
6083 18
6085 18
6086 20
6087 32
6088 32
6089 44
6090 20
6091 18
6092 14
6093 16
6094 18
6095 16
6096 22
6097 58
6098 18
6099 10
6100 14
6101 20
6102 16
6103 22
6104 24
6105 22
6106 36
6107 30
6108 28
6109 22
6110 18
6111 14
6112 14
6113 14
6114 16
6115 16
6116 18
6117 36
6118 16
6119 20
6120 22
6121 24
6122 16
6123 20
6124 18
6125 16
6126 16
6127 42
6128 20
6129 20
6130 14
6131 20
6132 18
6133 14
6134 16
6135 34
6136 16
6137 22
6138 22
6139 16
6140 18
6141 16
6142 18
6143 18
6144 18
6145 16
6146 20
6147 22
6148 10
6149 22
6150 24
6151 18
6152 20
6153 22
6154 16
6155 18
6156 18
6157 14
6158 20
6159 16
6160 22
6161 28
6162 18
6163 16
6164 18
6165 18
6166 18
6167 18
6168 24
6169 12
6170 20
6171 14
6172 18
6173 18
6174 20
6175 22
6176 14
6178 14
6179 16
6177 22
6180 32
6181 18
6182 36
6183 22
6184 24
6185 26
6186 18
6187 20
6188 14
6189 10
6190 16
6191 18
6192 16
6193 18
6194 40
6195 12
6196 18
6197 16
6198 18
6199 24
6200 12
6201 6
6202 16
6203 20
6204 36
6205 20
6206 16
6207 28
6208 12
6209 20
6210 18
6211 14
6212 22
6213 14
6214 14
6215 20
6216 20
6217 20
6218 20
6219 20
6220 20
6221 16
6222 24
6223 18
6224 22
6225 18
6226 20
6227 18
6228 22
6229 18
6230 46
6231 18
6232 16
6233 20
6234 14
6235 18
6236 14
6237 22
6238 22
6239 40
6240 12
6241 16
6242 20
6243 18
6244 18
6245 14
6246 28
6247 18
6248 16
6249 22
6250 20
6251 24
6252 14
6253 24
6254 22
6255 18
6256 16
6257 16
6258 12
6259 20
6260 20
6261 16
6262 14
6263 18
6264 18
6265 20
6266 18
6267 20
6268 24
6269 22
6270 28
6271 16
6272 18
6273 20
6274 20
6275 20
6278 20
6279 18
6280 18
6281 10
6276 24
6277 22
6282 20
6283 32
6284 34
6285 18
6286 32
6287 36
6288 16
6289 12
6290 14
6291 18
6292 16
6293 16
6294 14
6295 22
6296 16
6297 10
6298 26
6299 16
6300 16
6301 28
6302 18
6303 16
6304 20
6305 20
6306 22
6307 34
6308 20
6309 22
6310 24
6311 32
6312 18
6313 20
6314 18
6315 14
6316 10
6317 22
6318 16
6319 34
6320 36
6321 20
6322 22
6323 28
6324 20
6325 22
6326 16
6327 14
6328 18
6329 20
6330 24
6331 20
6332 12
6333 20
6334 22
6335 14
6336 22
6337 20
6338 20
6339 36
6340 18
6341 18
6342 14
6343 22
6344 12
6345 16
6346 20
6347 14
6348 18
6349 28
6350 34
6351 20
6352 18
6353 14
6354 16
6355 24
6356 14
6357 18
6358 32
6359 24
6360 22
6361 20
6362 16
6363 26
6364 15
6365 18
6366 16
6367 12
6368 16
6369 12
6370 18
6371 24
6372 22
6373 22
6375 18
6376 18
6377 20
6383 14
6374 46
6378 22
6379 22
6380 22
6381 18
6382 40
6384 20
6385 16
6386 14
6387 16
6388 14
6389 20
6390 20
6391 22
6392 20
6393 22
6394 16
6395 22
6396 20
6397 18
6398 20
6399 16
6400 20
6401 16
6402 6
6403 18
6404 20
6405 14
6406 18
6407 8
6408 20
6409 20
6410 16
6411 20
6412 14
6413 16
6414 24
6415 12
6416 18
6417 24
6418 16
6419 14
6420 18
6421 12
6422 22
6423 18
6424 22
6425 18
6426 22
6427 38
6428 34
6429 14
6430 24
6431 10
6432 32
6433 12
6434 16
6435 20
6436 16
6437 20
6438 26
6439 18
6440 14
6441 16
6442 18
6443 16
6444 18
6445 12
6446 34
6447 22
6448 14
6449 22
6450 18
6451 20
6452 18
6453 16
6454 18
6455 24
6456 16
6457 20
6458 16
6459 12
6460 18
6461 16
6462 20
6463 18
6464 26
6465 28
6466 18
6467 16
6468 20
6469 16
6470 15
6471 16
6472 18
6473 18
6474 18
6475 16
6477 18
6478 18
6480 16
6481 16
6476 38
6479 22
6482 20
6483 24
6484 24
6485 18
6486 14
6487 16
6488 46
6489 18
6490 22
6491 28
6492 22
6493 18
6494 16
6495 22
6496 22
6497 12
6498 16
6499 34
6500 14
6501 20
6502 22
6503 14
6504 16
6505 16
6506 18
6507 18
6508 20
6509 16
6510 18
6511 14
6512 46
6513 14
6514 18
6515 20
6516 14
6517 20
6518 26
6519 18
6520 22
6521 20
6522 18
6523 14
6524 12
6525 18
6526 40
6527 18
6528 14
6529 18
6530 14
6531 14
6532 16
6533 12
6534 14
6535 38
6536 26
6537 20
6538 16
6539 22
6540 18
6541 20
6542 34
6543 16
6544 22
6545 22
6546 26
6547 18
6548 16
6549 14
6550 14
6551 10
6552 20
6553 18
6554 18
6555 18
6556 18
6557 22
6558 24
6559 20
6560 18
6561 18
6562 22
6563 14
6564 14
6565 18
6566 18
6567 22
6568 22
6569 20
6570 18
6571 18
6572 18
6573 16
6574 20
6575 20
6576 20
6577 20
6578 18
6580 16
6579 22
6581 20
6582 18
6583 18
6584 22
6585 26
6586 22
6587 22
6588 18
6589 38
6590 12
6591 18
6592 14
6593 36
6594 20
6595 16
6596 18
6597 32
6598 24
6599 16
6600 12
6601 22
6602 16
6603 12
6604 10
6605 14
6606 20
6607 16
6608 18
6609 22
6610 18
6611 18
6612 22
6613 10
6614 22
6615 16
6616 18
6617 34
6618 28
6619 16
6620 16
6621 20
6622 26
6623 16
6624 18
6625 14
6626 40
6627 14
6628 20
6629 16
6630 18
6631 20
6632 18
6633 18
6634 20
6635 20
6636 20
6637 14
6638 20
6639 24
6640 16
6641 24
6642 16
6643 20
6644 21
6645 14
6646 18
6647 16
6648 20
6649 48
6650 22
6651 16
6652 22
6653 20
6654 18
6655 12
6656 14
6657 14
6658 22
6659 18
6660 12
6661 28
6662 14
6663 26
6665 22
6666 10
6667 14
6668 26
6669 14
6670 20
6671 22
6672 20
6673 20
6674 18
6675 16
6676 16
6678 16
6679 16
6680 16
6684 14
6664 38
6677 42
6681 20
6682 34
6683 20
6685 22
6686 18
6687 20
6688 16
6689 14
6690 26
6691 16
6692 44
6693 20
6694 20
6695 18
6696 14
6697 18
6698 18
6699 26
6700 18
6701 14
6702 22
6703 20
6704 18
6705 24
6706 22
6707 22
6708 14
6709 32
6710 16
6711 12
6712 18
6713 36
6714 20
6715 24
6716 18
6717 16
6718 22
6719 14
6720 14
6721 18
6722 26
6723 12
6724 18
6725 16
6726 16
6727 16
6728 20
6729 26
6730 22
6731 18
6732 12
6733 20
6734 12
6735 16
6736 16
6737 24
6738 18
6739 18
6740 14
6741 14
6742 18
6743 18
6744 22
6745 26
6746 22
6748 16
6749 24
6750 18
6751 20
6752 20
6753 18
6754 18
6755 14
6756 16
6757 16
6758 22
6759 34
6760 22
6761 20
6762 18
6763 12
6764 18
6765 20
6766 14
6767 20
6768 28
6769 20
6770 18
6771 18
6772 16
6773 16
6774 18
6775 18
6776 16
6777 20
6778 16
6780 16
6747 56
6779 24
6781 20
6782 18
6783 16
6784 28
6785 20
6786 16
6787 20
6788 20
6789 14
6790 30
6791 16
6792 22
6793 18
6794 18
6795 40
6796 20
6797 6
6798 16
6799 18
6800 16
6801 34
6802 22
6803 18
6804 14
6805 24
6806 38
6807 34
6808 16
6809 16
6810 22
6811 16
6812 12
6813 20
6814 18
6815 16
6816 20
6817 18
6818 20
6819 14
6820 16
6821 20
6822 24
6823 16
6824 20
6825 16
6826 20
6827 20
6828 22
6829 14
6830 14
6831 12
6832 24
6833 14
6834 22
6835 18
6836 34
6837 20
6838 18
6839 16
6840 16
6841 38
6842 18
6843 14
6844 14
6845 20
6846 20
6847 14
6848 14
6849 20
6850 22
6851 22
6852 14
6853 18
6854 18
6855 24
6856 18
6857 16
6858 16
6859 22
6860 18
6861 18
6862 18
6863 20
6864 32
6865 20
6866 22
6867 14
6868 22
6869 24
6870 20
6871 24
6872 20
6873 18
6874 24
6876 22
6878 20
6881 14
6882 14
6875 38
6877 22
6879 22
6880 30
6883 30
6884 16
6885 22
6886 24
6887 20
6888 36
6889 16
6890 20
6891 34
6892 16
6893 14
6894 14
6895 28
6896 20
6897 18
6898 32
6899 18
6900 20
6901 18
6902 22
6903 30
6904 18
6905 28
6906 14
6907 24
6908 20
6909 18
6910 20
6911 20
6912 12
6913 12
6914 18
6915 16
6916 26
6917 26
6918 34
6919 12
6920 14
6921 22
6922 18
6923 16
6924 16
6925 20
6926 14
6927 18
6928 22
6929 24
6930 40
6931 18
6932 42
6933 18
6934 12
6935 20
6936 14
6937 16
6938 32
6939 20
6940 12
6941 22
6942 20
6943 16
6944 14
6945 20
6946 20
6947 18
6948 16
6949 12
6950 20
6951 14
6952 22
6953 14
6954 26
6955 16
6956 20
6957 22
6958 18
6959 20
6960 12
6961 28
6962 16
6963 18
6964 20
6965 22
6966 20
6967 22
6968 16
6969 24
6971 24
6972 18
6973 16
6974 14
6975 20
6976 18
6977 18
6978 20
6979 12
6980 16
6970 34
6981 22
6982 32
6983 22
6984 18
6985 22
6986 16
6987 20
6988 20
6989 18
6990 18
6991 16
6992 34
6993 22
6994 16
6995 12
6996 18
6997 14
6998 14
6999 16
7000 14
7001 12
7002 22
7003 32
7004 16
7005 18
7006 26
7007 14
7008 22
7009 20
7010 22
7011 18
7012 18
7013 12
7014 24
7015 28
7016 34
7017 20
7018 16
7019 22
7020 14
7021 12
7022 14
7023 18
7024 24
7025 16
7026 20
7027 20
7028 20
7029 20
7030 16
7031 18
7032 12
7033 20
7034 14
7035 16
7036 20
7037 18
7038 30
7039 16
7040 20
7041 16
7042 18
7043 18
7044 20
7045 20
7046 22
7047 20
7048 20
7049 22
7050 16
7051 24
7052 24
7053 18
7054 18
7055 18
7056 24
7057 14
7058 16
7059 22
7060 34
7061 20
7062 20
7063 26
7064 20
7065 14
7066 16
7067 16
7068 14
7070 16
7071 20
7072 20
7073 18
7074 24
7075 20
7076 20
7077 16
7079 18
7080 18
7081 16
7069 34
7078 32
7082 18
7083 20
7084 24
7085 20
7086 18
7087 14
7088 16
7089 18
7090 24
7091 20
7092 20
7093 18
7094 26
7095 14
7096 18
7097 16
7098 22
7099 14
7100 18
7101 26
7102 16
7103 14
7104 20
7105 18
7106 12
7107 20
7108 16
7109 14
7110 16
7111 22
7112 6
7113 20
7114 20
7115 24
7116 42
7117 20
7118 20
7119 14
7120 18
7121 42
7122 22
7123 16
7124 20
7125 22
7126 22
7127 16
7128 24
7129 28
7130 22
7131 24
7132 12
7133 14
7134 20
7135 14
7136 22
7137 18
7138 20
7139 18
7140 22
7141 16
7142 16
7143 34
7144 16
7145 14
7146 12
7147 24
7148 20
7149 26
7150 16
7151 18
7152 18
7153 18
7154 28
7155 16
7156 18
7157 18
7158 16
7159 18
7160 34
7161 20
7162 34
7163 24
7164 18
7165 16
7166 22
7167 24
7168 20
7169 16
7170 18
7171 20
7172 18
7173 24
7174 20
7175 18
7176 16
7177 14
7178 14
7181 14
7179 20
7180 20
7182 20
7183 16
7184 26
7185 24
7186 18
7187 18
7188 24
7189 18
7190 22
7191 20
7192 14
7193 22
7194 20
7195 22
7196 34
7197 20
7198 20
7199 20
7200 20
7201 14
7202 38
7203 16
7204 24
7205 18
7206 16
7207 20
7208 24
7209 14
7210 24
7211 20
7212 22
7213 22
7214 40
7215 20
7216 22
7217 20
7218 22
7219 16
7220 20
7221 24
7222 20
7223 18
7224 22
7225 22
7226 16
7227 20
7228 20
7229 24
7230 22
7231 28
7232 22
7233 16
7234 14
7235 16
7236 16
7237 14
7238 22
7239 14
7240 18
7241 24
7242 24
7243 20
7244 16
7245 20
7246 16
7247 18
7248 12
7249 42
7250 22
7251 14
7252 18
7253 30
7254 16
7255 18
7256 18
7257 16
7258 20
7259 16
7260 14
7261 16
7262 14
7263 12
7264 18
7265 18
7266 16
7267 14
7268 18
7269 22
7270 16
7271 16
7272 16
7274 14
7275 10
7276 18
7277 12
7279 14
7282 16
7273 42
7278 28
7280 26
7281 18
7283 20
7284 22
7285 36
7286 18
7287 12
7288 16
7289 24
7290 18
7291 22
7292 18
7293 16
7294 16
7295 22
7296 18
7297 18
7298 14
7299 20
7300 24
7301 22
7302 14
7303 22
7304 24
7305 18
7306 18
7307 22
7308 22
7309 22
7310 18
7311 14
7312 22
7313 24
7314 22
7315 18
7316 16
7317 20
7318 24
7319 16
7320 18
7321 36
7322 16
7323 18
7324 16
7325 20
7326 24
7327 18
7328 22
7329 14
7330 22
7331 22
7332 16
7333 18
7334 16
7335 18
7336 14
7337 16
7338 20
7339 18
7340 20
7341 14
7342 20
7343 18
7344 20
7345 20
7346 20
7347 14
7348 22
7349 12
7350 20
7351 16
7352 16
7353 16
7354 24
7355 22
7356 16
7357 22
7358 20
7359 16
7360 18
7361 34
7362 16
7363 26
7364 14
7365 22
7367 16
7368 22
7369 16
7370 18
7371 18
7372 12
7373 18
7374 14
7375 18
7376 20
7377 18
7379 14
7384 12
7366 34
7378 24
7380 20
7381 18
7382 24
7383 24
7385 20
7386 16
7387 20
7388 12
7389 14
7390 16
7391 20
7392 24
7393 24
7394 12
7395 20
7396 12
7397 10
7398 16
7399 20
7400 16
7401 22
7402 18
7403 18
7404 20
7405 20
7406 22
7407 14
7408 17
7409 20
7410 14
7411 12
7412 26
7413 16
7414 30
7415 18
7416 20
7417 38
7418 16
7419 18
7420 14
7421 16
7422 20
7423 18
7424 20
7425 20
7426 24
7427 60
7428 14
7429 18
7430 18
7431 22
7432 14
7433 12
7434 16
7435 20
7436 22
7437 14
7438 18
7439 16
7440 16
7441 20
7442 20
7443 18
7444 14
7445 16
7446 22
7447 36
7448 18
7449 16
7450 14
7451 20
7452 26
7453 18
7454 14
7455 20
7456 20
7457 22
7458 14
7459 22
7460 36
7461 20
7462 26
7463 14
7464 18
7465 22
7466 16
7467 16
7468 22
7469 18
7470 18
7471 18
7472 20
7473 14
7474 18
7475 22
7476 18
7477 16
7478 18
7479 18
7481 14
7485 12
7480 54
7482 18
7483 16
7484 16
7486 16
7487 18
7488 18
7489 16
7491 24
7492 20
7493 18
7494 22
7495 16
7496 18
7497 22
7498 12
7499 20
7500 20
7501 20
7502 16
7503 22
7504 22
7505 18
7506 20
7507 14
7508 18
7509 18
7510 18
7511 20
7512 24
7513 14
7514 18
7515 22
7516 20
7517 24
7518 28
7519 20
7520 16
7521 14
7522 20
7523 22
7524 18
7525 16
7526 20
7527 18
7528 20
7529 24
7530 18
7531 16
7532 24
7533 14
7534 20
7535 32
7536 22
7537 16
7538 56
7539 38
7540 18
7541 18
7542 16
7543 20
7544 20
7545 18
7546 14
7547 20
7548 18
7549 22
7550 18
7551 20
7552 22
7553 38
7554 16
7555 16
7556 18
7557 20
7558 20
7559 16
7560 16
7561 20
7562 17
7563 16
7564 16
7565 20
7566 16
7567 18
7568 22
7570 20
7571 12
7572 20
7573 18
7574 20
7575 14
7576 18
7577 14
7580 18
7581 16
7569 32
7578 22
7579 20
7582 18
7583 16
7584 20
7585 18
7586 24
7587 18
7588 18
7589 18
7590 22
7591 16
7592 12
7593 16
7594 18
7595 24
7596 18
7597 20
7598 20
7599 20
7600 21
7601 18
7602 40
7603 22
7604 18
7605 16
7606 16
7607 14
7608 20
7609 14
7610 16
7611 20
7612 20
7613 20
7614 18
7615 16
7616 18
7617 14
7618 16
7619 22
7620 20
7621 38
7622 22
7623 14
7624 14
7625 26
7626 22
7627 32
7628 14
7629 22
7630 22
7631 22
7632 20
7633 24
7634 14
7635 20
7636 20
7637 20
7638 20
7639 22
7640 16
7641 38
7642 12
7643 20
7644 14
7645 24
7646 22
7647 22
7648 18
7649 22
7650 20
7651 44
7652 14
7653 22
7654 24
7655 18
7656 14
7657 12
7658 10
7659 14
7660 24
7661 36
7662 16
7663 34
7664 22
7665 14
7666 14
7667 14
7668 22
7669 16
7670 16
7671 14
7672 26
7673 12
7674 16
7675 16
7676 22
7677 24
7678 38
7679 20
7680 20
7681 20
7682 40
7683 20
7684 16
7685 22
7686 34
7687 18
7688 14
7689 20
7690 14
7691 24
7692 12
7693 16
7694 22
7695 18
7696 16
7697 20
7698 28
7699 20
7700 24
7701 16
7702 16
7703 16
7704 16
7705 24
7706 18
7707 36
7708 22
7709 18
7710 24
7711 22
7712 16
7713 20
7714 18
7715 30
7716 14
7717 28
7718 18
7719 12
7720 16
7721 24
7722 16
7723 24
7724 18
7725 20
7726 20
7727 34
7728 16
7729 14
7730 18
7731 40
7732 16
7733 24
7734 36
7735 22
7736 18
7737 20
7738 18
7739 16
7740 18
7741 16
7742 18
7743 18
7744 20
7745 24
7746 26
7747 18
7748 24
7749 22
7750 20
7751 18
7752 12
7753 18
7754 14
7755 22
7756 16
7757 16
7758 24
7759 20
7760 22
7761 16
7762 20
7763 20
7764 18
7765 14
7766 18
7767 22
7768 20
7769 16
7770 20
7771 18
7773 18
7774 16
7775 14
7776 16
7778 14
7780 10
7772 38
7777 22
7779 20
7781 18
7782 20
7783 18
7784 16
7785 20
7786 16
7787 12
7788 36
7789 14
7790 20
7791 18
7792 20
7793 18
7794 18
7795 18
7796 18
7797 22
7798 18
7799 24
7800 18
7801 14
7802 12
7803 14
7804 18
7805 18
7806 10
7807 24
7808 16
7809 20
7810 14
7811 18
7812 16
7813 14
7814 18
7815 12
7816 18
7817 18
7818 10
7819 24
7820 18
7821 16
7822 20
7823 18
7824 18
7825 22
7826 14
7827 24
7828 22
7829 20
7830 20
7831 16
7832 24
7833 26
7834 16
7835 22
7836 16
7837 14
7838 18
7839 14
7840 20
7841 40
7842 24
7843 24
7844 22
7845 20
7846 20
7847 42
7848 22
7849 18
7850 26
7851 14
7852 24
7853 26
7854 14
7855 24
7856 12
7857 16
7858 22
7859 14
7860 18
7861 18
7862 18
7863 14
7864 14
7865 18
7866 24
7867 26
7869 20
7870 24
7871 14
7872 16
7873 20
7874 20
7875 18
7876 22
7877 18
7879 14
7881 14
7882 16
7868 38
7878 22
7880 38
7883 18
7884 20
7885 14
7886 22
7887 20
7888 20
7889 20
7890 22
7891 24
7892 18
7893 20
7894 12
7895 20
7896 20
7897 20
7898 14
7899 22
7900 16
7901 28
7902 16
7903 16
7904 32
7905 18
7906 20
7907 16
7908 14
7909 16
7910 18
7911 18
7912 16
7913 22
7914 18
7915 14
7916 18
7917 20
7918 22
7919 20
7920 16
7921 16
7922 18
7923 20
7924 20
7925 26
7926 14
7927 24
7928 20
7929 20
7930 24
7931 16
7932 22
7933 48
7934 20
7935 14
7936 18
7937 18
7938 22
7939 22
7940 20
7941 24
7942 18
7943 22
7944 14
7945 18
7946 16
7947 14
7948 20
7949 20
7950 26
7951 26
7952 16
7953 20
7954 16
7955 28
7956 18
7957 22
7958 16
7959 16
7960 16
7961 20
7962 22
7963 18
7964 14
7965 22
7966 22
7967 20
7968 18
7969 14
7970 18
7971 18
7972 26
7974 22
7976 20
7979 14
7980 16
7983 12
7973 26
7975 30
7977 22
7978 42
7981 18
7982 32
7984 18
7985 16
7986 16
7987 24
7988 44
7989 26
7990 18
7991 20
7992 16
7993 16
7994 22
7995 42
7996 22
7997 16
7998 18
7999 18
8000 16
8001 7
8002 18
8003 18
8004 14
8005 18
8006 24
8007 42
8008 18
8009 18
8010 20
8011 22
8012 20
8013 22
8014 12
8015 20
8016 16
8017 26
8018 20
8019 20
8020 24
8021 14
8022 12
8023 28
8024 18
8025 12
8026 32
8027 24
8028 16
8029 20
8030 24
8031 28
8032 22
8033 18
8034 14
8035 16
8036 16
8037 22
8038 22
8039 34
8040 38
8041 18
8042 20
8043 16
8044 48
8045 24
8046 16
8047 20
8049 20
8050 14
8051 24
8052 16
8053 16
8054 22
8055 24
8056 16
8057 34
8058 18
8059 22
8060 24
8061 20
8062 18
8063 18
8064 18
8066 18
8067 16
8068 16
8069 22
8070 14
8071 20
8072 14
8073 18
8074 14
8076 14
8078 16
8087 7
8048 56
8065 36
8075 28
8077 24
8079 26
8080 28
8081 18
8082 22
8083 16
8084 38
8085 14
8086 20
8088 18
8089 24
8090 22
8091 12
8092 14
8093 18
8094 16
8095 20
8096 16
8097 30
8098 14
8099 20
8100 20
8101 14
8102 20
8103 24
8104 12
8105 18
8106 16
8107 20
8108 20
8109 18
8110 16
8111 24
8112 18
8113 18
8114 24
8115 16
8116 22
8117 26
8118 20
8119 16
8120 34
8121 36
8122 24
8123 20
8124 18
8125 24
8126 20
8127 26
8128 22
8129 22
8130 18
8131 20
8132 20
8133 22
8134 14
8135 12
8136 20
8137 16
8138 16
8139 16
8140 18
8141 24
8142 16
8143 22
8144 16
8145 22
8146 18
8147 22
8148 28
8149 20
8150 10
8151 18
8152 18
8153 30
8154 16
8155 14
8157 14
8158 18
8159 22
8160 20
8161 16
8162 22
8163 20
8164 20
8165 20
8166 20
8167 18
8168 18
8169 22
8170 12
8172 18
8173 22
8174 16
8176 18
8177 18
8178 14
8179 14
8182 14
8156 56
8171 28
8175 36
8180 30
8181 50
8183 20
8184 20
8185 22
8186 14
8187 18
8188 16
8189 16
8190 20
8191 18
8192 18
8193 16
8194 12
8195 18
8196 22
8197 28
8198 20
8199 20
8200 14
8201 16
8202 14
8203 16
8204 38
8205 20
8206 14
8207 14
8208 22
8209 20
8210 20
8211 20
8212 20
8213 20
8214 20
8215 18
8216 20
8217 20
8218 14
8219 16
8220 20
8221 12
8222 20
8223 24
8224 34
8225 18
8226 18
8227 18
8228 18
8229 26
8230 18
8231 16
8232 18
8233 12
8234 22
8235 30
8236 16
8237 22
8238 22
8239 16
8240 16
8241 18
8242 26
8243 16
8244 20
8245 12
8246 20
8247 14
8248 20
8249 28
8250 22
8251 22
8252 16
8253 20
8254 20
8255 14
8256 14
8257 32
8258 22
8259 20
8260 12
8261 18
8262 34
8263 18
8264 22
8265 24
8266 18
8267 20
8268 20
8269 18
8270 18
8272 22
8273 16
8275 22
8277 18
8278 10
8279 18
8281 12
8271 34
8274 28
8276 24
8280 22
8282 20
8283 16
8284 22
8285 30
8286 14
8287 20
8288 18
8289 22
8290 24
8291 12
8292 18
8293 30
8294 18
8295 34
8296 16
8297 20
8298 22
8299 24
8300 20
8301 22
8302 16
8303 18
8304 18
8305 18
8306 12
8307 16
8308 20
8309 20
8310 26
8311 18
8312 20
8313 22
8314 16
8315 16
8316 18
8317 18
8318 20
8319 10
8320 28
8321 14
8322 28
8323 22
8324 18
8325 26
8326 24
8327 24
8328 16
8329 22
8330 16
8331 34
8332 20
8333 24
8334 20
8335 14
8336 20
8337 16
8338 30
8339 18
8340 18
8341 18
8342 12
8343 20
8344 18
8345 22
8346 24
8347 30
8348 24
8349 34
8350 16
8351 22
8352 20
8353 22
8354 24
8355 22
8356 18
8357 18
8358 24
8359 20
8360 18
8361 22
8363 22
8364 18
8365 18
8366 18
8368 16
8369 16
8370 12
8371 20
8373 20
8374 16
8375 20
8380 16
8386 12
8362 38
8367 44
8372 34
8376 24
8377 24
8378 22
8379 22
8381 22
8382 22
8383 18
8384 16
8385 32
8387 26
8388 22
8389 24
8390 16
8391 22
8392 10
8393 10
8394 20
8395 20
8396 22
8397 26
8398 12
8399 16
8400 52
8401 20
8402 18
8403 20
8404 20
8405 22
8406 20
8407 12
8408 22
8409 30
8410 18
8411 16
8412 20
8413 20
8414 18
8415 14
8416 20
8417 30
8418 14
8419 22
8420 14
8421 28
8422 12
8423 20
8424 22
8425 20
8426 24
8427 22
8428 16
8429 18
8430 22
8431 34
8432 18
8433 18
8434 16
8435 20
8436 16
8437 14
8438 18
8439 20
8440 16
8441 18
8442 16
8443 20
8444 20
8445 18
8446 16
8447 18
8448 22
8449 22
8450 18
8451 18
8452 24
8453 24
8454 14
8456 24
8457 18
8458 24
8459 16
8460 20
8461 20
8462 34
8463 18
8464 20
8465 12
8466 24
8467 14
8468 22
8469 16
8470 18
8471 20
8472 24
8473 20
8475 22
8476 16
8477 16
8478 18
8480 14
7490 1012
8455 44
8474 38
8479 22
8481 20
8482 18
8483 16
8484 16
8485 20
8486 14
8487 20
8488 34
8489 20
8490 20
8491 22
8492 20
8493 18
8494 18
8495 20
8496 20
8497 14
8498 20
8499 20
8500 18
8501 18
8502 22
8503 34
8504 26
8505 18
8506 12
8507 42
8508 18
8509 16
8510 18
8511 14
8512 38
8513 28
8514 14
8515 20
8516 20
8517 22
8518 24
8519 18
8520 44
8521 18
8522 20
8523 20
8524 20
8525 16
8526 22
8527 24
8528 26
8529 22
8530 16
8531 18
8532 22
8533 22
8534 18
8535 20
8536 18
8537 16
8538 20
8539 10
8540 20
8541 24
8542 28
8543 22
8544 14
8545 20
8546 22
8547 14
8548 28
8549 24
8550 16
8551 24
8552 16
8553 16
8554 12
8555 16
8556 18
8557 20
8558 22
8559 14
8560 32
8561 18
8562 18
8563 20
8564 20
8565 16
8566 14
8567 12
8568 16
8569 20
8570 22
8572 20
8573 20
8574 22
8575 20
8576 16
8577 20
8578 18
8579 18
8584 12
8571 40
8580 20
8581 26
8582 22
8583 16
8585 16
8586 22
8587 20
8588 16
8589 20
8590 14
8591 22
8592 10
8593 14
8594 20
8595 46
8596 22
8597 20
8598 12
8599 18
8600 26
8601 18
8602 16
8603 16
8604 14
8605 18
8606 22
8607 24
8608 20
8609 16
8610 18
8611 20
8612 24
8613 10
8614 20
8615 22
8616 36
8617 24
8618 42
8619 18
8620 24
8621 16
8622 20
8623 38
8624 20
8625 18
8626 18
8627 16
8628 20
8629 12
8630 16
8631 22
8632 16
8633 20
8634 20
8635 22
8636 20
8637 26
8638 20
8639 18
8640 16
8641 22
8642 24
8643 16
8644 18
8645 20
8646 20
8647 18
8648 14
8649 22
8650 12
8651 36
8652 16
8653 22
8654 20
8655 18
8656 20
8657 20
8658 38
8659 24
8660 22
8661 22
8662 18
8663 16
8664 16
8665 16
8666 18
8667 22
8668 26
8670 16
8671 20
8672 20
8674 22
8675 9
8676 22
8680 10
8669 34
8673 30
8677 24
8678 42
8679 34
8681 22
8682 32
8683 20
8684 22
8685 16
8686 18
8687 24
8688 20
8689 22
8690 16
8691 26
8692 16
8693 24
8694 36
8695 18
8696 16
8697 24
8698 36
8699 20
8700 16
8701 30
8702 16
8703 14
8704 14
8705 22
8706 16
8707 10
8708 18
8709 20
8710 18
8711 28
8712 26
8713 20
8714 18
8715 18
8716 16
8717 24
8718 32
8719 20
8720 18
8721 16
8722 24
8723 26
8724 18
8725 18
8726 26
8727 18
8728 20
8729 10
8730 16
8731 18
8732 22
8733 16
8734 18
8735 20
8736 24
8737 18
8738 20
8739 22
8740 16
8741 24
8742 22
8743 36
8744 18
8745 20
8746 22
8747 22
8748 20
8749 18
8750 36
8751 24
8752 42
8753 22
8754 30
8755 16
8756 18
8757 16
8759 12
8760 22
8761 24
8762 16
8763 22
8764 20
8765 18
8766 22
8767 14
8768 14
8769 22
8770 20
8771 12
8772 20
8773 22
8775 14
8776 22
8777 14
8779 16
8780 18
8781 10
8782 16
8758 48
8774 28
8778 24
8783 20
8784 20
8785 16
8786 14
8787 16
8788 18
8789 46
8790 20
8791 12
8792 20
8793 24
8794 18
8795 22
8796 34
8797 18
8798 18
8799 16
8800 14
8801 20
8802 12
8803 14
8804 22
8805 24
8806 18
8807 34
8808 24
8809 18
8810 20
8811 26
8812 22
8813 22
8814 26
8815 16
8816 28
8817 14
8818 10
8819 16
8820 20
8821 20
8822 20
8823 20
8824 10
8825 18
8826 22
8827 52
8828 12
8829 18
8830 22
8831 16
8832 14
8833 16
8834 14
8835 22
8836 24
8837 22
8838 18
8839 16
8840 16
8841 32
8842 16
8843 16
8844 22
8845 14
8846 18
8847 18
8848 20
8849 18
8850 12
8851 18
8852 38
8853 20
8854 16
8855 22
8856 22
8857 22
8858 20
8859 20
8860 22
8861 34
8862 18
8863 20
8864 14
8865 14
8866 22
8867 16
8868 16
8869 16
8870 24
8871 24
8872 20
8874 18
8876 18
8878 20
8879 16
8873 32
8875 24
8877 24
8880 24
8881 20
8882 18
8883 22
8884 24
8885 30
8886 20
8887 20
8888 34
8889 12
8890 18
8891 22
8892 20
8893 20
8894 22
8895 20
8896 14
8897 22
8898 22
8899 20
8900 26
8901 14
8902 22
8903 14
8904 18
8905 20
8906 24
8907 22
8908 18
8909 20
8910 10
8911 16
8912 24
8913 20
8914 16
8915 16
8916 28
8917 18
8918 18
8919 22
8920 22
8921 16
8922 24
8923 18
8924 20
8925 20
8926 26
8927 18
8928 22
8929 20
8930 18
8931 22
8932 38
8933 18
8934 22
8935 38
8936 22
8937 22
8938 26
8939 22
8940 20
8941 36
8942 12
8943 24
8944 22
8945 18
8946 52
8947 14
8948 22
8949 18
8950 48
8951 22
8952 20
8953 16
8954 22
8955 20
8956 22
8957 20
8958 20
8959 18
8960 16
8961 24
8962 24
8963 32
8964 8
8965 16
8966 24
8967 16
8968 18
8970 18
8971 24
8972 14
8974 14
8975 22
8976 20
8977 16
8978 18
8983 14
8969 30
8973 34
8979 20
8980 24
8981 20
8982 17
8984 18
8985 24
8986 18
8987 22
8988 18
8989 16
8990 20
8991 22
8992 20
8993 22
8994 10
8995 20
8996 18
8997 24
8998 22
8999 22
9000 22
9001 16
9002 18
9003 18
9004 24
9005 20
9006 16
9007 18
9008 36
9009 16
9010 24
9011 20
9012 22
9013 18
9014 20
9015 38
9016 20
9017 14
9018 26
9019 16
9020 20
9021 14
9022 24
9023 18
9024 24
9025 22
9026 22
9027 22
9028 18
9029 18
9030 22
9031 16
9032 16
9033 16
9034 26
9035 22
9036 20
9037 18
9038 14
9039 24
9040 36
9041 16
9042 22
9043 22
9044 18
9045 20
9046 18
9047 18
9048 22
9049 14
9050 36
9051 22
9052 30
9053 22
9054 16
9055 20
9056 16
9057 16
9058 22
9059 16
9060 22
9061 18
9062 17
9063 20
9064 18
9065 20
9066 20
9067 14
9068 14
9069 18
9070 26
9071 14
9072 22
9073 16
9074 20
9075 16
9076 12
9077 24
9078 38
9079 22
9080 22
9081 24
9082 28
9083 18
9084 30
9085 22
9086 38
9087 16
9088 22
9089 18
9090 24
9091 20
9092 20
9093 14
9094 38
9095 18
9096 20
9097 20
9098 24
9099 31
9100 14
9101 18
9102 24
9103 16
9104 22
9105 16
9106 18
9107 20
9108 18
9109 12
9110 18
9111 16
9112 16
9113 18
9114 20
9115 20
9116 20
9117 24
9118 22
9119 22
9120 20
9121 24
9122 22
9123 18
9124 24
9125 18
9126 24
9127 16
9128 22
9129 44
9130 16
9131 24
9132 20
9133 24
9134 20
9135 14
9136 20
9137 16
9138 18
9139 16
9140 22
9141 16
9142 26
9143 20
9144 26
9145 38
9146 16
9147 16
9148 22
9149 32
9150 26
9151 20
9152 32
9153 30
9154 14
9155 26
9156 18
9157 14
9158 18
9159 18
9160 16
9161 20
9162 16
9163 18
9164 20
9165 16
9166 14
9167 19
9168 18
9169 18
9170 20
9171 18
9172 16
9173 16
9174 16
9175 16
9176 18
9177 20
9178 20
9180 14
9189 8
9179 20
9181 20
9182 18
9183 26
9184 34
9185 20
9186 16
9187 16
9188 22
9190 20
9191 18
9192 20
9193 16
9194 32
9195 16
9196 18
9197 16
9198 14
9199 18
9200 18
9201 22
9202 22
9203 42
9204 20
9205 24
9206 20
9207 22
9208 20
9209 20
9210 22
9211 20
9212 10
9213 20
9214 20
9215 22
9216 20
9217 22
9218 18
9219 18
9220 18
9221 16
9222 18
9223 14
9224 22
9225 12
9226 16
9227 14
9228 20
9229 20
9230 20
9231 18
9232 34
9233 16
9234 24
9235 42
9236 22
9237 22
9238 20
9239 14
9240 20
9241 16
9242 20
9243 22
9244 22
9245 20
9246 14
9247 18
9248 18
9249 16
9250 22
9251 18
9252 12
9253 16
9254 20
9255 20
9256 18
9257 20
9258 16
9259 20
9260 22
9261 18
9262 22
9263 14
9264 16
9265 10
9266 18
9267 18
9268 20
9269 12
9270 20
9271 20
9273 22
9274 20
9275 10
9276 16
9281 12
9272 28
9277 22
9278 24
9279 20
9280 24
9282 36
9283 18
9284 18
9285 20
9286 16
9287 26
9288 14
9289 22
9290 18
9291 10
9292 16
9293 22
9294 20
9295 18
9296 26
9297 22
9298 34
9299 18
9300 36
9301 22
9302 40
9303 18
9304 28
9305 18
9306 36
9307 18
9308 22
9309 18
9310 24
9311 20
9312 26
9313 20
9314 14
9315 22
9316 16
9317 18
9318 20
9319 18
9320 18
9321 26
9322 18
9323 20
9324 24
9325 20
9326 22
9327 16
9328 14
9329 18
9330 19
9331 18
9332 16
9333 22
9334 20
9335 18
9336 20
9337 18
9338 22
9339 22
9340 20
9341 22
9342 40
9343 34
9344 18
9345 20
9346 14
9347 22
9348 16
9349 20
9350 34
9351 24
9352 30
9353 28
9354 16
9355 18
9356 22
9357 20
9358 18
9359 16
9360 18
9361 16
9362 22
9363 24
9364 18
9365 16
9366 14
9367 12
9368 16
9369 18
9370 28
9371 26
9372 22
9373 24
9374 18
9375 15
9376 20
9377 14
9379 14
9380 18
9383 10
9384 12
9378 28
9381 18
9382 24
9385 16
9386 24
9387 22
9388 18
9389 12
9390 16
9391 26
9392 22
9393 24
9394 18
9395 32
9396 20
9397 22
9398 20
9399 20
9400 22
9401 16
9402 18
9403 20
9404 22
9405 22
9406 18
9407 18
9408 20
9409 24
9410 20
9411 22
9412 22
9413 12
9414 18
9415 18
9416 24
9417 14
9418 16
9419 20
9420 18
9421 10
9422 14
9423 22
9424 24
9425 20
9426 18
9427 20
9428 20
9429 16
9430 16
9431 24
9432 20
9433 14
9434 18
9435 12
9436 20
9437 22
9438 20
9439 20
9440 20
9441 20
9442 22
9443 20
9444 16
9445 20
9446 20
9447 22
9448 22
9449 20
9450 20
9451 17
9452 22
9453 16
9454 24
9455 16
9456 22
9457 18
9458 20
9459 22
9460 18
9461 20
9462 22
9463 20
9464 12
9465 18
9466 18
9467 20
9468 22
9469 16
9470 16
9471 18
9472 16
9473 20
9474 18
9475 10
9476 22
9477 18
9482 12
9488 10
9478 24
9479 20
9480 20
9481 32
9483 18
9484 20
9485 24
9486 22
9487 20
9489 16
9490 16
9491 20
9492 20
9493 18
9494 20
9495 24
9496 14
9497 14
9498 36
9499 16
9500 30
9501 22
9502 10
9503 16
9504 20
9505 24
9506 18
9507 12
9508 16
9509 24
9510 38
9511 24
9512 16
9513 24
9514 20
9515 38
9516 20
9517 16
9518 18
9519 14
9520 20
9521 14
9522 20
9523 28
9524 22
9525 14
9526 16
9527 32
9528 26
9529 14
9530 16
9531 18
9532 16
9533 22
9534 34
9535 22
9536 16
9537 12
9538 22
9539 24
9540 18
9541 20
9542 12
9543 16
9544 20
9545 20
9546 22
9547 34
9548 34
9549 14
9550 20
9551 14
9552 24
9553 18
9554 10
9555 18
9556 16
9557 20
9558 20
9559 18
9560 24
9561 18
9562 36
9563 20
9564 26
9565 20
9566 18
9567 22
9569 17
9570 16
9571 18
9572 20
9573 20
9574 18
9575 16
9576 18
9577 18
9578 18
9581 16
9568 36
9579 22
9580 24
9582 20
9583 18
9584 18
9585 24
9586 36
9587 16
9588 18
9589 20
9590 18
9591 14
9592 24
9593 26
9594 20
9595 16
9596 28
9597 16
9598 26
9599 22
9600 14
9601 22
9602 20
9603 16
9604 16
9605 22
9606 16
9607 12
9608 14
9609 20
9610 34
9611 14
9612 24
9613 20
9614 18
9615 20
9616 16
9617 16
9618 20
9619 16
9620 16
9621 18
9622 20
9623 20
9624 18
9625 28
9626 18
9627 22
9628 16
9629 30
9630 26
9631 18
9632 16
9633 24
9634 24
9635 20
9636 12
9637 26
9638 16
9639 20
9640 18
9641 30
9642 16
9643 18
9644 20
9645 20
9646 14
9647 20
9648 24
9649 20
9650 24
9651 18
9652 18
9653 36
9654 18
9655 22
9656 40
9657 38
9658 22
9659 14
9660 16
9661 14
9662 14
9663 16
9664 20
9665 26
9666 18
9667 22
9668 16
9669 20
9670 16
9671 16
9672 20
9673 18
9674 16
9675 14
9676 20
9677 16
9678 18
9680 18
9681 16
9682 12
9684 12
9679 20
9683 18
9685 18
9686 22
9687 21
9688 18
9689 24
9690 14
9691 22
9692 32
9693 20
9694 20
9695 14
9696 18
9697 16
9698 20
9699 20
9700 20
9701 20
9702 40
9703 14
9704 22
9705 20
9706 20
9707 16
9708 20
9709 24
9710 16
9711 16
9712 14
9713 24
9714 22
9715 22
9716 22
9717 12
9718 22
9719 24
9720 22
9721 18
9722 28
9723 22
9724 18
9725 18
9726 20
9727 20
9728 16
9729 26
9730 12
9731 18
9732 16
9733 24
9734 18
9735 28
9736 16
9737 18
9738 22
9739 12
9740 22
9741 16
9742 22
9743 16
9744 20
9745 22
9746 24
9747 22
9748 16
9749 18
9750 32
9751 22
9752 18
9753 30
9754 20
9755 18
9756 24
9757 24
9758 34
9759 16
9761 26
9762 20
9763 16
9764 24
9766 20
9767 16
9768 26
9769 24
9770 18
9771 20
9772 12
9773 18
9774 22
9775 19
9776 20
9778 18
9780 16
9760 42
9765 34
9777 28
9779 20
9781 18
9782 24
9783 16
9784 20
9785 16
9786 22
9787 14
9788 22
9789 22
9790 16
9791 26
9792 20
9793 20
9794 20
9795 34
9796 16
9797 8
9798 20
9799 10
9800 14
9801 22
9802 16
9803 22
9804 28
9805 18
9806 18
9807 18
9808 20
9809 18
9810 20
9811 24
9812 16
9813 18
9814 18
9815 20
9816 36
9817 20
9818 20
9819 22
9820 36
9821 20
9822 16
9823 20
9824 16
9825 18
9826 20
9827 16
9828 16
9829 20
9830 16
9831 16
9832 18
9833 22
9834 20
9835 26
9836 18
9837 18
9838 24
9839 10
9840 14
9841 18
9842 36
9843 14
9844 22
9845 28
9846 12
9847 20
9848 12
9849 18
9850 20
9851 18
9852 22
9853 24
9854 14
9855 16
9856 26
9857 16
9858 24
9859 20
9860 18
9861 14
9862 24
9863 20
9864 16
9865 20
9866 16
9867 16
9868 22
9869 16
9870 20
9871 16
9872 16
9873 18
9874 20
9875 18
9876 20
9878 16
9880 18
9877 32
9879 20
9881 22
9882 20
9883 18
9884 16
9885 16
9886 22
9887 22
9888 36
9889 16
9890 18
9891 18
9892 22
9893 22
9894 20
9895 14
9896 18
9897 22
9898 22
9899 18
9900 18
9901 16
9902 18
9903 22
9904 28
9905 24
9906 14
9907 20
9908 16
9909 12
9910 20
9911 26
9912 14
9913 14
9914 22
9915 18
9916 20
9917 22
9918 18
9919 14
9920 22
9921 22
9922 22
9923 18
9924 22
9925 18
9926 20
9927 24
9928 18
9929 18
9930 20
9931 14
9932 22
9933 20
9934 20
9935 12
9936 20
9937 22
9938 18
9939 18
9940 24
9941 20
9942 12
9943 18
9944 22
9945 22
9946 16
9947 20
9948 36
9949 14
9950 16
9951 22
9952 42
9953 20
9954 12
9955 22
9956 18
9957 24
9958 20
9959 22
9960 24
9961 16
9962 18
9963 18
9964 22
9965 22
9966 20
9967 18
9968 20
9969 20
9970 16
9971 12
9972 16
9973 20
9974 16
9975 20
9976 20
9978 14
9979 14
9981 16
9977 24
9980 52
9982 20
9983 22
9984 22
9985 20
9986 26
9987 16
9988 24
9989 24
9990 18
9991 22
9992 20
9993 34
9994 16
9995 24
9996 16
9997 24
9998 20
9999 18
10000 48
10001 44
10002 14
10003 26
10004 16
10005 24
10006 14
10007 20
10008 12
10009 26
10010 22
10011 16
10012 20
10013 16
10014 16
10015 22
10016 22
10017 20
10018 24
10019 18
10020 9
10021 18
10022 28
10023 18
10024 18
10025 16
10026 18
10027 18
10028 5
10029 18
10030 18
10031 18
10032 16
10033 16
10034 18
10035 18
10036 14
10037 20
10038 18
10039 20
10040 18
10041 18
10042 20
10043 16
10044 24
10045 20
10046 20
10047 18
10048 22
10049 18
10050 40
10051 18
10052 24
10053 20
10054 16
10055 16
10056 20
10057 18
10058 16
10059 20
10060 18
10061 14
10062 14
10063 22
10064 24
10065 16
10066 18
10067 20
10068 22
10069 20
10070 20
10071 16
10072 16
10074 18
10075 20
10077 20
10078 16
10079 18
10080 18
10082 16
10073 30
10076 28
10081 28
10083 24
10084 20
10085 24
10086 24
10087 14
10088 16
10089 16
10090 22
10091 18
10092 18
10093 24
10094 18
10095 18
10096 24
10097 20
10098 20
10099 18
