100 25
101 16
102 21
103 20
104 26
105 28
106 14
107 25
108 20
109 25
110 17
111 20
112 11
113 20
114 23
115 22
116 14
117 16
118 16
119 23
120 20
121 18
122 13
123 26
124 26
125 21
126 23
127 20
128 22
129 20
130 39
131 11
132 29
133 29
134 20
135 16
136 26
137 17
138 14
139 17
140 23
141 27
142 17
143 11
144 17
145 23
146 17
147 17
148 20
149 20
150 17
151 20
152 20
153 26
154 14
155 17
156 17
157 20
158 20
159 17
160 23
161 20
162 20
163 20
164 24
165 21
166 33
167 25
168 14
169 29
170 24
171 25
172 25
173 20
174 38
175 14
176 29
177 17
178 26
179 37
180 20
181 17
182 40
183 17
184 20
185 23
186 26
187 20
188 59
189 23
190 11
191 23
192 16
193 22
194 17
195 26
196 20
197 23
198 17
199 27
200 17
201 17
202 17
203 23
204 14
205 28
206 11
207 14
208 26
209 23
210 26
211 23
212 24
213 14
214 17
215 23
216 19
217 20
218 20
219 23
220 20
221 17
222 32
223 23
224 20
225 23
226 17
227 32
228 20
229 17
230 17
231 20
232 23
233 17
234 26
235 20
236 17
237 17
238 38
239 32
240 23
241 25
242 17
243 17
244 14
245 23
246 20
247 20
248 14
249 23
250 29
251 26
252 20
253 14
254 21
255 33
256 33
257 23
258 17
259 28
260 26
261 22
262 23
263 22
264 14
265 26
266 14
267 14
268 17
269 23
270 20
271 17
272 26
273 20
274 23
275 27
276 20
277 20
278 17
279 21
280 29
281 14
282 32
283 32
284 30
285 28
286 23
287 29
288 30
289 20
290 41
291 35
292 40
293 30
294 23
295 22
296 17
297 38
298 31
299 69
300 26
301 36
302 35
303 34
304 47
305 25
306 28
307 37
308 23
309 14
310 30
311 20
312 25
313 30
314 18
315 29
316 27
317 19
318 32
319 26
320 26
321 27
322 23
323 17
324 23
325 23
326 26
327 26
328 20
329 23
330 23
331 20
332 22
333 14
334 26
335 26
336 25
337 26
338 29
339 34
340 40
341 73
342 36
343 49
344 20
345 17
346 20
347 17
348 29
349 25
350 20
351 23
352 29
353 22
354 31
355 14
356 35
357 30
358 23
359 26
360 23
361 20
362 23
363 26
364 17
365 46
366 23
367 34
368 31
369 20
370 10
371 40
372 20
373 23
374 17
375 20
376 20
377 14
378 17
379 12
380 17
381 23
382 25
383 28
384 17
385 35
386 22
387 22
388 30
389 23
390 20
391 20
392 23
393 20
394 30
395 20
396 23
397 14
398 23
399 23
400 22
401 23
402 20
403 20
404 17
405 17
406 20
407 16
408 23
409 26
410 26
411 17
412 17
413 17
414 23
415 20
416 26
417 14
418 27
419 17
420 17
421 22
422 22
423 17
424 26
425 31
426 31
427 40
428 26
429 17
430 11
431 29
432 23
433 23
434 20
435 23
436 30
437 23
438 26
439 22
440 23
441 25
442 28
443 26
444 31
445 28
446 23
447 22
448 40
449 31
450 23
451 17
452 31
453 23
454 23
455 17
456 30
457 23
458 30
459 23
460 23
461 23
462 29
463 21
464 55
465 23
466 22
467 16
468 23
469 17
470 14
471 37
472 40
473 11
474 22
475 35
476 20
477 28
478 32
479 26
480 19
481 45
482 17
483 22
484 17
485 25
486 26
487 17
488 28
489 17
490 20
491 23
492 25
493 23
494 28
495 32
496 17
497 68
498 27
499 17
500 20
501 29
502 42
503 20
504 26
505 26
506 17
507 28
508 17
509 24
510 32
511 22
512 25
513 40
514 27
515 23
516 17
517 25
518 17
519 23
520 19
521 15
522 28
523 23
524 27
525 14
526 28
527 19
528 20
529 23
530 36
531 25
532 26
533 26
534 28
535 31
536 23
537 33
538 20
539 23
540 23
541 23
542 22
543 17
544 28
545 25
546 32
547 20
548 20
549 20
550 26
551 23
552 22
553 20
554 17
555 26
556 25
557 22
558 12
559 23
560 30
561 23
562 19
563 39
564 22
565 20
566 23
567 23
568 32
569 30
570 25
571 26
572 23
573 30
574 28
575 14
576 17
577 27
578 33
579 30
580 35
581 20
582 23
583 29
584 23
585 17
586 26
587 20
588 44
589 20
590 28
591 34
592 26
593 29
594 23
595 26
596 20
597 23
598 20
599 32
600 17
601 19
602 23
603 23
604 37
605 23
606 25
607 23
608 17
609 23
610 28
611 23
612 20
613 20
614 20
615 23
616 20
617 27
618 23
619 32
620 28
621 32
622 20
623 23
624 30
625 26
626 32
627 23
628 28
629 29
630 19
631 26
632 32
633 23
634 26
635 22
636 25
637 18
638 23
639 20
640 24
641 21
642 20
643 31
644 28
645 19
646 18
647 17
648 28
649 23
650 23
651 11
652 20
653 29
654 23
655 27
656 24
657 23
658 24
659 21
660 29
661 23
662 17
663 23
664 22
665 34
666 22
667 25
668 23
669 19
670 20
671 23
672 31
673 18
674 23
675 23
676 17
677 20
678 23
679 50
680 43
681 20
682 19
683 28
684 25
685 20
686 31
687 51
688 23
689 21
690 40
691 25
692 33
693 17
694 14
695 26
696 20
697 20
698 34
699 23
700 23
701 28
702 20
703 14
704 28
705 27
706 26
707 20
708 29
709 17
710 14
711 27
712 28
713 24
714 25
715 26
716 23
717 26
718 22
719 30
720 28
721 32
722 17
723 26
724 19
725 14
726 20
727 23
728 30
729 23
730 25
731 11
732 20
733 34
734 26
735 19
736 25
737 20
738 23
739 22
740 17
741 26
742 20
743 20
744 26
745 23
746 26
747 26
748 14
749 26
750 26
751 20
752 24
753 21
754 23
755 22
756 26
757 20
758 19
759 26
760 17
761 31
762 29
763 17
764 31
765 22
766 35
767 33
768 14
769 26
770 25
771 17
772 22
773 32
774 20
775 17
776 28
777 40
778 29
779 28
780 34
781 16
782 23
783 23
784 26
785 34
786 23
787 17
788 27
789 30
790 27
791 23
792 19
793 20
794 22
795 25
796 19
797 25
798 20
799 31
800 17
801 17
802 27
803 24
804 19
805 17
806 30
807 23
808 25
809 23
810 25
811 27
812 43
813 28
814 37
815 30
816 31
817 23
818 48
819 35
820 42
821 21
822 57
823 31
824 32
825 33
826 30
827 30
828 24
829 33
830 39
831 26
832 32
833 24
834 27
835 26
836 26
837 17
838 33
839 17
840 29
841 37
842 24
843 20
844 29
845 17
846 23
847 22
848 33
849 25
850 23
851 23
852 45
853 22
854 28
855 27
856 23
857 33
858 26
859 28
860 25
861 28
862 14
863 23
864 28
865 17
866 28
867 29
868 29
869 20
870 33
871 14
872 23
873 22
874 20
875 27
876 25
877 20
878 23
879 22
880 23
881 39
882 23
883 22
884 26
885 17
886 28
887 20
888 26
889 21
890 29
891 30
892 36
893 25
894 24
895 16
896 23
897 28
898 23
899 20
900 20
901 17
902 23
903 23
904 17
905 26
906 22
907 23
908 17
909 20
910 25
911 31
912 32
913 24
914 19
915 20
916 23
917 29
918 30
919 43
920 17
921 40
922 26
923 25
924 44
925 20
926 22
927 20
928 24
929 29
930 28
931 26
932 26
933 26
934 26
935 19
936 17
937 28
938 33
939 34
940 28
941 27
942 14
943 23
944 23
945 17
946 24
947 26
948 34
949 35
950 20
951 20
952 14
953 40
954 32
955 26
956 35
957 28
958 19
959 23
960 26
961 25
962 24
963 28
964 12
965 21
966 28
967 17
968 36
969 38
970 17
971 34
972 23
973 33
974 23
975 37
976 24
977 23
978 29
979 34
980 47
981 28
982 23
983 25
984 22
985 29
986 26
987 19
988 32
989 19
990 24
991 17
992 22
993 36
994 25
995 18
996 11
997 22
998 23
999 20
1000 20
1001 25
1002 22
1003 36
1004 31
1005 30
1006 20
1007 23
1008 28
1009 32
1010 20
1011 29
1012 20
1013 25
1014 17
1015 17
1016 26
1017 25
1018 25
1019 33
1020 29
1021 23
1022 33
1023 37
1024 21
1025 25
1026 33
1027 27
1028 31
1029 30
1030 23
1031 26
1032 32
1033 30
1034 28
1035 33
1036 16
1037 20
1038 38
1039 29
1040 34
1041 20
1042 41
1043 23
1044 19
1045 22
1046 24
1047 29
1048 23
1049 20
1050 32
1051 20
1052 20
1053 28
1054 28
1055 14
1056 23
1057 38
1058 29
1059 22
1060 25
1061 20
1062 26
1063 48
1064 29
1065 23
1066 49
1067 26
1068 22
1069 23
1070 24
1071 28
1072 43
1073 23
1074 20
1075 24
1076 27
1077 23
1078 20
1079 28
1080 26
1081 17
1082 31
1083 28
1084 30
1085 23
1086 28
1087 42
1088 26
1089 33
1090 20
1091 25
1092 20
1093 29
1094 29
1095 20
1096 36
1097 23
1098 14
1099 20
1100 31
1101 14
1102 22
1103 30
1104 33
1105 26
1106 22
1107 33
1108 25
1109 37
1110 23
1111 50
1112 36
1113 21
1114 32
1115 32
1116 14
1117 23
1118 28
1119 28
1120 41
1121 22
1122 36
1123 26
1124 29
1125 28
1126 32
1127 31
1128 38
1129 34
1130 48
1131 25
1132 17
1133 26
1134 22
1135 30
1136 30
1137 23
1138 14
1139 25
1140 22
1141 32
1142 14
1143 22
1144 29
1145 19
1146 32
1147 25
1148 23
1149 29
1150 35
1151 46
1152 27
1153 23
1154 33
1155 14
1156 29
1157 19
1158 20
1159 34
1160 23
1161 36
1162 35
1163 30
1164 22
1165 37
1166 34
1167 39
1168 31
1169 27
1170 34
1171 25
1172 38
1173 20
1174 17
1175 25
1176 26
1177 42
1178 24
1179 22
1180 20
1181 26
1182 26
1183 17
1184 40
1185 23
1186 29
1187 43
1188 20
1189 22
1190 23
1191 29
1192 22
1193 28
1194 26
1195 20
1196 39
1197 42
1198 14
1199 24
1200 24
1201 23
1202 25
1203 36
1204 22
1205 18
1206 19
1207 26
1208 19
1209 20
1210 25
1211 25
1212 19
1213 22
1214 15
1215 29
1216 20
1217 24
1218 25
1219 20
1220 19
1221 19
1222 26
1223 25
1224 17
1225 24
1226 23
1227 14
1228 26
1229 29
1230 25
1231 27
1232 20
1233 16
1234 44
1235 19
1236 25
1237 16
1238 30
1239 28
1240 17
1241 23
1242 27
1243 17
1244 25
1245 23
1246 39
1247 22
1248 24
1249 22
1250 32
1251 26
1252 23
1253 23
1254 21
1255 20
1256 20
1257 20
1258 50
1259 17
1260 19
1261 29
1262 31
1263 31
1264 26
1265 30
1266 23
1267 32
1268 29
1269 26
1270 34
1271 27
1272 32
1273 23
1274 31
1275 44
1276 26
1277 38
1278 26
1279 26
1280 26
1281 29
1282 23
1283 23
1284 26
1285 34
1286 26
1287 26
1288 50
1289 33
1290 20
1291 29
1292 35
1293 17
1294 23
1295 24
1296 22
1297 19
1298 23
1299 32
1300 25
1301 20
1302 20
1303 22
1304 45
1305 36
1306 26
1307 14
1308 30
1309 38
1310 23
1311 26
1312 23
1313 19
1314 44
1315 20
1316 28
1317 26
1318 28
1319 34
1320 27
1321 26
1322 26
1323 23
1324 26
1325 30
1326 28
1327 22
1328 28
1329 30
1330 34
1331 32
1332 24
1333 26
1334 25
1335 28
1336 25
1337 32
1338 37
1339 28
1340 26
1341 32
1342 23
1343 25
1344 26
1345 23
1346 27
1347 15
1348 24
1349 19
1350 32
1351 30
1352 29
1353 23
1354 26
1355 23
1356 23
1357 34
1358 30
1359 22
1360 17
1361 26
1362 16
1363 31
1364 32
1365 26
1366 23
1367 29
1368 33
1369 22
1370 20
1371 30
1372 17
1373 20
1374 30
1375 14
1376 27
1377 17
1378 23
1379 26
1380 20
1381 25
1382 31
1383 24
1384 34
1385 21
1386 28
1387 25
1388 25
1389 27
1390 26
1391 26
1392 38
1393 29
1394 25
1395 24
1396 30
1397 27
1398 26
1399 35
1400 30
1401 25
1402 27
1403 31
1404 25
1405 24
1406 26
1407 34
1408 36
1409 30
1410 36
1411 26
1412 31
1413 41
1414 39
1415 21
1416 43
1417 28
1418 22
1419 33
1420 28
1421 25
1422 18
1423 28
1424 30
1425 23
1426 27
1427 29
1428 38
1429 29
1430 19
1431 28
1432 25
1433 23
1434 20
1435 25
1436 29
1437 29
1438 17
1439 34
1440 24
1441 23
1442 25
1443 22
1444 32
1445 26
1446 30
1447 17
1448 36
1449 33
1450 41
1451 31
1452 33
1453 29
1454 26
1455 29
1456 21
1457 28
1458 23
1459 20
1460 23
1461 22
1462 32
1463 27
1464 26
1465 23
1466 23
1467 29
1468 31
1469 17
1470 26
1471 28
1472 26
1473 28
1474 31
1475 26
1476 23
1477 16
1478 26
1479 22
1480 14
1481 33
1482 38
1483 31
1484 32
1485 27
1486 26
1487 73
1488 25
1489 34
1490 19
1491 27
1492 20
1493 34
1494 20
1495 20
1496 31
1497 31
1498 28
1499 26
1500 14
1501 20
1502 29
1503 20
1504 26
1505 20
1506 23
1507 25
1508 23
1509 23
1510 33
1511 32
1512 26
1513 20
1514 19
1515 26
1516 26
1517 32
1518 38
1519 34
1520 22
1521 31
1522 27
1523 34
1524 29
1525 34
1526 26
1527 41
1528 43
1529 18
1530 26
1531 34
1532 30
1533 31
1534 20
1535 23
1536 30
1537 23
1538 30
1539 34
1540 26
1541 31
1542 36
1543 27
1544 48
1545 26
1546 18
1547 16
1548 26
1549 35
1550 26
1551 23
1552 21
1553 22
1554 29
1555 25
1556 26
1557 23
1558 26
1559 25
1560 27
1561 35
1562 30
1563 23
1564 24
1565 38
1566 19
1567 30
1568 33
1569 29
1570 23
1571 17
1572 22
1573 28
1574 17
1575 31
1576 23
1577 39
1578 47
1579 26
1580 29
1581 27
1582 27
1583 26
1584 18
1585 26
1586 29
1587 20
1588 20
1589 29
1590 14
1591 29
1592 23
1593 14
1594 13
1595 42
1596 33
1597 28
1598 29
1599 39
1600 22
1601 23
1602 26
1603 26
1604 14
1605 11
1606 24
1607 31
1608 29
1609 41
1610 23
1611 31
1612 33
1613 25
1614 14
1615 32
1616 32
1617 31
1618 26
1619 22
1620 30
1621 20
1622 28
1623 26
1624 26
1625 26
1626 28
1627 25
1628 37
1629 29
1630 20
1631 20
1632 29
1633 20
1634 23
1635 19
1636 23
1637 20
1638 26
1639 20
1640 35
1641 27
1642 32
1643 21
1644 40
1645 26
1646 41
1647 24
1648 25
1649 31
1650 31
1651 20
1652 27
1653 25
1654 19
1655 32
1656 23
1657 33
1658 25
1659 29
1660 29
1661 34
1662 30
1663 30
1664 40
1665 25
1666 10
1667 30
1668 32
1669 16
1670 32
1671 32
1672 27
1673 23
1674 26
1675 35
1676 26
1677 28
1678 37
1679 27
1680 24
1681 32
1682 33
1683 20
1684 30
1685 28
1686 22
1687 22
1688 25
1689 23
1690 26
1691 31
1692 28
1693 24
1694 23
1695 32
1696 20
1697 17
1698 31
1699 32
1700 32
1701 31
1702 45
1703 26
1704 31
1705 30
1706 29
1707 26
1708 33
1709 28
1710 17
1711 28
1712 26
1713 26
1714 26
1715 33
1716 31
1717 17
1718 55
1719 30
1720 35
1721 26
1722 34
1723 25
1724 23
1725 17
1726 28
1727 24
1728 26
1729 40
1730 31
1731 23
1732 30
1733 40
1734 20
1735 24
1736 26
1737 36
1738 26
1739 23
1740 19
1741 19
1742 29
1743 30
1744 30
1745 23
1746 27
1747 26
1748 20
1749 23
1750 30
1751 33
1752 20
1753 17
1754 35
1755 23
1756 21
1757 32
1758 28
1759 17
1760 23
1761 17
1762 24
1763 25
1764 28
1765 27
1766 34
1767 21
1768 40
1769 26
1770 33
1771 28
1772 37
1773 24
1774 24
1775 26
1776 28
1777 29
1778 30
1779 26
1780 21
1781 31
1782 27
1783 43
1784 49
1785 29
1786 39
1787 20
1788 31
1789 28
1790 23
1791 26
1792 29
1793 26
1794 18
1795 35
1796 23
1797 24
1798 31
1799 25
1800 26
1801 32
1802 22
1803 26
1804 26
1805 32
1806 23
1807 27
1808 22
1809 23
1810 31
1811 28
1812 25
1813 17
1814 32
1815 31
1816 43
1817 25
1818 26
1819 28
1820 33
1821 17
1822 30
1823 35
1824 21
1825 33
1826 29
1827 25
1828 30
1829 19
1830 22
1831 27
1832 17
1833 29
1834 23
1835 14
1836 14
1837 25
1838 18
1839 22
1840 23
1841 27
1842 27
1843 31
1844 31
1845 34
1846 29
1847 47
1848 29
1849 29
1850 29
1851 27
1852 32
1853 47
1854 26
1855 20
1856 31
1857 30
1858 19
1859 23
1860 31
1861 23
1862 32
1863 23
1864 17
1865 35
1866 26
1867 36
1868 14
1869 28
1870 34
1871 26
1872 24
1873 26
1874 22
1875 30
1876 29
1877 26
1878 23
1879 40
1880 25
1881 36
1882 23
1883 22
1884 32
1885 26
1886 28
1887 25
1888 48
1889 39
1890 26
1891 36
1892 22
1893 36
1894 20
1895 32
1896 43
1897 20
1898 31
1899 42
1900 29
1901 35
1902 20
1903 60
1904 31
1905 49
1906 70
1907 25
1908 32
1909 26
1910 23
1911 32
1912 28
1913 37
1914 30
1915 32
1916 28
1917 37
1918 41
1919 28
1920 31
1921 33
1922 34
1923 28
1924 27
1925 29
1926 26
1927 35
1928 31
1929 41
1930 31
1931 31
1932 31
1933 23
1934 42
1935 28
1936 23
1937 26
1938 31
1939 30
1940 31
1941 66
1942 26
1943 20
1944 23
1945 33
1946 26
1947 36
1948 31
1949 47
1950 32
1951 26
1952 35
1953 46
1954 42
1955 33
1956 29
1957 33
1958 23
1959 26
1960 23
1961 26
1962 23
1963 30
1964 24
1965 35
1966 28
1967 22
1968 35
1969 26
1970 29
1971 20
1972 28
1973 44
1974 28
1975 32
1976 27
1977 26
1978 29
1979 26
1980 23
1981 14
1982 43
1983 27
1984 23
1985 44
1986 37
1987 33
1988 28
1989 39
1990 30
1991 29
1992 34
1993 32
1994 39
1995 26
1996 26
1997 29
1998 29
1999 28
2000 29
2001 14
2002 27
2003 19
2004 33
2005 31
2006 26
2007 28
2008 37
2009 34
2010 22
2011 32
2012 26
2013 30
2014 36
2015 37
2016 48
2017 32
2018 33
2019 49
2020 42
2021 35
2022 20
2023 34
2024 52
2025 40
2026 28
2027 22
2028 20
2029 19
2030 32
2031 37
2032 26
2033 23
2034 21
2035 33
2036 28
2037 26
2038 26
2039 31
2040 35
2041 37
2042 17
2043 39
2044 47
2045 74
2046 27
2047 23
2048 35
2049 17
2050 32
2051 29
2052 20
2053 30
2054 44
2055 31
2056 20
2057 46
2058 29
2059 28
2060 28
2061 38
2062 29
2063 24
2064 26
2065 23
2066 33
2067 25
2068 20
2069 29
2070 25
2071 38
2072 27
2073 29
2074 28
2075 23
2076 26
2077 23
2078 25
2079 29
2080 25
2081 24
2082 17
2083 29
2084 25
2085 28
2086 14
2087 26
2088 26
2089 23
2090 36
2091 31
2092 45
2093 40
2094 29
2095 30
2096 38
2097 37
2098 26
2099 34
2100 36
2101 32
2102 31
2103 27
2104 34
2105 24
2106 19
2107 61
2108 34
2109 23
2110 29
2111 17
2112 26
2113 29
2114 30
2115 31
2116 23
2117 25
2118 29
2119 43
2120 29
2121 47
2122 17
2123 37
2124 29
2125 24
2126 39
2127 54
2128 36
2129 36
2130 64
2131 23
2132 23
2133 26
2134 33
2135 25
2136 32
2137 20
2138 17
2139 29
2140 32
2141 25
2142 23
2143 39
2144 32
2145 31
2146 19
2147 26
2148 29
2149 27
2150 33
2151 29
2152 38
2153 26
2154 33
2155 22
2156 20
2157 34
2158 31
2159 31
2160 13
2161 27
2162 26
2163 23
2164 32
2165 31
2166 20
2167 28
2168 25
2169 26
2170 29
2171 34
2172 26
2173 43
2174 29
2175 42
2176 27
2177 32
2178 23
2179 23
2180 45
2181 30
2182 52
2183 33
2184 32
2185 29
2186 20
2187 21
2188 29
2189 17
2190 14
2191 33
2192 20
2193 33
2194 31
2195 29
2196 23
2197 31
2198 29
2199 21
2200 34
2201 35
2202 23
2203 19
2204 33
2205 27
2206 29
2207 42
2208 40
2209 35
2210 28
2211 34
2212 32
2213 43
2214 34
2215 41
2216 19
2217 25
2218 33
2219 31
2220 31
2221 49
2222 59
2223 23
2224 40
2225 27
2226 22
2227 36
2228 41
2229 35
2230 36
2231 35
2232 20
2233 34
2234 44
2235 47
2236 50
2237 37
2238 21
2239 36
2240 33
2241 40
2242 26
2243 46
2244 49
2245 37
2246 26
2247 21
2248 30
2249 34
2250 33
2251 43
2252 34
2253 31
2254 31
2255 23
2256 33
2257 36
2258 45
2259 29
2260 29
2261 20
2262 31
2263 22
2264 10
2265 28
2266 23
2267 20
2268 34
2269 14
2270 26
2271 26
2272 22
2273 17
2274 21
2275 21
2276 20
2277 29
2278 27
2279 31
2280 27
2281 35
2282 17
2283 34
2284 23
2285 46
2286 40
2287 40
2288 17
2289 25
2290 34
2291 22
2292 31
2293 42
2294 29
2295 26
2296 35
2297 30
2298 23
2299 26
2300 26
2301 26
2302 25
2303 40
2304 28
2305 28
2306 24
2307 23
2308 26
2309 25
2310 25
2311 20
2312 38
2313 25
2314 40
2315 26
2316 34
2317 30
2318 27
2319 31
2320 50
2321 26
2322 37
2323 32
2324 26
2325 26
2326 34
2327 40
2328 30
2329 36
2330 28
2331 23
2332 30
2333 38
2334 45
2335 19
2336 25
2337 29
2338 48
2339 56
2340 27
2341 31
2342 58
2343 52
2344 54
2345 36
2346 30
2347 32
2348 35
2349 25
2350 32
2351 26
2352 27
2353 32
2354 31
2355 27
2356 26
2357 16
2358 25
2359 29
2360 25
2361 23
2362 43
2363 26
2364 29
2365 28
2366 33
2367 28
2368 36
2369 30
2370 24
2371 29
2372 31
2373 20
2374 32
2375 30
2376 28
2377 30
2378 53
2379 29
2380 61
2381 38
2382 31
2383 26
2384 31
2385 29
2386 20
2387 22
2388 31
2389 29
2390 28
2391 34
2392 26
2393 30
2394 31
2395 22
2396 23
2397 33
2398 30
2399 30
2400 27
2401 40
2402 29
2403 26
2404 26
2405 23
2406 26
2407 28
2408 28
2409 25
2410 40
2411 32
2412 31
2413 22
2414 29
2415 23
2416 30
2417 29
2418 28
2419 24
2420 23
2421 32
2422 17
2423 29
2424 26
2425 23
2426 22
2427 32
2428 30
2429 24
2430 25
2431 28
2432 22
2433 16
2434 26
2435 30
2436 39
2437 36
2438 25
2439 30
2440 37
2441 50
2442 31
2443 36
2444 30
2445 31
2446 34
2447 36
2448 27
2449 37
2450 21
2451 37
2452 37
2453 28
2454 29
2455 38
2456 33
2457 31
2458 20
2459 42
2460 29
2461 31
2462 26
2463 24
2464 18
2465 24
2466 25
2467 29
2468 37
2469 36
2470 31
2471 35
2472 78
2473 32
2474 36
2475 58
2476 42
2477 27
2478 31
2479 73
2480 32
2481 31
2482 33
2483 31
2484 32
2485 26
2486 32
2487 49
2488 31
2489 31
2490 37
2491 27
2492 48
2493 30
2494 30
2495 29
2496 45
2497 48
2498 29
2499 37
2500 25
2501 33
2502 43
2503 29
2504 48
2505 38
2506 38
2507 22
2508 29
2509 25
2510 26
2511 30
2512 25
2513 36
2514 22
2515 26
2516 32
2517 31
2518 17
2519 28
2520 35
2521 14
2522 33
2523 33
2524 43
2525 31
2526 27
2527 20
2528 34
2529 17
2530 19
2531 29
2532 25
2533 33
2534 31
2535 23
2536 34
2537 40
2538 34
2539 33
2540 30
2541 35
2542 37
2543 24
2544 35
2545 21
2546 27
2547 31
2548 32
2549 31
2550 30
2551 26
2552 34
2553 31
2554 25
2555 64
2556 29
2557 22
2558 35
2559 26
2560 35
2561 31
2562 32
2563 25
2564 36
2565 36
2566 23
2567 25
2568 37
2569 27
2570 38
2571 28
2572 29
2573 20
2574 75
2575 25
2576 26
2577 31
2578 19
2579 33
2580 28
2581 33
2582 28
2583 17
2584 38
2585 27
2586 24
2587 19
2588 24
2589 26
2590 30
2591 23
2592 31
2593 19
2594 23
2595 26
2596 23
2597 29
2598 25
2599 23
2600 52
2601 31
2602 35
2603 33
2604 24
2605 31
2606 20
2607 18
2608 17
2609 25
2610 23
2611 32
2612 37
2613 26
2614 31
2615 26
2616 35
2617 26
2618 57
2619 23
2620 30
2621 28
2622 35
2623 35
2624 26
2625 23
2626 23
2627 36
2628 23
2629 23
2630 19
2631 32
2632 32
2633 25
2634 20
2635 38
2636 33
2637 28
2638 33
2639 17
2640 23
2641 37
2642 27
2643 26
2644 25
2645 17
2646 32
2647 26
2648 26
2649 40
2650 64
2651 28
2652 30
2653 42
2654 32
2655 30
2656 22
2657 38
2658 23
2659 25
2660 28
2661 27
2662 20
2663 20
2664 28
2665 30
2666 24
2667 23
2668 21
2669 36
2670 23
2671 17
2672 30
2673 38
2674 37
2675 22
2676 25
2677 24
2678 27
2679 16
2680 36
2681 19
2682 28
2683 30
2684 29
2685 27
2686 24
2687 22
2688 36
2689 39
2690 37
2691 34
2692 45
2693 50
2694 37
2695 26
2696 21
2697 26
2698 68
2699 28
2700 28
2701 23
2702 34
2703 30
2704 38
2705 22
2706 23
2707 33
2708 28
2709 29
2710 29
2711 21
2712 23
2713 22
2714 36
2715 22
2716 23
2717 37
2718 41
2719 28
2720 20
2721 47
2722 34
2723 25
2724 28
2725 24
2726 35
2727 38
2728 37
2729 30
2730 32
2731 32
2732 37
2733 37
2734 30
2735 23
2736 31
2737 29
2738 39
2739 31
2740 35
2741 17
2742 28
2743 44
2744 32
2745 30
2746 33
2747 44
2748 35
2749 53
2750 29
2751 19
2752 20
2753 49
2754 27
2755 22
2756 25
2757 26
2758 33
2759 34
2760 30
2761 32
2762 17
2763 23
2764 23
2765 25
2766 27
2767 32
2768 22
2769 29
2770 23
2771 31
2772 32
2773 25
2774 32
2775 26
2776 28
2777 38
2778 21
2779 29
2780 18
2781 34
2782 25
2783 25
2784 47
2785 39
2786 23
2787 29
2788 28
2789 25
2790 28
2791 17
2792 19
2793 23
2794 27
2795 35
2796 41
2797 32
2798 35
2799 26
2800 33
2801 20
2802 20
2803 28
2804 32
2805 37
2806 49
2807 33
2808 21
2809 36
2810 37
2811 31
2812 23
2813 31
2814 29
2815 20
2816 38
2817 24
2818 31
2819 29
2820 18
2821 36
2822 25
2823 34
2824 26
2825 42
2826 28
2827 32
2828 22
2829 20
2830 25
2831 32
2832 25
2833 41
2834 36
2835 42
2836 41
2837 22
2838 41
2839 39
2840 30
2841 38
2842 31
2843 30
2844 25
2845 24
2846 20
2847 38
2848 23
2849 44
2850 35
2851 31
2852 23
2853 25
2854 44
2855 25
2856 20
2857 19
2858 40
2859 29
2860 23
2861 34
2862 28
2863 20
2864 37
2865 24
2866 32
2867 29
2868 32
2869 23
2870 22
2871 38
2872 26
2873 27
2874 27
2875 37
2876 22
2877 34
2878 36
2879 35
2880 23
2881 29
2882 33
2883 30
2884 22
2885 29
2886 27
2887 26
2888 29
2889 30
2890 27
2891 33
2892 32
2893 23
2894 26
2895 34
2896 21
2897 29
2898 49
2899 19
2900 23
2901 46
2902 24
2903 31
2904 28
2905 20
2906 29
2907 31
2908 61
2909 41
2910 26
2911 20
2912 29
2913 32
2914 42
2915 28
2916 35
2917 14
2918 33
2919 51
2920 37
2921 43
2922 35
2923 30
2924 49
2925 31
2926 47
2927 28
2928 56
2929 38
2930 33
2931 20
2932 28
2933 40
2934 30
2935 30
2936 42
2937 42
2938 22
2939 30
2940 34
2941 30
2942 29
2943 36
2944 34
2945 38
2946 32
2947 41
2948 31
2949 39
2950 75
2951 70
2952 46
2953 25
2954 25
2955 29
2956 45
2957 23
2958 20
2959 37
2960 16
2961 26
2962 25
2963 18
2964 31
2965 20
2966 36
2967 35
2968 36
2969 33
2970 59
2971 30
2972 23
2973 32
2974 34
2975 40
2976 36
2977 28
2978 38
2979 46
2980 31
2981 31
2982 36
2983 25
2984 28
2985 40
2986 30
2987 39
2988 26
2989 22
2990 30
2991 49
2992 41
2993 40
2994 26
2995 25
2996 28
2997 31
2998 36
2999 45
3000 22
3001 29
3002 22
3003 41
3004 35
3005 35
3006 31
3007 25
3008 17
3009 32
3010 26
3011 32
3012 23
3013 42
3014 17
3015 56
3016 17
3017 33
3018 39
3019 26
3020 33
3021 20
3022 45
3023 32
3024 24
3025 35
3026 25
3027 38
3028 26
3029 54
3030 22
3031 28
3032 29
3033 33
3034 29
3035 43
3036 57
3037 23
3038 34
3039 35
3040 34
3041 23
3042 17
3043 31
3044 25
3045 25
3046 43
3047 32
3048 32
3049 37
3050 27
3051 23
3052 22
3053 30
3054 34
3055 32
3056 30
3057 22
3058 62
3059 44
3060 23
3061 26
3062 34
3063 30
3064 27
3065 17
3066 44
3067 23
3068 23
3069 23
3070 43
3071 35
3072 44
3073 26
3074 38
3075 41
3076 41
3077 34
3078 49
3079 29
3080 36
3081 51
3082 41
3083 34
3084 42
3085 32
3086 28
3087 32
3088 25
3089 56
3090 46
3091 71
3092 38
3093 32
3094 22
3095 26
3096 27
3097 23
3098 35
3099 41
3100 53
3101 32
3102 27
3103 25
3104 30
3105 32
3106 25
3107 29
3108 29
3109 23
3110 23
3111 31
3112 17
3113 26
3114 28
3115 24
3116 28
3117 24
3118 26
3119 35
3120 35
3121 35
3122 31
3123 55
3124 33
3125 25
3126 42
3127 26
3128 29
3129 36
3130 31
3131 39
3132 30
3133 32
3134 21
3135 32
3136 29
3137 42
3138 28
3139 29
3140 25
3141 32
3142 20
3143 34
3144 25
3145 34
3146 23
3147 26
3148 22
3149 26
3150 29
3151 31
3152 28
3153 26
3154 28
3155 29
3156 29
3157 36
3158 32
3159 25
3160 35
3161 29
3162 20
3163 32
3164 27
3165 29
3166 33
3167 25
3168 29
3169 36
3170 29
3171 23
3172 30
3173 28
3174 33
3175 31
3176 29
3177 33
3178 20
3179 26
3180 30
3181 42
3182 26
3183 34
3184 44
3185 26
3186 33
3187 29
3188 38
3189 39
3190 32
3191 29
3192 64
3193 23
3194 41
3195 31
3196 63
3197 26
3198 25
3199 28
3200 27
3201 38
3202 25
3203 29
3204 26
3205 49
3206 26
3207 17
3208 28
3209 45
3210 28
3211 31
3212 26
3213 26
3214 25
3215 29
3216 36
3217 19
3218 31
3219 25
3220 45
3221 32
3222 22
3223 29
3224 32
3225 23
3226 29
3227 27
3228 38
3229 38
3230 38
3231 33
3232 26
3233 27
3234 37
3235 28
3236 23
3237 28
3238 19
3239 32
3240 26
3241 25
3242 23
3243 35
3244 29
3245 30
3246 27
3247 27
3248 26
3249 23
3250 29
3251 44
3252 32
3253 40
3254 35
3255 35
3256 25
3257 17
3258 32
3259 35
3260 25
3261 31
3262 30
3263 33
3264 55
3265 40
3266 48
3267 26
3268 23
3269 23
3270 41
3271 34
3272 28
3273 30
3274 33
3275 21
3276 25
3277 26
3278 32
3279 29
3280 46
3281 31
3282 18
3283 28
3284 39
3285 28
3286 28
3287 23
3288 28
3289 26
3290 26
3291 30
3292 29
3293 35
3294 20
3295 19
3296 29
3297 44
3298 19
3299 23
3300 29
3301 29
3302 25
3303 23
3304 34
3305 50
3306 28
3307 42
3308 26
3309 44
3310 20
3311 45
3312 33
3313 24
3314 23
3315 41
3316 39
3317 29
3318 20
3319 33
3320 19
3321 31
3322 39
3323 20
3324 23
3325 20
3326 25
3327 32
3328 37
3329 24
3330 20
3331 33
3332 29
3333 30
3334 26
3335 43
3336 34
3337 42
3338 27
3339 22
3340 28
3341 32
3342 26
3343 20
3344 41
3345 35
3346 34
3347 28
3348 33
3349 33
3350 27
3351 26
3352 34
3353 32
3354 39
3355 37
3356 34
3357 55
3358 29
3359 28
3360 19
3361 38
3362 42
3363 29
3364 30
3365 32
3366 34
3367 33
3368 32
3369 20
3370 35
3371 37
3372 37
3373 32
3374 27
3375 24
3376 27
3377 17
3378 29
3379 32
3380 23
3381 31
3382 34
3383 29
3384 34
3385 26
3386 22
3387 24
3388 26
3389 54
3390 41
3391 22
3392 23
3393 32
3394 30
3395 23
3396 48
3397 35
3398 42
3399 31
3400 22
3401 35
3402 34
3403 23
3404 35
3405 43
3406 32
3407 39
3408 38
3409 26
3410 25
3411 30
3412 19
3413 43
3414 32
3415 31
3416 24
3417 31
3418 25
3419 31
3420 31
3421 33
3422 33
3423 46
3424 14
3425 35
3426 26
3427 23
3428 29
3429 30
3430 28
3431 22
3432 31
3433 28
3434 26
3435 24
3436 26
3437 35
3438 29
3439 28
3440 24
3441 33
3442 34
3443 36
3444 35
3445 17
3446 27
3447 27
3448 28
3449 33
3450 19
3451 21
3452 30
3453 29
3454 29
3455 31
3456 43
3457 39
3458 40
3459 27
3460 44
3461 30
3462 39
3463 27
3464 39
3465 31
3466 45
3467 42
3468 37
3469 36
3470 24
3471 24
3472 21
3473 30
3474 40
3475 47
3476 23
3477 17
3478 19
3479 29
3480 35
3481 27
3482 26
3483 33
3484 26
3485 25
3486 29
3487 28
3488 26
3489 30
3490 17
3491 28
3492 52
3493 28
3494 32
3495 23
3496 29
3497 30
3498 30
3499 29
3500 25
3501 20
3502 20
3503 30
3504 20
3505 28
3506 27
3507 38
3508 28
3509 24
3510 30
3511 33
3512 35
3513 22
3514 34
3515 29
3516 25
3517 29
3518 31
3519 27
3520 27
3521 39
3522 45
3523 49
3524 79
3525 31
3526 47
3527 29
3528 22
3529 34
3530 31
3531 33
3532 23
3533 23
3534 35
3535 30
3536 27
3537 29
3538 43
3539 28
3540 31
3541 17
3542 36
3543 26
3544 19
3545 30
3546 20
3547 20
3548 31
3549 28
3550 26
3551 25
3552 27
3553 32
3554 35
3555 23
3556 30
3557 32
3558 40
3559 29
3560 23
3561 23
3562 23
3563 31
3564 23
3565 46
3566 39
3567 28
3568 25
3569 31
3570 25
3571 28
3572 32
3573 31
3574 22
3575 73
3576 28
3577 29
3578 29
3579 27
3580 26
3581 27
3582 19
3583 38
3584 19
3585 25
3586 38
3587 32
3588 23
3589 42
3590 33
3591 24
3592 26
3593 42
3594 47
3595 56
3596 38
3597 30
3598 29
3599 25
3600 43
3601 26
3602 40
3603 38
3604 51
3605 40
3606 32
3607 34
3608 46
3609 31
3610 55
3611 29
3612 35
3613 22
3614 30
3615 35
3616 27
3617 32
3618 41
3619 31
3620 22
3621 31
3622 26
3623 33
3624 33
3625 14
3626 23
3627 23
3628 28
3629 36
3630 23
3631 30
3632 38
3633 37
3634 32
3635 23
3636 16
3637 22
3638 31
3639 29
3640 31
3641 34
3642 30
3643 44
3644 37
3645 33
3646 46
3647 28
3648 14
3649 46
3650 34
3651 31
3652 21
3653 25
3654 35
3655 34
3656 38
3657 34
3658 26
3659 33
3660 25
3661 25
3662 29
3663 29
3664 25
3665 26
3666 26
3667 28
3668 32
3669 25
3670 28
3671 31
3672 40
3673 41
3674 26
3675 29
3676 23
3677 23
3678 35
3679 35
3680 33
3681 29
3682 31
3683 32
3684 28
3685 29
3686 32
3687 29
3688 23
3689 28
3690 31
3691 28
3692 29
3693 36
3694 28
3695 30
3696 28
3697 31
3698 28
3699 28
3700 22
3701 26
3702 29
3703 25
3704 26
3705 38
3706 27
3707 22
3708 30
3709 41
3710 36
3711 40
3712 44
3713 50
3714 33
3715 39
3716 19
3717 26
3718 32
3719 40
3720 29
3721 31
3722 35
3723 23
3724 29
3725 28
3726 23
3727 26
3728 24
3729 32
3730 19
3731 26
3732 39
3733 23
3734 21
3735 40
3736 29
3737 31
3738 34
3739 44
3740 23
3741 35
3742 48
3743 32
3744 23
3745 30
3746 20
3747 25
3748 22
3749 25
3750 30
3751 34
3752 37
3753 34
3754 28
3755 17
3756 20
3757 20
3758 43
3759 27
3760 22
3761 28
3762 27
3763 25
3764 28
3765 48
3766 27
3767 27
3768 26
3769 29
3770 34
3771 34
3772 35
3773 31
3774 27
3775 22
3776 25
3777 25
3778 36
3779 31
3780 35
3781 43
3782 40
3783 20
3784 28
3785 32
3786 23
3787 24
3788 35
3789 25
3790 37
3791 23
3792 28
3793 30
3794 34
3795 16
3796 26
3797 22
3798 30
3799 33
3800 28
3801 26
3802 23
3803 40
3804 44
3805 37
3806 22
3807 34
3808 28
3809 38
3810 31
3811 35
3812 43
3813 40
3814 26
3815 34
3816 35
3817 29
3818 35
3819 31
3820 27
3821 30
3822 42
3823 29
3824 30
3825 23
3826 27
3827 37
3828 22
3829 32
3830 22
3831 27
3832 32
3833 38
3834 27
3835 27
3836 23
3837 18
3838 30
3839 49
3840 42
3841 29
3842 35
3843 30
3844 34
3845 17
3846 30
3847 42
3848 21
3849 26
3850 26
3851 29
3852 28
3853 28
3854 22
3855 35
3856 31
3857 29
3858 23
3859 26
3860 29
3861 29
3862 26
3863 28
3864 14
3865 30
3866 20
3867 23
3868 19
3869 23
3870 28
3871 34
3872 22
3873 40
3874 32
3875 32
3876 38
3877 28
3878 30
3879 14
3880 26
3881 25
3882 29
3883 17
3884 36
3885 28
3886 40
3887 29
3888 28
3889 20
3890 42
3891 31
3892 39
3893 25
3894 24
3895 32
3896 38
3897 21
3898 31
3899 34
3900 20
3901 26
3902 29
3903 34
3904 20
3905 32
3906 35
3907 36
3908 25
3909 34
3910 28
3911 25
3912 34
3913 25
3914 28
3915 44
3916 33
3917 23
3918 30
3919 32
3920 48
3921 81
3922 25
3923 55
3924 35
3925 45
3926 28
3927 24
3928 23
3929 23
3930 33
3931 19
3932 36
3933 35
3934 36
3935 28
3936 30
3937 47
3938 28
3939 43
3940 51
3941 20
3942 20
3943 33
3944 29
3945 23
3946 32
3947 33
3948 28
3949 54
3950 26
3951 28
3952 29
3953 32
3954 27
3955 48
3956 45
3957 31
3958 35
3959 30
3960 44
3961 30
3962 36
3963 36
3964 49
3965 22
3966 31
3967 31
3968 31
3969 25
3970 41
3971 35
3972 19
3973 24
3974 25
3975 38
3976 34
3977 37
3978 20
3979 32
3980 34
3981 25
3982 15
3983 35
3984 25
3985 37
3986 31
3987 30
3988 17
3989 36
3990 23
3991 35
3992 31
3993 30
3994 39
3995 25
3996 38
3997 33
3998 38
3999 35
4000 38
4001 30
4002 29
4003 31
4004 35
4005 35
4006 35
4007 29
4008 25
4009 23
4010 31
4011 32
4012 36
4013 25
4014 37
4015 36
4016 30
4017 26
4018 34
4019 26
4020 46
4021 29
4022 36
4023 40
4024 35
4025 34
4026 28
4027 30
4028 26
4029 29
4030 23
4031 32
4032 30
4033 31
4034 32
4035 37
4036 23
4037 37
4038 27
4039 20
4040 30
4041 38
4042 26
4043 23
4044 33
4045 42
4046 39
4047 31
4048 28
4049 26
4050 25
4051 23
4052 28
4053 20
4054 42
4055 27
4056 29
4057 34
4058 37
4059 35
4060 19
4061 43
4062 33
4063 67
4064 41
4065 43
4066 32
4067 30
4068 26
4069 22
4070 32
4071 34
4072 35
4073 41
4074 32
4075 22
4076 27
4077 35
4078 49
4079 46
4080 30
4081 26
4082 30
4083 22
4084 26
4085 20
4086 36
4087 36
4088 28
4089 22
4090 26
4091 19
4092 25
4093 44
4094 32
4095 34
4096 41
4097 23
4098 31
4099 27
4100 29
4101 26
4102 42
4103 25
4104 22
4105 25
4106 25
4107 28
4108 17
4109 36
4110 40
4111 36
4112 26
4113 27
4114 36
4115 27
4116 35
4117 24
4118 33
4119 21
4120 26
4121 30
4122 30
4123 34
4124 34
4125 39
4126 29
4127 31
4128 44
4129 25
4130 33
4131 28
4132 22
4133 31
4134 28
4135 36
4136 31
4137 28
4138 35
4139 37
4140 36
4141 17
4142 29
4143 29
4144 34
4145 31
4146 24
4147 28
4148 25
4149 24
4150 37
4151 25
4152 22
4153 27
4154 44
4155 48
4156 17
4157 78
4158 23
4159 30
4160 43
4161 40
4162 42
4163 17
4164 23
4165 35
4166 27
4167 34
4168 30
4169 34
4170 29
4171 24
4172 23
4173 28
4174 35
4175 34
4176 33
4177 22
4178 27
4179 29
4180 35
4181 22
4182 33
4183 24
4184 26
4185 27
4186 24
4187 31
4188 23
4189 28
4190 27
4191 40
4192 11
4193 39
4194 27
4195 29
4196 42
4197 32
4198 30
4199 28
4200 47
4201 24
4202 33
4203 28
4204 23
4205 32
4206 41
4207 34
4208 38
4209 34
4210 37
4211 35
4212 23
4213 34
4214 28
4215 32
4216 19
4217 30
4218 21
4219 29
4220 23
4221 29
4222 23
4223 24
4224 44
4225 17
4226 26
4227 45
4228 26
4229 32
4230 11
4231 26
4232 31
4233 30
4234 26
4235 45
4236 38
4237 24
4238 34
4239 20
4240 28
4241 42
4242 32
4243 36
4244 31
4245 22
4246 26
4247 23
4248 40
4249 31
4250 28
4251 22
4252 22
4253 34
4254 27
4255 20
4256 22
4257 22
4258 29
4259 37
4260 31
4261 35
4262 27
4263 23
4264 52
4265 22
4266 29
4267 28
4268 36
4269 32
4270 44
4271 29
4272 33
4273 28
4274 34
4275 46
4276 30
4277 25
4278 40
4279 47
4280 33
4281 29
4282 23
4283 20
4284 27
4285 31
4286 34
4287 31
4288 25
4289 33
4290 28
4291 23
4292 33
4293 29
4294 32
4295 30
4296 40
4297 28
4298 29
4299 34
4300 41
4301 40
4302 23
4303 30
4304 25
4305 27
4306 33
4307 29
4308 22
4309 29
4310 19
4311 23
4312 26
4313 32
4314 34
4315 32
4316 24
4317 28
4318 21
4319 23
4320 32
4321 24
4322 30
4323 27
4324 31
4325 29
4326 32
4327 33
4328 28
4329 23
4330 15
4331 23
4332 39
4333 37
4334 39
4335 25
4336 30
4337 18
4338 40
4339 38
4340 31
4341 35
4342 25
4343 44
4344 29
4345 30
4346 35
4347 35
4348 27
4349 32
4350 38
4351 25
4352 36
4353 43
4354 36
4355 25
4356 29
4357 28
4358 36
4359 43
4360 23
4361 23
4362 28
4363 28
4364 42
4365 31
4366 25
4367 29
4368 35
4369 23
4370 25
4371 34
4372 28
4373 29
4374 28
4375 28
4376 27
4377 30
4378 30
4379 36
4380 34
4381 30
4382 29
4383 23
4384 26
4385 31
4386 21
4387 30
4388 27
4389 34
4390 23
4391 40
4392 29
4393 32
4394 24
4395 37
4396 38
4397 34
4398 29
4399 25
4400 29
4401 29
4402 32
4403 39
4404 34
4405 26
4406 23
4407 36
4408 44
4409 27
4410 35
4411 25
4412 25
4413 32
4414 32
4415 23
4416 36
4417 16
4418 39
4419 26
4420 22
4421 16
4422 27
4423 30
4424 29
4425 28
4426 28
4427 28
4428 31
4429 40
4430 49
4431 32
4432 20
4433 31
4434 27
4435 25
4436 35
4437 25
4438 38
4439 20
4440 32
4441 23
4442 31
4443 29
4444 24
4445 27
4446 29
4447 23
4448 30
4449 36
4450 25
4451 38
4452 25
4453 32
4454 25
4455 54
4456 41
4457 26
4458 31
4459 21
4460 25
4461 26
4462 28
4463 23
4464 23
4465 37
4466 28
4467 28
4468 31
4469 63
4470 43
4471 38
4472 37
4473 37
4474 42
4475 25
4476 32
4477 43
4478 39
4479 25
4480 31
4481 31
4482 31
4483 31
4484 17
4485 46
4486 28
4487 44
4488 35
4489 38
4490 37
4491 25
4492 28
4493 42
4494 40
4495 28
4496 28
4497 31
4498 36
4499 30
4500 34
4501 20
4502 23
4503 30
4504 29
4505 32
4506 39
4507 26
4508 23
4509 17
4510 32
4511 29
4512 20
4513 37
4514 29
4515 27
4516 35
4517 34
4518 26
4519 32
4520 27
4521 31
4522 36
4523 36
4524 34
4525 24
4526 27
4527 34
4528 35
4529 31
4530 31
4531 28
4532 29
4533 33
4534 34
4535 28
4536 36
4537 24
4538 29
4539 27
4540 29
4541 35
4542 32
4543 23
4544 30
4545 36
4546 34
4547 27
4548 37
4549 29
4550 38
4551 26
4552 31
4553 28
4554 20
4555 35
4556 40
4557 17
4558 35
4559 33
4560 39
4561 27
4562 31
4563 26
4564 32
4565 28
4566 25
4567 28
4568 20
4569 16
4570 24
4571 26
4572 36
4573 27
4574 35
4575 36
4576 28
4577 29
4578 39
4579 23
4580 27
4581 25
4582 35
4583 24
4584 35
4585 29
4586 30
4587 25
4588 36
4589 28
4590 44
4591 26
4592 48
4593 29
4594 32
4595 23
4596 40
4597 29
4598 19
4599 33
4600 18
4601 31
4602 24
4603 31
4604 31
4605 32
4606 39
4607 32
4608 31
4609 30
4610 52
4611 32
4612 30
4613 25
4614 26
4615 32
4616 31
4617 29
4618 31
4619 34
4620 37
4621 29
4622 42
4623 28
4624 26
4625 39
4626 22
4627 34
4628 24
4629 33
4630 27
4631 20
4632 28
4633 40
4634 26
4635 29
4636 28
4637 32
4638 48
4639 26
4640 38
4641 26
4642 25
4643 27
4644 36
4645 29
4646 19
4647 25
4648 31
4649 34
4650 27
4651 72
4652 48
4653 28
4654 26
4655 36
4656 29
4657 26
4658 20
4659 23
4660 31
4661 36
4662 29
4663 25
4664 32
4665 26
4666 42
4667 57
4668 31
4669 37
4670 35
4671 20
4672 20
4673 31
4674 34
4675 44
4676 32
4677 25
4678 25
4679 29
4680 30
4681 31
4682 31
4683 72
4684 25
4685 29
4686 43
4687 20
4688 31
4689 28
4690 19
4691 27
4692 21
4693 42
4694 39
4695 28
4696 35
4697 26
4698 29
4699 35
4700 20
4701 27
4702 31
4703 28
4704 26
4705 23
4706 48
4707 20
4708 31
4709 37
4710 31
4711 35
4712 28
4713 35
4714 28
4715 21
4716 26
4717 37
4718 46
4719 25
4720 45
4721 23
4722 26
4723 19
4724 33
4725 64
4726 41
4727 35
4728 24
4729 32
4730 31
4731 30
4732 36
4733 19
4734 35
4735 26
4736 35
4737 40
4738 36
4739 36
4740 40
4741 41
4742 42
4743 32
4744 34
4745 31
4746 33
4747 44
4748 22
4749 36
4750 24
4751 33
4752 26
4753 29
4754 28
4755 33
4756 34
4757 31
4758 33
4759 16
4760 30
4761 28
4762 38
4763 31
4764 35
4765 31
4766 30
4767 37
4768 36
4769 25
4770 26
4771 29
4772 36
4773 26
4774 26
4775 29
4776 22
4777 32
4778 35
4779 29
4780 47
4781 63
4782 23
4783 26
4784 29
4785 28
4786 32
4787 29
4788 25
4789 20
4790 29
4791 30
4792 28
4793 26
4794 17
4795 26
4796 29
4797 43
4798 32
4799 26
4800 19
4801 25
4802 26
4803 14
4804 29
4805 46
4806 25
4807 29
4808 25
4809 32
4810 17
4811 13
4812 28
4813 30
4814 31
4815 24
4816 29
4817 30
4818 19
4819 29
4820 38
4821 49
4822 25
4823 33
4824 18
4825 30
4826 26
4827 29
4828 45
4829 65
4830 34
4831 43
4832 41
4833 37
4834 36
4835 27
4836 25
4837 20
4838 27
4839 27
4840 51
4841 33
4842 23
4843 29
4844 52
4845 29
4846 67
4847 25
4848 26
4849 34
4850 35
4851 32
4852 22
4853 29
4854 32
4855 29
4856 23
4857 39
4858 31
4859 29
4860 35
4861 36
4862 41
4863 24
4864 34
4865 33
4866 25
4867 31
4868 23
4869 55
4870 35
4871 29
4872 35
4873 31
4874 36
4875 20
4876 30
4877 32
4878 29
4879 26
4880 28
4881 27
4882 40
4883 40
4884 45
4885 35
4886 28
4887 32
4888 34
4889 39
4890 28
4891 29
4892 32
4893 30
4894 33
4895 33
4896 41
4897 26
4898 28
4899 30
4900 42
4901 40
4902 26
4903 26
4904 28
4905 31
4906 43
4907 30
4908 33
4909 41
4910 32
4911 44
4912 28
4913 42
4914 23
4915 34
4916 38
4917 46
4918 36
4919 37
4920 25
4921 26
4922 27
4923 28
4924 28
4925 23
4926 33
4927 26
4928 33
4929 35
4930 34
4931 37
4932 26
4933 29
4934 32
4935 28
4936 23
4937 25
4938 35
4939 29
4940 27
4941 22
4942 20
4943 34
4944 34
4945 45
4946 25
4947 33
4948 23
4949 32
4950 28
4951 44
4952 29
4953 23
4954 27
4955 40
4956 35
4957 33
4958 22
4959 58
4960 33
4961 25
4962 30
4963 42
4964 25
4965 29
4966 28
4967 32
4968 31
4969 32
4970 35
4971 44
4972 30
4973 23
4974 28
4975 33
4976 31
4977 26
4978 26
4979 35
4980 22
4981 22
4982 26
4983 21
4984 39
4985 35
4986 29
4987 26
4988 22
4989 38
4990 34
4991 29
4992 27
4993 22
4994 24
4995 44
4996 22
4997 28
4998 34
4999 39
5000 33
5001 32
5002 40
5003 19
5004 37
5005 35
5006 42
5007 35
5008 28
5009 37
5010 26
5011 26
5012 34
5013 33
5014 35
5015 29
5016 47
5017 27
5018 41
5019 29
5020 41
5021 33
5022 34
5023 35
5024 33
5025 52
5026 32
5027 26
5028 30
5029 32
5030 28
5031 33
5032 34
5033 35
5034 37
5035 40
5036 26
5037 39
5038 33
5039 26
5040 49
5041 33
5042 42
5043 29
5044 54
5045 47
5046 39
5047 42
5048 20
5049 31
5050 41
5051 31
5052 36
5053 28
5054 29
5055 27
5056 28
5057 22
5058 26
5059 32
5060 31
5061 33
5062 33
5063 29
5064 30
5065 23
5066 25
5067 27
5068 32
5069 28
5070 28
5071 35
5072 32
5073 33
5074 25
5075 34
5076 20
5077 33
5078 45
5079 41
5080 20
5081 42
5082 25
5083 35
5084 22
5085 39
5086 33
5087 28
5088 36
5089 28
5090 26
5091 36
5092 34
5093 40
5094 35
5095 25
5096 34
5097 31
5098 39
5099 31
5100 28
5101 20
5102 38
5103 47
5104 23
5105 31
5106 26
5107 25
5108 33
5109 44
5110 23
5111 29
5112 34
5113 28
5114 36
5115 23
5116 28
5117 27
5118 24
5119 33
5120 23
5121 23
5122 38
5123 28
5124 21
5125 28
5126 28
5127 31
5128 37
5129 34
5130 32
5131 32
5132 29
5133 35
5134 37
5135 25
5136 28
5137 20
5138 33
5139 32
5140 27
5141 47
5142 36
5143 38
5144 29
5145 44
5146 29
5147 27
5148 23
5149 51
5150 39
5151 37
5152 25
5153 30
5154 23
5155 32
5156 23
5157 37
5158 33
5159 26
5160 34
5161 27
5162 33
5163 37
5164 29
5165 49
5166 26
5167 34
5168 22
5169 32
5170 58
5171 19
5172 28
5173 32
5174 42
5175 38
5176 28
5177 25
5178 41
5179 30
5180 38
5181 29
5182 44
5183 31
5184 23
5185 32
5186 30
5187 44
5188 55
5189 28
5190 19
5191 23
5192 30
5193 35
5194 37
5195 22
5196 31
5197 34
5198 30
5199 31
5200 31
5201 31
5202 24
5203 29
5204 20
5205 49
5206 29
5207 40
5208 35
5209 24
5210 31
5211 26
5212 32
5213 44
5214 40
5215 51
5216 40
5217 14
5218 32
5219 31
5220 59
5221 27
5222 28
5223 46
5224 36
5225 29
5226 27
5227 37
5228 39
5229 35
5230 41
5231 32
5232 32
5233 35
5234 38
5235 23
5236 42
5237 40
5238 35
5239 23
5240 35
5241 35
5242 32
5243 33
5244 30
5245 26
5246 38
5247 24
5248 25
5249 36
5250 38
5251 26
5252 21
5253 38
5254 27
5255 32
5256 32
5257 25
5258 29
5259 34
5260 29
5261 20
5262 24
5263 37
5264 29
5265 36
5266 23
5267 33
5268 32
5269 29
5270 27
5271 30
5272 27
5273 46
5274 27
5275 29
5276 37
5277 28
5278 36
5279 44
5280 25
5281 38
5282 34
5283 27
5284 43
5285 23
5286 39
5287 35
5288 30
5289 41
5290 33
5291 41
5292 38
5293 28
5294 32
5295 35
5296 33
5297 29
5298 31
5299 33
5300 20
5301 32
5302 55
5303 36
5304 26
5305 31
5306 37
5307 22
5308 30
5309 40
5310 34
5311 33
5312 23
5313 68
5314 32
5315 39
5316 30
5317 28
5318 35
5319 25
5320 31
5321 40
5322 31
5323 34
5324 29
5325 44
5326 35
5327 17
5328 25
5329 29
5330 41
5331 33
5332 36
5333 34
5334 22
5335 28
5336 35
5337 17
5338 25
5339 44
5340 32
5341 32
5342 26
5343 37
5344 27
5345 37
5346 25
5347 27
5348 30
5349 34
5350 28
5351 36
5352 35
5353 52
5354 34
5355 29
5356 30
5357 28
5358 28
5359 22
5360 28
5361 24
5362 29
5363 29
5364 34
5365 23
5366 48
5367 23
5368 53
5369 28
5370 51
5371 42
5372 32
5373 29
5374 27
5375 31
5376 34
5377 17
5378 25
5379 35
5380 32
5381 20
5382 29
5383 30
5384 39
5385 29
5386 17
5387 67
5388 22
5389 35
5390 38
5391 29
5392 23
5393 41
5394 33
5395 34
5396 33
5397 38
5398 26
5399 27
5400 19
5401 22
5402 38
5403 30
5404 32
5405 25
5406 30
5407 34
5408 20
5409 23
5410 36
5411 26
5412 28
5413 27
5414 27
5415 36
5416 20
5417 36
5418 46
5419 49
5420 50
5421 43
5422 32
5423 35
5424 25
5425 29
5426 34
5427 52
5428 33
5429 22
5430 39
5431 42
5432 23
5433 40
5434 29
5435 31
5436 64
5437 38
5438 26
5439 31
5440 45
5441 34
5442 30
5443 27
5444 31
5445 33
5446 17
5447 37
5448 23
5449 37
5450 37
5451 25
5452 20
5453 28
5454 33
5455 22
5456 31
5457 32
5458 39
5459 35
5460 28
5461 22
5462 24
5463 32
5464 31
5465 34
5466 35
5467 36
5468 41
5469 30
5470 40
5471 40
5472 27
5473 35
5474 29
5475 32
5476 46
5477 22
5478 31
5479 40
5480 39
5481 39
5482 27
5483 28
5484 33
5485 33
5486 35
5487 40
5488 20
5489 34
5490 32
5491 22
5492 17
5493 25
5494 30
5495 28
5496 34
5497 38
5498 38
5499 33
5500 28
5501 74
5502 21
5503 18
5504 42
5505 31
5506 37
5507 33
5508 20
5509 41
5510 34
5511 30
5512 28
5513 37
5514 45
5515 30
5516 22
5517 35
5518 27
5519 33
5520 35
5521 30
5522 20
5523 26
5524 34
5525 26
5526 31
5527 35
5528 36
5529 28
5530 22
5531 41
5532 26
5533 42
5534 25
5535 31
5536 28
5537 43
5538 32
5539 33
5540 31
5541 32
5542 20
5543 43
5544 51
5545 55
5546 22
5547 36
5548 29
5549 30
5550 34
5551 27
5552 32
5553 20
5554 26
5555 30
5556 35
5557 43
5558 31
5559 40
5560 32
5561 27
5562 19
5563 34
5564 35
5565 31
5566 30
5567 41
5568 31
5569 31
5570 33
5571 27
5572 26
5573 26
5574 46
5575 47
5576 40
5577 45
5578 21
5579 46
5580 73
5581 25
5582 35
5583 44
5584 20
5585 32
5586 22
5587 34
5588 35
5589 36
5590 28
5591 29
5592 25
5593 31
5594 30
5595 30
5596 37
5597 32
5598 33
5599 35
5600 43
5601 31
5602 17
5603 41
5604 41
5605 24
5606 25
5607 56
5608 43
5609 32
5610 36
5611 20
5612 35
5613 27
5614 33
5615 25
5616 45
5617 47
5618 23
5619 22
5620 26
5621 37
5622 45
5623 40
5624 33
5625 30
5626 39
5627 44
5628 30
5629 34
5630 20
5631 24
5632 45
5633 26
5634 22
5635 30
5636 36
5637 26
5638 34
5639 38
5640 32
5641 32
5642 56
5643 23
5644 24
5645 26
5646 43
5647 41
5648 52
5649 36
5650 26
5651 35
5652 25
5653 44
5654 31
5655 26
5656 23
5657 41
5658 28
5659 26
5660 45
5661 25
5662 22
5663 26
5664 28
5665 33
5666 29
5667 30
5668 31
5669 28
5670 28
5671 35
5672 39
5673 37
5674 39
5675 28
5676 23
5677 20
5678 35
5679 30
5680 32
5681 26
5682 28
5683 32
5684 56
5685 29
5686 63
5687 23
5688 38
5689 33
5690 20
5691 42
5692 30
5693 31
5694 51
5695 22
5696 13
5697 37
5698 17
5699 28
5700 32
5701 26
5702 28
5703 28
5704 34
5705 30
5706 42
5707 35
5708 35
5709 34
5710 19
5711 32
5712 25
5713 14
5714 37
5715 32
5716 28
5717 37
5718 48
5719 23
5720 53
5721 27
5722 27
5723 29
5724 29
5725 24
5726 36
5727 25
5728 32
5729 22
5730 33
5731 28
5732 26
5733 30
5734 28
5735 30
5736 27
5737 36
5738 33
5739 37
5740 24
5741 31
5742 26
5743 43
5744 27
5745 23
5746 22
5747 25
5748 32
5749 26
5750 50
5751 29
5752 20
5753 34
5754 39
5755 29
5756 32
5757 35
5758 31
5759 38
5760 36
5761 29
5762 43
5763 34
5764 35
5765 24
5766 36
5767 31
5768 30
5769 33
5770 38
5771 75
5772 43
5773 25
5774 34
5775 30
5776 22
5777 41
5778 34
5779 31
5780 40
5781 36
5782 30
5783 30
5784 29
5785 32
5786 24
5787 20
5788 21
5789 25
5790 31
5791 28
5792 26
5793 28
5794 29
5795 34
5796 39
5797 26
5798 29
5799 40
5800 18
5801 36
5802 34
5803 34
5804 30
5805 31
5806 19
5807 28
5808 51
5809 25
5810 40
5811 36
5812 34
5813 29
5814 37
5815 32
5816 34
5817 44
5818 34
5819 35
5820 37
5821 26
5822 27
5823 43
5824 26
5825 32
5826 30
5827 31
5828 30
5829 32
5830 33
5831 37
5832 30
5833 32
5834 32
5835 25
5836 30
5837 46
5838 49
5839 25
5840 46
5841 18
5842 38
5843 31
5844 30
5845 37
5846 38
5847 47
5848 31
5849 41
5850 31
5851 46
5852 29
5853 35
5854 47
5855 29
5856 48
5857 31
5858 31
5859 28
5860 43
5861 26
5862 17
5863 22
5864 20
5865 28
5866 22
5867 39
5868 33
5869 39
5870 22
5871 33
5872 29
5873 37
5874 35
5875 40
5876 31
5877 28
5878 26
5879 31
5880 14
5881 43
5882 32
5883 34
5884 32
5885 33
5886 36
5887 26
5888 31
5889 17
5890 27
5891 28
5892 31
5893 32
5894 37
5895 24
5896 28
5897 34
5898 34
5899 29
5900 33
5901 33
5902 22
5903 34
5904 29
5905 29
5906 22
5907 39
5908 26
5909 33
5910 36
5911 36
5912 29
5913 36
5914 29
5915 34
5916 39
5917 38
5918 24
5919 40
5920 45
5921 30
5922 32
5923 45
5924 43
5925 32
5926 25
5927 20
5928 31
5929 23
5930 30
5931 32
5932 29
5933 28
5934 17
5935 33
5936 36
5937 32
5938 17
5939 26
5940 23
5941 29
5942 19
5943 14
5944 29
5945 33
5946 22
5947 40
5948 29
5949 27
5950 37
5951 26
5952 37
5953 32
5954 23
5955 39
5956 46
5957 32
5958 63
5959 35
5960 56
5961 29
5962 41
5963 20
5964 25
5965 41
5966 34
5967 29
5968 27
5969 28
5970 36
5971 43
5972 32
5973 34
5974 30
5975 36
5976 36
5977 21
5978 40
5979 24
5980 38
5981 30
5982 24
5983 34
5984 32
5985 35
5986 30
5987 33
5988 39
5989 31
5990 26
5991 30
5992 32
5993 31
5994 22
5995 31
5996 36
5997 31
5998 33
5999 35
6000 34
6001 29
6002 44
6003 20
6004 25
6005 23
6006 22
6007 27
6008 47
6009 30
6010 19
6011 32
6012 25
6013 31
6014 26
6015 29
6016 26
6017 31
6018 46
6019 30
6020 32
6021 25
6022 22
6023 23
6024 35
6025 29
6026 26
6027 32
6028 28
6029 19
6030 45
6031 28
6032 43
6033 33
6034 16
6035 35
6036 30
6037 23
6038 21
6039 44
6040 28
6041 28
6042 38
6043 30
6044 39
6045 25
6046 51
6047 33
6048 35
6049 33
6050 21
6051 23
6052 28
6053 42
6054 37
6055 45
6056 35
6057 23
6058 30
6059 40
6060 31
6061 35
6062 31
6063 25
6064 38
6065 42
6066 29
6067 34
6068 19
6069 33
6070 31
6071 17
6072 23
6073 29
6074 20
6075 35
6076 21
6077 33
6078 46
6079 61
6080 43
6081 46
6082 38
6083 26
6084 38
6085 27
6086 23
6087 23
6088 26
6089 38
6090 35
6091 55
6092 74
6093 44
6094 26
6095 46
6096 34
6097 38
6098 41
6099 37
6100 36
6101 43
6102 35
6103 37
6104 24
6105 56
6106 32
6107 35
6108 34
6109 25
6110 38
6111 24
6112 49
6113 23
6114 29
6115 31
6116 34
6117 22
6118 57
6119 21
6120 56
6121 25
6122 20
6123 42
6124 33
6125 30
6126 25
6127 41
6128 25
6129 36
6130 24
6131 37
6132 29
6133 33
6134 24
6135 33
6136 24
6137 33
6138 31
6139 43
6140 36
6141 30
6142 33
6143 20
6144 40
6145 35
6146 33
6147 35
6148 30
6149 44
6150 32
6151 28
6152 36
6153 43
6154 33
6155 30
6156 27
6157 46
6158 74
6159 30
6160 25
6161 33
6162 31
6163 38
6164 34
6165 23
6166 27
6167 29
6168 31
6169 40
6170 32
6171 38
6172 36
6173 39
6174 39
6175 27
6176 39
6177 27
6178 36
6179 27
6180 24
6181 23
6182 20
6183 23
6184 29
6185 32
6186 25
6187 42
6188 23
6189 47
6190 23
6191 30
6192 25
6193 29
6194 33
6195 30
6196 24
6197 35
6198 29
6199 29
6200 35
6201 20
6202 40
6203 39
6204 25
6205 21
6206 22
6207 14
6208 26
6209 33
6210 38
6211 20
6212 17
6213 31
6214 24
6215 19
6216 26
6217 29
6218 34
6219 35
6220 45
6221 47
6222 36
6223 29
6224 39
6225 33
6226 36
6227 38
6228 23
6229 38
6230 31
6231 35
6232 29
6233 29
6234 29
6235 73
6236 38
6237 32
6238 27
6239 41
6240 26
6241 14
6242 40
6243 29
6244 18
6245 24
6246 34
6247 22
6248 36
6249 31
6250 28
6251 26
6252 31
6253 11
6254 35
6255 16
6256 35
6257 22
6258 25
6259 38
6260 38
6261 26
6262 39
6263 36
6264 30
6265 20
6266 28
6267 31
6268 45
6269 30
6270 62
6271 32
6272 45
6273 28
6274 31
6275 26
6276 31
6277 19
6278 36
6279 23
6280 23
6281 34
6282 26
6283 33
6284 33
6285 35
6286 19
6287 33
6288 28
6289 38
6290 29
6291 28
6292 19
6293 25
6294 17
6295 26
6296 45
6297 31
6298 32
6299 34
6300 36
6301 70
6302 31
6303 33
6304 41
6305 28
6306 32
6307 34
6308 29
6309 30
6310 31
6311 33
6312 33
6313 32
6314 21
6315 32
6316 29
6317 32
6318 37
6319 24
6320 29
6321 34
6322 27
6323 33
6324 33
6325 23
6326 30
6327 23
6328 31
6329 29
6330 35
6331 26
6332 35
6333 35
6334 34
6335 19
6336 33
6337 28
6338 27
6339 43
6340 49
6341 35
6342 30
6343 28
6344 32
6345 26
6346 23
6347 35
6348 27
6349 19
6350 33
6351 28
6352 29
6353 33
6354 29
6355 22
6356 35
6357 25
6358 26
6359 36
6360 28
6361 41
6362 37
6363 36
6364 37
6365 40
6366 40
6367 29
6368 25
6369 33
6370 35
6371 43
6372 31
6373 51
6374 31
6375 30
6376 38
6377 27
6378 29
6379 29
6380 23
6381 30
6382 46
6383 29
6384 34
6385 27
6386 47
6387 39
6388 48
6389 29
6390 24
6391 39
6392 35
6393 29
6394 28
6395 32
6396 36
6397 23
6398 27
6399 44
6400 42
6401 29
6402 30
6403 17
6404 24
6405 41
6406 33
6407 27
6408 31
6409 34
6410 35
6411 30
6412 26
6413 27
6414 32
6415 22
6416 28
6417 29
6418 25
6419 42
6420 40
6421 31
6422 45
6423 34
6424 32
6425 26
6426 22
6427 29
6428 72
6429 28
6430 23
6431 20
6432 31
6433 33
6434 22
6435 38
6436 36
6437 26
6438 23
6439 23
6440 20
6441 29
6442 29
6443 37
6444 26
6445 29
6446 38
6447 20
6448 23
6449 34
6450 32
6451 23
6452 29
6453 23
6454 30
6455 35
6456 31
6457 29
6458 30
6459 38
6460 42
6461 43
6462 39
6463 22
6464 38
6465 25
6466 41
6467 32
6468 36
6469 51
6470 30
6471 21
6472 32
6473 27
6474 25
6475 35
6476 37
6477 33
6478 31
6479 25
6480 41
6481 25
6482 33
6483 36
6484 35
6485 35
6486 30
6487 25
6488 24
6489 25
6490 34
6491 38
6492 29
6493 51
6494 33
6495 28
6496 26
6497 40
6498 37
6499 38
6500 32
6501 28
6502 32
6503 42
6504 46
6505 29
6506 26
6507 22
6508 38
6509 41
6510 25
6511 22
6512 37
6513 18
6514 28
6515 23
6516 46
6517 41
6518 34
6519 36
6520 31
6521 55
6522 31
6523 16
6524 32
6525 20
6526 44
6527 35
6528 31
6529 23
6530 32
6531 35
6532 38
6533 53
6534 46
6535 24
6536 38
6537 35
6538 24
6539 21
6540 41
6541 35
6542 27
6543 26
6544 43
6545 29
6546 36
6547 26
6548 39
6549 29
6550 30
6551 35
6552 42
6553 30
6554 31
6555 28
6556 30
6557 25
6558 33
6559 21
6560 31
6561 30
6562 26
6563 35
6564 19
6565 36
6566 26
6567 34
6568 26
6569 32
6570 46
6571 20
6572 31
6573 38
6574 35
6575 19
6576 36
6577 30
6578 17
6579 28
6580 35
6581 29
6582 22
6583 35
6584 31
6585 31
6586 49
6587 34
6588 20
6589 28
6590 26
6591 25
6592 18
6593 23
6594 25
6595 27
6596 32
6597 26
6598 33
6599 30
6600 37
6601 35
6602 28
6603 28
6604 20
6605 31
6606 52
6607 44
6608 31
6609 31
6610 28
6611 32
6612 23
6613 28
6614 29
6615 54
6616 32
6617 42
6618 29
6619 31
6620 28
6621 25
6622 29
6623 25
6624 13
6625 20
6626 22
6627 51
6628 32
6629 26
6630 27
6631 26
6632 32
6633 26
6634 27
6635 37
6636 26
6637 34
6638 37
6639 33
6640 38
6641 38
6642 30
6643 32
6644 37
6645 32
6646 29
6647 39
6648 35
6649 34
6650 16
6651 47
6652 29
6653 26
6654 33
6655 53
6656 22
6657 20
6658 36
6659 23
6660 20
6661 51
6662 28
6663 46
6664 37
6665 39
6666 19
6667 26
6668 45
6669 33
6670 32
6671 32
6672 37
6673 33
6674 27
6675 23
6676 47
6677 32
6678 41
6679 36
6680 38
6681 31
6682 26
6683 16
6684 38
6685 32
6686 29
6687 40
6688 36
6689 29
6690 30
6691 37
6692 51
6693 25
6694 29
6695 23
6696 48
6697 51
6698 31
6699 37
6700 39
6701 42
6702 47
6703 42
6704 44
6705 45
6706 71
6707 36
6708 48
6709 41
6710 28
6711 36
6712 37
6713 37
6714 35
6715 32
6716 38
6717 48
6718 31
6719 31
6720 32
6721 29
6722 58
6723 32
6724 33
6725 31
6726 34
6727 26
6728 24
6729 31
6730 37
6731 40
6732 33
6733 50
6734 38
6735 31
6736 35
6737 29
6738 23
6739 53
6740 33
6741 37
6742 30
6743 34
6744 32
6745 29
6746 35
6747 32
6748 28
6749 32
6750 26
6751 35
6752 30
6753 53
6754 48
6755 43
6756 23
6757 36
6758 28
6759 31
6760 36
6761 28
6762 26
6763 46
6764 27
6765 20
6766 21
6767 29
6768 25
6769 33
6770 47
6771 20
6772 32
6773 26
6774 29
6775 35
6776 32
6777 36
6778 37
6779 51
6780 46
6781 32
6782 28
6783 32
6784 29
6785 33
6786 31
6787 28
6788 37
6789 27
6790 31
6791 27
6792 29
6793 35
6794 33
6795 24
6796 20
6797 26
6798 30
6799 29
6800 32
6801 28
6802 31
6803 23
6804 29
6805 31
6806 30
6807 32
6808 23
6809 29
6810 20
6811 44
6812 43
6813 29
6814 53
6815 27
6816 31
6817 35
6818 41
6819 37
6820 26
6821 38
6822 29
6823 41
6824 37
6825 23
6826 20
6827 28
6828 33
6829 45
6830 53
6831 37
6832 33
6833 36
6834 35
6835 34
6836 42
6837 26
6838 50
6839 36
6840 28
6841 31
6842 32
6843 32
6844 30
6845 30
6846 44
6847 28
6848 39
6849 42
6850 27
6851 39
6852 29
6853 42
6854 35
6855 16
6856 34
6857 32
6858 36
6859 32
6860 37
6861 41
6862 57
6863 29
6864 29
6865 23
6866 25
6867 33
6868 42
6869 45
6870 27
6871 27
6872 42
6873 34
6874 34
6875 25
6876 30
6877 27
6878 33
6879 32
6880 31
6881 29
6882 23
6883 20
6884 60
6885 31
6886 42
6887 36
6888 27
6889 29
6890 39
6891 31
6892 29
6893 39
6894 30
6895 24
6896 20
6897 30
6898 26
6899 51
6900 28
6901 35
6902 41
6903 33
6904 46
6905 32
6906 20
6907 49
6908 50
6909 31
6910 33
6911 23
6912 41
6913 24
6914 28
6915 39
6916 34
6917 26
6918 26
6919 31
6920 28
6921 33
6922 46
6923 33
6924 23
6925 29
6926 38
6927 28
6928 26
6929 39
6930 31
6931 47
6932 35
6933 34
6934 30
6935 32
6936 42
6937 21
6938 47
6939 33
6940 34
6941 29
6942 50
6943 28
6944 33
6945 25
6946 19
6947 27
6948 34
6949 27
6950 38
6951 28
6952 31
6953 25
6954 46
6955 41
6956 35
6957 24
6958 31
6959 21
6960 29
6961 34
6962 31
6963 20
6964 23
6965 48
6966 34
6967 32
6968 38
6969 29
6970 23
6971 30
6972 32
6973 23
6974 39
6975 37
6976 19
6977 29
6978 26
6979 26
6980 44
6981 48
6982 28
6983 39
6984 30
6985 32
6986 30
6987 37
6988 36
6989 33
6990 32
6991 25
6992 36
6993 57
6994 35
6995 19
6996 66
6997 45
6998 37
6999 21
7000 22
7001 31
7002 30
7003 30
7004 39
7005 25
7006 29
7007 27
7008 21
7009 51
7010 35
7011 30
7012 73
7013 41
7014 20
7015 28
7016 47
7017 26
7018 29
7019 31
7020 30
7021 45
7022 30
7023 28
7024 24
7025 29
7026 31
7027 23
7028 24
7029 38
7030 46
7031 50
7032 46
7033 41
7034 31
7035 39
7036 29
7037 25
7038 32
7039 34
7040 36
7041 29
7042 33
7043 36
7044 33
7045 26
7046 37
7047 32
7048 38
7049 33
7050 24
7051 17
7052 35
7053 28
7054 32
7055 36
7056 29
7057 29
7058 33
7059 29
7060 28
7061 24
7062 34
7063 26
7064 39
7065 43
7066 27
7067 36
7068 46
7069 25
7070 35
7071 37
7072 23
7073 47
7074 74
7075 42
7076 32
7077 24
7078 29
7079 22
7080 26
7081 31
7082 32
7083 35
7084 28
7085 20
7086 35
7087 38
7088 37
7089 26
7090 19
7091 53
7092 29
7093 20
7094 35
7095 31
7096 24
7097 16
7098 31
7099 30
7100 20
7101 37
7102 30
7103 31
7104 25
7105 30
7106 56
7107 26
7108 35
7109 32
7110 31
7111 44
7112 34
7113 34
7114 17
7115 24
7116 22
7117 36
7118 27
7119 22
7120 39
7121 41
7122 54
7123 38
7124 46
7125 31
7126 28
7127 28
7128 30
7129 40
7130 66
7131 29
7132 23
7133 27
7134 46
7135 66
7136 58
7137 22
7138 33
7139 38
7140 29
7141 20
7142 45
7143 31
7144 41
7145 30
7146 20
7147 24
7148 29
7149 31
7150 20
7151 34
7152 29
7153 25
7154 38
7155 33
7156 23
7157 26
7158 31
7159 39
7160 42
7161 30
7162 37
7163 24
7164 37
7165 39
7166 28
7167 45
7168 27
7169 28
7170 42
7171 25
7172 30
7173 24
7174 25
7175 36
7176 44
7177 33
7178 55
7179 36
7180 60
7181 23
7182 31
7183 28
7184 22
7185 30
7186 31
7187 39
7188 54
7189 34
7190 26
7191 33
7192 28
7193 42
7194 25
7195 23
7196 33
7197 23
7198 28
7199 23
7200 34
7201 43
7202 38
7203 21
7204 23
7205 22
7206 53
7207 32
7208 44
7209 25
7210 36
7211 29
7212 28
7213 52
7214 28
7215 30
7216 37
7217 30
7218 34
7219 23
7220 32
7221 34
7222 25
7223 31
7224 38
7225 32
7226 28
7227 28
7228 28
7229 31
7230 39
7231 39
7232 22
7233 26
7234 22
7235 33
7236 37
7237 42
7238 37
7239 20
7240 35
7241 55
7242 39
7243 29
7244 43
7245 37
7246 35
7247 32
7248 28
7249 37
7250 31
7251 28
7252 36
7253 32
7254 36
7255 31
7256 28
7257 33
7258 30
7259 29
7260 35
7261 25
7262 32
7263 42
7264 31
7265 42
7266 30
7267 29
7268 26
7269 33
7270 34
7271 43
7272 42
7273 48
7274 34
7275 32
7276 28
7277 39
7278 51
7279 35
7280 34
7281 32
7282 27
7283 32
7284 39
7285 43
7286 43
7287 25
7288 41
7289 47
7290 54
7291 33
7292 40
7293 32
7294 52
7295 40
7296 44
7297 28
7298 50
7299 30
7300 42
7301 26
7302 46
7303 31
7304 32
7305 61
7306 36
7307 30
7308 35
7309 34
7310 53
7311 48
7312 36
7313 31
7314 50
7315 33
7316 39
7317 33
7318 31
7319 23
7320 56
7321 34
7322 69
7323 28
7324 32
7325 23
7326 22
7327 31
7328 31
7329 27
7330 25
7331 34
7332 35
7333 26
7334 41
7335 41
7336 27
7337 31
7338 32
7339 21
7340 32
7341 32
7342 37
7343 32
7344 44
7345 34
7346 41
7347 22
7348 40
7349 45
7350 30
7351 33
7352 33
7353 30
7354 41
7355 19
7356 24
7357 29
7358 22
7359 23
7360 42
7361 31
7362 28
7363 22
7364 39
7365 29
7366 29
7367 34
7368 32
7369 20
7370 31
7371 34
7372 37
7373 27
7374 20
7375 26
7376 27
7377 36
7378 35
7379 36
7380 26
7381 34
7382 27
7383 40
7384 44
7385 27
7386 42
7387 28
7388 20
7389 28
7390 28
7391 25
7392 29
7393 34
7394 33
7395 32
7396 24
7397 26
7398 31
7399 28
7400 25
7401 29
7402 28
7403 24
7404 31
7405 36
7406 25
7407 34
7408 44
7409 22
7410 47
7411 23
7412 33
7413 32
7414 30
7415 29
7416 26
7417 32
7418 31
7419 33
7420 23
7421 43
7422 32
7423 29
7424 32
7425 35
7426 34
7427 29
7428 19
7429 26
7430 41
7431 31
7432 22
7433 35
7434 38
7435 24
7436 26
7437 39
7438 35
7439 44
7440 35
7441 25
7442 60
7443 31
7444 45
7445 47
7446 63
7447 46
7448 41
7449 50
7450 37
7451 28
7452 39
7453 29
7454 42
7455 44
7456 52
7457 53
7458 50
7459 32
7460 47
7461 24
7462 47
7463 17
7464 32
7465 40
7466 25
7467 25
7468 32
7469 33
7470 37
7471 31
7472 22
7473 35
7474 21
7475 30
7476 35
7477 26
7478 28
7479 26
7480 39
7481 31
7482 34
7483 21
7484 32
7485 39
7486 28
7487 29
7488 34
7489 28
7490 33
7491 32
7492 30
7493 19
7494 39
7495 30
7496 33
7497 37
7498 26
7499 26
7500 44
7501 30
7502 22
7503 27
7504 29
7505 28
7506 37
7507 33
7508 71
7509 27
7510 47
7511 41
7512 31
7513 25
7514 19
7515 23
7516 29
7517 34
7518 28
7519 23
7520 41
7521 35
7522 28
7523 29
7524 51
7525 29
7526 37
7527 31
7528 52
7529 36
7530 23
7531 25
7532 38
7533 31
7534 35
7535 29
7536 52
7537 39
7538 34
7539 46
7540 32
7541 32
7542 25
7543 74
7544 49
7545 35
7546 23
7547 41
7548 19
7549 41
7550 29
7551 35
7552 36
7553 18
7554 30
7555 21
7556 27
7557 24
7558 52
7559 19
7560 38
7561 33
7562 25
7563 29
7564 33
7565 31
7566 30
7567 30
7568 42
7569 36
7570 31
7571 34
7572 20
7573 27
7574 19
7575 23
7576 30
7577 29
7578 34
7579 29
7580 39
7581 39
7582 31
7583 32
7584 28
7585 36
7586 29
7587 25
7588 30
7589 36
7590 30
7591 34
7592 38
7593 23
7594 30
7595 23
7596 37
7597 32
7598 49
7599 63
7600 38
7601 22
7602 31
7603 26
7604 25
7605 38
7606 32
7607 35
7608 26
7609 32
7610 35
7611 37
7612 23
7613 33
7614 14
7615 29
7616 34
7617 34
7618 27
7619 28
7620 28
7621 32
7622 38
7623 29
7624 30
7625 36
7626 32
7627 25
7628 34
7629 39
7630 40
7631 29
7632 34
7633 20
7634 33
7635 22
7636 53
7637 39
7638 38
7639 49
7640 32
7641 34
7642 24
7643 44
7644 33
7645 39
7646 31
7647 24
7648 65
7649 34
7650 38
7651 29
7652 32
7653 21
7654 35
7655 26
7656 28
7657 26
7658 31
7659 16
7660 27
7661 62
7662 32
7663 54
7664 31
7665 31
7666 41
7667 31
7668 31
7669 38
7670 25
7671 53
7672 33
7673 28
7674 32
7675 41
7676 46
7677 28
7678 33
7679 34
7680 43
7681 28
7682 25
7683 36
7684 24
7685 26
7686 30
7687 33
7688 23
7689 40
7690 53
7691 31
7692 37
7693 20
7694 34
7695 30
7696 34
7697 33
7698 27
7699 31
7700 26
7701 26
7702 31
7703 49
7704 35
7705 30
7706 27
7707 18
7708 31
7709 23
7710 50
7711 26
7712 30
7713 38
7714 39
7715 47
7716 34
7717 31
7718 28
7719 41
7720 29
7721 53
7722 38
7723 23
7724 54
7725 33
7726 55
7727 37
7728 29
7729 28
7730 37
7731 33
7732 41
7733 47
7734 37
7735 35
7736 47
7737 32
7738 36
7739 27
7740 101
7741 43
7742 28
7743 42
7744 30
7745 28
7746 56
7747 31
7748 38
7749 34
7750 38
7751 62
7752 22
7753 46
7754 35
7755 49
7756 30
7757 40
7758 59
7759 39
7760 51
7761 28
7762 35
7763 22
7764 31
7765 37
7766 30
7767 31
7768 23
7769 37
7770 26
7771 40
7772 36
7773 26
7774 56
7775 29
7776 30
7777 33
7778 36
7779 42
7780 29
7781 30
7782 63
7783 20
7784 33
7785 31
7786 38
7787 32
7788 41
7789 20
7790 33
7791 26
7792 28
7793 42
7794 35
7795 56
7796 43
7797 36
7798 36
7799 31
7800 39
7801 40
7802 30
7803 38
7804 36
7805 44
7806 34
7807 28
7808 30
7809 32
7810 26
7811 29
7812 42
7813 29
7814 40
7815 17
7816 34
7817 75
7818 41
7819 26
7820 24
7821 46
7822 27
7823 34
7824 29
7825 44
7826 33
7827 28
7828 31
7829 35
7830 37
7831 25
7832 26
7833 33
7834 32
7835 37
7836 35
7837 36
7838 38
7839 26
7840 26
7841 39
7842 23
7843 36
7844 28
7845 29
7846 38
7847 38
7848 29
7849 36
7850 28
7851 29
7852 34
7853 37
7854 39
7855 29
7856 68
7857 43
7858 37
7859 39
7860 32
7861 34
7862 27
7863 33
7864 32
7865 29
7866 35
7867 31
7868 42
7869 47
7870 38
7871 40
7872 37
7873 33
7874 43
7875 42
7876 34
7877 37
7878 20
7879 32
7880 32
7881 23
7882 28
7883 44
7884 41
7885 29
7886 40
7887 40
7888 35
7889 40
7890 38
7891 45
7892 39
7893 29
7894 34
7895 26
7896 26
7897 36
7898 57
7899 30
7900 32
7901 45
7902 37
7903 25
7904 33
7905 25
7906 37
7907 32
7908 32
7909 24
7910 27
7911 39
7912 28
7913 27
7914 29
7915 23
7916 57
7917 36
7918 29
7919 27
7920 48
7921 19
7922 23
7923 28
7924 50
7925 42
7926 25
7927 34
7928 34
7929 35
7930 39
7931 36
7932 35
7933 34
7934 33
7935 34
7936 34
7937 34
7938 42
7939 28
7940 38
7941 26
7942 37
7943 38
7944 32
7945 25
7946 32
7947 49
7948 34
7949 34
7950 36
7951 26
7952 25
7953 30
7954 65
7955 58
7956 28
7957 46
7958 30
7959 26
7960 35
7961 29
7962 23
7963 38
7964 25
7965 26
7966 33
7967 30
7968 31
7969 29
7970 36
7971 25
7972 26
7973 32
7974 33
7975 26
7976 32
7977 27
7978 35
7979 40
7980 36
7981 36
7982 47
7983 34
7984 50
7985 39
7986 98
7987 50
7988 34
7989 41
7990 33
7991 46
7992 31
7993 39
7994 39
7995 36
7996 40
7997 31
7998 29
7999 36
8000 28
8001 42
8002 39
8003 37
8004 38
8005 30
8006 31
8007 34
8008 37
8009 28
8010 36
8011 52
8012 24
8013 32
8014 48
8015 36
8016 35
8017 31
8018 31
8019 38
8020 37
8021 41
8022 28
8023 36
8024 28
8025 42
8026 26
8027 39
8028 28
8029 36
8030 29
8031 32
8032 26
8033 37
8034 30
8035 17
8036 46
8037 26
8038 26
8039 26
8040 28
8041 22
8042 37
8043 50
8044 29
8045 40
8046 25
8047 39
8048 39
8049 35
8050 29
8051 26
8052 42
8053 43
8054 25
8055 41
8056 38
8057 31
8058 19
8059 29
8060 47
8061 35
8062 28
8063 23
8064 38
8065 25
8066 25
8067 26
8068 40
8069 36
8070 28
8071 32
8072 33
8073 27
8074 40
8075 28
8076 36
8077 32
8078 25
8079 41
8080 41
8081 38
8082 31
8083 35
8084 41
8085 29
8086 42
8087 33
8088 36
8089 32
8090 26
8091 30
8092 41
8093 32
8094 32
8095 31
8096 36
8097 35
8098 36
8099 23
8100 38
8101 33
8102 28
8103 29
8104 37
8105 29
8106 36
8107 29
8108 34
8109 30
8110 25
8111 26
8112 21
8113 34
8114 23
8115 71
8116 48
8117 39
8118 27
8119 49
8120 26
8121 28
8122 29
8123 36
8124 26
8125 35
8126 23
8127 47
8128 44
8129 29
8130 33
8131 28
8132 25
8133 29
8134 28
8135 38
8136 33
8137 29
8138 29
8139 30
8140 32
8141 27
8142 29
8143 36
8144 33
8145 29
8146 29
8147 40
8148 32
8149 34
8150 43
8151 37
8152 29
8153 25
8154 32
8155 28
8156 30
8157 32
8158 45
8159 38
8160 26
8161 36
8162 45
8163 46
8164 34
8165 28
8166 32
8167 24
8168 65
8169 35
8170 36
8171 34
8172 26
8173 30
8174 20
8175 20
8176 29
8177 34
8178 26
8179 37
8180 31
8181 29
8182 29
8183 34
8184 25
8185 33
8186 30
8187 33
8188 28
8189 32
8190 30
8191 26
8192 34
8193 40
8194 50
8195 29
8196 36
8197 39
8198 32
8199 25
8200 25
8201 48
8202 32
8203 31
8204 28
8205 34
8206 25
8207 29
8208 33
8209 35
8210 23
8211 25
8212 48
8213 29
8214 37
8215 29
8216 42
8217 33
8218 29
8219 28
8220 63
8221 49
8222 53
8223 26
8224 24
8225 93
8226 27
8227 34
8228 37
8229 22
8230 38
8231 35
8232 41
8233 53
8234 52
8235 31
8236 43
8237 30
8238 24
8239 34
8240 40
8241 31
8242 37
8243 29
8244 53
8245 34
8246 34
8247 38
8248 26
8249 32
8250 30
8251 32
8252 37
8253 36
8254 26
8255 30
8256 38
8257 25
8258 33
8259 34
8260 20
8261 27
8262 32
8263 26
8264 40
8265 26
8266 39
8267 34
8268 34
8269 37
8270 29
8271 32
8272 24
8273 25
8274 37
8275 43
8276 41
8277 31
8278 32
8279 51
8280 30
8281 63
8282 31
8283 35
8284 41
8285 22
8286 29
8287 20
8288 26
8289 38
8290 28
8291 32
8292 29
8293 38
8294 27
8295 24
8296 27
8297 26
8298 34
8299 34
8300 33
8301 35
8302 35
8303 36
8304 26
8305 31
8306 31
8307 33
8308 42
8309 43
8310 43
8311 25
8312 48
8313 41
8314 26
8315 56
8316 25
8317 30
8318 33
8319 35
8320 39
8321 25
8322 26
8323 29
8324 42
8325 37
8326 55
8327 33
8328 34
8329 29
8330 35
8331 37
8332 38
8333 40
8334 34
8335 40
8336 35
8337 17
8338 36
8339 29
8340 34
8341 27
8342 22
8343 27
8344 30
8345 38
8346 52
8347 28
8348 49
8349 32
8350 24
8351 31
8352 36
8353 28
8354 33
8355 33
8356 34
8357 30
8358 33
8359 22
8360 29
8361 23
8362 26
8363 36
8364 35
8365 37
8366 36
8367 29
8368 53
8369 53
8370 50
8371 28
8372 33
8373 57
8374 25
8375 26
8376 32
8377 32
8378 46
8379 31
8380 33
8381 23
8382 27
8383 31
8384 29
8385 35
8386 23
8387 28
8388 38
8389 39
8390 21
8391 30
8392 31
8393 28
8394 34
8395 30
8396 45
8397 37
8398 32
8399 38
8400 43
8401 17
8402 30
8403 46
8404 44
8405 36
8406 29
8407 35
8408 29
8409 34
8410 27
8411 60
8412 37
8413 45
8414 24
8415 39
8416 29
8417 42
8418 32
8419 32
8420 35
8421 39
8422 29
8423 31
8424 27
8425 35
8426 29
8427 34
8428 22
8429 29
8430 22
8431 20
8432 24
8433 33
8434 42
8435 36
8436 26
8437 26
8438 30
8439 47
8440 55
8441 19
8442 35
8443 23
8444 23
8445 36
8446 35
8447 38
8448 28
8449 31
8450 51
8451 36
8452 37
8453 23
8454 46
8455 26
8456 32
8457 22
8458 41
8459 34
8460 34
8461 27
8462 26
8463 23
8464 31
8465 44
8466 28
8467 39
8468 32
8469 31
8470 34
8471 28
8472 32
8473 34
8474 24
8475 27
8476 60
8477 21
8478 39
8479 37
8480 28
8481 40
8482 33
8483 43
8484 28
8485 22
8486 24
8487 29
8488 33
8489 48
8490 25
8491 30
8492 27
8493 31
8494 23
8495 37
8496 27
8497 31
8498 29
8499 26
8500 31
8501 27
8502 34
8503 41
8504 31
8505 29
8506 33
8507 30
8508 27
8509 30
8510 31
8511 36
8512 36
8513 37
8514 14
8515 39
8516 18
8517 39
8518 32
8519 48
8520 22
8521 35
8522 55
8523 26
8524 29
8525 38
8526 44
8527 31
8528 22
8529 29
8530 30
8531 35
8532 32
8533 34
8534 41
8535 32
8536 28
8537 62
8538 23
8539 26
8540 27
8541 37
8542 34
8543 31
8544 30
8545 54
8546 27
8547 49
8548 34
8549 31
8550 33
8551 32
8552 71
8553 34
8554 65
8555 26
8556 46
8557 43
8558 42
8559 31
8560 29
8561 31
8562 31
8563 32
8564 33
8565 28
8566 36
8567 30
8568 23
8569 48
8570 35
8571 35
8572 40
8573 19
8574 43
8575 24
8576 29
8577 60
8578 44
8579 35
8580 30
8581 24
8582 37
8583 27
8584 28
8585 39
8586 40
8587 32
8588 29
8589 31
8590 31
8591 33
8592 34
8593 37
8594 35
8595 23
8596 31
8597 43
8598 29
8599 37
8600 24
8601 23
8602 44
8603 27
8604 35
8605 37
8606 26
8607 32
8608 29
8609 37
8610 39
8611 32
8612 33
8613 44
8614 22
8615 40
8616 36
8617 37
8618 47
8619 37
8620 51
8621 29
8622 47
8623 19
8624 35
8625 25
8626 27
8627 32
8628 26
8629 53
8630 40
8631 27
8632 42
8633 34
8634 43
8635 40
8636 21
8637 29
8638 33
8639 34
8640 30
8641 35
8642 46
8643 42
8644 31
8645 31
8646 38
8647 29
8648 32
8649 32
8650 42
8651 57
8652 25
8653 29
8654 27
8655 41
8656 32
8657 29
8658 29
8659 32
8660 26
8661 31
8662 36
8663 55
8664 37
8665 40
8666 35
8667 40
8668 29
8669 28
8670 38
8671 34
8672 29
8673 26
8674 30
8675 16
8676 33
8677 34
8678 34
8679 37
8680 16
8681 33
8682 43
8683 42
8684 47
8685 32
8686 35
8687 37
8688 35
8689 30
8690 32
8691 57
8692 27
8693 35
8694 41
8695 35
8696 25
8697 29
8698 42
8699 30
8700 60
8701 29
8702 30
8703 37
8704 40
8705 42
8706 39
8707 43
8708 27
8709 45
8710 60
8711 45
8712 31
8713 17
8714 29
8715 20
8716 31
8717 26
8718 28
8719 26
8720 30
8721 27
8722 23
8723 22
8724 38
8725 27
8726 23
8727 27
8728 33
8729 31
8730 37
8731 30
8732 28
8733 30
8734 35
8735 33
8736 30
8737 42
8738 39
8739 25
8740 28
8741 32
8742 52
8743 37
8744 31
8745 28
8746 25
8747 44
8748 42
8749 56
8750 40
8751 32
8752 22
8753 23
8754 26
8755 30
8756 34
8757 41
8758 28
8759 23
8760 26
8761 54
8762 27
8763 39
8764 28
8765 30
8766 27
8767 28
8768 27
8769 36
8770 31
8771 43
8772 30
8773 29
8774 36
8775 32
8776 46
8777 41
8778 50
8779 29
8780 43
8781 30
8782 52
8783 53
8784 27
8785 31
8786 34
8787 26
8788 52
8789 34
8790 34
8791 33
8792 26
8793 22
8794 22
8795 33
8796 32
8797 29
8798 40
8799 27
8800 34
8801 46
8802 47
8803 50
8804 47
8805 25
8806 37
8807 35
8808 34
8809 40
8810 24
8811 53
8812 35
8813 54
8814 45
8815 56
8816 33
8817 26
8818 53
8819 43
8820 22
8821 27
8822 38
8823 39
8824 36
8825 32
8826 21
8827 38
8828 27
8829 38
8830 31
8831 35
8832 38
8833 30
8834 31
8835 35
8836 26
8837 33
8838 45
8839 25
8840 30
8841 27
8842 29
8843 32
8844 32
8845 26
8846 27
8847 26
8848 33
8849 62
8850 35
8851 36
8852 39
8853 38
8854 42
8855 20
8856 28
8857 29
8858 64
8859 32
8860 24
8861 35
8862 31
8863 37
8864 25
8865 39
8866 53
8867 33
8868 51
8869 55
8870 46
8871 36
8872 37
8873 35
8874 33
8875 38
8876 29
8877 26
8878 35
8879 39
8880 25
8881 30
8882 25
8883 40
8884 41
8885 40
8886 41
8887 38
8888 43
8889 46
8890 61
8891 29
8892 34
8893 41
8894 39
8895 38
8896 28
8897 31
8898 59
8899 35
8900 46
8901 37
8902 34
8903 36
8904 34
8905 37
8906 25
8907 44
8908 34
8909 32
8910 30
8911 50
8912 51
8913 31
8914 39
8915 49
8916 27
8917 23
8918 38
8919 26
8920 42
8921 34
8922 57
8923 29
8924 45
8925 31
8926 30
8927 43
8928 33
8929 28
8930 17
8931 34
8932 26
8933 29
8934 37
8935 43
8936 58
8937 31
8938 37
8939 33
8940 35
8941 33
8942 35
8943 39
8944 39
8945 33
8946 26
8947 23
8948 28
8949 29
8950 32
8951 30
8952 31
8953 35
8954 38
8955 50
8956 33
8957 21
8958 63
8959 37
8960 43
8961 34
8962 34
8963 39
8964 31
8965 38
8966 40
8967 29
8968 36
8969 35
8970 32
8971 25
8972 16
8973 23
8974 34
8975 33
8976 33
8977 38
8978 74
8979 28
8980 45
8981 44
8982 22
8983 28
8984 32
8985 29
8986 29
8987 51
8988 54
8989 35
8990 43
8991 39
8992 49
8993 21
8994 37
8995 39
8996 41
8997 29
8998 36
8999 33
9000 37
9001 34
9002 40
9003 31
9004 49
9005 38
9006 28
9007 34
9008 23
9009 37
9010 17
9011 34
9012 41
9013 33
9014 39
9015 32
9016 24
9017 31
9018 36
9019 37
9020 28
9021 32
9022 38
9023 32
9024 32
9025 42
9026 36
9027 32
9028 26
9029 26
9030 29
9031 28
9032 37
9033 38
9034 34
9035 41
9036 64
9037 28
9038 27
9039 25
9040 31
9041 36
9042 34
9043 35
9044 32
9045 40
9046 36
9047 32
9048 38
9049 35
9050 31
9051 30
9052 26
9053 40
9054 38
9055 38
9056 30
9057 30
9058 30
9059 33
9060 23
9061 27
9062 42
9063 41
9064 33
9065 32
9066 37
9067 41
9068 35
9069 39
9070 39
9071 46
9072 53
9073 35
9074 38
9075 40
9076 41
9077 46
9078 27
9079 30
9080 43
9081 28
9082 59
9083 33
9084 29
9085 33
9086 37
9087 39
9088 29
9089 38
9090 35
9091 50
9092 25
9093 54
9094 29
9095 37
9096 38
9097 28
9098 31
9099 46
9100 44
9101 37
9102 23
9103 39
9104 26
9105 21
9106 33
9107 34
9108 38
9109 25
9110 24
9111 38
9112 33
9113 35
9114 32
9115 38
9116 28
9117 26
9118 30
9119 34
9120 35
9121 31
9122 29
9123 33
9124 38
9125 28
9126 29
9127 37
9128 28
9129 32
9130 35
9131 35
9132 32
9133 36
9134 33
9135 27
9136 31
9137 44
9138 50
9139 38
9140 24
9141 23
9142 32
9143 37
9144 34
9145 41
9146 42
9147 26
9148 25
9149 22
9150 33
9151 55
9152 28
9153 36
9154 31
9155 31
9156 34
9157 42
9158 23
9159 30
9160 22
9161 38
9162 43
9163 33
9164 20
9165 24
9166 31
9167 34
9168 30
9169 36
9170 36
9171 32
9172 35
9173 34
9174 29
9175 31
9176 34
9177 32
9178 26
9179 33
9180 33
9181 31
9182 30
9183 32
9184 47
9185 34
9186 35
9187 65
9188 44
9189 34
9190 31
9191 49
9192 26
9193 52
9194 26
9195 39
9196 31
9197 51
9198 36
9199 28
9200 22
9201 32
9202 32
9203 30
9204 47
9205 31
9206 27
9207 31
9208 27
9209 42
9210 40
9211 27
9212 28
9213 31
9214 23
9215 26
9216 49
9217 28
9218 39
9219 23
9220 32
9221 38
9222 40
9223 35
9224 31
9225 34
9226 33
9227 38
9228 39
9229 40
9230 29
9231 31
9232 39
9233 48
9234 52
9235 29
9236 46
9237 27
9238 52
9239 34
9240 34
9241 37
9242 26
9243 31
9244 23
9245 30
9246 52
9247 40
9248 26
9249 18
9250 36
9251 34
9252 40
9253 36
9254 31
9255 34
9256 31
9257 20
9258 32
9259 28
9260 30
9261 68
9262 28
9263 32
9264 36
9265 32
9266 28
9267 42
9268 52
9269 34
9270 27
9271 34
9272 43
9273 40
9274 25
9275 28
9276 40
9277 37
9278 29
9279 28
9280 59
9281 55
9282 28
9283 43
9284 41
9285 26
9286 28
9287 26
9288 23
9289 47
9290 34
9291 50
9292 44
9293 39
9294 35
9295 33
9296 44
9297 38
9298 37
9299 26
9300 43
9301 42
9302 34
9303 32
9304 48
9305 36
9306 38
9307 21
9308 35
9309 43
9310 30
9311 23
9312 30
9313 33
9314 20
9315 35
9316 29
9317 41
9318 29
9319 25
9320 31
9321 40
9322 35
9323 46
9324 64
9325 27
9326 40
9327 40
9328 28
9329 32
9330 36
9331 37
9332 47
9333 33
9334 35
9335 38
9336 32
9337 24
9338 28
9339 31
9340 32
9341 28
9342 37
9343 22
9344 46
9345 32
9346 35
9347 45
9348 34
9349 32
9350 37
9351 40
9352 38
9353 45
9354 29
9355 34
9356 26
9357 42
9358 38
9359 32
9360 30
9361 29
9362 37
9363 36
9364 44
9365 43
9366 25
9367 37
9368 28
9369 38
9370 53
9371 37
9372 47
9373 51
9374 38
9375 26
9376 20
9377 35
9378 39
9379 37
9380 39
9381 37
9382 43
9383 49
9384 30
9385 26
9386 43
9387 29
9388 32
9389 25
9390 35
9391 38
9392 36
9393 35
9394 26
9395 21
9396 40
9397 23
9398 37
9399 26
9400 29
9401 25
9402 43
9403 40
9404 33
9405 42
9406 25
9407 49
9408 44
9409 33
9410 35
9411 34
9412 35
9413 31
9414 32
9415 27
9416 22
9417 36
9418 30
9419 26
9420 40
9421 33
9422 25
9423 35
9424 32
9425 26
9426 31
9427 29
9428 29
9429 42
9430 34
9431 37
9432 43
9433 39
9434 36
9435 41
9436 46
9437 43
9438 42
9439 34
9440 55
9441 30
9442 45
9443 52
9444 26
9445 56
9446 57
9447 30
9448 39
9449 25
9450 49
9451 42
9452 28
9453 43
9454 41
9455 36
9456 59
9457 31
9458 43
9459 30
9460 22
9461 33
9462 25
9463 25
9464 32
9465 31
9466 33
9467 43
9468 60
9469 27
9470 33
9471 49
9472 36
9473 40
9474 30
9475 36
9476 50
9477 42
9478 32
9479 24
9480 37
9481 18
9482 35
9483 26
9484 68
9485 26
9486 24
9487 27
9488 25
9489 34
9490 39
9491 23
9492 38
9493 61
9494 20
9495 42
9496 26
9497 22
9498 39
9499 30
9500 58
9501 33
9502 23
9503 35
9504 31
9505 33
9506 49
9507 31
9508 51
9509 40
9510 33
9511 23
9512 49
9513 35
9514 26
9515 40
9516 37
9517 37
9518 35
9519 35
9520 34
9521 19
9522 26
9523 37
9524 27
9525 35
9526 37
9527 28
9528 47
9529 57
9530 48
9531 36
9532 22
9533 30
9534 28
9535 26
9536 20
9537 37
9538 40
9539 40
9540 20
9541 33
9542 31
9543 21
9544 39
9545 50
9546 37
9547 30
9548 25
9549 30
9550 30
9551 31
9552 26
9553 35
9554 34
9555 32
9556 45
9557 26
9558 32
9559 42
9560 23
9561 42
9562 28
9563 34
9564 26
9565 42
9566 31
9567 47
9568 28
9569 42
9570 33
9571 24
9572 22
9573 56
9574 45
9575 30
9576 22
9577 46
9578 39
9579 65
9580 52
9581 19
9582 37
9583 40
9584 36
9585 44
9586 33
9587 41
9588 23
9589 39
9590 33
9591 33
9592 25
9593 25
9594 36
9595 30
9596 26
9597 34
9598 34
9599 30
9600 35
9601 58
9602 34
9603 30
9604 31
9605 30
9606 33
9607 37
9608 25
9609 39
9610 39
9611 22
9612 35
9613 31
9614 31
9615 28
9616 40
9617 32
9618 48
9619 53
9620 26
9621 27
9622 42
9623 34
9624 33
9625 40
9626 33
9627 42
9628 41
9629 28
9630 30
9631 32
9632 39
9633 23
9634 22
9635 26
9636 34
9637 39
9638 29
9639 23
9640 26
9641 53
9642 31
9643 28
9644 31
9645 35
9646 40
9647 39
9648 35
9649 44
9650 31
9651 44
9652 35
9653 30
9654 38
9655 52
9656 29
9657 34
9658 53
9659 23
9660 27
9661 44
9662 29
9663 38
9664 39
9665 24
9666 31
9667 22
9668 38
9669 45
9670 42
9671 46
9672 45
9673 68
9674 40
9675 45
9676 44
9677 39
9678 46
9679 54
9680 26
9681 31
9682 36
9683 44
9684 35
9685 24
9686 29
9687 22
9688 39
9689 32
9690 32
9691 32
9692 29
9693 31
9694 40
9695 44
9696 38
9697 37
9698 31
9699 33
9700 41
9701 26
9702 40
9703 29
9704 23
9705 38
9706 33
9707 26
9708 23
9709 33
9710 39
9711 56
9712 33
9713 41
9714 43
9715 38
9716 46
9717 42
9718 43
9719 35
9720 40
9721 50
9722 44
9723 36
9724 29
9725 50
9726 50
9727 34
9728 32
9729 28
9730 47
9731 52
9732 31
9733 44
9734 25
9735 45
9736 32
9737 30
9738 33
9739 40
9740 20
9741 27
9742 26
9743 23
9744 33
9745 32
9746 42
9747 46
9748 26
9749 38
9750 38
9751 35
9752 34
9753 42
9754 25
9755 32
9756 25
9757 33
9758 31
9759 27
9760 34
9761 25
9762 42
9763 37
9764 34
9765 28
9766 40
9767 35
9768 30
9769 31
9770 56
9771 41
9772 36
9773 36
9774 61
9775 50
9776 39
9777 23
9778 34
9779 28
9780 52
9781 26
9782 32
9783 27
9784 32
9785 23
9786 36
9787 35
9788 44
9789 26
9790 30
9791 48
9792 25
9793 30
9794 45
9795 36
9796 32
9797 22
9798 42
9799 20
9800 43
9801 35
9802 33
9803 38
9804 25
9805 41
9806 37
9807 29
9808 35
9809 36
9810 32
9811 36
9812 31
9813 45
9814 44
9815 28
9816 33
9817 25
9818 25
9819 23
9820 37
9821 36
9822 40
9823 22
9824 37
9825 44
9826 55
9827 59
9828 35
9829 39
9830 37
9831 37
9832 23
9833 39
9834 35
9835 26
9836 33
9837 43
9838 26
9839 42
9840 30
9841 25
9842 28
9843 32
9844 57
9845 29
9846 35
9847 35
9848 34
9849 28
9850 23
9851 46
9852 17
9853 24
9854 31
9855 31
9856 40
9857 30
9858 38
9859 34
9860 31
9861 29
9862 42
9863 24
9864 37
9865 24
9866 33
9867 40
9868 58
9869 38
9870 55
9871 64
9872 49
9873 38
9874 36
9875 32
9876 34
9877 40
9878 30
9879 28
9880 46
9881 36
9882 23
9883 23
9884 28
9885 35
9886 41
9887 32
9888 36
9889 38
9890 27
9891 36
9892 48
9893 35
9894 33
9895 34
9896 23
9897 38
9898 36
9899 41
9900 60
9901 26
9902 43
9903 39
9904 39
9905 31
9906 31
9907 31
9908 33
9909 31
9910 32
9911 32
9912 25
9913 32
9914 22
9915 46
9916 33
9917 28
9918 35
9919 32
9920 34
9921 28
9922 30
9923 40
9924 36
9925 32
9926 40
9927 23
9928 40
9929 35
9930 39
9931 33
9932 45
9933 31
9934 26
9935 34
9936 36
9937 44
9938 28
9939 32
9940 32
9941 32
9942 36
9943 40
9944 47
9945 47
9946 29
9947 56
9948 31
9949 49
9950 40
9951 25
9952 60
9953 27
9954 25
9955 64
9956 23
9957 29
9958 43
9959 39
9960 33
9961 39
9962 36
9963 28
9964 33
9965 40
9966 34
9967 32
9968 27
9969 38
9970 32
9971 36
9972 38
9973 30
9974 49
9975 30
9976 33
9977 43
9978 27
9979 22
9980 29
9981 28
9982 23
9983 27
9984 26
9985 37
9986 57
9987 26
9988 43
9989 44
9990 20
9991 30
9992 30
9993 28
9994 30
9995 32
9996 29
9997 29
9998 67
9999 26
10000 33
10001 24
10002 37
10003 36
10004 31
10005 28
10006 29
10007 29
10008 38
10009 28
10010 32
10011 38
10012 28
10013 47
10014 36
10015 24
10016 29
10017 30
10018 39
10019 35
10020 36
10021 28
10022 47
10023 34
10024 32
10025 34
10026 28
10027 28
10028 39
10029 35
10030 39
10031 32
10032 37
10033 21
10034 34
10035 31
10036 48
10037 37
10038 29
10039 16
10040 36
10041 35
10042 31
10043 30
10044 32
10045 34
10046 30
10047 25
10048 34
10049 23
10050 35
10051 27
10052 19
10053 29
10054 33
10055 27
10056 22
10057 33
10058 32
10059 43
10060 41
10061 34
10062 37
10063 49
10064 35
10065 37
10066 34
10067 56
10068 21
10069 34
10070 47
10071 51
10072 46
10073 54
10074 26
10075 24
10076 30
10077 32
10078 39
10079 31
10080 31
10081 48
10082 41
10083 26
10084 39
10085 25
10086 26
10087 27
10088 31
10089 27
10090 36
10091 48
10092 23
10093 46
10094 30
10095 20
10096 33
10097 32
10098 28
10099 28
