100 28
101 15
102 14
103 24
104 8
105 12
106 10
107 18
108 18
109 19
110 14
111 11
112 12
113 11
114 8
115 10
116 12
117 15
118 12
119 16
120 12
121 11
122 9
123 8
124 7
125 8
126 13
127 16
128 25
129 29
130 8
131 8
132 12
133 16
134 8
135 12
136 14
137 10
138 14
139 12
140 12
141 14
142 8
143 12
144 12
145 18
146 14
147 12
148 10
149 8
150 16
151 14
152 4
153 14
154 8
155 16
156 18
157 8
158 10
159 4
160 12
161 12
162 10
163 16
164 12
165 12
166 12
167 11
168 14
169 12
170 6
171 12
172 14
173 14
174 14
175 12
176 20
177 12
178 10
179 16
180 14
181 14
182 12
184 12
186 5
183 16
185 18
187 14
188 12
189 14
190 14
191 16
192 14
193 10
194 18
195 14
196 14
197 14
198 18
199 12
200 10
201 14
202 14
203 14
204 14
205 14
206 14
207 14
208 14
209 12
210 14
211 18
212 14
213 14
214 16
215 14
216 13
217 14
218 14
219 7
220 14
221 8
222 14
223 16
224 10
225 16
226 18
227 10
228 14
229 10
230 14
231 12
232 10
233 12
234 10
235 10
236 12
237 10
238 18
239 14
240 12
241 10
242 14
243 16
244 8
245 18
246 12
247 12
248 18
249 8
250 16
251 15
252 14
253 7
254 16
255 16
256 18
257 12
258 14
259 12
260 8
261 14
262 12
263 8
264 4
265 10
266 12
267 14
268 18
269 10
270 10
271 14
272 11
273 16
274 16
275 12
276 13
277 10
278 14
280 10
281 12
283 14
284 8
279 20
282 20
285 14
286 16
287 16
288 12
289 12
290 14
291 14
292 16
293 16
294 16
295 14
296 18
297 10
298 8
299 18
300 14
301 14
302 14
303 12
304 10
305 10
306 16
307 14
308 14
309 14
310 20
311 10
312 14
313 14
314 16
315 18
316 18
317 12
318 12
319 16
320 10
321 14
322 16
323 10
324 12
325 12
326 18
327 12
328 14
329 16
330 8
331 12
332 10
333 16
334 12
335 12
336 16
337 14
338 16
339 14
340 16
341 18
342 12
343 14
344 14
345 14
346 16
347 16
348 12
349 12
350 13
351 16
352 11
353 10
354 16
355 16
356 14
357 14
358 12
359 18
360 16
361 14
362 18
363 13
364 12
365 14
366 18
367 20
368 20
369 18
370 10
371 14
372 18
373 14
374 14
375 14
376 12
377 16
378 14
379 16
380 10
381 14
386 10
382 18
383 16
384 16
385 14
387 18
388 12
389 12
390 12
391 18
392 18
393 10
394 18
395 16
396 14
397 14
398 14
399 14
400 18
401 14
402 20
403 16
404 14
405 14
406 16
407 16
408 8
409 10
410 12
411 12
412 12
413 16
414 22
415 14
416 12
417 14
418 11
419 7
420 5
421 16
422 12
423 16
424 16
425 10
426 16
427 16
428 16
429 14
430 12
431 10
432 16
433 20
434 14
435 14
436 16
437 10
438 14
439 16
440 12
441 16
442 16
443 16
444 12
445 16
446 18
447 14
448 12
449 16
450 18
451 14
452 16
453 14
454 16
455 14
456 11
457 12
458 16
459 10
460 24
461 10
462 12
463 12
464 10
465 12
466 16
467 18
468 14
469 20
470 16
471 14
472 12
473 14
474 20
475 14
476 10
477 12
478 16
479 12
480 12
481 10
482 16
484 12
486 10
483 16
485 14
487 12
488 14
489 12
490 11
491 14
492 14
493 14
494 16
495 20
496 12
497 20
498 18
499 18
500 20
501 18
502 16
503 14
504 18
505 10
506 12
507 10
508 12
509 18
510 14
511 14
512 12
513 18
514 16
515 12
516 16
517 16
518 18
519 16
520 12
521 12
522 11
523 9
524 18
525 20
526 20
527 18
528 16
529 20
530 16
531 20
532 12
533 14
534 16
535 18
536 18
537 16
538 10
539 10
540 12
541 14
542 14
543 14
544 12
545 16
546 14
547 12
548 12
549 18
550 14
551 18
552 14
553 12
554 16
555 14
556 10
557 14
558 12
559 5
560 16
561 14
562 14
563 14
564 14
565 15
566 10
567 16
568 20
569 16
570 18
571 16
572 18
573 18
574 6
575 18
576 12
577 16
578 12
579 14
580 14
582 16
581 18
583 16
584 18
585 14
586 14
587 16
588 14
589 16
590 16
591 16
592 18
593 18
594 12
595 16
596 16
597 18
598 16
599 14
600 22
601 16
602 16
603 11
604 16
605 22
606 12
607 18
608 18
609 11
610 16
611 18
612 14
613 14
614 14
615 16
616 14
617 20
618 12
619 16
620 16
621 18
622 18
623 14
624 14
625 12
626 10
627 16
628 14
629 12
630 10
631 10
632 12
633 18
634 14
635 12
636 12
637 16
638 18
639 14
640 12
641 20
642 20
643 18
644 14
645 10
646 16
647 11
648 16
649 12
650 16
651 22
652 16
653 12
654 14
655 12
656 12
657 20
658 18
659 16
660 17
661 14
662 18
663 14
664 14
665 20
666 12
667 14
668 18
669 14
670 16
671 16
672 16
673 12
674 14
675 12
676 10
677 10
678 12
679 12
680 14
681 8
683 10
682 20
684 16
685 16
686 14
687 20
688 18
689 18
690 18
691 20
692 14
693 20
694 16
695 18
696 12
697 14
698 14
699 16
700 12
701 10
702 14
703 18
704 14
705 12
706 14
707 12
708 16
709 12
710 14
711 14
712 18
713 16
714 14
715 14
716 18
717 20
718 12
719 18
720 20
721 16
722 20
723 20
724 16
725 16
726 14
727 16
728 18
729 16
730 16
731 18
732 18
733 10
734 16
735 18
736 14
737 14
738 20
739 18
740 14
741 18
742 14
743 16
744 16
745 20
746 12
747 16
748 14
749 16
750 10
751 10
752 6
753 12
754 10
755 16
756 8
757 12
758 22
759 16
760 18
761 14
762 14
763 16
764 16
765 20
766 12
767 18
768 14
769 24
770 13
771 12
772 16
773 16
774 16
775 18
776 18
777 18
778 18
779 9
780 12
781 14
782 16
783 10
784 10
786 10
788 4
785 16
787 18
789 14
790 16
791 14
792 10
793 14
794 14
795 20
796 14
797 16
798 16
799 16
800 18
801 14
802 11
803 18
804 18
805 14
806 14
807 18
808 10
809 12
810 22
811 20
812 14
813 14
814 14
815 14
816 12
817 14
818 16
819 10
820 14
821 10
822 22
823 14
824 14
825 16
826 20
827 14
828 12
829 10
830 16
831 16
832 16
833 6
834 14
835 14
836 14
837 16
838 16
839 18
840 16
841 16
842 14
843 14
844 16
845 12
846 22
847 12
848 18
849 18
850 18
851 20
852 18
853 12
854 14
855 18
856 16
857 14
858 14
859 16
860 20
861 18
862 14
863 12
864 12
865 14
866 12
867 20
868 14
869 20
870 16
871 16
872 14
873 14
874 18
875 16
876 22
877 16
879 14
880 16
884 10
878 22
881 18
882 18
883 18
885 16
886 14
887 16
888 18
889 16
890 10
891 20
892 14
893 14
894 14
895 12
896 18
897 16
898 14
899 18
900 4
901 18
902 14
903 20
904 14
905 18
906 13
907 12
908 20
909 16
910 14
911 20
912 16
913 14
914 16
915 18
916 12
917 18
918 20
919 16
920 10
921 10
922 16
923 12
924 16
925 14
926 18
927 20
928 10
929 14
930 9
931 14
932 14
933 12
934 14
935 14
936 16
937 18
938 18
939 16
940 16
941 18
942 14
943 18
944 18
945 12
946 16
947 14
948 20
949 22
950 16
951 16
952 16
953 20
954 16
955 16
956 20
957 16
958 14
959 6
960 20
961 20
962 14
963 18
964 12
965 16
966 7
967 14
968 16
969 12
970 14
971 20
972 16
973 14
974 16
975 16
976 14
977 14
978 12
979 14
980 14
981 16
982 14
984 12
983 16
985 16
986 20
987 16
988 20
989 16
990 18
991 20
992 16
993 16
994 16
995 16
996 12
997 18
998 18
999 14
1000 16
1001 16
1002 18
1003 10
1004 16
1005 16
1006 14
1007 14
1008 14
1009 16
1010 18
1011 14
1012 18
1013 16
1014 10
1015 16
1016 16
1017 16
1018 16
1019 16
1020 16
1021 10
1022 18
1023 12
1024 14
1025 18
1026 16
1027 12
1028 18
1029 14
1030 15
1031 12
1032 18
1033 14
1034 18
1035 14
1036 12
1037 14
1038 22
1039 14
1040 18
1041 12
1042 18
1043 14
1044 20
1045 22
1046 16
1047 14
1048 16
1049 20
1050 16
1051 12
1052 16
1053 14
1054 16
1055 16
1056 16
1057 12
1058 14
1059 14
1060 14
1061 10
1062 14
1063 16
1064 12
1065 18
1066 16
1067 14
1068 16
1069 16
1070 18
1071 16
1072 14
1073 14
1074 18
1075 18
1076 16
1077 16
1078 12
1079 14
1084 12
1086 12
1080 20
1081 22
1082 18
1083 16
1085 14
1087 14
1088 14
1089 12
1090 18
1091 16
1092 14
1093 12
1094 18
1095 14
1096 14
1097 20
1098 18
1099 12
1100 26
1101 18
1102 20
1103 10
1104 18
1105 18
1106 14
1107 16
1108 16
1109 20
1110 18
1111 18
1112 16
1113 18
1114 18
1115 10
1116 12
1117 16
1118 16
1119 10
1120 16
1121 20
1122 20
1123 14
1124 18
1125 12
1126 12
1127 12
1128 14
1129 14
1130 12
1131 14
1132 14
1133 16
1134 16
1135 16
1136 20
1137 18
1138 18
1139 16
1140 8
1141 16
1142 18
1143 10
1144 18
1145 22
1146 20
1147 16
1148 16
1149 20
1150 18
1151 24
1152 10
1153 16
1154 16
1155 16
1156 12
1157 12
1158 14
1159 12
1160 18
1161 16
1162 14
1163 14
1164 16
1165 16
1166 20
1167 20
1168 18
1169 16
1170 16
1171 14
1172 12
1173 12
1174 12
1175 14
1176 14
1177 14
1178 20
1179 14
1180 18
1181 16
1182 12
1183 18
1184 16
1185 16
1186 16
1187 18
1188 12
1189 18
1190 20
1191 16
1192 10
1193 20
1194 16
1195 10
1196 22
1197 18
1198 12
1199 14
1200 14
1201 18
1202 14
1203 18
1204 18
1205 20
1206 14
1207 12
1208 20
1209 14
1210 10
1211 16
1212 20
1213 14
1214 14
1215 20
1216 16
1217 18
1218 16
1219 14
1220 10
1221 14
1222 16
1223 18
1224 12
1225 16
1226 18
1227 18
1228 18
1229 16
1230 14
1231 16
1232 16
1233 20
1234 14
1235 16
1236 4
1237 16
1238 16
1239 16
1240 16
1241 14
1242 12
1243 9
1244 16
1245 12
1246 20
1247 10
1248 14
1249 16
1250 20
1251 14
1252 16
1253 12
1254 18
1255 14
1256 18
1257 14
1258 22
1259 18
1260 22
1261 12
1262 14
1263 12
1264 14
1265 20
1266 16
1267 20
1268 14
1269 18
1270 16
1271 16
1272 16
1273 16
1274 18
1275 16
1276 6
1277 18
1278 16
1279 16
1280 16
1282 16
1283 14
1285 12
1281 20
1284 20
1286 15
1287 18
1288 16
1289 16
1290 14
1291 18
1292 14
1293 16
1294 20
1295 22
1296 8
1297 14
1298 18
1299 14
1300 16
1301 18
1302 16
1303 18
1304 16
1305 14
1306 14
1307 12
1308 16
1309 18
1310 18
1311 16
1312 16
1313 16
1314 14
1315 18
1316 22
1317 18
1318 16
1319 12
1320 20
1321 16
1322 20
1323 18
1324 14
1325 18
1326 8
1327 18
1328 20
1329 22
1330 18
1331 16
1332 20
1333 14
1334 16
1335 20
1336 10
1337 8
1338 14
1339 22
1340 14
1341 18
1342 12
1343 14
1344 16
1345 14
1346 18
1347 16
1348 16
1349 20
1350 14
1351 18
1352 16
1353 16
1354 20
1355 12
1356 16
1357 18
1358 16
1359 18
1360 12
1361 20
1362 18
1363 12
1364 16
1365 14
1366 18
1367 14
1368 18
1369 16
1370 16
1371 20
1372 16
1373 18
1374 16
1375 16
1376 16
1377 16
1378 16
1379 16
1380 16
1381 16
1382 16
1383 14
1384 12
1385 8
1386 20
1387 18
1388 20
1389 16
1390 16
1391 20
1392 18
1393 16
1394 18
1395 18
1396 14
1397 20
1398 14
1399 20
1400 18
1401 16
1402 18
1403 16
1404 18
1405 12
1406 12
1407 12
1408 12
1409 12
1410 16
1411 16
1412 18
1413 16
1414 14
1415 12
1416 16
1417 22
1418 20
1419 12
1420 16
1421 24
1422 14
1423 16
1424 20
1425 20
1426 18
1427 20
1428 22
1429 16
1430 16
1431 12
1432 20
1433 14
1434 8
1435 16
1436 14
1437 18
1438 16
1439 10
1440 14
1441 18
1442 18
1443 18
1444 24
1445 16
1446 14
1447 14
1448 20
1449 14
1450 16
1451 14
1452 14
1453 16
1454 16
1455 16
1456 20
1457 16
1458 22
1459 16
1460 22
1461 18
1462 14
1463 18
1464 14
1465 24
1466 16
1467 14
1468 10
1469 14
1470 18
1471 16
1472 8
1473 18
1474 20
1475 16
1476 12
1477 14
1478 14
1479 18
1480 16
1481 14
1482 14
1484 14
1483 16
1485 14
1486 20
1487 18
1488 18
1489 20
1490 20
1491 18
1492 18
1493 12
1494 18
1495 22
1496 22
1497 18
1498 16
1499 20
1500 20
1501 18
1502 16
1503 18
1504 16
1505 16
1506 18
1507 20
1508 12
1509 10
1510 14
1511 20
1512 14
1513 12
1514 18
1515 12
1516 18
1517 12
1518 16
1519 12
1520 16
1521 12
1522 18
1523 24
1524 14
1525 18
1526 15
1527 16
1528 16
1529 13
1530 14
1531 18
1532 22
1533 16
1534 18
1535 16
1536 18
1537 22
1538 16
1539 18
1540 12
1541 18
1542 14
1543 16
1544 12
1545 16
1546 16
1547 10
1548 18
1549 12
1550 8
1551 20
1552 16
1553 18
1554 20
1555 20
1556 12
1557 22
1558 18
1559 14
1560 18
1561 18
1562 10
1563 14
1564 22
1565 20
1566 16
1567 14
1568 14
1569 20
1570 16
1571 16
1572 16
1573 16
1574 20
1575 12
1576 16
1578 14
1579 14
1580 10
1584 14
1585 12
1591 7
1577 24
1581 20
1582 18
1583 16
1586 14
1587 16
1588 18
1589 14
1590 16
1592 18
1593 18
1594 14
1595 18
1596 12
1597 12
1598 16
1599 20
1600 14
1601 12
1602 16
1603 18
1604 12
1605 20
1606 20
1607 12
1608 16
1609 12
1610 14
1611 14
1612 12
1613 18
1614 18
1615 14
1616 18
1617 20
1618 14
1619 18
1620 20
1621 16
1622 16
1623 18
1624 8
1625 18
1626 20
1627 20
1628 16
1629 14
1630 22
1631 14
1632 16
1633 18
1634 14
1635 18
1636 10
1637 16
1638 22
1639 16
1640 12
1641 16
1642 14
1643 16
1644 16
1645 18
1646 12
1647 18
1648 8
1649 12
1650 16
1651 22
1652 14
1653 12
1654 16
1655 12
1656 20
1657 20
1658 18
1659 16
1660 18
1661 14
1662 12
1663 20
1664 16
1665 12
1666 20
1667 20
1668 20
1669 16
1670 12
1671 22
1672 20
1673 24
1674 18
1675 14
1676 20
1677 14
1678 12
1679 12
1680 16
1681 16
1683 14
1684 14
1682 20
1685 20
1686 18
1687 16
1688 18
1689 16
1690 11
1691 10
1692 20
1693 14
1694 18
1695 14
1696 18
1697 16
1698 14
1699 16
1700 18
1701 20
1702 12
1703 22
1704 20
1705 16
1706 20
1707 12
1708 14
1709 18
1710 18
1711 14
1712 14
1713 16
1714 14
1715 14
1716 12
1717 16
1718 22
1719 20
1720 20
1721 20
1722 16
1723 12
1724 20
1725 10
1726 18
1727 12
1728 24
1729 16
1730 16
1731 18
1732 18
1733 12
1734 12
1735 12
1736 14
1737 18
1738 16
1739 22
1740 18
1741 22
1742 14
1743 16
1744 18
1745 20
1746 20
1747 16
1748 18
1749 12
1750 12
1751 15
1752 16
1753 18
1754 16
1755 16
1756 18
1757 20
1758 24
1759 18
1760 18
1761 10
1762 18
1763 12
1764 14
1765 12
1766 16
1767 12
1768 18
1769 8
1770 18
1771 20
1772 16
1773 22
1774 16
1775 18
1776 14
1777 16
1778 18
1779 22
1781 20
1782 18
1783 20
1784 16
1785 14
1786 18
1787 20
1788 18
1789 18
1790 16
1791 18
1792 15
1793 16
1794 16
1795 16
1796 14
1797 18
1798 20
1799 14
1800 16
1801 11
1802 20
1803 22
1804 12
1805 16
1806 18
1807 20
1808 14
1809 20
1810 16
1811 10
1812 18
1813 20
1814 20
1815 12
1816 16
1817 18
1818 18
1819 14
1820 22
1821 18
1822 18
1823 12
1824 18
1825 14
1826 18
1827 14
1828 16
1829 16
1830 14
1831 22
1832 20
1833 14
1834 20
1835 14
1836 12
1837 14
1838 14
1839 18
1840 20
1841 14
1842 16
1843 16
1844 20
1845 18
1846 16
1847 14
1848 18
1849 20
1850 18
1851 16
1852 16
1853 14
1854 16
1855 18
1856 16
1857 11
1858 10
1859 22
1860 16
1861 18
1862 18
1863 16
1864 16
1865 18
1866 14
1867 16
1868 16
1869 18
1870 18
1871 18
1872 14
1873 18
1874 20
1875 16
1876 22
1877 16
1879 14
1880 18
1878 22
1881 22
1882 18
1883 18
1884 20
1885 18
1886 14
1887 18
1888 16
1889 16
1890 10
1891 18
1892 20
1893 12
1894 20
1895 10
1896 16
1897 22
1898 16
1899 18
1900 14
1901 12
1902 14
1903 20
1904 22
1905 22
1906 12
1907 22
1908 14
1909 14
1910 22
1911 16
1912 18
1913 14
1914 22
1915 18
1916 16
1917 10
1918 18
1919 16
1920 6
1921 22
1922 16
1923 16
1924 16
1925 18
1926 18
1927 20
1928 16
1929 14
1930 20
1931 24
1932 18
1933 20
1934 18
1935 16
1936 22
1937 18
1938 12
1939 14
1940 12
1941 18
1942 10
1943 20
1944 16
1945 16
1946 16
1947 20
1948 16
1949 12
1950 16
1951 18
1952 12
1953 12
1954 16
1955 6
1956 10
1957 14
1958 24
1959 18
1960 10
1961 16
1962 16
1963 24
1964 22
1965 20
1966 16
1967 18
1968 18
1969 16
1970 12
1971 20
1972 20
1973 14
1974 18
1975 18
1976 20
1977 14
1978 18
1980 18
1981 16
1982 14
1983 10
1780 231
1979 22
1984 16
1985 20
1986 16
1987 18
1988 22
1989 18
1990 16
1991 18
1992 18
1993 16
1994 20
1995 22
1996 10
1997 18
1998 14
1999 14
2000 18
2001 18
2002 14
2003 20
2004 18
2005 10
2006 16
2007 20
2008 14
2009 18
2010 12
2011 8
2012 22
2013 18
2014 10
2015 18
2016 18
2017 12
2018 14
2019 22
2020 18
2021 16
2022 22
2023 16
2024 16
2025 18
2026 14
2027 20
2028 18
2029 18
2030 14
2031 12
2032 16
2033 20
2034 14
2035 12
2036 20
2037 16
2038 14
2039 20
2040 24
2041 16
2042 20
2043 22
2044 22
2045 20
2046 22
2047 14
2048 14
2049 20
2050 22
2051 10
2052 8
2053 12
2054 16
2055 20
2056 18
2057 18
2058 18
2059 20
2060 16
2061 14
2062 18
2063 14
2064 14
2065 14
2066 18
2067 14
2068 12
2069 16
2070 16
2071 18
2072 16
2073 14
2074 16
2075 16
2077 14
2078 14
2079 16
2080 18
2081 16
2082 8
2083 12
2076 23
2084 18
2085 18
2086 14
2087 18
2088 16
2089 14
2090 20
2091 14
2092 18
2093 20
2094 22
2095 20
2096 20
2097 18
2098 14
2099 18
2100 20
2101 12
2102 16
2103 20
2104 24
2105 18
2106 12
2107 16
2108 22
2109 18
2110 18
2111 14
2112 12
2113 20
2114 16
2115 18
2116 20
2117 20
2118 14
2119 16
2120 20
2121 12
2122 16
2123 14
2124 14
2125 13
2126 16
2127 20
2128 22
2129 14
2130 22
2131 16
2132 12
2133 14
2134 12
2135 14
2136 18
2137 18
2138 22
2139 20
2140 14
2141 22
2142 14
2143 18
2144 18
2145 18
2146 22
2147 12
2148 20
2149 18
2150 16
2151 18
2152 14
2153 18
2154 16
2155 16
2156 20
2157 16
2158 20
2159 14
2160 16
2161 20
2162 20
2163 18
2164 16
2165 14
2166 18
2167 16
2168 18
2169 18
2170 12
2171 14
2172 18
2173 12
2174 20
2175 14
2176 14
2178 14
2180 16
2177 22
2179 20
2181 20
2182 18
2183 16
2184 18
2185 16
2186 14
2187 20
2188 18
2189 16
2190 24
2191 16
2192 18
2193 12
2194 12
2195 16
2196 14
2197 16
2198 22
2199 16
2200 16
2201 16
2202 16
2203 22
2204 12
2205 20
2206 18
2207 22
2208 8
2209 16
2210 18
2211 12
2212 20
2213 22
2214 20
2215 12
2216 16
2217 16
2218 16
2219 16
2220 20
2221 16
2222 20
2223 14
2224 20
2225 22
2226 16
2227 18
2228 18
2229 18
2230 22
2231 14
2232 14
2233 14
2234 12
2235 18
2236 14
2237 18
2238 16
2239 12
2240 18
2241 16
2242 14
2243 14
2244 16
2245 18
2246 17
2247 20
2248 20
2249 18
2250 14
2251 20
2252 18
2253 20
2254 16
2255 14
2256 14
2257 14
2258 16
2259 14
2260 30
2261 12
2262 20
2263 16
2264 20
2265 18
2266 18
2267 16
2268 10
2269 16
2270 10
2271 12
2272 20
2273 16
2274 14
2275 14
2276 18
2277 20
2278 16
2279 16
2282 16
2283 12
2284 10
2280 20
2281 18
2285 20
2286 20
2287 20
2288 16
2289 34
2290 18
2291 16
2292 16
2293 16
2294 18
2295 16
2296 14
2297 20
2298 24
2299 14
2300 12
2301 20
2302 12
2303 20
2304 14
2305 14
2306 12
2307 14
2308 18
2309 16
2310 16
2311 14
2312 14
2313 16
2314 10
2315 10
2316 22
2317 14
2318 18
2319 18
2320 14
2321 22
2322 16
2323 12
2324 12
2325 18
2326 18
2327 16
2328 14
2329 14
2330 8
2331 20
2332 26
2333 14
2334 18
2335 14
2336 16
2337 22
2338 18
2339 14
2340 20
2341 14
2342 14
2343 20
2344 16
2345 20
2346 18
2347 16
2348 12
2349 18
2350 18
2351 14
2352 18
2353 16
2354 14
2355 20
2356 18
2357 22
2358 16
2359 12
2360 18
2361 22
2362 18
2363 14
2364 14
2365 18
2366 20
2367 20
2368 14
2369 22
2370 16
2371 12
2372 22
2373 22
2374 12
2375 18
2376 22
2377 14
2378 14
2379 16
2380 16
2382 16
2381 18
2383 16
2384 16
2385 16
2386 14
2387 16
2388 20
2389 12
2390 13
2391 12
2392 22
2393 16
2394 18
2395 16
2396 18
2397 34
2398 14
2399 20
2400 16
2401 18
2402 18
2403 20
2404 18
2405 16
2406 12
2407 20
2408 14
2409 30
2410 18
2411 12
2412 18
2413 24
2414 20
2415 12
2416 22
2417 11
2418 14
2419 18
2420 18
2421 18
2422 18
2423 36
2424 16
2425 34
2426 14
2427 12
2428 20
2429 14
2430 22
2431 16
2432 10
2433 18
2434 16
2435 20
2436 14
2437 18
2438 18
2439 18
2440 16
2441 14
2442 12
2443 18
2444 14
2445 20
2446 8
2447 18
2448 20
2449 26
2450 20
2451 20
2452 16
2453 18
2454 18
2455 14
2456 16
2457 18
2458 22
2459 26
2460 10
2461 18
2462 18
2463 20
2464 18
2465 14
2466 16
2467 14
2468 16
2469 14
2470 18
2471 18
2472 18
2473 16
2474 12
2475 18
2476 20
2477 18
2478 14
2482 16
2484 12
2479 20
2480 24
2481 22
2483 18
2485 14
2486 16
2487 22
2488 20
2489 20
2490 12
2491 14
2492 18
2493 15
2494 22
2495 16
2496 20
2497 22
2498 18
2499 22
2500 18
2501 16
2502 18
2503 18
2504 16
2505 18
2506 20
2507 14
2508 18
2509 24
2510 16
2511 16
2512 30
2513 20
2514 14
2515 22
2516 16
2517 20
2518 14
2519 10
2520 20
2521 6
2522 18
2523 18
2524 26
2525 14
2526 18
2527 22
2528 16
2529 18
2530 16
2531 20
2532 16
2533 8
2534 18
2535 12
2536 14
2537 16
2538 22
2539 14
2540 18
2541 14
2542 16
2543 22
2544 16
2545 12
2546 24
2547 20
2548 16
2549 18
2550 16
2551 16
2552 14
2553 7
2554 14
2555 18
2556 20
2557 22
2558 16
2559 16
2560 18
2561 14
2562 16
2563 18
2564 20
2565 14
2566 11
2567 18
2568 14
2569 20
2570 20
2571 8
2572 12
2573 16
2574 24
2575 12
2576 8
2577 14
2578 20
2580 14
2581 14
2582 16
2579 24
2583 16
2584 16
2585 16
2586 16
2587 18
2588 26
2589 14
2590 22
2591 16
2592 22
2593 14
2594 14
2595 16
2596 18
2597 20
2598 20
2599 14
2600 16
2601 20
2602 18
2603 16
2604 16
2605 26
2606 16
2607 22
2608 16
2609 18
2610 38
2611 18
2612 18
2613 14
2614 20
2615 18
2616 20
2617 16
2618 14
2619 20
2620 9
2621 18
2622 16
2623 16
2624 14
2626 16
2627 12
2628 18
2629 14
2630 10
2631 24
2632 18
2633 14
2634 18
2635 18
2636 16
2637 16
2638 14
2639 14
2640 14
2641 14
2642 22
2643 20
2644 12
2645 14
2646 16
2647 14
2648 24
2649 30
2650 16
2651 14
2652 28
2653 12
2654 18
2655 16
2656 14
2657 16
2658 18
2659 16
2660 18
2661 18
2662 14
2663 14
2664 20
2665 12
2666 18
2667 8
2668 16
2669 18
2670 20
2671 20
2673 16
2674 12
2675 16
2676 18
2677 18
2678 18
2679 4
2681 16
2625 88
2672 32
2680 23
2682 18
2683 34
2684 20
2685 18
2686 20
2687 24
2688 22
2689 18
2690 10
2691 18
2692 22
2693 14
2694 18
2695 16
2696 14
2697 22
2698 20
2699 34
2700 16
2701 14
2702 20
2703 18
2704 22
2705 16
2706 28
2707 18
2708 18
2709 16
2710 18
2711 16
2712 22
2713 14
2714 14
2715 20
2716 20
2717 18
2718 10
2719 12
2720 18
2721 12
2722 22
2723 14
2724 18
2725 14
2726 14
2727 12
2728 18
2729 20
2730 24
2731 20
2732 20
2733 18
2734 20
2735 28
2736 30
2737 14
2738 16
2739 11
2740 20
2741 14
2742 16
2743 14
2744 14
2745 14
2746 16
2747 12
2748 16
2749 34
2750 22
2751 34
2752 18
2753 18
2754 14
2755 14
2756 20
2757 16
2758 12
2759 16
2760 16
2761 26
2762 20
2763 16
2764 10
2765 14
2766 28
2767 24
2768 18
2769 20
2770 16
2771 20
2772 18
2773 20
2774 16
2775 18
2776 16
2778 20
2780 16
2781 10
2782 16
2786 12
2777 22
2779 24
2783 20
2784 16
2785 22
2787 22
2788 12
2789 20
2790 20
2791 14
2792 18
2793 16
2794 18
2795 14
2796 18
2797 30
2798 26
2799 16
2800 24
2801 6
2802 16
2803 18
2804 20
2805 20
2806 32
2807 14
2808 16
2809 20
2810 18
2811 16
2812 12
2813 12
2814 36
2815 16
2816 16
2817 16
2818 12
2819 22
2820 20
2821 16
2822 12
2823 16
2824 22
2825 18
2826 16
2827 12
2828 24
2829 20
2830 20
2831 16
2832 16
2833 14
2834 24
2835 22
2836 14
2837 14
2838 18
2839 10
2840 14
2841 10
2842 10
2843 16
2844 14
2845 16
2846 22
2847 22
2848 20
2849 20
2850 14
2851 16
2852 16
2853 32
2854 20
2855 16
2856 18
2857 16
2858 16
2859 20
2860 6
2861 16
2862 14
2863 18
2864 12
2865 14
2866 18
2867 20
2868 20
2869 22
2870 16
2871 18
2872 12
2873 18
2874 20
2875 22
2876 14
2877 18
2878 10
2879 20
2880 22
2881 28
2882 20
2883 18
2884 18
2885 18
2886 22
2887 12
2888 18
2889 20
2890 16
2891 16
2892 24
2893 20
2894 18
2895 14
2896 20
2897 18
2898 18
2899 16
2900 24
2901 20
2902 20
2903 12
2904 18
2905 20
2906 14
2907 18
2908 22
2909 18
2910 20
2911 18
2912 12
2913 20
2914 18
2915 14
2916 12
2917 32
2918 14
2919 19
2920 18
2921 16
2922 22
2923 18
2924 18
2925 14
2926 12
2927 18
2928 20
2929 14
2930 20
2931 24
2932 20
2933 12
2934 14
2935 14
2936 22
2937 20
2938 20
2939 20
2940 18
2941 16
2942 14
2943 18
2944 22
2945 14
2946 40
2947 18
2948 16
2949 16
2950 16
2951 17
2952 14
2953 18
2954 16
2955 16
2956 18
2957 18
2958 18
2959 14
2960 18
2961 20
2962 14
2963 16
2964 14
2965 16
2966 22
2967 14
2968 14
2969 16
2970 18
2971 20
2972 16
2974 16
2975 12
2976 18
2977 18
2978 12
2980 18
2982 14
2973 26
2979 20
2981 22
2983 20
2984 16
2985 18
2986 16
2987 24
2988 18
2989 26
2990 12
2991 14
2992 20
2993 22
2994 20
2995 24
2996 20
2997 22
2998 16
2999 14
3000 18
3001 20
3002 14
3003 20
3004 14
3005 18
3006 20
3007 16
3008 16
3009 22
3010 18
3011 22
3012 18
3013 18
3014 20
3015 22
3016 16
3017 20
3018 16
3019 18
3020 16
3021 22
3022 14
3023 16
3024 34
3025 20
3026 16
3027 16
3028 22
3029 18
3030 24
3031 20
3032 16
3033 20
3034 30
3035 22
3036 18
3037 12
3038 18
3039 22
3040 12
3041 20
3042 22
3043 14
3044 15
3045 14
3046 16
3047 18
3048 42
3049 20
3050 12
3051 14
3052 20
3053 12
3054 16
3055 38
3056 20
3057 22
3058 16
3059 18
3060 12
3061 22
3062 18
3063 24
3065 14
3066 18
3067 24
3068 16
3069 16
3071 20
3072 14
3073 24
3074 20
3075 20
3076 14
3077 20
3079 16
3080 10
3081 16
3086 12
3070 36
3078 22
3082 20
3083 18
3084 20
3085 14
3087 29
3088 14
3089 16
3090 16
3091 20
3092 22
3093 18
3094 14
3095 18
3096 16
3097 16
3098 18
3099 24
3100 6
3101 16
3102 20
3103 16
3104 20
3105 20
3106 16
3107 18
3108 14
3109 14
3110 16
3111 14
3112 20
3113 18
3114 24
3115 24
3116 32
3117 16
3118 18
3119 18
3120 18
3121 20
3122 16
3123 20
3124 14
3125 18
3126 4
3127 16
3128 20
3129 14
3130 18
3131 20
3132 40
3133 22
3134 16
3135 12
3136 18
3137 24
3138 20
3139 12
3140 14
3141 20
3142 22
3143 22
3144 18
3145 20
3146 16
3147 18
3148 18
3149 20
3150 22
3151 22
3152 16
3153 16
3154 16
3155 18
3156 34
3157 18
3158 22
3159 18
3160 16
3161 16
3162 14
3163 18
3164 18
3165 22
3166 20
3167 16
3168 12
3169 18
3170 16
3171 18
3172 20
3173 18
3174 12
3175 20
3177 18
3178 20
3180 10
3181 14
3182 12
3183 8
3176 32
3179 22
3184 24
3185 14
3186 20
3187 14
3188 22
3189 16
3190 18
3191 14
3192 20
3193 18
3194 18
3195 20
3196 18
3197 20
3198 12
3199 18
3200 18
3201 18
3202 18
3203 12
3204 4
3205 22
3206 18
3207 14
3208 40
3209 20
3210 14
3211 16
3212 15
3213 18
3214 16
3215 20
3216 14
3217 16
3218 18
3219 16
3220 22
3221 20
3222 22
3223 22
3224 18
3225 12
3226 14
3227 20
3228 20
3229 12
3230 18
3231 22
3232 16
3233 18
3234 20
3235 18
3236 18
3237 14
3238 18
3239 20
3240 20
3241 18
3242 22
3243 8
3244 14
3246 20
3247 18
3248 20
3249 14
3250 16
3251 14
3252 16
3253 12
3254 16
3255 14
3256 16
3257 22
3258 12
3259 18
3260 22
3261 24
3262 20
3263 18
3264 24
3265 10
3266 14
3267 26
3268 22
3269 16
3270 16
3271 20
3272 16
3273 24
3274 14
3276 18
3277 16
3278 20
3279 16
3280 14
3281 16
3282 16
3284 12
3285 10
3275 24
3283 20
3286 18
3287 18
3288 18
3289 14
3290 14
3291 18
3292 14
3293 18
3294 16
3295 14
3296 16
3297 14
3298 20
3299 14
3300 20
3301 20
3302 12
3303 14
3304 20
3305 18
3306 18
3307 16
3308 18
3309 22
3310 16
3311 14
3312 16
3313 18
3314 16
3315 20
3316 18
3317 20
3318 22
3319 12
3320 20
3321 18
3322 18
3323 18
3324 20
3325 18
3326 14
3327 18
3328 20
3329 30
3330 18
3331 12
3332 18
3333 14
3334 12
3335 18
3336 32
3337 16
3338 14
3339 16
3340 22
3341 18
3342 20
3343 18
3344 18
3345 24
3346 22
3347 14
3348 14
3349 16
3350 22
3351 22
3352 18
3353 22
3354 16
3355 14
3356 18
3357 16
3358 26
3359 16
3360 20
3361 16
3362 22
3363 20
3364 18
3365 18
3366 22
3367 18
3368 20
3369 16
3371 22
3372 18
3373 18
3374 16
3375 14
3377 20
3380 18
3370 44
3376 30
3378 22
3379 38
3381 18
3382 20
3383 26
3384 22
3385 20
3386 16
3387 24
3388 20
3389 18
3390 18
3391 22
3392 20
3393 18
3394 18
3395 16
3396 14
3397 12
3398 16
3399 18
3400 16
3401 22
3402 16
3403 16
3404 20
3405 20
3406 18
3407 24
3408 18
3409 22
3410 28
3411 16
3412 13
3413 18
3414 18
3415 20
3416 14
3417 16
3418 14
3419 16
3420 22
3421 14
3422 20
3423 24
3424 22
3425 16
3426 30
3427 18
3428 16
3429 14
3430 20
3431 18
3432 14
3433 16
3434 20
3435 16
3436 10
3437 16
3438 20
3439 24
3440 20
3441 20
3442 4
3443 22
3444 10
3445 22
3446 28
3447 18
3448 12
3449 38
3450 20
3451 32
3452 16
3453 18
3454 14
3455 22
3456 14
3457 32
3458 24
3459 20
3460 8
3461 16
3462 16
3463 16
3464 20
3465 16
3466 18
3467 14
3468 22
3469 22
3470 20
3471 18
3472 17
3473 18
3474 18
3476 16
3477 20
3478 20
3480 16
3481 16
3482 16
3064 527
3475 32
3479 36
3483 18
3484 16
3485 22
3486 14
3487 12
3488 18
3489 18
3490 18
3491 18
3492 18
3493 20
3494 32
3495 16
3496 20
3497 20
3498 12
3499 20
3500 20
3501 16
3502 22
3503 16
3504 18
3505 16
3506 18
3507 22
3508 14
3509 16
3510 18
3511 18
3512 16
3513 11
3514 18
3515 20
3516 16
3517 16
3518 18
3519 12
3520 18
3521 22
3522 22
3523 16
3524 10
3525 18
3526 18
3527 14
3528 22
3529 22
3530 16
3531 14
3532 18
3533 16
3534 18
3535 18
3536 20
3537 12
3538 22
3539 16
3540 16
3541 20
3542 22
3543 20
3544 22
3545 24
3546 22
3547 20
3548 22
3549 18
3550 32
3551 20
3552 16
3553 16
3554 18
3555 20
3556 18
3557 12
3558 28
3559 12
3560 12
3561 14
3562 18
3563 18
3564 18
3565 18
3566 24
3567 16
3568 18
3569 22
3570 24
3572 18
3573 16
3574 18
3576 18
3578 18
3579 18
3580 16
3581 14
3582 16
3571 28
3575 24
3577 26
3583 16
3584 18
3585 14
3586 16
3587 16
3588 20
3589 14
3590 18
3591 20
3592 18
3593 22
3594 18
3595 18
3596 24
3597 10
3598 16
3599 16
3600 12
3601 14
3602 18
3603 14
3604 16
3605 14
3606 22
3607 18
3608 18
3609 20
3610 18
3611 18
3612 20
3613 16
3614 18
3615 18
3616 16
3617 16
3618 34
3619 10
3620 16
3621 18
3622 18
3623 16
3624 18
3625 14
3626 22
3627 16
3628 22
3629 20
3630 16
3631 14
3632 16
3633 18
3634 12
3635 22
3636 14
3637 22
3638 12
3639 18
3640 14
3641 18
3642 12
3643 14
3644 14
3645 24
3646 18
3647 14
3648 12
3649 18
3650 14
3651 18
3652 18
3653 16
3654 16
3655 22
3656 22
3657 18
3658 18
3659 16
3660 20
3661 12
3662 18
3663 18
3664 16
3665 14
3666 18
3667 24
3668 16
3669 20
3670 28
3671 20
3672 14
3673 25
3674 18
3675 22
3676 14
3677 18
3678 20
3679 18
3682 14
3683 12
3680 20
3681 20
3684 16
3685 18
3686 24
3687 22
3688 34
3689 10
3690 18
3691 10
3692 14
3693 14
3694 18
3695 12
3696 20
3697 12
3698 26
3699 14
3700 14
3701 20
3702 20
3703 12
3704 32
3705 24
3706 22
3707 14
3708 24
3709 18
3710 20
3711 18
3712 24
3713 20
3714 18
3715 14
3716 18
3717 20
3718 18
3719 14
3720 16
3721 20
3722 20
3723 14
3724 16
3725 22
3726 12
3727 22
3728 20
3729 18
3730 16
3731 18
3732 14
3733 20
3734 16
3735 18
3736 14
3737 20
3738 12
3739 18
3740 16
3741 18
3742 14
3743 16
3744 14
3745 16
3746 32
3747 18
3748 12
3749 20
3750 18
3751 16
3752 16
3753 14
3754 16
3755 16
3756 24
3757 20
3758 20
3759 18
3760 20
3761 18
3762 16
3763 20
3764 16
3765 16
3766 16
3767 24
3769 18
3770 14
3771 22
3772 14
3774 22
3776 18
3777 16
3778 16
3779 18
3781 12
3784 14
3768 36
3773 38
3775 26
3780 22
3782 22
3783 16
3785 24
3786 18
3787 16
3788 18
3789 12
3790 22
3791 12
3792 34
3793 20
3794 14
3795 16
3796 16
3797 18
3798 18
3799 16
3800 16
3801 22
3802 16
3803 14
3804 14
3805 18
3806 18
3807 16
3808 20
3809 16
3810 24
3811 18
3812 16
3813 22
3814 33
3815 22
3816 18
3817 22
3818 16
3819 18
3820 18
3821 18
3822 14
3823 14
3824 18
3825 16
3826 20
3827 22
3828 36
3829 22
3830 24
3831 22
3832 22
3833 42
3834 20
3835 14
3836 20
3837 16
3838 14
3839 16
3840 14
3841 14
3842 22
3843 22
3844 16
3845 16
3846 20
3847 16
3848 20
3849 14
3850 8
3851 22
3852 18
3853 16
3854 16
3855 14
3856 18
3857 20
3858 16
3859 20
3860 20
3861 18
3862 20
3863 20
3864 20
3865 20
3866 18
3867 10
3868 20
3869 22
3870 20
3871 20
3872 14
3873 12
3874 22
3875 12
3876 18
3878 16
3879 16
3883 14
3886 10
3877 30
3880 36
3881 20
3882 20
3884 20
3885 22
3887 12
3888 34
3889 16
3890 30
3891 18
3892 20
3893 12
3894 18
3895 20
3896 24
3897 16
3898 20
3899 18
3900 20
3901 18
3902 24
3903 20
3904 14
3905 14
3906 14
3907 18
3908 20
3909 16
3910 20
3911 20
3912 16
3913 18
3914 20
3915 14
3916 16
3917 18
3918 14
3919 18
3920 24
3921 26
3922 18
3923 22
3924 20
3925 18
3926 22
3927 24
3928 20
3929 16
3930 16
3931 20
3932 16
3933 22
3934 16
3935 14
3936 32
3937 28
3938 14
3939 10
3940 14
3941 22
3942 18
3943 18
3944 18
3945 20
3946 10
3947 16
3948 20
3949 14
3950 14
3951 24
3952 14
3953 16
3954 20
3955 28
3956 16
3957 20
3958 18
3959 24
3960 14
3961 16
3962 20
3963 16
3964 16
3965 18
3966 20
3967 16
3968 24
3969 18
3970 16
3971 20
3972 14
3973 18
3974 16
3975 18
3976 22
3978 18
3980 16
3984 14
3977 32
3979 20
3981 20
3982 24
3983 22
3985 20
3986 16
3987 18
3988 16
3989 18
3990 22
3991 9
3992 20
3993 16
3994 16
3995 16
3996 16
3997 14
3998 16
3999 20
4000 18
4001 10
4002 16
4003 20
4004 24
4005 16
4006 16
4007 22
4008 24
4009 14
4010 24
4011 22
4012 28
4013 13
4014 5
4015 18
4016 22
4017 16
4018 12
4019 20
4020 18
4021 20
4022 14
4023 16
4024 18
4025 16
4026 16
4027 16
4028 18
4029 20
4030 18
4031 20
4032 20
4033 24
4034 22
4035 12
4036 14
4037 14
4038 20
4039 14
4040 34
4041 22
4042 13
4043 18
4044 16
4045 22
4046 14
4047 20
4048 14
4049 18
4050 20
4051 16
4052 14
4053 16
4054 18
4055 16
4056 16
4057 14
4058 12
4059 16
4060 16
4061 16
4062 16
4063 32
4064 16
4065 18
4066 18
4067 14
4068 18
4069 22
4071 20
4072 18
4073 14
4075 18
4076 14
4077 18
4078 20
4080 16
4081 14
4082 10
4084 14
4092 6
4070 34
4074 28
4079 20
4083 18
4085 20
4086 28
4087 20
4088 16
4089 20
4090 18
4091 16
4093 10
4094 14
4095 12
4096 22
4097 34
4098 22
4099 16
4100 21
4101 18
4102 14
4103 16
4104 32
4105 14
4106 22
4107 20
4108 30
4109 18
4110 18
4111 16
4112 18
4113 22
4114 16
4115 12
4116 22
4117 20
4118 32
4119 34
4120 20
4121 16
4122 20
4123 14
4124 20
4125 22
4126 22
4127 16
4128 38
4129 18
4130 14
4131 18
4132 22
4133 14
4134 20
4135 48
4136 32
4137 16
4138 20
4139 18
4140 22
4141 20
4142 16
4143 20
4144 14
4145 20
4146 10
4147 22
4148 22
4149 16
4150 18
4151 18
4152 34
4153 14
4154 18
4155 20
4156 30
4157 20
4158 18
4159 22
4160 14
4161 18
4162 18
4163 20
4164 14
4165 20
4166 20
4167 20
4168 26
4170 20
4171 10
4172 16
4173 14
4174 14
4175 16
4176 20
4177 16
4179 18
3245 1020
4169 30
4178 22
4180 30
4181 18
4182 22
4183 24
4184 18
4185 16
4186 24
4187 32
4188 12
4189 18
4190 18
4191 16
4192 18
4193 20
4194 12
4195 16
4196 14
4197 14
4198 8
4199 22
4200 16
4201 18
4202 30
4203 14
4204 18
4205 12
4206 8
4207 20
4208 20
4209 22
4210 24
4211 16
4212 20
4213 18
4214 16
4215 18
4216 20
4217 14
4218 18
4219 14
4220 20
4221 16
4222 18
4223 18
4224 18
4225 22
4226 38
4227 16
4228 18
4229 18
4230 14
4231 14
4232 10
4233 16
4234 16
4235 18
4236 14
4237 18
4238 16
4239 20
4240 14
4241 24
4242 20
4243 16
4244 20
4245 18
4246 12
4247 22
4248 18
4249 16
4250 10
4251 18
4252 18
4253 22
4254 20
4255 12
4256 14
4257 18
4258 16
4259 18
4260 14
4261 22
4262 24
4263 18
4264 16
4265 18
4266 20
4267 20
4268 18
4269 24
4270 26
4271 24
4272 14
4273 18
4274 14
4275 18
4276 14
4277 16
4278 18
4280 14
4286 10
4279 20
4281 18
4282 24
4283 16
4284 18
4285 16
4287 16
4288 16
4289 34
4290 14
4291 18
4292 18
4293 18
4294 14
4295 34
4296 62
4297 18
4298 22
4299 16
4300 16
4301 22
4302 16
4303 20
4304 20
4305 20
4306 14
4307 24
4308 16
4309 20
4310 16
4311 12
4312 16
4313 20
4314 14
4315 14
4316 22
4317 18
4318 14
4319 12
4320 18
4321 24
4322 14
4323 20
4324 22
4325 16
4326 20
4327 16
4328 20
4329 7
4330 32
4331 12
4332 20
4333 18
4334 22
4335 30
4336 14
4337 14
4338 16
4339 18
4340 18
4341 22
4342 14
4343 18
4344 32
4345 20
4346 26
4347 18
4348 18
4349 16
4350 16
4351 12
4352 34
4353 18
4354 20
4355 20
4356 18
4357 22
4358 20
4359 18
4360 18
4361 18
4362 18
4363 16
4364 16
4365 18
4366 22
4367 14
4368 20
4369 18
4370 18
4371 22
4372 14
4375 16
4376 14
4379 18
4381 16
4382 16
4373 38
4374 36
4377 26
4378 24
4380 20
4383 22
4384 20
4385 22
4386 22
4387 14
4388 22
4389 22
4390 20
4391 16
4392 20
4393 24
4394 14
4395 22
4396 20
4397 16
4398 18
4399 14
4400 14
4401 18
4402 18
4403 16
4404 12
4405 16
4406 18
4407 16
4408 16
4409 16
4410 18
4411 18
4412 14
4413 20
4414 18
4415 16
4416 18
4417 18
4418 20
4419 20
4420 22
4421 20
4422 22
4423 20
4424 32
4425 14
4426 16
4427 18
4428 20
4429 18
4430 14
4431 14
4432 18
4433 36
4434 16
4435 18
4436 28
4437 36
4438 18
4439 22
4440 10
4441 18
4442 24
4443 22
4444 24
4445 16
4446 20
4447 18
4448 10
4449 18
4450 16
4451 16
4452 22
4453 24
4454 20
4455 18
4456 12
4457 14
4458 14
4459 18
4460 18
4461 18
4462 14
4463 10
4464 18
4465 13
4466 16
4467 22
4468 22
4469 14
4470 24
4471 18
4472 16
4473 20
4474 22
4475 20
4477 20
4478 20
4479 18
4480 18
4476 34
4481 28
4482 20
4483 16
4484 16
4485 18
4486 16
4487 18
4488 12
4489 22
4490 16
4491 20
4492 20
4493 30
4494 16
4495 18
4496 16
4497 14
4498 38
4499 14
4500 22
4501 20
4502 14
4503 14
4504 20
4505 16
4506 12
4507 20
4508 18
4509 34
4510 30
4511 22
4512 18
4513 18
4514 14
4515 22
4516 22
4517 14
4518 14
4519 20
4520 16
4521 24
4522 18
4523 14
4524 24
4525 36
4526 22
4527 22
4528 36
4529 12
4530 16
4531 18
4532 16
4533 14
4534 18
4535 22
4536 22
4537 14
4538 16
4539 20
4540 22
4541 18
4542 26
4543 18
4544 20
4545 18
4546 16
4547 22
4548 24
4549 16
4550 18
4551 24
4552 14
4553 16
4554 14
4555 18
4556 20
4557 22
4558 36
4559 20
4560 22
4561 18
4562 20
4563 20
4564 16
4565 26
4566 20
4567 16
4568 20
4569 22
4570 22
4571 18
4572 16
4573 24
4574 18
4575 18
4576 18
4577 16
4578 14
4584 14
4579 24
4580 20
4581 18
4582 18
4583 16
4585 26
4586 16
4587 16
4588 24
4589 14
4590 22
4591 20
4592 20
4593 22
4594 20
4595 20
4596 24
4597 22
4598 22
4599 8
4600 18
4601 20
4602 16
4603 16
4604 28
4605 18
4606 12
4607 16
4608 16
4609 12
4610 16
4611 18
4612 20
4613 20
4614 18
4615 20
4616 20
4617 22
4618 20
4619 18
4620 14
4621 22
4622 32
4623 18
4624 22
4625 18
4626 30
4627 22
4628 20
4629 14
4630 40
4631 16
4632 20
4633 36
4634 52
4635 18
4636 22
4637 24
4638 10
4639 16
4640 18
4641 20
4642 18
4643 18
4644 20
4645 12
4646 20
4647 22
4648 16
4649 30
4650 22
4651 16
4652 16
4653 12
4654 16
4655 12
4656 18
4657 16
4658 20
4659 16
4660 20
4661 14
4662 16
4663 18
4664 16
4665 24
4666 16
4667 18
4668 18
4669 16
4670 16
4671 22
4672 18
4673 18
4674 16
4675 18
4676 20
4677 20
4678 18
4680 16
4679 20
4681 18
4682 20
4683 22
4684 18
4685 18
4686 32
4687 20
4688 16
4689 32
4690 24
4691 16
4692 14
4693 18
4694 20
4695 14
4696 12
4697 42
4698 22
4699 14
4700 14
4701 18
4702 16
4703 20
4704 22
4705 22
4706 14
4707 16
4708 20
4709 16
4710 18
4711 10
4712 16
4713 14
4714 24
4715 16
4716 22
4717 12
4718 24
4719 15
4720 6
4721 16
4722 16
4723 28
4724 20
4725 26
4726 18
4727 22
4728 16
4729 12
4730 20
4731 16
4732 40
4733 22
4734 16
4735 18
4736 18
4737 18
4738 18
4739 16
4740 20
4741 16
4742 16
4743 14
4744 18
4745 22
4746 20
4747 20
4748 18
4749 38
4750 16
4751 36
4752 14
4753 19
4754 12
4755 18
4756 20
4757 30
4758 20
4759 24
4760 18
4761 20
4762 20
4763 14
4764 28
4765 24
4766 20
4767 16
4768 12
4769 16
4770 22
4772 10
4773 18
4775 16
4776 12
4777 16
4780 16
4771 32
4774 32
4778 22
4779 24
4781 24
4782 18
4783 22
4784 20
4785 24
4786 14
4787 18
4788 18
4789 32
4790 14
4791 18
4792 18
4793 18
4794 18
4795 16
4796 68
4797 22
4798 24
4799 16
4800 22
4801 20
4802 16
4803 18
4804 16
4805 24
4806 28
4807 49
4808 22
4809 20
4810 16
4811 16
4812 14
4813 24
4814 18
4815 18
4816 18
4817 18
4818 30
4819 20
4820 16
4821 16
4822 18
4823 20
4824 18
4825 14
4826 20
4827 14
4828 16
4829 20
4830 22
4831 14
4832 14
4833 36
4834 12
4835 18
4836 28
4837 20
4838 20
4839 22
4840 20
4841 20
4842 16
4843 20
4844 18
4845 20
4846 18
4847 16
4848 18
4849 20
4850 18
4851 28
4852 22
4853 18
4854 26
4855 16
4856 20
4857 14
4858 20
4859 8
4860 12
4861 18
4862 14
4863 20
4864 14
4865 16
4866 18
4867 18
4869 14
4870 12
4872 18
4873 20
4874 16
4875 20
4876 14
4877 16
4878 18
4879 18
4880 18
4881 12
4868 38
4871 28
4882 32
4883 22
4884 22
4885 22
4886 24
4887 20
4888 40
4889 20
4890 18
4891 18
4892 18
4893 18
4894 16
4895 30
4896 22
4897 22
4898 14
4899 22
4900 14
4901 22
4902 18
4903 14
4904 16
4905 16
4906 22
4907 22
4908 20
4909 14
4910 14
4911 20
4912 10
4913 18
4914 18
4915 16
4916 24
4917 18
4918 30
4919 20
4920 16
4921 14
4922 18
4923 12
4924 16
4925 20
4926 10
4927 24
4928 12
4929 14
4930 22
4931 22
4932 12
4933 34
4934 16
4935 18
4936 12
4937 16
4938 16
4939 22
4940 18
4941 20
4942 24
4943 26
4944 14
4945 12
4946 18
4947 32
4948 36
4949 20
4950 34
4951 16
4952 20
4953 38
4954 16
4955 24
4956 16
4957 20
4958 22
4959 16
4960 16
4961 12
4962 20
4963 34
4964 20
4965 20
4967 18
4968 20
4970 20
4971 16
4972 18
4973 18
4974 22
4975 16
4977 20
4981 16
4982 12
4966 38
4969 30
4976 26
4978 22
4979 20
4980 28
4983 20
4984 16
4985 20
4986 20
4987 18
4988 22
4989 20
4990 28
4991 16
4992 34
4993 18
4994 18
4995 16
4996 16
4997 24
4998 12
4999 20
5000 14
5001 16
5002 10
5003 20
5004 22
5005 24
5006 18
5007 12
5008 18
5009 14
5010 10
5011 20
5012 16
5013 18
5014 19
5015 14
5016 18
5017 16
5018 18
5019 14
5020 22
5021 20
5022 16
5023 16
5024 18
5025 16
5026 16
5027 20
5028 50
5029 16
5030 36
5031 20
5032 12
5033 18
5034 20
5035 14
5036 18
5037 12
5038 14
5039 22
5040 14
5041 18
5042 20
5043 12
5044 16
5045 16
5046 20
5047 12
5048 18
5049 18
5050 20
5051 18
5052 30
5053 16
5054 20
5055 14
5056 20
5057 22
5058 20
5059 14
5060 20
5061 18
5062 18
5063 20
5064 22
5065 30
5067 20
5068 18
5069 20
5070 22
5071 20
5072 20
5073 22
5075 14
5076 10
5078 20
5079 16
5080 16
5066 34
5074 34
5077 22
5081 20
5082 24
5083 20
5084 20
5085 18
5086 22
5087 24
5088 18
5089 18
5090 18
5091 18
5092 10
5093 18
5094 18
5095 28
5096 20
5097 36
5098 20
5099 40
5100 18
5101 20
5102 22
5103 18
5104 16
5105 16
5106 20
5107 20
5108 14
5109 22
5110 24
5111 14
5112 18
5113 14
5114 24
5115 16
5116 20
5117 18
5118 20
5119 12
5120 20
5121 22
5122 9
5123 18
5124 6
5125 18
5126 18
5127 14
5128 14
5129 38
5130 46
5131 14
5132 18
5133 18
5134 28
5135 40
5136 18
5137 18
5138 18
5139 22
5140 18
5141 14
5142 14
5143 18
5144 18
5145 34
5146 20
5147 26
5148 12
5149 20
5150 16
5151 20
5152 30
5153 42
5154 22
5155 14
5156 18
5157 16
5158 22
5159 14
5160 20
5161 18
5162 28
5163 16
5164 16
5165 20
5166 12
5167 16
5168 20
5169 16
5170 18
5171 12
5172 12
5173 16
5175 16
5176 22
5178 14
5180 14
5174 32
5177 22
5179 28
5181 18
5182 20
5183 20
5184 26
5185 20
5186 16
5187 18
5188 20
5189 18
5190 16
5191 22
5192 30
5193 24
5194 16
5195 20
5196 16
5197 14
5198 36
5199 18
5200 16
5201 14
5202 32
5203 16
5204 18
5205 20
5206 16
5207 12
5208 22
5209 16
5210 36
5211 22
5212 20
5213 18
5214 20
5215 30
5216 14
5217 18
5218 24
5219 14
5220 22
5221 16
5222 14
5223 24
5224 20
5225 20
5226 12
5227 14
5228 16
5229 24
5230 20
5231 38
5232 14
5233 16
5234 22
5235 16
5236 22
5237 18
5238 16
5239 20
5240 20
5241 12
5242 16
5243 16
5244 22
5245 22
5246 20
5247 22
5248 12
5249 14
5250 16
5251 24
5252 36
5253 14
5254 16
5255 18
5256 9
5257 16
5258 22
5259 14
5260 16
5261 14
5262 18
5263 14
5264 16
5265 14
5266 12
5267 18
5268 22
5269 10
5270 16
5271 10
5272 16
5273 16
5275 20
5276 20
5277 18
5278 18
5279 14
5280 18
5281 16
5282 14
5274 34
5283 20
5284 16
5285 16
5286 42
5287 14
5288 16
5289 12
5290 16
5291 16
5292 16
5293 12
5294 16
5295 18
5296 16
5297 20
5298 18
5299 22
5300 12
5301 26
5302 14
5303 22
5304 20
5305 18
5306 14
5307 16
5308 16
5309 6
5310 26
5311 38
5312 40
5313 18
5314 18
5315 22
5316 16
5317 14
5318 16
5319 26
5320 18
5321 16
5322 22
5323 18
5324 20
5325 14
5326 18
5327 16
5328 16
5329 20
5330 22
5331 28
5332 20
5333 14
5334 14
5335 18
5336 20
5337 22
5338 16
5339 18
5340 14
5341 18
5342 20
5343 14
5344 22
5345 18
5346 22
5347 14
5348 20
5349 20
5350 16
5351 18
5352 12
5353 18
5354 18
5355 16
5356 18
5357 16
5358 22
5359 16
5361 18
5362 16
5363 16
5364 24
5365 20
5366 20
5367 10
5368 14
5369 14
5370 18
5371 16
5372 16
5373 20
5374 16
5375 16
5376 20
5377 20
5378 16
5379 16
5382 16
5360 40
5380 20
5381 24
5383 20
5384 16
5385 18
5386 14
5387 20
5388 14
5389 18
5390 20
5391 16
5392 12
5393 20
5394 20
5395 38
5396 20
5397 22
5398 20
5399 22
5400 18
5401 16
5402 22
5403 20
5404 18
5405 12
5406 16
5407 10
5408 18
5409 16
5410 16
5411 16
5412 16
5413 18
5414 14
5415 14
5416 14
5417 16
5418 20
5419 20
5420 30
5421 18
5422 20
5423 18
5424 14
5425 20
5426 18
5427 20
5428 14
5429 18
5430 12
5431 18
5432 14
5433 20
5434 20
5435 16
5436 18
5437 18
5438 22
5439 16
5440 12
5441 20
5442 16
5443 16
5444 22
5445 20
5446 18
5447 16
5448 20
5449 20
5450 14
5451 16
5452 24
5453 20
5454 12
5455 16
5456 10
5457 20
5458 12
5459 12
5460 20
5461 26
5462 30
5463 20
5464 18
5465 20
5466 18
5468 14
5469 14
5470 22
5471 18
5472 16
5474 22
5475 20
5476 12
5477 14
5482 16
5483 14
5485 12
5486 12
5467 38
5473 28
5478 44
5479 24
5480 22
5481 22
5484 20
5487 20
5488 18
5489 18
5490 24
5491 18
5492 22
5493 20
5494 16
5495 16
5496 14
5497 20
5498 34
5499 18
5500 14
5501 20
5502 14
5503 18
5504 18
5505 22
5506 18
5507 20
5508 16
5509 20
5510 20
5511 18
5512 18
5513 14
5514 18
5515 14
5516 18
5517 22
5518 44
5519 20
5520 16
5521 14
5522 26
5523 18
5524 18
5525 12
5526 16
5527 18
5528 18
5529 14
5530 20
5531 14
5532 20
5533 14
5534 18
5535 18
5536 16
5537 18
5538 32
5539 34
5540 20
5541 8
5542 16
5543 18
5544 26
5545 18
5546 20
5547 14
5548 32
5549 44
5550 10
5551 22
5552 12
5553 16
5554 18
5555 20
5556 22
5557 24
5558 18
5559 20
5560 20
5561 30
5562 12
5563 20
5564 20
5565 18
5566 18
5567 24
5568 14
5569 18
5570 16
5571 20
5572 22
5573 22
5574 20
5576 20
5577 14
5578 20
5580 16
5575 24
5579 20
5581 22
5582 24
5583 18
5584 18
5585 22
5586 30
5587 38
5588 14
5589 16
5590 16
5591 20
5592 16
5593 18
5594 18
5595 22
5596 22
5597 18
5598 20
5599 30
5600 30
5601 16
5602 34
5603 20
5604 36
5605 18
5606 20
5607 20
5608 20
5609 16
5610 20
5611 14
5612 16
5613 26
5614 14
5615 12
5616 20
5617 20
5618 18
5619 18
5620 20
5621 24
5622 20
5623 18
5624 22
5625 14
5626 16
5627 20
5628 42
5629 14
5630 20
5631 12
5632 22
5633 22
5634 20
5635 20
5636 22
5637 12
5638 22
5639 22
5640 12
5641 20
5642 26
5643 16
5644 18
5645 18
5646 20
5647 24
5648 18
5649 32
5650 36
5651 20
5652 22
5653 20
5654 18
5655 16
5656 18
5657 18
5658 14
5659 16
5660 14
5661 22
5662 18
5663 20
5664 14
5665 20
5666 18
5667 16
5668 22
5670 14
5671 16
5672 12
5673 20
5674 22
5675 22
5676 14
5678 18
5679 16
5680 16
5684 14
5669 42
5677 22
5681 18
5682 18
5683 16
5685 16
5686 18
5687 22
5688 20
5689 16
5690 14
5691 12
5692 14
5693 30
5694 16
5695 38
5696 14
5697 22
5698 16
5699 14
5700 22
5701 24
5702 18
5703 14
5704 18
5705 22
5706 16
5707 24
5708 12
5709 18
5710 20
5711 22
5712 16
5713 12
5714 20
5715 20
5716 14
5717 34
5718 20
5719 18
5720 16
5721 14
5722 18
5723 18
5724 26
5725 18
5726 24
5727 32
5728 18
5729 18
5730 16
5731 16
5732 22
5733 22
5734 22
5735 22
5736 18
5737 24
5738 24
5739 12
5740 20
5741 22
5742 32
5743 14
5744 18
5745 22
5746 34
5747 24
5748 12
5749 22
5750 16
5751 20
5752 14
5753 16
5754 18
5755 20
5756 18
5757 22
5758 22
5759 22
5760 20
5761 24
5762 22
5763 14
5764 18
5765 20
5766 16
5768 26
5769 16
5770 14
5771 20
5772 14
5773 24
5774 18
5775 16
5776 14
5777 18
5780 18
5781 16
5767 34
5778 22
5779 24
5782 18
5783 58
5784 18
5785 18
5786 16
5787 18
5788 20
5789 20
5790 36
5791 22
5792 30
5793 36
5794 12
5795 20
5796 20
5797 26
5798 16
5799 40
5800 16
5801 18
5802 18
5803 28
5804 16
5805 18
5806 14
5807 24
5808 20
5809 22
5810 16
5811 24
5812 17
5813 24
5814 12
5815 18
5816 14
5817 22
5818 16
5819 16
5820 16
5821 18
5822 24
5823 16
5824 20
5825 34
5826 18
5827 18
5828 22
5829 22
5830 18
5831 20
5832 16
5833 32
5834 18
5835 16
5836 20
5837 24
5838 20
5839 18
5840 12
5841 16
5842 20
5843 20
5844 20
5845 16
5846 14
5847 14
5848 20
5849 16
5850 18
5851 18
5852 20
5853 18
5854 18
5855 24
5856 20
5857 32
5858 20
5859 30
5860 16
5861 18
5862 18
5863 20
5864 18
5865 14
5866 18
5867 22
5868 18
5869 16
5870 14
5871 24
5872 14
5873 10
5874 10
5875 12
5876 16
5878 16
5880 16
5881 16
5882 12
5877 22
5879 24
5883 20
5884 18
5885 20
5886 26
5887 18
5888 18
5889 18
5890 16
5891 18
5892 22
5893 20
5894 56
5895 12
5896 20
5897 22
5898 24
5899 24
5900 18
5901 20
5902 20
5903 16
5904 22
5905 16
5906 16
5907 18
5908 38
5909 14
5910 22
5911 22
5912 18
5913 18
5914 16
5915 24
5916 24
5917 16
5918 16
5919 24
5920 20
5921 20
5922 12
5923 22
5924 14
5925 20
5926 20
5927 26
5928 20
5929 38
5930 22
5931 22
5932 16
5933 18
5934 26
5935 20
5936 18
5937 20
5938 14
5939 24
5940 18
5941 16
5942 18
5943 20
5944 20
5945 24
5946 20
5947 16
5948 20
5949 24
5950 20
5951 18
5952 20
5953 20
5954 16
5955 18
5956 18
5957 20
5958 28
5959 18
5960 12
5961 22
5962 18
5963 18
5964 22
5965 20
5966 16
5967 22
5968 22
5969 16
5970 16
5971 14
5972 14
5973 22
5974 18
5975 18
5976 22
5977 16
5978 18
5979 14
5980 14
5981 24
5982 22
5983 22
5984 22
5985 20
5986 22
5987 16
5988 20
5989 13
5990 22
5991 12
5992 14
5993 24
5994 16
5995 16
5996 24
5997 16
5998 14
5999 12
6000 40
6001 12
6002 16
6003 24
6004 30
6005 18
6006 16
6007 18
6008 16
6009 14
6010 18
6011 16
6012 20
6013 20
6014 20
6015 18
6016 18
6017 12
6018 26
6019 22
6020 14
6021 14
6022 30
6023 16
6024 16
6025 14
6026 10
6027 22
6028 34
6029 18
6030 16
6031 20
6032 36
6033 16
6034 18
6035 18
6036 16
6037 16
6038 16
6039 22
6040 16
6041 20
6042 22
6043 20
6044 42
6045 14
6046 10
6047 24
6048 16
6049 14
6050 10
6051 40
6052 24
6053 16
6054 18
6055 32
6056 16
6057 20
6058 24
6059 20
6060 18
6061 16
6062 22
6063 24
6064 20
6065 20
6066 20
6067 16
6068 14
6069 18
6071 20
6072 20
6073 18
6074 14
6075 18
6076 20
6077 18
6078 16
6081 10
6082 16
6088 10
6070 36
6079 20
6080 34
6083 20
6084 40
6085 20
6086 16
6087 12
6089 18
6090 20
6091 26
6092 18
6093 18
6094 22
6095 20
6096 16
6097 22
6098 12
6099 20
6100 20
6101 16
6102 16
6103 20
6104 18
6105 18
6106 20
6107 20
6108 16
6109 24
6110 30
6111 14
6112 18
6113 36
6114 18
6115 18
6116 26
6117 20
6118 22
6119 12
6120 14
6121 20
6122 24
6123 14
6124 20
6125 14
6126 36
6127 14
6128 20
6129 20
6130 18
6131 18
6132 18
6133 18
6134 26
6135 22
6136 16
6137 46
6138 14
6139 12
6140 16
6141 20
6142 22
6143 20
6144 20
6145 16
6146 34
6147 14
6148 14
6149 18
6150 24
6151 20
6152 14
6153 22
6154 14
6155 24
6156 18
6157 14
6158 20
6159 18
6160 20
6161 16
6162 18
6163 16
6164 14
6165 16
6166 22
6167 20
6168 18
6169 22
6170 22
6171 20
6172 22
6173 24
6174 24
6175 18
6176 18
6177 18
6178 18
6180 12
6184 12
6185 12
6179 22
6181 20
6182 22
6183 18
6186 18
6187 20
6188 18
6189 22
6190 14
6191 16
6192 22
6193 16
6194 16
6195 16
6196 30
6197 14
6198 24
6199 18
6200 24
6201 14
6202 30
6203 16
6204 24
6205 22
6206 18
6207 18
6208 20
6209 18
6210 16
6211 20
6212 14
6213 20
6214 16
6215 32
6216 18
6217 12
6218 10
6219 22
6220 26
6221 14
6222 20
6223 8
6224 22
6225 22
6226 16
6227 14
6228 22
6229 18
6230 26
6231 34
6232 12
6233 20
6234 24
6235 18
6236 20
6237 20
6238 18
6239 16
6240 16
6241 18
6242 20
6243 22
6244 18
6245 24
6246 16
6247 18
6248 14
6249 22
6250 10
6251 18
6252 16
6253 10
6255 20
6256 12
6257 18
6258 14
6259 22
6260 20
6261 20
6262 16
6263 18
6264 16
6265 16
6266 16
6267 22
6268 14
6270 24
6271 22
6272 22
6274 12
6277 16
6278 18
6254 56
6269 40
6273 34
6275 32
6276 36
6279 20
6280 20
6281 20
6282 24
6283 26
6284 22
6285 20
6286 16
6287 18
6288 20
6289 14
6290 14
6291 16
6292 14
6293 18
6294 16
6295 20
6296 16
6297 18
6298 32
6299 14
6300 14
6301 18
6302 22
6303 12
6304 22
6305 16
6306 20
6307 18
6308 20
6309 22
6310 16
6311 16
6312 18
6313 22
6314 16
6315 16
6316 12
6317 22
6318 10
6319 20
6320 16
6321 20
6322 18
6323 18
6324 18
6325 22
6326 28
6327 36
6328 18
6329 22
6330 22
6331 16
6332 14
6333 10
6334 16
6335 18
6336 16
6337 16
6338 18
6339 18
6340 18
6341 22
6342 20
6343 14
6344 18
6345 18
6346 20
6347 16
6348 18
6349 22
6350 42
6351 11
6352 14
6353 20
6354 12
6355 22
6356 14
6357 28
6358 16
6359 16
6360 20
6361 22
6362 18
6363 26
6364 26
6365 20
6366 22
6367 22
6368 14
6369 26
6370 22
6371 18
6372 16
6373 18
6374 20
6375 20
6376 20
6377 14
6378 14
6379 20
6380 20
6381 20
6382 48
6383 26
6384 20
6385 24
6386 16
6387 18
6388 20
6389 22
6390 18
6391 12
6392 20
6393 36
6394 12
6395 14
6396 16
6397 30
6398 34
6399 20
6400 18
6401 12
6402 16
6403 16
6404 20
6405 20
6406 18
6407 18
6408 20
6409 24
6410 16
6411 12
6412 22
6413 22
6414 8
6415 20
6416 16
6417 24
6418 16
6419 24
6420 16
6421 16
6422 22
6423 16
6424 20
6425 20
6426 20
6427 14
6428 30
6429 22
6430 22
6431 18
6432 16
6433 16
6434 18
6435 18
6436 18
6437 16
6438 10
6439 14
6440 22
6441 20
6442 16
6443 32
6444 16
6445 16
6446 14
6447 22
6448 20
6449 36
6450 20
6451 16
6452 24
6453 16
6454 8
6455 16
6456 14
6457 20
6458 18
6459 12
6460 18
6462 28
6463 18
6464 16
6465 18
6466 22
6467 20
6468 8
6469 20
6470 20
6471 18
6472 20
6473 20
6474 18
6475 16
6476 18
6477 14
6478 20
6479 18
6480 16
6461 38
6481 18
6482 20
6483 24
6484 20
6485 24
6486 32
6487 22
6488 38
6489 18
6490 18
6491 18
6492 22
6493 18
6494 16
6495 16
6496 18
6497 12
6498 30
6499 22
6500 24
6501 20
6502 20
6503 16
6504 22
6505 22
6506 20
6507 22
6508 18
6509 18
6510 18
6511 24
6512 18
6513 16
6514 36
6515 22
6516 18
6517 18
6518 12
6519 12
6520 14
6521 20
6522 16
6523 18
6524 18
6525 18
6526 36
6527 14
6528 16
6529 18
6530 16
6531 16
6532 22
6533 12
6534 16
6535 22
6536 22
6537 14
6538 12
6539 32
6540 16
6541 16
6542 16
6543 24
6544 22
6545 20
6546 14
6547 16
6548 34
6549 28
6550 20
6551 24
6552 22
6553 24
6554 20
6555 16
6556 24
6557 22
6558 20
6559 20
6560 18
6561 24
6563 18
6564 14
6565 16
6566 24
6567 24
6568 14
6569 22
6571 18
6572 16
6573 9
6575 12
6576 20
6577 16
6578 20
6579 18
6583 12
6562 38
6570 38
6574 34
6580 20
6581 20
6582 22
6584 16
6585 34
6586 22
6587 20
6588 44
6589 18
6590 22
6591 16
6592 20
6593 18
6594 18
6595 14
6596 16
6597 14
6598 18
6599 12
6600 24
6601 16
6602 26
6603 18
6604 22
6605 22
6606 12
6607 24
6608 22
6609 22
6610 18
6611 12
6612 18
6613 18
6614 20
6615 20
6616 20
6617 14
6618 38
6619 40
6620 16
6621 20
6622 24
6623 12
6624 20
6625 32
6626 14
6627 20
6628 12
6629 20
6630 18
6632 14
6633 10
6634 22
6635 16
6636 20
6637 20
6638 16
6639 18
6640 22
6641 20
6642 38
6643 16
6644 52
6645 22
6646 18
6647 20
6648 18
6649 14
6650 22
6651 12
6652 44
6653 18
6654 22
6655 20
6656 20
6657 20
6658 18
6659 18
6660 26
6661 24
6662 20
6663 22
6664 18
6665 22
6666 16
6667 16
6668 22
6669 20
6670 20
6671 18
6672 18
6673 22
6674 11
6676 16
6679 14
6680 18
6682 16
6683 14
6693 5
6631 72
6675 24
6677 28
6678 24
6681 18
6684 26
6685 38
6686 18
6687 32
6688 22
6689 32
6690 16
6691 16
6692 18
6694 16
6695 24
6696 16
6697 20
6698 20
6699 22
6700 14
6701 20
6702 22
6703 20
6704 18
6705 22
6706 20
6707 18
6708 46
6709 24
6710 14
6711 20
6712 18
6713 16
6714 24
6715 14
6716 34
6717 16
6718 24
6719 20
6720 20
6721 16
6722 16
6723 16
6724 18
6725 18
6726 22
6727 14
6728 16
6729 18
6730 16
6731 16
6732 24
6733 18
6734 14
6735 32
6736 20
6737 26
6738 24
6739 22
6740 38
6741 22
6742 32
6743 24
6744 22
6745 30
6746 16
6747 34
6748 24
6749 18
6750 24
6751 22
6752 12
6753 16
6754 14
6755 22
6756 17
6757 12
6758 24
6759 36
6760 20
6761 32
6762 20
6763 18
6764 20
6765 24
6766 16
6767 16
6768 18
6769 20
6770 12
6771 22
6772 12
6774 20
6775 20
6776 16
6777 8
6778 20
6787 10
6773 32
6779 22
6780 26
6781 22
6782 22
6783 18
6784 20
6785 14
6786 18
6788 20
6789 24
6790 20
6791 16
6792 22
6793 24
6794 22
6795 18
6796 14
6797 22
6798 18
6799 20
6800 22
6801 20
6802 20
6803 20
6804 16
6805 18
6806 16
6807 16
6808 22
6809 26
6810 20
6811 18
6812 4
6813 18
6814 16
6815 20
6816 16
6817 14
6818 20
6819 16
6820 38
6821 22
6822 18
6823 20
6824 18
6825 12
6826 16
6827 16
6828 18
6829 42
6830 16
6831 18
6832 20
6833 16
6834 18
6835 20
6836 26
6837 34
6838 18
6839 20
6840 24
6841 22
6842 10
6843 14
6844 18
6845 20
6846 22
6847 14
6848 38
6849 18
6850 14
6851 18
6852 20
6853 16
6854 12
6855 26
6856 18
6857 20
6858 16
6859 20
6860 16
6861 10
6862 10
6863 22
6864 20
6865 14
6866 14
6868 20
6869 16
6870 16
6871 18
6872 20
6873 22
6874 22
6875 18
6876 20
6879 16
6880 14
6884 14
6867 38
6877 34
6878 26
6881 22
6882 32
6883 18
6885 18
6886 22
6887 24
6888 18
6889 32
6890 32
6891 20
6892 26
6893 18
6894 16
6895 14
6896 20
6897 11
6898 20
6899 22
6900 20
6901 24
6902 18
6903 24
6904 18
6905 14
6906 20
6907 10
6908 20
6909 14
6910 15
6911 18
6912 24
6913 12
6914 18
6915 18
6916 22
6917 20
6918 24
6919 20
6920 22
6921 16
6922 26
6923 16
6924 22
6925 16
6926 20
6927 36
6928 20
6929 16
6930 18
6931 24
6932 20
6933 20
6934 18
6935 10
6936 18
6937 16
6938 20
6939 16
6940 24
6941 18
6942 14
6943 14
6944 18
6945 20
6946 16
6947 18
6948 20
6949 26
6950 16
6951 16
6952 20
6953 16
6954 18
6955 26
6956 36
6957 24
6958 14
6959 18
6960 14
6961 20
6962 16
6963 20
6964 18
6965 20
6966 12
6967 16
6968 16
6969 22
6970 22
6971 24
6972 18
6973 18
6974 20
6975 14
6976 22
6977 14
6978 18
6982 14
6984 14
6979 34
6980 22
6981 20
6983 18
6985 18
6986 14
6987 26
6988 22
6989 16
6990 18
6991 16
6992 16
6993 20
6994 22
6995 22
6996 22
6997 18
6998 16
6999 18
7000 18
7001 14
7002 28
7003 18
7004 22
7005 22
7006 16
7007 16
7008 18
7009 26
7010 20
7011 20
7012 24
7013 22
7014 22
7015 18
7016 14
7017 16
7018 34
7019 20
7020 12
7021 16
7022 20
7023 16
7024 16
7025 20
7026 22
7027 16
7028 16
7029 18
7030 36
7031 12
7032 22
7033 24
7034 14
7035 26
7036 16
7037 18
7038 20
7039 22
7040 24
7041 22
7042 16
7043 24
7044 24
7045 16
7046 16
7047 22
7048 18
7049 18
7050 18
7051 16
7052 18
7053 20
7054 22
7055 22
7056 20
7057 22
7058 22
7059 18
7060 20
7061 18
7062 18
7063 16
7064 22
7065 20
7066 26
7067 14
7068 22
7069 16
7070 20
7071 14
7072 20
7074 16
7075 22
7076 16
7077 20
7079 10
7080 16
7081 16
7073 32
7078 32
7082 20
7083 18
7084 30
7085 18
7086 22
7087 16
7088 20
7089 12
7090 32
7091 18
7092 14
7093 14
7094 20
7095 18
7096 20
7097 12
7098 28
7099 24
7100 16
7101 18
7102 18
7103 14
7104 20
7105 18
7106 22
7107 10
7108 12
7109 26
7110 14
7111 10
7112 8
7113 22
7114 20
7115 24
7116 22
7117 14
7118 20
7119 22
7120 18
7121 14
7122 16
7123 16
7124 16
7125 18
7126 24
7127 20
7128 20
7129 22
7130 14
7131 24
7132 22
7133 16
7134 12
7135 22
7136 38
7137 12
7138 14
7139 20
7140 24
7141 20
7142 18
7143 32
7144 28
7145 14
7146 16
7147 14
7148 18
7149 20
7150 20
7151 14
7152 16
7153 18
7154 22
7155 16
7156 22
7157 16
7158 16
7159 20
7160 12
7161 18
7162 20
7163 22
7164 22
7165 16
7166 20
7167 18
7168 16
7169 22
7170 18
7171 18
7172 20
7173 18
7174 18
7175 12
7176 14
7177 14
7178 20
7179 42
7180 24
7181 50
7182 30
7183 18
7184 20
7185 20
7186 20
7187 16
7188 18
7189 22
7190 16
7191 34
7192 24
7193 14
7194 20
7195 14
7196 26
7197 20
7198 20
7199 17
7200 16
7201 22
7202 20
7203 18
7204 20
7205 20
7206 12
7207 16
7208 14
7209 18
7210 20
7211 18
7212 32
7213 22
7214 18
7215 22
7216 18
7217 18
7218 18
7219 22
7220 22
7221 24
7222 16
7223 22
7224 16
7225 22
7226 20
7227 18
7228 22
7229 18
7230 22
7231 20
7232 16
7233 20
7234 20
7235 36
7236 38
7237 16
7238 24
7239 22
7240 20
7241 18
7242 22
7243 16
7244 16
7245 18
7246 18
7247 10
7248 18
7249 20
7250 12
7251 20
7252 18
7253 22
7254 20
7255 14
7256 20
7257 22
7258 18
7259 26
7260 18
7261 20
7262 18
7263 32
7264 16
7266 16
7267 18
7268 14
7269 20
7270 14
7271 24
7272 18
7273 22
7274 24
7275 16
7276 20
7277 18
7278 12
7279 18
7265 36
7280 24
7281 18
7282 24
7283 20
7284 20
7285 20
7286 16
7287 16
7288 20
7289 18
7290 18
7291 20
7292 22
7293 26
7294 24
7295 32
7296 5
7297 16
7298 22
7299 42
7300 14
7301 20
7302 20
7303 20
7304 18
7305 18
7306 16
7307 22
7308 20
7309 16
7310 20
7311 12
7312 18
7313 24
7314 18
7315 48
7316 20
7317 20
7318 18
7319 20
7320 18
7321 14
7322 18
7323 22
7324 20
7325 16
7326 16
7327 32
7328 16
7329 14
7330 20
7331 28
7332 24
7333 22
7334 18
7335 24
7336 16
7337 18
7338 16
7339 32
7340 26
7341 12
7342 24
7343 28
7344 20
7345 18
7346 18
7347 18
7348 18
7349 24
7350 16
7351 36
7352 20
7353 16
7354 20
7355 18
7356 20
7357 20
7358 18
7359 20
7360 38
7361 20
7362 18
7363 14
7365 32
7366 12
7367 20
7368 12
7369 24
7370 22
7371 20
7372 18
7373 12
7374 18
7375 20
7376 16
7377 16
7379 16
7380 18
7382 16
7384 10
7364 42
7378 24
7381 20
7383 16
7385 18
7386 16
7387 26
7388 20
7389 17
7390 22
7391 16
7392 12
7393 18
7394 16
7395 16
7396 22
7397 18
7398 14
7399 20
7400 18
7401 18
7402 14
7403 14
7404 18
7405 18
7406 24
7407 20
7408 10
7409 18
7410 22
7411 20
7412 22
7413 16
7414 18
7415 26
7416 24
7417 22
7418 20
7419 22
7420 20
7421 30
7422 22
7423 20
7424 17
7425 22
7426 18
7427 16
7428 18
7429 16
7430 16
7431 22
7432 18
7433 22
7434 14
7435 12
7436 32
7437 24
7438 18
7439 12
7440 20
7441 20
7442 18
7443 16
7444 16
7445 22
7446 22
7447 14
7448 14
7449 18
7450 16
7451 16
7452 20
7453 14
7454 18
7455 28
7456 18
7457 16
7458 24
7459 18
7460 20
7461 14
7462 20
7463 24
7464 14
7465 14
7466 20
7467 14
7468 20
7469 20
7470 18
7471 16
7472 24
7473 14
7474 16
7475 16
7478 16
7479 14
7480 14
7476 40
7477 32
7481 20
7482 20
7483 20
7484 22
7485 18
7486 28
7487 24
7488 20
7489 18
7490 18
7491 22
7492 28
7493 18
7494 24
7495 20
7496 24
7497 24
7498 18
7499 20
7500 14
7501 22
7502 14
7503 20
7504 22
7505 26
7506 22
7507 24
7508 20
7509 18
7510 22
7511 20
7512 12
7513 28
7514 20
7515 20
7516 14
7517 18
7518 18
7519 16
7520 22
7521 20
7522 20
7523 18
7524 22
7525 16
7526 16
7527 22
7528 38
7529 18
7530 18
7531 16
7532 28
7533 16
7534 22
7535 42
7536 46
7537 20
7538 18
7539 16
7540 18
7541 12
7542 18
7543 18
7544 24
7545 12
7546 24
7547 16
7548 18
7549 10
7550 16
7551 16
7552 16
7553 20
7554 18
7555 12
7556 14
7557 24
7558 20
7559 16
7560 12
7561 24
7562 16
7564 32
7566 26
7567 22
7569 19
7570 16
7571 14
7572 22
7573 18
7575 16
7576 18
7577 18
7579 16
7563 38
7565 44
7568 34
7574 26
7578 22
7580 20
7581 18
7582 42
7583 16
7584 18
7585 22
7586 14
7587 18
7588 20
7589 26
7590 18
7591 32
7592 20
7593 22
7594 20
7595 26
7596 22
7597 19
7598 16
7599 16
7600 16
7601 16
7602 22
7603 36
7604 22
7605 18
7606 22
7607 16
7608 18
7609 12
7610 24
7611 12
7612 26
7613 20
7614 18
7615 22
7616 20
7617 16
7618 18
7619 16
7620 16
7621 14
7622 26
7623 20
7624 20
7625 20
7626 18
7627 12
7628 14
7629 26
7630 18
7631 16
7632 26
7633 18
7634 14
7635 22
7636 20
7637 12
7638 34
7639 16
7640 14
7641 14
7642 18
7643 20
7644 22
7645 14
7646 20
7647 18
7648 16
7649 20
7650 20
7651 14
7652 18
7653 16
7654 22
7655 16
7656 20
7657 12
7658 18
7659 14
7660 14
7661 18
7662 18
7663 16
7664 22
7665 24
7666 24
7667 18
7669 18
7670 20
7671 12
7672 18
7673 20
7675 22
7677 20
7678 18
7668 36
7674 38
7676 30
7679 24
7680 24
7681 24
7682 18
7683 24
7684 22
7685 18
7686 18
7687 20
7688 20
7689 18
7690 18
7691 24
7692 14
7693 24
7694 16
7695 22
7696 34
7697 18
7698 18
7699 12
7700 24
7701 24
7702 20
7703 18
7704 26
7705 14
7706 16
7707 16
7708 20
7709 15
7710 14
7711 16
7712 20
7713 16
7714 26
7715 20
7716 28
7717 16
7718 12
7719 20
7720 14
7721 18
7722 16
7723 16
7724 14
7725 16
7726 16
7727 26
7728 20
7729 14
7730 20
7731 24
7732 18
7733 16
7734 22
7735 14
7736 18
7737 18
7738 20
7739 16
7740 18
7741 20
7742 22
7743 20
7744 26
7745 20
7746 16
7747 20
7748 16
7749 20
7750 16
7751 14
7752 14
7753 18
7754 14
7755 22
7756 20
7757 18
7758 18
7759 24
7760 9
7761 22
7762 20
7763 22
7764 16
7765 18
7766 22
7767 18
7768 20
7769 26
7770 20
7771 14
7772 18
7773 22
7774 16
7775 16
7776 14
7777 20
7778 16
7779 12
7782 16
7780 40
7781 22
7783 24
7784 18
7785 14
7786 30
7787 20
7788 26
7789 20
7790 18
7791 16
7792 20
7793 22
7794 16
7795 18
7796 16
7797 38
7798 18
7799 18
7800 40
7801 22
7802 16
7803 22
7804 9
7805 18
7806 22
7807 24
7808 14
7809 18
7810 14
7811 20
7812 14
7813 20
7814 20
7815 22
7816 18
7817 20
7818 20
7819 14
7820 20
7821 22
7822 14
7823 12
7824 20
7825 14
7826 18
7827 18
7828 18
7829 12
7830 22
7831 20
7832 14
7833 16
7834 14
7835 20
7836 20
7837 16
7838 16
7839 18
7840 26
7841 16
7842 18
7843 22
7844 8
7845 20
7846 28
7847 16
7848 34
7849 18
7850 16
7851 20
7852 20
7853 16
7854 18
7855 14
7856 20
7857 22
7858 32
7859 16
7860 22
7861 20
7862 20
7863 22
7864 24
7865 22
7866 24
7867 20
7868 24
7869 12
7870 24
7871 20
7872 16
7873 24
7875 20
7876 18
7877 18
7878 20
7880 18
7874 42
7879 22
7881 24
7882 20
7883 18
7884 22
7885 22
7886 24
7887 12
7888 24
7889 30
7890 20
7891 22
7892 20
7893 22
7894 16
7895 16
7896 16
7897 18
7898 20
7899 16
7900 16
7901 20
7902 22
7903 18
7904 22
7905 16
7906 12
7907 16
7908 14
7909 22
7910 20
7911 18
7912 24
7913 20
7914 26
7915 22
7916 36
7917 22
7918 16
7919 16
7920 28
7921 18
7922 24
7923 20
7924 22
7925 20
7926 22
7927 20
7928 26
7929 12
7930 26
7931 18
7932 22
7933 24
7934 20
7935 18
7936 18
7937 24
7938 26
7939 20
7940 14
7941 28
7942 14
7943 18
7944 22
7945 22
7946 16
7947 36
7948 16
7949 14
7950 22
7951 22
7952 18
7953 20
7954 22
7955 24
7956 24
7957 24
7958 18
7959 22
7960 20
7961 22
7962 22
7963 24
7964 24
7965 20
7966 14
7967 22
7968 20
7969 20
7970 14
7971 18
7972 22
7973 20
7974 22
7975 20
7976 10
7978 16
7980 16
7981 14
7977 46
7979 20
7982 20
7983 20
7984 22
7985 22
7986 20
7987 20
7988 16
7989 14
7990 24
7991 20
7992 16
7993 26
7994 14
7995 14
7996 24
7997 24
7998 24
7999 22
8000 16
8001 16
8002 20
8003 18
8004 24
8005 20
8006 16
8007 18
8008 20
8009 22
8010 20
8011 22
8012 18
8013 20
8014 18
8015 20
8016 16
8017 22
8018 18
8019 16
8020 20
8021 18
8022 30
8023 16
8024 10
8025 22
8026 16
8027 20
8028 18
8029 14
8030 26
8031 30
8032 12
8033 18
8034 14
8035 24
8036 18
8037 34
8038 16
8039 16
8040 14
8041 20
8042 22
8043 22
8044 16
8045 20
8046 10
8047 16
8048 20
8049 22
8050 18
8051 18
8052 20
8053 20
8054 14
8055 20
8056 20
8057 18
8058 16
8059 16
8060 22
8061 22
8062 24
8063 16
8064 24
8065 24
8066 18
8067 14
8068 16
8069 20
8070 20
8071 24
8072 20
8073 18
8074 18
8075 16
8076 18
8077 16
8079 12
8080 16
8081 16
8082 16
8078 24
8083 22
8084 18
8085 24
8086 18
8087 24
8088 18
8089 32
8090 16
8091 14
8092 22
8093 20
8094 20
8095 24
8096 14
8097 18
8098 20
8099 18
8100 16
8101 20
8102 16
8103 16
8104 20
8105 20
8106 22
8107 24
8108 18
8109 22
8110 18
8111 14
8112 22
8113 24
8114 18
8115 14
8116 22
8117 20
8118 18
8119 18
8120 18
8121 20
8122 14
8123 22
8124 16
8125 34
8126 20
8127 20
8128 24
8129 20
8130 20
8131 18
8132 32
8133 16
8134 16
8135 24
8136 20
8137 20
8138 22
8139 18
8140 22
8141 18
8142 18
8143 26
8144 24
8145 16
8146 18
8147 16
8148 10
8149 14
8150 14
8151 22
8152 20
8153 36
8154 20
8155 20
8156 36
8157 20
8158 18
8159 20
8160 24
8161 20
8162 18
8163 16
8164 20
8166 20
8167 24
8168 18
8169 12
8170 10
8171 16
8173 16
8174 20
8175 18
8176 20
8177 18
8178 16
8182 16
8165 34
8172 32
8179 42
8180 22
8181 22
8183 16
8184 28
8185 20
8186 18
8187 22
8188 28
8189 18
8190 17
8191 14
8192 32
8193 18
8194 14
8195 20
8196 18
8197 20
8198 24
8199 22
8200 16
8201 18
8202 20
8203 20
8204 18
8205 22
8206 26
8207 12
8208 20
8209 22
8210 20
8211 24
8212 20
8213 20
8214 20
8215 22
8216 12
8217 20
8218 20
8219 20
8220 18
8221 14
8222 20
8223 16
8224 22
8225 24
8226 16
8227 16
8228 12
8229 18
8230 14
8231 18
8232 20
8233 20
8234 34
8235 18
8236 18
8237 20
8238 20
8239 14
8240 20
8241 16
8242 14
8243 34
8244 16
8245 12
8246 20
8247 16
8248 22
8249 22
8250 18
8251 32
8252 18
8253 8
8254 22
8255 38
8256 14
8257 14
8258 18
8259 16
8260 18
8261 34
8263 24
8264 22
8265 16
8266 22
8267 20
8268 22
8269 16
8270 18
8271 12
8272 18
8273 18
8274 15
8276 14
8277 18
8278 20
8279 16
8280 18
8281 16
8282 16
8284 12
8262 38
8275 34
8283 36
8285 16
8286 38
8287 24
8288 22
8289 22
8290 22
8291 20
8292 16
8293 20
8294 18
8295 20
8296 24
8297 22
8298 22
8299 18
8300 14
8301 26
8302 24
8303 10
8304 32
8305 12
8306 22
8307 24
8308 18
8309 18
8310 20
8311 20
8312 18
8313 20
8314 22
8315 20
8316 16
8317 20
8318 18
8319 22
8320 20
8321 24
8322 22
8323 20
8324 14
8325 12
8326 20
8327 20
8328 22
8329 18
8330 20
8331 20
8332 14
8333 20
8334 18
8335 24
8336 20
8337 18
8338 32
8339 18
8340 30
8341 40
8342 22
8343 20
8344 38
8345 20
8346 22
8347 24
8348 16
8349 22
8350 24
8351 18
8352 18
8353 14
8354 20
8355 18
8356 20
8357 18
8358 14
8359 22
8360 18
8361 18
8362 14
8363 22
8364 22
8365 22
8366 16
8368 12
8369 18
8370 26
8371 22
8372 20
8373 16
8374 11
8376 18
8377 20
8379 18
8380 18
8381 14
8384 14
8367 38
8375 24
8378 22
8382 22
8383 24
8385 18
8386 20
8387 18
8388 22
8389 26
8390 16
8391 14
8392 18
8393 40
8394 18
8395 20
8396 16
8397 16
8398 36
8399 18
8400 22
8401 14
8402 18
8403 20
8404 18
8405 16
8406 18
8407 18
8408 48
8409 18
8410 16
8411 20
8412 18
8413 14
8414 14
8415 14
8416 12
8417 18
8418 14
8419 14
8420 24
8421 20
8422 14
8423 20
8424 20
8425 20
8426 22
8427 20
8428 22
8429 24
8430 18
8431 18
8432 38
8433 16
8434 32
8435 16
8436 26
8437 20
8438 20
8439 16
8440 36
8441 22
8442 10
8443 22
8444 24
8445 24
8446 20
8447 22
8448 20
8449 16
8450 20
8451 22
8452 12
8453 12
8454 22
8455 22
8456 20
8457 14
8458 16
8459 20
8460 20
8461 22
8462 18
8463 18
8464 18
8465 22
8466 20
8467 20
8469 22
8470 24
8471 20
8472 14
8473 22
8475 18
8476 16
8477 18
8478 20
8479 16
8480 18
8481 16
8468 40
8474 26
8482 18
8483 26
8484 18
8485 18
8486 18
8487 22
8488 14
8489 18
8490 18
8491 18
8492 26
8493 18
8494 28
8495 18
8496 20
8497 24
8498 20
8499 12
8500 24
8501 16
8502 18
8503 18
8504 16
8505 22
8506 22
8507 16
8508 18
8509 20
8510 22
8511 20
8512 24
8513 18
8514 12
8515 24
8516 14
8517 24
8518 20
8519 20
8520 18
8521 16
8522 18
8523 18
8524 22
8525 22
8526 14
8527 22
8528 16
8529 20
8530 22
8531 18
8532 16
8533 18
8534 26
8535 16
8536 24
8537 16
8538 22
8539 20
8540 22
8541 18
8542 16
8543 20
8544 20
8545 20
8546 18
8547 14
8548 22
8549 14
8550 38
8551 16
8552 18
8553 24
8554 18
8555 22
8556 30
8557 26
8558 22
8559 38
8560 36
8561 16
8562 22
8563 14
8564 16
8565 16
8566 18
8567 16
8568 22
8569 14
8570 14
8571 24
8572 18
8573 20
8574 18
8575 22
8576 16
8577 20
8578 20
8579 18
8580 20
8581 22
8582 22
8583 16
8584 22
8585 22
8586 20
8587 18
8588 18
8589 34
8590 40
8591 14
8592 20
8593 16
8594 22
8595 32
8596 18
8597 20
8598 14
8599 18
8600 20
8601 14
8602 24
8603 16
8604 14
8605 16
8606 16
8607 14
8608 12
8609 22
8610 26
8611 22
8612 18
8613 38
8614 24
8615 18
8616 18
8617 14
8618 18
8619 16
8620 18
8621 22
8622 18
8623 16
8624 16
8625 24
8626 18
8627 34
8628 18
8629 20
8630 20
8631 18
8632 16
8633 12
8634 14
8635 20
8636 36
8637 14
8638 18
8639 26
8640 24
8641 28
8642 18
8643 18
8644 26
8645 20
8646 22
8647 34
8648 18
8649 24
8650 16
8651 32
8652 26
8653 16
8654 14
8655 20
8656 22
8657 20
8658 24
8659 22
8660 18
8661 18
8662 18
8663 20
8664 30
8665 14
8666 32
8667 16
8668 12
8669 20
8670 16
8671 26
8672 22
8674 20
8676 16
8679 16
8680 18
8681 14
8684 12
8673 42
8675 24
8677 22
8678 34
8682 22
8683 18
8685 48
8686 20
8687 18
8688 24
8689 22
8690 20
8691 16
8692 20
8693 18
8694 14
8695 14
8696 20
8697 16
8698 18
8699 4
8700 18
8701 16
8702 36
8703 20
8704 16
8705 18
8706 14
8707 20
8708 18
8709 18
8710 22
8711 16
8712 24
8713 16
8714 14
8715 10
8716 16
8717 32
8718 20
8719 22
8720 14
8721 20
8722 24
8723 22
8724 24
8725 22
8726 16
8727 20
8728 10
8729 20
8730 20
8731 18
8732 36
8733 22
8734 18
8735 18
8736 22
8737 16
8738 20
8739 34
8740 16
8741 22
8742 16
8743 18
8744 36
8745 20
8746 18
8747 16
8748 16
8749 20
8750 12
8751 16
8752 16
8753 16
8754 18
8755 14
8756 20
8757 18
8758 22
8759 38
8760 24
8761 16
8762 18
8763 22
8764 16
8765 16
8766 14
8767 16
8768 22
8769 22
8771 22
8772 18
8773 20
8774 12
8775 20
8776 22
8778 20
8770 36
8777 26
8779 22
8780 20
8781 22
8782 18
8783 20
8784 22
8785 18
8786 18
8787 20
8788 16
8789 30
8790 16
8791 18
8792 20
8793 22
8794 18
8795 16
8796 30
8797 36
8798 16
8799 12
8800 30
8801 22
8802 26
8803 38
8804 20
8805 18
8806 20
8807 20
8808 20
8809 24
8810 20
8811 20
8812 36
8813 14
8814 20
8815 16
8816 20
8817 38
8818 18
8819 20
8820 16
8821 16
8822 24
8823 18
8824 40
8825 22
8826 14
8827 20
8828 18
8829 14
8830 24
8831 18
8832 18
8833 16
8834 12
8835 18
8836 20
8837 18
8838 16
8839 22
8840 14
8841 18
8842 14
8843 12
8844 20
8845 18
8846 18
8847 16
8848 22
8849 38
8850 20
8851 36
8852 16
8853 34
8854 31
8855 22
8856 20
8857 28
8858 12
8859 20
8860 18
8861 14
8862 14
8863 18
8864 18
8865 22
8866 22
8867 16
8868 20
8869 24
8870 14
8871 14
8872 16
8873 12
8874 18
8875 14
8876 20
8877 14
8878 18
8880 16
8879 20
8881 24
8882 22
8883 22
8884 16
8885 18
8886 20
8887 20
8888 18
8889 18
8890 14
8891 24
8892 18
8893 24
8894 16
8895 20
8896 20
8897 40
8898 20
8899 18
8900 22
8901 14
8902 18
8903 20
8904 24
8905 18
8906 16
8907 16
8908 18
8909 12
8910 22
8911 18
8912 32
8913 16
8914 20
8915 14
8916 20
8917 22
8918 16
8919 18
8920 24
8921 26
8922 18
8923 22
8924 18
8925 16
8926 48
8927 22
8928 20
8929 18
8930 14
8931 20
8932 22
8933 20
8934 20
8935 18
8936 22
8937 18
8938 18
8939 20
8940 16
8941 12
8942 16
8943 16
8944 44
8945 24
8946 22
8947 16
8948 16
8949 20
8950 14
8951 18
8952 22
8953 20
8954 16
8955 20
8956 16
8957 24
8958 18
8959 24
8960 18
8961 26
8962 14
8963 24
8964 18
8965 20
8966 14
8968 18
8969 20
8970 22
8971 20
8972 20
8973 20
8974 22
8975 16
8977 20
8979 16
8982 16
8967 32
8976 24
8978 26
8980 20
8981 18
8983 22
8984 18
8985 16
8986 20
8987 20
8988 12
8989 46
8990 20
8991 16
8992 14
8993 22
8994 20
8995 18
8996 26
8997 26
8998 22
8999 20
9000 18
9001 32
9002 30
9003 20
9004 20
9005 20
9006 22
9007 18
9008 38
9009 28
9010 22
9011 30
9012 32
9013 18
9014 14
9015 20
9016 20
9017 16
9018 24
9019 24
9020 14
9021 18
9022 18
9023 18
9024 34
9025 24
9026 12
9027 7
9028 20
9029 20
9030 36
9031 30
9032 22
9033 14
9034 20
9035 13
9036 16
9037 38
9038 20
9039 20
9040 16
9041 18
9042 18
9043 22
9044 22
9045 22
9046 18
9047 16
9048 18
9049 16
9050 20
9051 18
9052 18
9053 20
9054 20
9055 22
9056 20
9057 20
9058 14
9059 18
9060 16
9061 22
9062 16
9063 18
9064 26
9065 14
9066 20
9068 14
9069 16
9070 14
9071 14
9072 20
9073 16
9074 18
9075 12
9076 16
9077 20
9078 14
9079 18
9080 16
9082 12
9067 34
9081 18
9083 16
9084 22
9085 20
9086 20
9087 16
9088 24
9089 20
9090 18
9091 18
9092 16
9093 22
9094 12
9095 16
9096 18
9097 18
9098 36
9099 18
9100 16
9101 22
9102 24
9103 16
9104 22
9105 18
9106 14
9107 14
9108 22
9109 16
9110 36
9111 22
9112 20
9113 16
9114 22
9115 22
9116 20
9117 20
9118 14
9119 20
9120 12
9121 26
9122 34
9123 42
9124 40
9125 22
9126 20
9127 32
9128 40
9129 20
9130 32
9131 14
9132 18
9133 14
9134 20
9135 22
9136 20
9137 22
9138 18
9139 18
9140 14
9141 24
9142 18
9143 20
9144 30
9145 18
9146 18
9147 18
9148 20
9149 40
9150 22
9152 20
9153 24
9154 22
9155 18
9156 40
9157 28
9158 20
9159 18
9160 14
9161 20
9162 18
9163 16
9164 24
9165 20
9166 16
9167 16
9168 24
9169 18
9170 16
9171 22
9172 14
9174 20
9175 14
9176 18
9178 20
9179 16
9181 14
9151 48
9173 26
9177 24
9180 20
9182 34
9183 18
9184 18
9185 18
9186 18
9187 16
9188 22
9189 34
9190 20
9191 22
9192 24
9193 18
9194 18
9195 18
9196 14
9197 20
9198 26
9199 30
9200 16
9201 20
9202 20
9203 20
9204 16
9205 20
9206 18
9207 22
9208 16
9209 30
9210 24
9211 20
9212 20
9213 26
9214 22
9215 22
9216 16
9217 20
9218 18
9219 16
9220 16
9221 20
9222 28
9223 40
9224 22
9225 20
9226 16
9227 14
9228 26
9229 26
9230 16
9231 16
9232 14
9233 14
9234 18
9235 24
9236 10
9237 20
9238 18
9239 14
9240 18
9241 18
9242 18
9243 18
9244 20
9245 22
9246 20
9247 20
9248 16
9249 16
9250 34
9251 22
9252 22
9253 14
9254 20
9255 22
9256 22
9257 14
9258 18
9259 20
9260 22
9261 16
9262 22
9263 20
9264 16
9265 14
9266 16
9267 18
9268 20
9269 20
9270 16
9271 18
9272 12
9273 22
9274 16
9275 20
9276 20
9277 20
9278 18
9280 14
9281 14
9279 20
9282 22
9283 18
9284 18
9285 16
9286 22
9287 16
9288 18
9289 22
9290 22
9291 14
9292 22
9293 24
9294 24
9295 22
9296 16
9297 18
9298 20
9299 22
9300 20
9301 8
9302 16
9303 20
9304 22
9305 20
9306 18
9307 26
9308 16
9309 14
9310 36
9311 12
9312 36
9313 20
9314 10
9315 18
9316 10
9317 30
9318 24
9319 20
9320 18
9321 20
9322 16
9323 12
9324 36
9325 18
9326 22
9327 14
9328 24
9329 20
9330 20
9331 20
9332 20
9333 22
9334 42
9335 36
9336 16
9337 20
9338 20
9339 22
9340 20
9341 18
9342 22
9343 18
9344 18
9345 20
9346 18
9347 18
9348 15
9349 22
9350 24
9351 16
9352 36
9353 22
9354 22
9355 26
9356 14
9357 24
9358 20
9359 20
9360 24
9361 20
9362 20
9363 20
9364 18
9365 16
9366 32
9367 14
9368 12
9369 16
9370 16
9371 22
9373 24
9374 20
9375 14
9376 16
9380 18
9372 30
9377 28
9378 24
9379 22
9381 18
9382 20
9383 24
9384 22
9385 22
9386 24
9387 16
9388 22
9389 18
9390 20
9391 18
9392 20
9393 18
9394 18
9395 44
9396 8
9397 14
9398 18
9399 16
9400 12
9401 14
9402 22
9403 20
9404 22
9405 20
9406 18
9407 16
9408 42
9409 22
9410 24
9411 18
9412 16
9413 18
9414 20
9415 16
9416 20
9417 24
9418 24
9419 10
9420 26
9421 22
9422 22
9423 30
9424 14
9425 20
9426 22
9427 14
9428 20
9429 18
9430 22
9431 36
9432 20
9433 16
9434 10
9435 30
9436 22
9437 16
9438 16
9439 16
9440 18
9441 22
9442 22
9443 18
9444 12
9445 18
9446 18
9447 10
9448 16
9449 16
9450 18
9451 16
9452 16
9453 16
9454 16
9455 20
9456 26
9457 20
9458 16
9459 20
9460 16
9461 20
9462 30
9463 18
9464 18
9466 20
9467 24
9468 8
9469 18
9470 22
9471 12
9472 20
9473 16
9474 22
9475 20
9476 18
9478 20
9480 16
9481 16
9465 34
9477 24
9479 22
9482 20
9483 20
9484 20
9485 16
9486 20
9487 46
9488 16
9489 22
9490 24
9491 22
9492 26
9493 20
9494 20
9495 18
9496 20
9497 16
9498 14
9499 34
9500 18
9501 38
9502 20
9503 20
9504 16
9505 14
9506 20
9507 22
9508 18
9509 38
9510 14
9511 16
9512 22
9513 20
9514 22
9515 20
9516 64
9517 20
9518 16
9519 18
9520 20
9521 24
9522 16
9523 20
9524 38
9525 22
9526 32
9527 18
9528 16
9529 20
9530 10
9531 20
9532 14
9533 16
9534 22
9535 12
9536 28
9537 20
9538 18
9539 20
9540 20
9541 24
9542 24
9543 22
9544 18
9545 24
9546 16
9547 34
9548 18
9549 18
9550 18
9551 20
9552 20
9553 28
9554 12
9555 14
9556 14
9557 14
9558 20
9559 16
9560 20
9561 16
9562 24
9563 24
9564 16
9565 22
9567 24
9568 16
9569 20
9570 14
9571 24
9572 24
9574 18
9575 18
9576 16
9577 20
9566 42
9573 38
9578 24
9579 20
9580 20
9581 22
9582 18
9583 18
9584 20
9585 18
9586 18
9587 14
9588 20
9589 22
9590 16
9591 16
9592 16
9593 16
9594 18
9595 26
9596 14
9597 20
9598 22
9599 16
9600 22
9601 20
9602 20
9603 22
9604 26
9605 16
9606 42
9607 22
9608 20
9609 16
9610 14
9611 20
9612 24
9613 14
9614 34
9615 16
9616 36
9617 16
9618 24
9619 24
9620 26
9621 12
9622 18
9623 20
9624 18
9625 16
9626 18
9627 18
9628 14
9629 20
9630 22
9631 22
9632 12
9633 20
9634 22
9635 20
9636 16
9637 16
9638 28
9639 12
9640 20
9641 22
9642 4
9643 18
9644 14
9645 18
9646 26
9647 24
9648 24
9649 36
9650 20
9651 16
9652 20
9653 20
9654 20
9655 12
9656 22
9657 18
9658 16
9659 20
9660 18
9661 20
9662 20
9663 20
9664 18
9665 20
9666 32
9667 20
9668 22
9669 24
9670 10
9671 16
9672 20
9673 20
9674 22
9675 18
9676 18
9677 16
9678 18
9679 16
9680 24
9681 26
9682 24
9683 24
9684 24
9685 24
9686 20
9687 16
9688 16
9689 22
9690 18
9691 12
9692 18
9693 22
9694 20
9695 50
9696 16
9697 24
9698 20
9699 16
9700 18
9701 16
9702 22
9703 18
9704 26
9705 22
9706 16
9707 18
9708 22
9709 18
9710 14
9711 20
9712 14
9713 16
9714 22
9715 20
9716 20
9717 24
9718 40
9719 20
9720 16
9721 40
9722 34
9723 16
9724 24
9725 16
9726 16
9727 16
9728 16
9729 18
9730 30
9731 22
9732 20
9733 14
9734 20
9735 18
9736 18
9737 18
9738 18
9739 20
9740 20
9741 18
9742 26
9743 22
9744 12
9745 18
9746 18
9747 20
9748 20
9749 20
9750 18
9751 14
9752 20
9753 14
9754 34
9755 18
9756 20
9757 20
9758 16
9759 18
9760 14
9761 22
9762 12
9763 12
9764 16
9765 20
9766 14
9767 12
9768 18
9769 14
9770 14
9772 20
9773 20
9774 18
9775 12
9776 20
9778 18
9771 42
9777 22
9779 36
9780 26
9781 26
9782 18
9783 28
9784 18
9785 20
9786 22
9787 18
9788 22
9789 18
9790 24
9791 14
9792 20
9793 16
9794 16
9795 18
9796 20
9797 20
9798 26
9799 24
9800 16
9801 24
9802 18
9803 22
9804 22
9805 16
9806 20
9807 13
9808 16
9809 16
9810 16
9811 20
9812 16
9813 14
9814 16
9815 16
9816 22
9817 16
9818 18
9819 18
9820 26
9821 18
9822 18
9823 20
9824 12
9825 20
9826 14
9827 18
9828 22
9829 18
9830 14
9831 24
9832 18
9833 16
9834 22
9835 18
9836 22
9837 14
9838 16
9839 22
9840 18
9841 22
9842 24
9843 18
9844 16
9845 34
9846 36
9847 22
9848 20
9849 14
9850 22
9851 14
9852 18
9853 16
9854 36
9855 18
9856 20
9857 18
9858 18
9859 22
9860 20
9861 20
9862 26
9863 20
9864 12
9865 28
9866 22
9867 18
9868 18
9869 24
9870 16
9871 14
9872 22
9873 16
9875 22
9876 18
9877 16
9878 20
9874 34
9879 22
9880 20
9881 18
9882 22
9883 22
9884 18
9885 22
9886 22
9887 20
9888 36
9889 14
9890 16
9891 12
9892 20
9893 22
9894 20
9895 16
9896 14
9897 20
9898 18
9899 24
9900 20
9901 24
9902 20
9903 4
9904 16
9905 22
9906 12
9907 36
9908 14
9909 22
9910 18
9911 22
9912 20
9913 16
9914 16
9915 16
9916 14
9917 18
9918 18
9919 16
9920 22
9921 18
9922 20
9923 20
9924 16
9925 20
9926 16
9927 20
9928 18
9929 14
9930 16
9931 22
9932 20
9933 20
9934 24
9935 18
9936 18
9937 10
9938 14
9939 28
9940 22
9941 14
9942 36
9943 26
9944 20
9945 20
9946 18
9947 18
9948 14
9949 20
9950 18
9951 18
9952 20
9953 18
9954 18
9955 14
9956 18
9957 14
9958 18
9959 20
9960 16
9961 20
9962 22
9963 22
9965 18
9966 26
9967 18
9968 24
9969 22
9971 20
9972 20
9973 20
9974 24
9975 14
9976 18
9977 20
9978 20
9980 18
9983 14
9964 40
9970 36
9979 22
9981 28
9982 32
9984 16
9985 20
9986 26
9987 14
9988 40
9989 32
9990 18
9991 22
9992 20
9993 20
9994 34
9995 20
9996 16
9997 20
9998 16
9999 18
10000 24
10001 16
10002 16
10003 26
10004 20
10005 22
10006 34
10007 20
10008 20
10009 20
10010 20
10011 20
10012 18
10013 14
10014 18
10015 24
10016 18
10017 20
10018 42
10019 16
10020 16
10021 14
10022 18
10023 26
10024 18
10025 20
10026 22
10027 20
10028 20
10029 20
10030 22
10031 18
10032 36
10033 18
10034 14
10035 18
10036 24
10037 22
10038 20
10039 18
10040 14
10041 22
10042 14
10043 12
10044 20
10045 22
10046 16
10047 14
10048 18
10049 20
10050 24
10051 22
10052 18
10053 18
10054 20
10055 18
10056 20
10057 16
10058 16
10059 34
10060 22
10062 18
10064 16
10065 24
10066 20
10067 16
10068 12
10069 18
10070 16
10071 20
10072 16
10073 18
10074 18
10075 20
10076 16
10077 20
10078 14
10080 16
10081 16
10082 16
10061 42
10063 42
10079 24
10083 16
10084 20
10085 30
10086 16
10087 22
10088 22
10089 14
10090 16
10091 18
10092 16
10093 24
10094 18
10095 14
10096 20
10097 24
10098 36
10099 14
