100 32
101 16
102 16
103 15
104 33
105 12
106 31
107 23
108 23
109 7
110 22
111 20
112 26
113 19
114 17
115 16
116 20
117 13
118 12
119 11
120 11
121 11
122 12
123 12
124 9
125 11
126 11
127 6
128 32
129 10
130 13
131 36
132 38
133 31
134 25
135 28
136 34
137 27
138 29
139 31
140 27
141 19
142 14
143 13
144 16
145 20
146 16
147 9
148 14
149 12
150 16
151 14
152 16
153 11
154 16
155 9
156 7
157 11
158 16
159 6
160 12
161 16
162 4
163 12
164 5
165 12
166 12
167 14
168 10
169 20
170 14
171 16
172 10
173 14
174 12
175 12
176 12
177 14
178 18
179 8
180 16
181 16
182 10
183 14
184 12
185 12
186 12
187 7
188 6
189 16
190 16
191 15
192 11
193 16
194 16
195 14
196 16
197 14
198 10
199 10
200 12
201 8
202 16
203 10
204 12
205 18
206 14
207 12
208 12
209 14
210 11
211 16
212 10
213 7
214 12
215 12
216 14
217 18
218 18
219 16
220 14
221 10
222 16
223 14
224 16
225 16
226 18
227 16
228 12
229 16
230 16
231 14
232 16
233 14
234 16
235 14
236 4
237 16
238 8
239 11
240 12
241 10
242 6
243 16
244 16
245 16
246 12
247 14
248 16
249 14
250 12
251 8
252 16
253 16
254 18
255 14
256 14
257 12
258 12
259 18
260 14
261 14
262 4
263 14
264 12
265 14
266 14
267 12
268 12
269 16
270 16
271 14
272 16
273 11
274 12
275 14
276 18
277 9
278 18
279 12
281 16
282 12
284 12
288 10
280 20
283 18
285 16
286 14
287 20
289 10
290 14
291 8
292 14
293 18
294 20
295 12
296 18
297 14
298 16
299 8
300 14
301 16
302 10
303 14
304 14
305 14
306 10
307 10
308 16
309 16
310 12
311 16
312 14
313 10
314 10
315 12
316 18
317 12
318 20
319 20
320 12
321 16
322 18
323 14
324 10
325 16
326 16
327 12
328 9
329 14
330 14
331 20
332 10
333 16
334 14
335 14
336 12
337 12
338 14
339 18
340 14
341 16
342 12
343 16
344 12
345 18
346 18
347 14
348 12
349 10
350 12
351 10
352 12
353 19
354 18
355 14
356 16
357 14
358 13
359 12
360 14
361 18
362 15
363 14
364 14
365 10
366 14
367 14
368 16
369 16
370 12
371 12
372 12
373 18
374 10
375 12
376 18
377 14
378 14
379 10
380 12
381 12
382 12
387 11
383 18
384 16
385 14
386 16
388 16
389 14
390 18
391 14
392 12
393 14
394 14
395 16
396 12
397 16
398 8
399 14
400 10
401 14
402 22
403 14
404 14
405 16
406 14
407 12
408 14
409 10
410 12
411 20
412 20
413 16
414 12
415 14
416 14
417 16
418 14
419 14
420 14
421 9
422 14
423 18
424 14
425 12
426 18
427 12
428 7
429 18
430 20
431 16
432 15
433 12
434 12
435 12
436 16
437 12
438 10
439 10
440 14
441 12
442 16
443 14
444 10
445 16
446 16
447 12
448 20
449 16
450 14
451 14
452 16
453 16
454 14
455 12
456 16
457 17
458 18
459 12
460 20
461 18
462 14
463 10
464 10
465 8
466 18
467 14
468 18
469 14
470 12
471 18
472 8
473 12
474 14
475 14
476 16
477 18
478 16
479 10
480 18
481 16
482 14
484 14
483 16
485 16
486 18
487 14
488 16
489 14
490 14
491 12
492 16
493 18
494 18
495 18
496 16
497 14
498 18
499 18
500 16
501 14
502 14
503 12
504 12
505 14
506 12
507 14
508 14
509 16
510 20
511 14
512 12
513 14
514 12
515 16
516 4
517 16
518 8
519 10
520 7
521 16
522 14
523 18
524 12
525 12
526 16
527 14
528 12
529 12
530 12
531 14
532 12
533 14
534 14
535 10
536 16
537 16
538 14
539 8
540 12
541 13
542 14
543 10
544 12
545 14
546 16
547 18
548 10
549 12
550 16
551 8
552 16
553 12
554 12
555 14
556 16
557 16
558 14
559 8
560 16
561 12
562 14
563 18
564 14
565 16
566 14
567 16
568 12
569 18
570 14
571 18
572 14
573 12
574 9
575 12
576 12
577 12
579 18
580 12
581 16
582 16
584 12
588 4
578 24
583 18
585 16
586 14
587 18
589 14
590 14
591 18
592 10
593 16
594 16
595 12
596 18
597 10
598 14
599 14
600 14
601 16
602 12
603 14
604 18
605 16
606 12
607 18
608 16
609 16
610 18
611 18
612 18
613 12
614 12
615 16
616 16
617 14
618 12
619 14
620 16
621 18
622 16
623 10
624 18
625 16
626 14
627 14
628 14
629 16
630 12
631 8
632 10
633 18
634 14
635 14
636 16
637 10
638 18
639 8
640 20
641 14
642 14
643 12
644 14
645 7
646 16
647 20
648 14
649 18
650 10
651 16
652 16
653 12
654 18
655 16
656 18
657 20
658 18
659 14
660 14
661 16
662 16
663 20
664 18
665 16
666 18
667 14
668 14
669 16
670 18
671 12
672 14
673 14
674 20
675 14
676 8
677 8
678 18
679 14
680 14
681 10
683 14
682 18
684 16
685 18
686 16
687 18
688 14
689 16
690 14
691 14
692 7
693 18
694 14
695 14
696 16
697 14
698 18
699 14
700 8
701 20
702 16
703 10
704 12
705 10
706 20
707 20
708 20
709 12
710 18
711 18
712 10
713 14
714 18
715 9
716 10
717 12
718 14
719 20
720 14
721 16
722 16
723 16
724 16
725 18
726 13
727 12
728 12
729 12
730 8
731 8
732 14
733 14
734 16
735 18
736 18
737 16
738 10
739 16
740 22
741 16
742 19
743 16
744 12
745 16
746 10
747 18
748 14
749 16
750 14
751 20
752 18
753 18
754 20
755 14
756 14
757 10
758 14
759 10
760 14
761 18
762 18
763 15
764 18
765 16
766 14
767 18
768 16
769 20
770 16
771 16
772 16
773 18
774 16
775 14
776 18
777 12
778 16
779 14
780 10
781 14
782 16
783 14
785 12
790 7
784 16
786 18
787 14
788 12
789 18
791 12
792 12
793 12
794 20
795 14
796 18
797 22
798 18
799 14
800 16
801 14
802 16
803 16
804 14
805 16
806 16
807 16
808 18
809 16
810 16
811 20
812 12
813 12
814 18
815 20
816 14
817 18
818 12
819 16
820 16
821 18
822 10
823 12
824 18
825 18
826 16
827 14
828 17
829 14
830 16
831 18
832 14
833 16
834 13
835 14
836 12
837 14
838 12
839 20
840 22
841 12
842 18
843 14
844 20
845 16
846 20
847 18
848 16
849 14
850 16
851 16
852 16
853 12
854 20
855 16
856 16
857 16
858 14
859 20
860 6
861 10
862 16
863 14
864 18
865 10
866 12
867 16
868 16
869 16
870 14
871 18
872 14
873 6
874 18
875 16
876 16
877 12
878 12
879 16
880 16
882 14
881 18
883 18
884 16
885 16
886 18
887 12
888 22
889 16
890 9
891 18
892 18
893 14
894 14
895 10
896 16
897 18
898 12
899 12
900 14
901 7
902 16
903 16
904 12
905 12
906 20
907 14
908 16
909 16
910 12
911 16
912 14
913 20
914 14
915 16
916 14
917 16
918 16
919 8
920 14
921 12
922 14
923 16
924 16
925 12
926 20
927 16
928 14
929 12
930 16
931 14
932 18
933 18
934 16
935 14
936 24
937 10
938 16
939 12
940 14
941 14
942 18
943 14
944 20
945 18
946 18
947 20
948 12
949 18
950 14
951 16
952 14
953 12
954 16
955 18
956 14
957 18
958 16
959 12
960 14
961 16
962 18
963 10
964 20
965 16
966 18
967 20
968 16
969 10
970 12
971 16
972 20
973 14
974 12
975 14
976 16
977 14
978 16
979 10
980 16
982 16
985 12
981 20
983 26
984 22
986 16
987 20
988 18
989 14
990 16
991 20
992 14
993 14
994 24
995 18
996 16
997 16
998 16
999 18
1000 12
1001 12
1002 12
1003 12
1004 12
1005 20
1006 14
1007 18
1008 16
1009 18
1010 18
1011 12
1012 18
1013 18
1014 16
1015 12
1016 14
1017 20
1018 14
1019 18
1020 18
1021 14
1022 14
1023 20
1024 12
1025 14
1026 14
1027 24
1028 14
1029 14
1030 18
1031 20
1032 14
1033 18
1034 14
1035 11
1036 14
1037 6
1038 12
1039 18
1040 20
1041 18
1042 16
1043 18
1044 16
1045 14
1046 14
1047 16
1048 20
1049 10
1050 18
1051 14
1052 16
1053 16
1054 18
1055 16
1056 18
1057 12
1058 18
1059 14
1060 14
1061 17
1062 14
1063 18
1064 18
1065 22
1066 18
1067 14
1068 18
1069 18
1070 14
1071 14
1072 18
1073 12
1074 16
1075 14
1076 14
1077 20
1078 16
1079 14
1080 7
1081 16
1083 12
1084 10
1087 10
1082 18
1085 18
1086 14
1088 18
1089 16
1090 26
1091 14
1092 18
1093 14
1094 18
1095 24
1096 12
1097 18
1098 16
1099 8
1100 18
1101 18
1102 12
1103 16
1104 22
1105 12
1106 20
1107 18
1108 16
1109 12
1110 16
1111 12
1112 6
1113 14
1114 20
1115 16
1116 20
1117 18
1118 12
1119 14
1120 12
1121 18
1122 16
1123 10
1124 14
1125 18
1126 8
1127 20
1128 12
1129 14
1130 18
1131 18
1132 10
1133 12
1134 16
1135 16
1136 16
1137 24
1138 16
1139 8
1140 22
1141 14
1142 12
1143 16
1144 20
1145 16
1146 20
1147 20
1148 18
1149 18
1150 14
1151 16
1152 16
1153 18
1154 16
1155 16
1156 18
1157 14
1158 10
1159 16
1160 14
1161 16
1162 18
1163 14
1164 6
1165 12
1166 9
1167 12
1168 14
1169 12
1170 20
1171 16
1172 20
1173 14
1174 16
1175 14
1176 22
1177 18
1178 12
1179 14
1180 12
1181 12
1183 12
1182 18
1184 18
1185 16
1186 14
1187 20
1188 16
1189 22
1190 16
1191 20
1192 14
1193 16
1194 20
1195 16
1196 15
1197 16
1198 20
1199 14
1200 18
1201 20
1202 10
1203 14
1204 18
1205 18
1206 16
1207 10
1208 16
1209 16
1210 24
1211 18
1212 10
1213 16
1214 12
1215 18
1216 18
1217 20
1218 16
1219 22
1220 20
1221 16
1222 20
1223 14
1224 16
1225 18
1226 16
1227 26
1228 18
1229 18
1230 18
1231 18
1232 18
1233 16
1234 20
1235 14
1236 18
1237 16
1238 18
1239 10
1240 14
1241 16
1242 16
1243 14
1244 16
1245 16
1246 16
1247 16
1248 12
1249 14
1250 16
1251 18
1252 14
1253 18
1254 18
1255 12
1256 16
1257 18
1258 22
1259 12
1260 18
1261 14
1262 14
1263 20
1264 15
1265 12
1266 18
1267 12
1268 18
1269 16
1270 16
1271 12
1272 20
1273 18
1274 18
1275 7
1276 14
1278 18
1279 12
1280 18
1281 16
1282 12
1283 14
1286 12
1277 22
1284 16
1285 16
1287 18
1288 18
1289 16
1290 18
1291 14
1292 16
1293 18
1294 16
1295 22
1296 16
1297 12
1298 16
1299 16
1300 18
1301 16
1302 14
1303 18
1304 20
1305 16
1306 16
1307 18
1308 14
1309 12
1310 18
1311 18
1312 22
1313 20
1314 16
1315 22
1316 12
1317 14
1318 14
1319 16
1320 14
1321 16
1322 22
1323 10
1324 16
1325 18
1326 14
1327 14
1328 16
1329 12
1330 14
1331 18
1332 16
1333 16
1334 12
1335 12
1336 14
1337 14
1338 12
1339 16
1340 20
1341 16
1342 18
1343 18
1344 16
1345 10
1346 18
1347 20
1348 16
1349 16
1350 16
1351 14
1352 16
1353 16
1354 18
1355 16
1356 4
1357 16
1358 16
1359 18
1360 18
1361 16
1362 16
1363 18
1364 14
1365 12
1366 20
1367 12
1368 16
1369 18
1370 12
1371 14
1372 16
1373 8
1374 16
1375 18
1376 12
1377 16
1378 18
1380 16
1381 16
1383 12
1379 20
1382 24
1384 20
1385 14
1386 18
1387 20
1388 16
1389 16
1390 18
1391 12
1392 18
1393 16
1394 18
1395 16
1396 16
1397 14
1398 14
1399 18
1400 12
1401 18
1402 18
1403 14
1404 14
1405 14
1406 14
1407 16
1408 16
1409 16
1410 16
1411 14
1412 14
1413 20
1414 16
1415 18
1416 16
1417 18
1418 10
1419 14
1420 16
1421 14
1422 14
1423 18
1424 24
1425 14
1426 18
1427 14
1428 11
1429 14
1430 14
1431 14
1432 14
1433 20
1434 16
1435 16
1436 10
1437 14
1438 10
1439 16
1440 14
1441 20
1442 24
1443 14
1444 16
1445 14
1446 16
1447 20
1448 18
1449 4
1450 18
1451 16
1452 16
1453 12
1454 18
1455 14
1456 18
1457 14
1458 18
1459 22
1460 10
1461 12
1462 16
1463 18
1464 22
1465 18
1466 18
1467 22
1468 14
1469 14
1470 16
1471 16
1472 18
1473 10
1474 24
1475 14
1476 16
1477 16
1478 20
1479 16
1480 12
1481 12
1483 14
1482 20
1484 18
1485 20
1486 14
1487 22
1488 14
1489 22
1490 20
1491 14
1492 16
1493 14
1494 12
1495 18
1496 22
1497 16
1498 16
1499 20
1500 18
1501 14
1502 20
1503 14
1504 14
1505 12
1506 18
1507 14
1508 14
1509 18
1510 18
1511 14
1512 16
1513 18
1514 20
1515 16
1516 16
1517 18
1518 14
1519 14
1520 7
1521 20
1522 18
1523 16
1524 20
1525 14
1526 20
1527 20
1528 14
1529 10
1530 16
1531 18
1532 16
1533 14
1534 18
1535 8
1536 16
1537 14
1538 13
1539 14
1540 14
1541 20
1542 18
1543 16
1544 14
1545 14
1546 16
1547 20
1548 20
1549 14
1550 20
1551 20
1552 22
1553 22
1554 16
1555 18
1556 20
1557 18
1558 14
1559 18
1560 18
1561 24
1562 14
1563 10
1564 18
1565 14
1566 12
1567 18
1568 20
1569 14
1570 11
1571 18
1572 20
1573 18
1574 20
1575 22
1576 12
1577 18
1578 12
1580 16
1581 12
1586 10
1579 20
1582 18
1583 18
1584 20
1585 20
1587 20
1588 18
1589 18
1590 16
1591 18
1592 12
1593 16
1594 6
1595 16
1596 18
1597 14
1598 16
1599 10
1600 12
1601 18
1602 16
1603 14
1604 12
1605 18
1606 20
1607 14
1608 14
1609 20
1610 18
1611 16
1612 11
1613 20
1614 16
1615 14
1616 16
1617 14
1618 22
1619 14
1620 18
1621 12
1622 18
1623 16
1624 16
1625 20
1626 18
1627 10
1628 18
1629 12
1630 14
1631 16
1632 12
1633 20
1634 20
1635 16
1636 18
1637 14
1638 14
1639 14
1640 14
1641 18
1642 16
1643 18
1644 14
1645 16
1646 18
1647 12
1648 14
1649 22
1650 16
1651 12
1652 22
1653 16
1654 16
1655 18
1656 4
1657 14
1658 18
1659 16
1660 14
1661 20
1662 16
1663 16
1664 16
1665 14
1666 18
1667 20
1668 6
1669 14
1670 16
1671 14
1672 16
1673 16
1674 18
1675 18
1676 12
1677 20
1679 14
1680 12
1682 16
1683 10
1678 23
1681 18
1684 20
1685 16
1686 22
1687 20
1688 14
1689 16
1690 12
1691 14
1692 14
1693 16
1694 8
1695 14
1696 18
1697 16
1698 18
1699 20
1700 16
1701 16
1702 16
1703 16
1704 16
1705 18
1706 16
1707 14
1708 22
1709 12
1710 20
1711 18
1712 18
1713 16
1714 12
1715 10
1716 16
1717 11
1718 20
1719 16
1720 22
1721 19
1722 18
1723 12
1724 18
1725 18
1726 16
1727 12
1728 16
1729 20
1730 14
1731 18
1732 18
1733 14
1734 16
1735 12
1736 10
1737 16
1738 12
1739 16
1740 18
1741 16
1742 18
1743 16
1744 16
1745 16
1746 18
1747 18
1748 14
1749 12
1750 20
1751 20
1752 14
1753 16
1754 10
1755 22
1756 16
1757 14
1758 14
1759 20
1760 14
1761 16
1762 16
1763 10
1764 20
1765 22
1766 16
1767 16
1768 22
1769 14
1770 18
1771 9
1772 12
1773 18
1774 12
1775 22
1776 18
1777 12
1778 16
1779 18
1780 8
1782 10
1784 14
1781 18
1783 18
1785 18
1786 14
1787 16
1788 16
1789 18
1790 16
1791 16
1792 16
1793 10
1794 14
1795 20
1796 16
1797 16
1798 14
1799 16
1800 18
1801 18
1802 18
1803 16
1804 12
1805 12
1806 14
1807 14
1808 14
1809 10
1810 18
1811 20
1812 18
1813 16
1814 12
1815 12
1816 20
1817 19
1818 16
1819 16
1820 22
1821 14
1822 16
1823 18
1824 14
1825 14
1826 18
1827 18
1828 16
1829 22
1830 14
1831 12
1832 18
1833 12
1834 20
1835 20
1836 12
1837 20
1838 16
1839 12
1840 22
1841 22
1842 24
1843 10
1844 20
1845 20
1846 18
1847 12
1848 18
1849 16
1850 12
1851 8
1852 22
1853 20
1854 18
1855 20
1856 12
1857 14
1858 22
1859 12
1860 14
1861 12
1862 9
1863 12
1864 20
1865 14
1866 14
1867 26
1868 12
1869 16
1870 16
1871 16
1872 16
1873 18
1874 18
1875 14
1876 12
1877 12
1878 20
1880 18
1883 14
1879 22
1881 18
1882 18
1884 20
1885 18
1886 16
1887 20
1888 18
1889 14
1890 22
1891 24
1892 14
1893 16
1894 14
1895 16
1896 18
1897 16
1898 20
1899 16
1900 16
1901 19
1902 14
1903 14
1904 20
1905 20
1906 22
1907 20
1908 18
1909 18
1910 12
1911 20
1912 20
1913 16
1914 16
1915 22
1916 18
1917 18
1918 14
1919 12
1920 10
1921 16
1922 12
1923 18
1924 12
1925 16
1926 18
1927 20
1928 20
1929 20
1930 18
1931 14
1932 14
1933 14
1934 14
1935 14
1936 16
1937 18
1938 16
1939 10
1940 14
1941 18
1942 20
1943 14
1944 21
1945 18
1946 22
1947 12
1948 18
1949 18
1950 20
1951 16
1952 18
1953 22
1954 18
1955 14
1956 20
1957 14
1958 16
1959 14
1960 8
1961 18
1962 20
1963 16
1964 14
1965 18
1966 16
1967 24
1968 14
1969 14
1970 18
1971 8
1972 16
1973 20
1974 16
1975 10
1976 14
1977 14
1979 14
1980 14
1978 22
1981 18
1982 17
1983 16
1984 16
1985 18
1986 20
1987 20
1988 18
1989 20
1990 14
1991 14
1992 20
1993 14
1994 18
1995 18
1996 16
1997 18
1998 16
1999 18
2000 14
2001 12
2002 14
2003 14
2004 22
2005 14
2006 18
2007 16
2008 12
2009 12
2010 14
2011 18
2012 11
2013 20
2014 18
2015 18
2016 22
2017 14
2018 16
2019 20
2020 16
2021 14
2022 20
2023 14
2024 14
2025 18
2026 18
2027 16
2028 18
2029 14
2030 20
2031 14
2032 18
2033 20
2034 20
2035 8
2036 20
2037 20
2038 16
2039 12
2040 12
2041 14
2042 22
2043 16
2044 16
2045 20
2046 20
2047 16
2048 18
2049 12
2050 18
2051 16
2052 14
2053 20
2054 16
2055 20
2056 14
2057 16
2058 14
2059 16
2060 12
2061 16
2062 14
2063 14
2064 20
2065 14
2066 20
2067 18
2068 16
2069 14
2070 16
2071 18
2072 18
2073 12
2074 12
2075 12
2076 16
2077 20
2078 12
2082 16
2084 14
2087 10
2079 22
2080 20
2081 18
2083 16
2085 20
2086 16
2088 20
2089 20
2090 18
2091 18
2092 16
2093 14
2094 18
2095 18
2096 18
2097 16
2098 18
2099 18
2100 20
2101 14
2102 20
2103 20
2104 12
2105 18
2106 18
2107 16
2108 14
2109 18
2110 20
2111 16
2112 14
2113 16
2114 18
2115 20
2116 18
2117 16
2118 12
2119 18
2120 20
2121 16
2122 18
2123 18
2124 6
2125 22
2126 20
2127 18
2128 14
2129 14
2130 18
2131 18
2132 14
2133 18
2134 16
2135 18
2136 14
2137 14
2138 14
2139 18
2140 20
2141 16
2142 16
2143 18
2144 14
2145 18
2146 20
2147 16
2148 16
2149 20
2150 22
2151 36
2152 16
2153 14
2154 22
2155 18
2156 16
2157 20
2158 16
2159 12
2160 16
2161 20
2162 14
2163 14
2164 20
2165 16
2166 18
2167 22
2168 20
2169 20
2170 14
2171 14
2172 16
2173 12
2174 14
2175 20
2176 20
2177 20
2178 8
2179 16
2180 14
2182 16
2185 12
2181 22
2183 32
2184 18
2186 20
2187 16
2188 18
2189 16
2190 18
2191 12
2192 14
2193 20
2194 14
2195 17
2196 14
2197 16
2198 18
2199 18
2200 18
2201 7
2202 16
2203 12
2204 16
2205 22
2206 14
2207 14
2208 12
2209 20
2210 20
2211 20
2212 16
2213 10
2214 18
2215 16
2216 22
2217 16
2218 16
2219 20
2220 18
2221 16
2222 16
2223 14
2224 16
2225 16
2226 22
2227 14
2228 18
2229 18
2230 18
2231 22
2232 22
2233 18
2234 20
2235 18
2236 20
2237 16
2238 20
2239 16
2240 20
2241 20
2242 10
2243 20
2244 14
2245 22
2246 20
2247 14
2248 20
2249 14
2250 20
2251 14
2252 20
2253 18
2254 16
2255 10
2256 16
2257 16
2258 16
2259 14
2260 16
2261 16
2262 20
2263 10
2264 18
2265 16
2266 14
2267 18
2268 14
2269 18
2270 20
2271 16
2272 20
2273 16
2274 14
2275 16
2276 20
2277 14
2278 14
2279 10
2280 16
2282 16
2283 10
2285 10
2281 18
2284 20
2286 14
2287 12
2288 18
2289 16
2290 10
2291 18
2292 13
2293 16
2294 16
2295 12
2296 22
2297 16
2298 20
2299 20
2300 18
2301 16
2302 18
2303 20
2304 20
2305 18
2306 14
2307 18
2308 20
2309 12
2310 20
2311 20
2312 16
2313 14
2314 12
2315 14
2316 18
2317 20
2318 18
2319 14
2320 22
2321 20
2322 16
2323 16
2324 16
2325 24
2326 18
2327 8
2328 14
2329 12
2330 18
2331 14
2332 20
2333 14
2334 20
2335 20
2336 14
2337 16
2338 20
2339 16
2340 18
2341 18
2342 10
2343 18
2344 16
2345 20
2346 22
2347 12
2348 20
2349 16
2350 16
2351 18
2352 20
2353 14
2354 20
2355 20
2356 22
2357 18
2358 12
2359 16
2360 18
2361 16
2362 18
2363 22
2364 10
2365 16
2366 16
2367 20
2368 18
2369 20
2370 14
2371 20
2372 22
2373 22
2374 16
2375 10
2376 16
2377 14
2378 14
2380 14
2383 12
2379 24
2381 36
2382 20
2384 31
2385 14
2386 24
2387 26
2388 18
2389 20
2390 14
2391 20
2392 18
2393 14
2394 18
2395 22
2396 16
2397 18
2398 14
2399 12
2400 20
2401 16
2402 14
2403 16
2404 16
2405 4
2406 16
2407 12
2408 14
2409 18
2410 18
2411 7
2412 18
2413 32
2414 22
2415 10
2416 18
2417 14
2418 20
2419 12
2420 18
2421 16
2422 22
2423 16
2424 16
2425 14
2426 12
2427 18
2428 14
2429 16
2430 14
2431 7
2432 22
2433 18
2434 18
2435 18
2436 18
2437 12
2438 22
2439 16
2440 14
2441 16
2442 16
2443 16
2444 14
2445 18
2446 16
2447 24
2448 16
2449 20
2450 16
2451 16
2452 20
2453 12
2454 16
2455 18
2456 18
2457 20
2458 16
2459 22
2460 12
2461 18
2462 20
2463 10
2464 18
2465 18
2466 20
2467 20
2468 16
2469 14
2470 18
2471 14
2472 16
2473 20
2474 18
2475 16
2476 16
2477 20
2478 16
2482 14
2483 14
2479 20
2480 24
2481 20
2484 18
2485 18
2486 16
2487 14
2488 20
2489 14
2490 12
2491 20
2492 14
2493 18
2494 18
2495 12
2496 10
2497 18
2498 30
2499 16
2500 14
2501 20
2502 20
2503 14
2504 22
2505 20
2506 20
2507 16
2508 20
2509 14
2510 12
2511 12
2512 22
2513 16
2514 20
2515 16
2516 26
2517 18
2518 16
2519 18
2520 20
2521 20
2522 20
2523 12
2524 16
2525 14
2526 18
2527 12
2528 14
2529 22
2530 16
2531 12
2532 14
2533 12
2534 18
2535 16
2536 16
2537 24
2538 18
2539 18
2540 16
2541 12
2542 16
2543 16
2544 18
2545 22
2546 12
2547 14
2548 20
2549 20
2550 18
2551 14
2552 12
2553 22
2554 20
2555 14
2556 20
2557 14
2558 16
2559 26
2560 18
2561 24
2562 14
2563 20
2564 20
2565 16
2566 20
2567 20
2568 18
2569 20
2570 20
2571 16
2572 18
2573 14
2574 22
2575 12
2576 4
2577 18
2578 16
2579 18
2580 18
2581 16
2582 24
2583 18
2584 20
2585 18
2586 22
2587 12
2588 14
2589 22
2590 14
2591 16
2592 22
2593 16
2594 18
2595 20
2596 16
2597 20
2598 14
2599 14
2600 16
2601 16
2602 20
2603 12
2604 20
2605 18
2606 18
2607 18
2608 18
2609 18
2610 16
2611 16
2612 10
2613 18
2614 18
2615 20
2616 22
2617 14
2618 26
2619 16
2620 8
2621 16
2622 20
2623 12
2624 10
2625 20
2626 12
2627 14
2628 16
2629 20
2630 18
2631 12
2632 12
2633 20
2634 20
2635 16
2636 18
2637 22
2638 12
2639 12
2640 18
2641 16
2642 18
2643 14
2644 14
2645 16
2646 16
2647 16
2648 16
2649 18
2650 20
2651 16
2652 34
2653 18
2654 18
2655 22
2656 40
2657 16
2658 16
2659 20
2660 16
2661 18
2662 14
2663 18
2664 18
2665 26
2666 20
2667 22
2668 14
2669 18
2670 18
2671 16
2672 16
2673 16
2674 18
2675 14
2676 20
2677 18
2678 16
2689 8
2679 20
2680 22
2681 20
2682 18
2683 20
2684 18
2685 18
2686 16
2687 16
2688 22
2690 14
2691 18
2692 18
2693 22
2694 18
2695 14
2696 22
2697 22
2698 18
2699 12
2700 16
2701 18
2702 16
2703 20
2704 14
2705 20
2706 18
2707 20
2708 18
2709 16
2710 22
2711 22
2712 16
2713 14
2714 20
2715 20
2716 22
2717 22
2718 11
2719 16
2720 14
2721 16
2722 30
2723 16
2724 16
2725 10
2726 22
2727 18
2728 16
2729 14
2730 22
2731 18
2732 20
2733 10
2734 22
2735 14
2736 16
2737 16
2738 24
2739 18
2740 12
2741 16
2742 18
2743 14
2744 20
2745 20
2746 14
2747 32
2748 20
2749 12
2750 12
2751 14
2752 14
2753 20
2754 14
2755 16
2756 22
2757 12
2758 12
2759 24
2760 18
2761 18
2762 20
2763 16
2764 14
2765 20
2766 18
2767 24
2768 14
2769 16
2770 16
2771 18
2772 18
2773 16
2774 12
2775 22
2776 12
2779 10
2780 16
2781 14
2777 30
2778 22
2782 20
2783 20
2784 22
2785 24
2786 22
2787 22
2788 16
2789 20
2790 20
2791 18
2792 14
2793 22
2794 14
2795 13
2796 10
2797 12
2798 20
2799 17
2800 18
2801 22
2802 12
2803 18
2804 18
2805 20
2806 16
2807 20
2808 16
2809 20
2810 13
2811 24
2812 16
2813 12
2814 20
2815 10
2816 12
2817 20
2818 16
2819 14
2820 18
2821 14
2822 16
2823 14
2824 26
2825 40
2826 24
2827 20
2828 20
2829 22
2830 28
2831 14
2832 22
2833 34
2834 16
2835 18
2836 18
2837 22
2838 22
2839 14
2840 22
2841 18
2842 18
2843 16
2844 20
2845 20
2846 12
2847 16
2848 22
2849 20
2850 14
2851 20
2852 22
2853 14
2854 16
2855 14
2856 26
2857 22
2858 16
2859 16
2860 16
2861 16
2862 16
2863 14
2864 16
2865 14
2866 20
2868 18
2869 16
2870 16
2872 20
2873 12
2874 8
2875 18
2876 20
2877 14
2878 16
2879 14
2880 16
2888 8
2867 32
2871 28
2881 18
2882 24
2883 20
2884 18
2885 20
2886 18
2887 20
2889 16
2890 22
2891 16
2892 14
2893 20
2894 16
2895 20
2896 26
2897 14
2898 20
2899 20
2900 22
2901 20
2902 16
2903 26
2904 22
2905 16
2906 20
2907 20
2908 18
2909 18
2910 16
2911 20
2912 16
2913 18
2914 16
2915 12
2916 12
2917 22
2918 20
2919 12
2920 14
2921 16
2922 14
2923 14
2924 18
2925 12
2926 12
2927 16
2928 18
2929 10
2930 22
2931 14
2932 18
2933 22
2934 22
2935 20
2936 18
2937 16
2938 22
2939 16
2940 16
2941 12
2942 24
2943 14
2944 18
2945 18
2946 18
2947 12
2948 16
2949 14
2950 18
2951 32
2952 14
2953 20
2954 18
2955 14
2956 16
2957 14
2958 16
2959 12
2960 20
2961 14
2962 14
2963 22
2964 14
2965 18
2966 12
2967 22
2968 16
2969 14
2970 14
2971 16
2972 5
2973 18
2974 18
2975 16
2976 20
2977 20
2978 20
2979 18
2980 20
2981 20
2982 20
2983 16
2984 18
2985 20
2986 22
2987 22
2988 14
2989 20
2990 30
2991 16
2992 20
2993 16
2994 20
2995 24
2996 22
2997 18
2998 20
2999 16
3000 20
3001 16
3002 18
3003 16
3004 16
3005 16
3006 18
3007 12
3008 22
3009 14
3010 10
3011 16
3012 18
3013 14
3014 8
3015 12
3016 22
3017 18
3018 14
3019 16
3020 12
3021 18
3022 20
3023 18
3024 36
3025 16
3026 14
3027 16
3028 16
3029 16
3030 20
3031 18
3032 18
3033 18
3034 16
3035 18
3036 11
3037 30
3038 20
3039 26
3040 14
3041 18
3042 40
3043 20
3044 14
3045 18
3046 16
3047 12
3048 32
3049 24
3050 18
3051 14
3052 14
3053 22
3054 20
3055 20
3056 16
3057 24
3058 10
3059 16
3060 20
3061 20
3062 14
3063 20
3064 18
3065 21
3066 18
3067 12
3068 20
3069 18
3070 14
3071 20
3072 20
3073 24
3074 12
3075 16
3076 16
3077 16
3079 16
3080 16
3081 8
3084 12
3078 32
3082 20
3083 16
3085 22
3086 18
3087 16
3088 20
3089 18
3090 16
3091 18
3092 18
3093 22
3094 14
3095 24
3096 16
3097 18
3098 18
3099 18
3100 22
3101 16
3102 8
3103 20
3104 19
3105 16
3106 18
3107 20
3108 40
3109 18
3110 22
3111 12
3112 18
3113 14
3114 20
3115 16
3116 20
3117 10
3118 24
3119 14
3120 20
3121 16
3122 12
3123 20
3124 32
3125 36
3126 14
3127 16
3128 16
3129 16
3130 18
3131 18
3132 12
3133 18
3134 22
3135 16
3136 16
3137 22
3138 24
3139 24
3140 20
3141 20
3142 16
3143 14
3144 34
3145 32
3146 16
3147 16
3148 24
3149 14
3150 22
3151 10
3152 12
3153 20
3154 24
3155 24
3156 16
3157 18
3158 22
3159 16
3160 14
3161 14
3162 30
3163 14
3164 14
3165 12
3166 24
3167 18
3169 22
3170 18
3171 14
3172 22
3173 22
3174 18
3175 14
3176 16
3177 18
3168 34
3178 30
3179 24
3180 30
3181 22
3182 20
3183 18
3184 18
3185 14
3186 18
3187 18
3188 22
3189 16
3190 18
3191 16
3192 22
3193 18
3194 22
3195 20
3196 16
3197 18
3198 16
3199 20
3200 18
3201 14
3202 14
3203 14
3204 22
3205 14
3206 20
3207 12
3208 12
3209 14
3210 12
3211 20
3212 24
3213 16
3214 18
3215 22
3216 18
3217 20
3218 28
3219 22
3220 18
3221 16
3222 10
3223 14
3224 14
3225 14
3226 18
3227 16
3228 12
3229 18
3230 18
3231 20
3232 16
3233 18
3234 20
3235 16
3236 16
3237 22
3238 18
3239 16
3240 14
3241 22
3242 14
3243 16
3244 18
3245 18
3246 16
3247 20
3248 18
3249 18
3250 20
3251 30
3252 36
3253 12
3254 20
3255 14
3256 18
3257 16
3258 18
3259 22
3260 12
3261 18
3262 18
3263 12
3264 30
3265 20
3266 18
3267 20
3268 18
3269 14
3270 24
3271 22
3272 12
3273 14
3275 14
3277 18
3278 14
3279 14
3280 14
3274 36
3276 24
3281 22
3282 20
3283 18
3284 18
3285 24
3286 14
3287 12
3288 16
3289 12
3290 14
3291 14
3292 12
3293 24
3294 12
3295 20
3296 14
3297 34
3298 18
3299 12
3300 18
3301 20
3302 16
3303 22
3304 16
3305 14
3306 20
3307 20
3308 16
3309 18
3310 18
3311 22
3312 20
3313 20
3314 22
3315 18
3316 31
3317 40
3318 22
3319 26
3320 12
3321 20
3322 18
3323 16
3324 18
3325 18
3326 32
3327 26
3328 18
3329 20
3330 18
3331 24
3332 16
3333 16
3334 18
3335 18
3336 22
3337 18
3338 14
3339 16
3340 28
3341 18
3342 20
3343 18
3344 12
3345 22
3346 16
3347 18
3348 22
3349 20
3350 20
3351 14
3352 18
3353 20
3354 22
3355 28
3356 16
3357 16
3358 14
3359 32
3360 20
3361 24
3362 20
3363 18
3364 18
3365 18
3366 20
3367 22
3368 10
3369 16
3370 22
3371 14
3372 18
3373 18
3374 18
3375 22
3376 18
3377 14
3379 15
3382 16
3388 8
3378 22
3380 24
3381 18
3383 18
3384 19
3385 14
3386 14
3387 14
3389 14
3390 18
3391 14
3392 16
3393 20
3394 16
3395 16
3396 22
3397 18
3398 22
3399 22
3400 18
3401 18
3402 20
3403 18
3404 14
3405 20
3406 16
3407 18
3408 8
3409 24
3410 18
3411 18
3412 16
3413 12
3414 16
3415 18
3416 14
3417 18
3418 18
3419 26
3420 20
3421 22
3422 12
3423 12
3424 18
3425 20
3426 22
3427 14
3428 20
3429 18
3430 14
3431 14
3432 16
3433 18
3434 20
3435 20
3436 20
3437 14
3438 20
3439 16
3440 16
3441 20
3442 20
3443 34
3444 28
3445 12
3446 20
3447 12
3448 24
3449 16
3450 18
3451 14
3452 18
3453 20
3454 18
3455 18
3456 14
3457 18
3458 16
3459 14
3460 16
3461 12
3462 16
3463 20
3464 14
3465 16
3466 18
3467 16
3468 18
3470 18
3471 10
3472 12
3473 16
3474 14
3475 18
3476 10
3477 15
3478 12
3479 16
3480 16
3481 12
3469 40
3482 18
3483 26
3484 26
3485 18
3486 34
3487 18
3488 22
3489 18
3490 16
3491 14
3492 12
3493 30
3494 16
3495 16
3496 20
3497 16
3498 20
3499 20
3500 20
3501 20
3502 28
3503 22
3504 20
3505 18
3506 18
3507 22
3508 18
3509 16
3510 16
3511 16
3512 16
3513 22
3514 11
3515 22
3516 22
3517 14
3518 20
3519 20
3520 20
3521 14
3522 16
3523 20
3524 14
3525 18
3526 11
3527 22
3528 18
3529 20
3530 18
3531 16
3532 16
3533 14
3534 22
3535 16
3536 32
3537 18
3538 20
3539 18
3540 20
3541 22
3542 18
3543 20
3544 14
3545 16
3546 18
3547 14
3548 18
3549 14
3550 20
3551 8
3552 16
3553 32
3554 14
3555 18
3556 16
3557 16
3558 16
3559 18
3560 18
3561 20
3562 16
3563 22
3564 18
3565 12
3567 18
3568 18
3569 14
3570 14
3571 20
3572 18
3573 14
3574 14
3576 14
3577 10
3581 12
3582 16
3590 8
3566 34
3575 32
3578 24
3579 20
3580 20
3583 16
3584 18
3585 22
3586 18
3587 32
3588 14
3589 26
3591 22
3592 18
3593 14
3594 14
3595 18
3596 26
3597 16
3598 32
3599 22
3600 18
3601 12
3602 12
3603 14
3604 10
3605 22
3606 18
3607 16
3608 24
3609 16
3610 18
3611 16
3612 20
3613 28
3614 20
3615 16
3616 16
3617 22
3618 20
3619 16
3620 12
3621 16
3622 26
3623 16
3624 18
3625 20
3626 20
3627 24
3628 18
3629 14
3630 20
3631 9
3632 20
3633 16
3634 18
3635 20
3636 16
3637 24
3638 20
3639 16
3640 22
3641 16
3642 16
3643 16
3644 20
3645 22
3646 20
3647 18
3648 20
3649 18
3650 22
3651 30
3652 18
3653 18
3654 20
3655 18
3656 20
3657 18
3658 12
3659 12
3660 18
3661 16
3662 18
3663 18
3664 16
3665 10
3666 32
3667 16
3669 22
3670 18
3671 18
3672 18
3673 14
3674 12
3675 10
3676 22
3677 14
3678 18
3681 16
3682 16
3683 14
3684 14
3686 8
3668 32
3679 20
3680 22
3685 18
3687 16
3688 20
3689 19
3690 14
3691 14
3692 18
3693 16
3694 26
3695 22
3696 18
3697 14
3698 18
3699 24
3700 14
3701 22
3702 22
3703 14
3704 22
3705 16
3706 20
3707 30
3708 40
3709 24
3710 26
3711 32
3712 22
3713 20
3714 22
3715 20
3716 20
3717 22
3718 24
3719 18
3720 20
3721 17
3722 18
3723 14
3724 16
3725 20
3726 28
3727 22
3728 14
3729 18
3730 22
3731 20
3732 16
3733 20
3734 16
3735 16
3736 34
3737 18
3738 24
3739 10
3740 14
3741 22
3742 22
3743 22
3744 18
3745 20
3746 22
3747 36
3748 18
3749 14
3750 20
3751 16
3752 24
3753 24
3754 16
3755 12
3756 14
3757 18
3758 18
3759 18
3760 18
3761 20
3762 16
3763 28
3764 18
3765 14
3766 16
3767 14
3768 16
3769 22
3771 20
3772 16
3773 14
3774 18
3775 16
3776 20
3777 20
3778 16
3780 18
3782 16
3783 14
3770 38
3779 26
3781 18
3784 18
3785 22
3786 20
3787 12
3788 30
3789 16
3790 16
3791 16
3792 10
3793 22
3794 18
3795 26
3796 22
3797 16
3798 16
3799 16
3800 16
3801 12
3802 20
3803 16
3804 18
3805 10
3806 18
3807 16
3808 20
3809 16
3810 36
3811 16
3812 16
3813 14
3814 22
3815 28
3816 16
3817 24
3818 18
3819 14
3820 18
3821 18
3822 16
3823 18
3824 18
3825 14
3826 22
3827 22
3828 20
3829 17
3830 20
3831 22
3832 16
3833 12
3834 20
3835 18
3836 18
3837 14
3838 9
3839 11
3840 20
3841 18
3842 22
3843 18
3844 18
3845 20
3846 18
3847 32
3848 14
3849 22
3850 20
3851 16
3852 20
3853 20
3854 16
3855 16
3856 18
3857 14
3858 18
3859 20
3860 12
3861 18
3862 24
3863 14
3864 10
3865 12
3866 20
3867 18
3868 10
3869 20
3870 14
3871 20
3872 26
3874 20
3875 20
3876 18
3878 18
3879 18
3882 16
3873 34
3877 32
3880 20
3881 28
3883 16
3884 16
3885 22
3886 16
3887 18
3888 14
3889 24
3890 24
3891 20
3892 16
3893 22
3894 16
3895 20
3896 16
3897 16
3898 18
3899 22
3900 12
3901 14
3902 14
3903 16
3904 22
3905 22
3906 26
3907 16
3908 20
3909 44
3910 10
3911 14
3912 22
3913 20
3914 18
3915 18
3916 32
3917 14
3918 36
3919 18
3920 20
3921 26
3922 18
3923 22
3924 10
3925 16
3926 16
3927 24
3928 18
3929 24
3930 20
3931 20
3932 18
3933 18
3934 16
3935 22
3936 16
3937 20
3938 16
3939 20
3940 20
3941 20
3942 14
3943 20
3944 22
3945 22
3946 14
3947 14
3948 18
3949 20
3950 16
3951 20
3952 6
3953 16
3954 20
3955 18
3956 18
3957 30
3958 16
3959 24
3960 14
3961 24
3962 10
3963 14
3964 18
3965 18
3966 12
3967 14
3968 16
3969 20
3970 22
3971 18
3972 16
3973 16
3974 16
3975 14
3976 18
3979 18
3980 12
3982 16
3984 14
3977 22
3978 22
3981 20
3983 18
3985 14
3986 20
3987 20
3988 24
3989 24
3990 14
3991 40
3992 18
3993 14
3994 18
3995 18
3996 14
3997 18
3998 18
3999 32
4000 20
4001 20
4002 18
4003 16
4004 16
4005 18
4006 20
4007 18
4008 18
4009 14
4010 18
4011 16
4012 28
4013 14
4014 18
4015 14
4016 18
4017 14
4018 18
4019 20
4020 30
4021 22
4022 20
4023 12
4024 16
4025 20
4026 14
4027 22
4028 36
4029 14
4030 22
4031 22
4032 16
4033 16
4034 20
4035 18
4036 20
4037 18
4038 14
4039 24
4040 18
4041 20
4042 18
4043 22
4044 20
4045 16
4046 18
4047 16
4048 16
4049 18
4050 42
4051 18
4052 20
4053 20
4054 12
4055 30
4056 16
4057 24
4058 24
4059 16
4060 16
4061 18
4062 20
4063 16
4064 14
4065 22
4066 18
4067 12
4068 18
4069 26
4070 24
4071 12
4072 22
4073 12
4074 16
4075 18
4076 12
4079 14
4080 16
4081 16
4077 22
4078 22
4082 18
4083 16
4084 22
4085 14
4086 18
4087 16
4088 22
4089 22
4090 15
4091 14
4092 16
4093 16
4094 18
4095 16
4096 16
4097 24
4098 14
4099 34
4100 18
4101 12
4102 24
4103 22
4104 28
4105 20
4106 16
4107 14
4108 18
4109 14
4110 22
4111 18
4112 14
4113 12
4114 20
4115 22
4116 16
4117 28
4118 28
4119 14
4120 18
4121 22
4122 44
4123 20
4124 20
4125 14
4126 22
4127 18
4128 14
4129 16
4130 22
4131 22
4132 18
4133 20
4134 20
4135 14
4136 20
4137 18
4138 16
4139 22
4140 14
4141 16
4142 18
4143 30
4144 20
4145 14
4146 24
4147 28
4148 20
4149 16
4150 14
4151 22
4152 18
4153 18
4154 18
4155 20
4156 18
4157 22
4158 18
4159 12
4160 18
4161 20
4162 18
4163 28
4164 16
4165 16
4166 20
4167 16
4168 22
4169 18
4171 22
4172 18
4173 18
4174 16
4176 14
4177 18
4180 12
4170 32
4175 30
4178 22
4179 20
4181 18
4182 20
4183 16
4184 20
4185 16
4186 18
4187 14
4188 20
4189 26
4190 18
4191 30
4192 32
4193 22
4194 14
4195 14
4196 20
4197 14
4198 16
4199 18
4200 22
4201 20
4202 22
4203 14
4204 14
4205 20
4206 48
4207 16
4208 16
4209 10
4210 22
4211 18
4212 32
4213 18
4214 22
4215 31
4216 18
4217 12
4218 18
4219 20
4220 16
4221 16
4222 16
4223 16
4224 18
4225 22
4226 20
4227 18
4228 16
4229 20
4230 18
4231 18
4232 18
4233 34
4234 14
4235 20
4236 14
4237 20
4238 20
4239 14
4240 18
4241 14
4242 14
4243 14
4244 18
4245 14
4246 22
4247 16
4248 24
4249 16
4250 42
4251 18
4252 20
4253 18
4254 14
4255 14
4256 18
4257 18
4258 20
4259 18
4260 34
4261 20
4262 18
4263 20
4264 18
4265 18
4266 16
4267 16
4268 18
4269 16
4270 20
4271 22
4272 16
4273 18
4274 18
4275 16
4276 18
4279 18
4281 12
4282 10
4277 32
4278 36
4280 22
4283 20
4284 16
4285 16
4286 16
4287 15
4288 24
4289 14
4290 14
4291 16
4292 16
4293 22
4294 20
4295 16
4296 18
4297 24
4298 16
4299 20
4300 28
4301 16
4302 20
4303 12
4304 16
4305 16
4306 12
4307 22
4308 30
4309 20
4310 20
4311 16
4312 16
4313 22
4314 20
4315 16
4316 24
4317 16
4318 14
4319 30
4320 18
4321 18
4322 24
4323 14
4324 24
4325 18
4326 14
4327 14
4328 18
4329 18
4330 22
4331 14
4332 12
4333 18
4334 15
4335 14
4336 14
4337 14
4338 16
4339 24
4340 22
4341 14
4342 22
4343 16
4344 18
4345 24
4346 20
4347 12
4348 22
4349 24
4350 22
4351 18
4352 30
4353 20
4354 18
4355 14
4356 16
4357 16
4358 20
4359 16
4360 22
4361 20
4362 22
4363 16
4364 24
4365 18
4366 22
4367 22
4368 20
4369 18
4370 16
4371 20
4374 18
4375 18
4376 18
4377 12
4379 14
4380 14
4381 14
4372 40
4373 34
4378 22
4382 38
4383 18
4384 20
4385 22
4386 18
4387 32
4388 20
4389 14
4390 20
4391 20
4392 14
4393 22
4394 18
4395 18
4396 10
4397 42
4398 20
4399 20
4400 32
4401 20
4402 12
4403 16
4404 20
4405 6
4406 20
4407 22
4408 20
4409 16
4410 20
4411 12
4412 32
4413 20
4414 18
4415 18
4416 20
4417 18
4418 14
4419 16
4420 22
4421 40
4422 16
4423 34
4424 16
4425 20
4426 18
4427 18
4428 20
4429 16
4430 26
4431 16
4432 14
4433 12
4434 16
4435 22
4436 20
4437 18
4438 22
4439 30
4440 16
4441 20
4442 22
4443 20
4444 32
4445 18
4446 20
4447 20
4448 22
4449 18
4450 16
4451 16
4452 18
4453 20
4454 28
4455 22
4456 16
4457 14
4458 18
4459 14
4460 18
4461 18
4462 18
4463 14
4464 14
4465 18
4466 16
4467 14
4468 14
4469 16
4470 18
4471 18
4472 18
4473 16
4475 22
4477 14
4480 18
4481 16
4482 12
4483 12
4485 12
4474 34
4476 24
4478 24
4479 20
4484 30
4486 16
4487 28
4488 20
4489 12
4490 26
4491 12
4492 18
4493 18
4494 20
4495 14
4496 14
4497 24
4498 28
4499 18
4500 16
4501 20
4502 18
4503 18
4504 22
4505 18
4506 22
4507 16
4508 16
4509 18
4510 24
4511 20
4512 34
4513 18
4514 18
4515 16
4516 18
4517 18
4518 12
4519 20
4520 10
4521 16
4522 16
4523 22
4524 14
4525 18
4526 20
4527 16
4528 22
4529 22
4530 20
4531 16
4532 20
4533 18
4534 22
4535 14
4536 24
4537 22
4538 18
4539 20
4540 18
4541 22
4542 12
4543 16
4544 20
4545 22
4546 12
4547 22
4548 22
4549 14
4550 14
4551 20
4552 10
4553 18
4554 22
4555 18
4556 16
4557 16
4558 16
4559 12
4560 18
4561 14
4562 14
4563 22
4564 22
4566 18
4567 16
4568 18
4569 18
4570 20
4571 16
4572 20
4573 20
4574 18
4575 11
4576 16
4577 14
4578 20
4579 18
4580 14
4581 16
4582 16
4565 34
4583 18
4584 22
4585 24
4586 22
4587 16
4588 18
4589 22
4590 16
4591 14
4592 20
4593 16
4594 20
4595 20
4596 18
4597 20
4598 18
4599 18
4600 18
4601 18
4602 20
4603 16
4604 14
4605 20
4606 16
4607 22
4608 18
4609 18
4610 22
4611 20
4612 20
4613 20
4614 20
4615 14
4616 20
4617 14
4618 20
4619 20
4620 16
4621 20
4622 20
4623 18
4624 16
4625 18
4626 14
4627 18
4628 22
4629 20
4630 22
4631 18
4632 18
4633 12
4634 28
4635 12
4636 14
4637 18
4638 20
4639 20
4640 18
4641 18
4642 20
4643 22
4644 22
4645 20
4646 20
4647 16
4648 14
4649 16
4650 28
4651 14
4652 18
4653 20
4654 24
4655 18
4656 18
4657 18
4658 20
4659 16
4660 16
4661 34
4663 16
4664 14
4665 18
4666 16
4667 28
4668 20
4669 20
4670 14
4671 20
4672 24
4673 22
4674 20
4675 18
4676 16
4677 16
4678 18
4679 18
4682 16
4684 12
4690 4
4662 38
4680 20
4681 24
4683 16
4685 18
4686 16
4687 18
4688 18
4689 16
4691 18
4692 18
4693 18
4694 14
4695 20
4696 12
4697 24
4698 44
4699 50
4700 20
4701 16
4702 40
4703 12
4704 12
4705 16
4706 14
4707 22
4708 14
4709 16
4710 20
4711 20
4712 18
4713 20
4714 20
4715 20
4716 18
4717 24
4718 24
4719 12
4720 12
4721 16
4722 18
4723 11
4724 12
4725 16
4726 24
4727 24
4728 18
4729 14
4730 20
4731 18
4732 14
4733 18
4734 18
4735 16
4736 16
4737 18
4738 15
4739 20
4740 20
4741 20
4742 22
4743 18
4744 20
4745 18
4746 16
4747 16
4748 12
4749 14
4750 18
4751 24
4752 14
4753 24
4754 18
4755 32
4756 16
4757 18
4758 16
4759 24
4760 18
4761 18
4762 18
4763 16
4764 16
4765 12
4766 16
4767 16
4768 18
4769 20
4770 12
4771 24
4772 18
4773 16
4774 10
4775 20
4776 18
4778 16
4777 22
4779 30
4780 20
4781 24
4782 18
4783 22
4784 16
4785 18
4786 22
4787 18
4788 18
4789 20
4790 14
4791 12
4792 20
4793 18
4794 18
4795 16
4796 18
4797 20
4798 36
4799 20
4800 18
4801 12
4802 14
4803 20
4804 14
4805 18
4806 22
4807 18
4808 14
4809 14
4810 14
4811 22
4812 20
4813 24
4814 12
4815 18
4816 20
4817 14
4818 24
4819 22
4820 20
4821 22
4822 18
4823 14
4824 18
4825 16
4826 22
4827 16
4828 16
4829 14
4830 16
4831 32
4832 22
4833 24
4834 30
4835 20
4836 20
4837 14
4838 18
4839 14
4840 16
4841 28
4842 18
4843 18
4844 18
4845 14
4846 14
4847 18
4848 20
4849 20
4850 14
4851 26
4852 16
4853 14
4854 22
4855 20
4856 16
4857 18
4858 20
4859 34
4860 20
4861 20
4862 24
4863 20
4864 14
4865 12
4866 16
4867 16
4868 22
4869 12
4870 20
4871 12
4872 14
4873 18
4874 24
4875 16
4876 20
4877 18
4878 18
4879 20
4880 20
4881 34
4882 18
4883 16
4884 20
4885 32
4886 16
4887 18
4888 20
4889 32
4890 50
4891 20
4892 18
4893 16
4894 24
4895 22
4896 22
4897 34
4898 20
4899 32
4900 16
4901 18
4902 16
4903 18
4904 14
4905 18
4906 22
4907 18
4908 20
4909 16
4910 16
4911 16
4912 24
4913 18
4914 22
4915 16
4916 16
4917 12
4918 18
4919 10
4920 18
4921 18
4922 22
4923 18
4924 18
4925 22
4926 22
4927 24
4928 18
4929 20
4930 16
4931 24
4932 28
4933 16
4934 16
4935 14
4936 13
4937 24
4938 26
4939 22
4940 14
4941 18
4942 22
4943 18
4944 18
4945 30
4946 22
4947 20
4948 14
4949 16
4950 22
4951 16
4952 16
4953 38
4954 16
4955 18
4956 20
4957 16
4958 22
4959 18
4960 20
4961 36
4962 18
4963 18
4964 20
4965 20
4966 18
4967 14
4968 14
4969 14
4971 20
4972 10
4973 16
4974 14
4975 22
4976 20
4977 18
4979 18
4980 16
4981 16
4982 16
4984 14
4970 32
4978 34
4983 36
4985 18
4986 18
4987 14
4988 14
4989 20
4990 16
4991 18
4992 16
4993 14
4994 16
4995 12
4996 18
4997 18
4998 20
4999 26
5000 18
5001 22
5002 12
5003 22
5004 26
5005 12
5006 16
5007 18
5008 18
5009 22
5010 12
5011 24
5012 14
5013 18
5014 12
5015 20
5016 18
5017 22
5018 38
5019 22
5020 20
5021 20
5022 12
5023 18
5024 38
5025 20
5026 16
5027 18
5028 18
5029 20
5030 20
5031 16
5032 20
5033 34
5034 22
5035 16
5036 42
5037 14
5038 16
5039 12
5040 22
5041 24
5042 20
5043 14
5044 18
5045 16
5046 14
5047 20
5048 10
5050 6
5051 12
5052 12
5053 14
5054 20
5055 36
5056 16
5057 14
5058 24
5059 12
5060 16
5061 8
5062 18
5063 18
5064 20
5065 22
5066 24
5067 18
5068 22
5069 20
5070 12
5071 12
5072 14
5073 16
5074 24
5075 16
5076 14
5077 18
5078 14
5079 16
5080 18
5082 10
5049 52
5081 20
5083 18
5084 18
5085 16
5086 24
5087 20
5088 20
5089 14
5090 20
5091 14
5092 14
5093 20
5094 14
5095 24
5096 20
5097 24
5098 22
5099 34
5100 16
5101 18
5102 20
5103 16
5104 16
5105 18
5106 28
5107 32
5108 20
5109 18
5110 24
5111 14
5112 34
5113 24
5114 14
5115 20
5116 26
5117 20
5118 20
5119 20
5120 16
5121 20
5122 18
5123 16
5124 16
5125 16
5126 24
5127 24
5128 24
5129 20
5130 14
5131 16
5132 16
5133 12
5134 18
5135 18
5136 18
5137 20
5138 16
5139 18
5140 12
5141 30
5142 18
5143 18
5144 22
5145 14
5146 14
5147 16
5148 20
5149 22
5150 18
5151 34
5152 15
5153 14
5154 16
5155 20
5156 16
5157 24
5158 14
5159 20
5160 14
5161 14
5162 16
5163 12
5164 22
5165 20
5166 24
5167 14
5168 18
5170 26
5171 22
5173 20
5175 18
5176 22
5177 14
5182 16
5169 30
5172 30
5174 26
5178 22
5179 30
5180 20
5181 18
5183 16
5184 22
5185 18
5186 16
5187 12
5188 20
5189 24
5190 16
5191 22
5192 28
5193 12
5194 32
5195 10
5196 18
5197 20
5198 16
5199 16
5200 26
5201 16
5202 12
5203 34
5204 30
5205 30
5206 18
5207 20
5208 20
5209 16
5210 18
5211 28
5212 32
5213 22
5214 20
5215 18
5216 32
5217 20
5218 18
5219 36
5220 18
5221 16
5222 18
5223 22
5224 22
5225 16
5226 18
5227 6
5228 14
5229 22
5230 22
5231 14
5232 16
5233 32
5234 18
5235 12
5236 20
5237 22
5238 16
5239 14
5240 18
5241 18
5242 18
5243 22
5244 16
5245 14
5246 16
5247 16
5248 20
5249 20
5250 26
5251 14
5252 36
5253 22
5254 18
5255 18
5256 20
5257 14
5258 20
5259 14
5260 26
5261 32
5262 22
5263 10
5265 20
5266 22
5267 18
5268 18
5269 22
5270 16
5271 14
5272 16
5273 20
5274 14
5275 18
5276 22
5278 18
5279 16
5282 16
5264 36
5277 24
5280 22
5281 18
5283 22
5284 16
5285 14
5286 16
5287 20
5288 32
5289 18
5290 20
5291 18
5292 18
5293 14
5294 20
5295 16
5296 16
5297 18
5298 16
5299 12
5300 22
5301 20
5302 18
5303 20
5304 20
5305 20
5306 24
5307 18
5308 32
5309 14
5310 20
5311 20
5312 24
5313 22
5314 22
5315 12
5316 18
5317 20
5318 14
5319 18
5320 18
5321 18
5322 18
5323 22
5324 18
5325 26
5326 12
5327 8
5328 16
5329 18
5330 44
5331 16
5332 20
5333 7
5334 20
5335 14
5336 16
5337 20
5338 20
5339 16
5340 20
5341 22
5342 22
5343 20
5344 40
5345 18
5346 18
5347 14
5348 18
5349 24
5350 12
5351 16
5352 10
5353 22
5354 22
5355 20
5356 14
5357 20
5358 16
5359 16
5360 12
5361 9
5362 18
5363 16
5364 22
5365 18
5367 22
5368 14
5369 28
5370 20
5372 26
5373 22
5374 16
5375 20
5376 16
5378 14
5380 14
5366 34
5371 40
5377 42
5379 32
5381 22
5382 18
5383 32
5384 18
5385 16
5386 18
5387 32
5388 18
5389 18
5390 20
5391 22
5392 20
5393 14
5394 24
5395 14
5396 18
5397 18
5398 22
5399 14
5400 14
5401 22
5402 14
5403 32
5404 12
5405 24
5406 34
5407 18
5408 20
5409 16
5410 22
5411 18
5412 14
5413 16
5414 20
5415 16
5416 40
5417 18
5418 20
5419 16
5420 22
5421 24
5422 18
5423 20
5424 18
5425 20
5426 24
5427 11
5428 20
5429 20
5430 18
5431 20
5432 18
5433 18
5434 18
5435 18
5436 20
5437 20
5438 24
5439 18
5440 32
5441 14
5442 22
5443 26
5444 18
5445 22
5446 20
5447 18
5448 32
5449 18
5450 14
5451 18
5452 18
5453 18
5454 12
5455 22
5456 16
5457 24
5458 22
5459 16
5460 30
5461 24
5462 18
5463 32
5464 18
5465 18
5466 20
5467 26
5468 22
5469 16
5470 24
5471 18
5472 10
5473 16
5474 24
5475 18
5476 18
5477 20
5478 20
5479 18
5480 12
5484 14
5481 18
5482 22
5483 18
5485 24
5486 20
5487 22
5488 18
5489 14
5490 16
5491 20
5492 20
5493 14
5494 14
5495 20
5496 18
5497 22
5498 20
5499 18
5500 14
5501 22
5502 16
5503 14
5504 16
5505 22
5506 18
5507 16
5508 22
5509 20
5510 16
5511 10
5512 20
5513 18
5514 20
5515 16
5516 10
5517 22
5518 14
5519 18
5520 22
5521 20
5522 14
5523 34
5524 20
5525 18
5526 20
5527 18
5528 20
5529 14
5530 14
5531 14
5532 32
5533 16
5534 16
5535 16
5536 30
5537 16
5538 18
5539 16
5540 22
5541 24
5542 14
5543 16
5544 20
5545 20
5546 24
5547 18
5548 22
5549 22
5550 18
5551 16
5552 20
5553 22
5554 14
5555 18
5556 14
5557 22
5558 22
5559 16
5560 16
5561 16
5562 18
5563 22
5564 24
5565 20
5566 14
5568 22
5569 16
5570 24
5571 18
5572 14
5574 18
5575 20
5577 18
5578 16
5579 14
5580 14
5582 10
5583 14
5567 36
5573 36
5576 28
5581 24
5584 16
5585 14
5586 18
5587 20
5588 16
5589 22
5590 42
5591 34
5592 18
5593 22
5594 20
5595 8
5596 22
5597 20
5598 16
5599 16
5600 30
5601 16
5602 14
5603 18
5604 16
5605 20
5606 14
5607 32
5608 20
5609 20
5610 24
5611 24
5612 22
5613 16
5614 20
5615 22
5616 20
5617 16
5618 16
5619 16
5620 16
5621 32
5622 18
5623 20
5624 14
5625 20
5626 12
5627 18
5628 20
5629 16
5630 8
5631 20
5632 16
5633 16
5634 12
5635 18
5636 22
5637 22
5638 20
5639 44
5640 14
5641 20
5642 16
5643 16
5644 14
5645 14
5646 20
5647 14
5648 16
5649 18
5650 18
5651 38
5652 18
5653 18
5654 20
5655 20
5656 22
5657 18
5658 20
5659 26
5660 12
5661 36
5662 14
5663 18
5664 14
5666 16
5667 24
5668 20
5669 19
5670 18
5671 20
5672 14
5674 20
5675 20
5676 12
5677 14
5679 10
5680 16
5665 38
5673 36
5678 22
5681 18
5682 30
5683 16
5684 18
5685 22
5686 18
5687 14
5688 13
5689 18
5690 16
5691 20
5692 22
5693 20
5694 14
5695 16
5696 16
5697 22
5698 34
5699 16
5700 16
5701 10
5702 14
5703 8
5704 18
5705 14
5706 12
5707 50
5708 18
5709 24
5710 20
5711 20
5712 18
5713 34
5714 30
5715 20
5716 20
5717 18
5718 22
5719 10
5720 18
5721 16
5722 20
5723 18
5724 16
5725 16
5726 20
5727 12
5728 16
5729 18
5730 20
5731 26
5732 28
5733 24
5734 16
5735 20
5736 20
5737 14
5738 14
5739 20
5740 16
5741 16
5742 18
5743 20
5744 20
5745 32
5746 14
5747 26
5748 18
5749 14
5750 14
5751 22
5752 16
5753 18
5754 16
5755 38
5756 16
5757 34
5758 20
5759 26
5760 22
5761 18
5762 18
5763 26
5764 20
5765 16
5766 16
5767 14
5768 12
5769 18
5770 8
5771 14
5772 14
5773 22
5774 20
5775 16
5776 20
5777 14
5778 14
5779 18
5781 12
5780 30
5782 18
5783 24
5784 20
5785 14
5786 20
5787 20
5788 20
5789 14
5790 18
5791 16
5792 16
5793 22
5794 18
5795 16
5796 12
5797 16
5798 10
5799 22
5800 20
5801 14
5802 16
5803 20
5804 24
5805 32
5806 16
5807 32
5808 14
5809 18
5810 20
5811 18
5812 16
5813 16
5814 20
5815 22
5816 18
5817 16
5818 16
5819 24
5820 10
5821 20
5822 13
5823 12
5824 22
5825 24
5826 34
5827 16
5828 14
5829 16
5830 12
5831 24
5832 20
5833 14
5834 22
5835 16
5836 18
5837 14
5838 16
5839 22
5840 16
5841 20
5842 34
5843 16
5844 22
5845 18
5846 18
5847 20
5848 20
5849 22
5850 16
5851 20
5852 14
5853 18
5854 30
5855 12
5856 18
5857 16
5858 20
5859 34
5861 12
5862 20
5863 24
5864 18
5865 22
5866 22
5867 18
5868 22
5869 18
5870 26
5871 22
5872 12
5873 18
5875 18
5876 18
5877 18
5878 12
5879 14
5882 12
5860 42
5874 36
5880 30
5881 18
5883 18
5884 20
5885 20
5886 18
5887 18
5888 20
5889 32
5890 36
5891 20
5892 28
5893 22
5894 18
5895 14
5896 14
5897 16
5898 16
5899 18
5900 20
5901 22
5902 18
5903 16
5904 42
5905 24
5906 16
5907 14
5908 22
5909 18
5910 18
5911 20
5912 16
5913 20
5914 18
5915 18
5916 34
5917 36
5918 14
5919 14
5920 22
5921 18
5922 14
5923 20
5924 22
5925 20
5926 18
5927 20
5928 30
5929 10
5930 16
5931 16
5932 30
5933 18
5934 16
5935 28
5936 22
5937 16
5938 20
5939 16
5940 12
5941 16
5942 24
5943 24
5944 28
5945 22
5946 24
5947 18
5948 24
5949 38
5950 20
5951 20
5952 40
5953 16
5954 26
5955 16
5956 18
5957 16
5958 18
5959 24
5960 16
5961 24
5962 16
5963 20
5964 22
5965 14
5966 32
5967 22
5968 14
5969 16
5970 18
5971 18
5972 10
5973 18
5974 24
5975 20
5976 20
5977 16
5979 18
5980 18
5978 22
5981 22
5982 24
5983 16
5984 20
5985 18
5986 22
5987 14
5988 34
5989 22
5990 18
5991 12
5992 24
5993 20
5994 42
5995 22
5996 20
5997 20
5998 20
5999 16
6000 12
6001 14
6002 26
6003 18
6004 20
6005 20
6006 22
6007 18
6008 22
6009 20
6010 16
6011 20
6012 16
6013 14
6014 16
6015 20
6016 22
6017 16
6018 20
6019 28
6020 20
6021 14
6022 16
6023 24
6024 20
6025 16
6026 18
6027 16
6028 18
6029 22
6030 14
6031 14
6032 18
6033 22
6034 18
6035 24
6036 14
6037 22
6038 20
6039 16
6040 20
6041 14
6042 20
6043 18
6044 14
6045 16
6046 24
6047 18
6048 16
6049 24
6050 24
6051 20
6052 20
6053 28
6054 22
6055 16
6056 18
6057 22
6058 20
6059 18
6060 22
6061 16
6062 28
6063 16
6065 20
6066 20
6067 28
6068 18
6069 22
6070 22
6071 14
6072 7
6073 24
6074 18
6075 20
6076 18
6077 20
6078 16
6079 16
6080 18
6082 16
6064 36
6081 18
6083 22
6084 22
6085 20
6086 16
6087 20
6088 38
6089 18
6090 24
6091 16
6092 20
6093 24
6094 20
6095 14
6096 12
6097 16
6098 16
6099 20
6100 20
6101 30
6102 16
6103 18
6104 16
6105 20
6106 18
6107 14
6108 16
6109 16
6110 26
6111 18
6112 22
6113 20
6114 18
6115 24
6116 56
6117 20
6118 28
6119 20
6120 14
6121 17
6122 20
6123 22
6124 15
6125 16
6126 8
6127 22
6128 12
6129 26
6130 18
6131 20
6132 18
6133 22
6134 14
6135 20
6136 16
6137 16
6138 18
6139 14
6140 18
6141 22
6142 16
6143 24
6144 14
6145 24
6146 20
6147 26
6148 16
6149 16
6150 16
6151 22
6152 20
6153 16
6154 16
6155 22
6156 20
6157 24
6158 16
6159 14
6161 18
6162 20
6163 22
6164 18
6165 14
6166 20
6167 20
6168 16
6169 16
6170 16
6171 14
6172 20
6173 14
6174 20
6175 20
6177 14
6179 10
6160 54
6176 24
6178 22
6180 20
6181 26
6182 24
6183 18
6184 22
6185 18
6186 22
6187 22
6188 16
6189 16
6190 24
6191 22
6192 18
6193 24
6194 16
6195 20
6196 26
6197 16
6198 16
6199 14
6200 16
6201 12
6202 16
6203 22
6204 18
6205 14
6206 24
6207 18
6208 20
6209 14
6210 20
6211 18
6212 18
6213 18
6214 42
6215 22
6216 16
6217 24
6218 18
6219 16
6220 24
6221 14
6222 14
6223 16
6224 18
6225 16
6226 14
6227 20
6228 24
6229 22
6230 20
6231 16
6232 20
6233 14
6234 16
6235 12
6236 18
6237 24
6238 18
6239 18
6240 20
6241 20
6242 20
6243 18
6244 18
6245 30
6246 22
6247 22
6248 14
6249 20
6250 22
6251 20
6252 18
6253 44
6254 16
6255 18
6256 24
6257 16
6258 12
6259 20
6260 18
6261 12
6262 18
6263 18
6264 18
6265 26
6266 14
6267 16
6268 20
6269 14
6270 16
6271 20
6272 16
6273 16
6274 22
6276 16
6277 18
6278 20
6281 16
6282 16
6283 10
6284 12
6286 10
6275 28
6279 24
6280 20
6285 22
6287 14
6288 20
6289 18
6290 18
6291 20
6292 22
6293 18
6294 18
6295 22
6296 36
6297 20
6298 16
6299 12
6300 20
6301 14
6302 20
6303 16
6304 18
6305 18
6306 18
6307 36
6308 16
6309 16
6310 18
6311 20
6312 18
6313 16
6314 34
6315 26
6316 22
6317 20
6318 22
6319 18
6320 20
6321 16
6322 22
6323 16
6324 18
6325 16
6326 16
6327 22
6328 24
6329 20
6330 22
6331 18
6332 18
6333 18
6334 16
6335 20
6336 22
6337 24
6338 14
6339 22
6340 16
6341 22
6342 20
6343 20
6344 14
6345 18
6346 22
6347 18
6348 20
6349 22
6350 20
6351 14
6352 24
6353 8
6354 18
6355 18
6356 16
6357 22
6358 12
6359 20
6360 16
6361 20
6363 16
6364 26
6365 16
6366 20
6367 14
6368 16
6369 18
6370 18
6371 20
6372 18
6373 16
6374 16
6375 16
6377 20
6379 18
6380 16
6362 40
6376 26
6378 24
6381 20
6382 20
6383 22
6384 16
6385 22
6386 18
6387 24
6388 18
6389 22
6390 18
6391 20
6392 18
6393 20
6394 22
6395 22
6396 20
6397 14
6398 14
6399 10
6400 18
6401 24
6402 20
6403 16
6404 32
6405 24
6406 20
6407 22
6408 14
6409 36
6410 64
6411 24
6412 14
6413 12
6414 14
6415 30
6416 14
6417 20
6418 22
6419 26
6420 14
6421 32
6422 16
6423 16
6424 22
6425 22
6426 24
6427 14
6428 34
6429 32
6430 12
6431 16
6432 20
6433 24
6434 18
6435 20
6436 22
6437 14
6438 18
6439 18
6440 20
6441 38
6442 16
6443 14
6444 22
6445 22
6446 16
6447 18
6448 20
6449 10
6450 14
6451 18
6452 26
6453 38
6454 20
6455 20
6456 14
6457 18
6458 26
6459 16
6460 14
6461 20
6462 18
6463 20
6464 14
6465 24
6466 22
6467 20
6468 14
6469 20
6470 18
6471 22
6472 18
6473 14
6474 12
6475 18
6477 16
6478 20
6479 18
6480 18
6481 14
6485 12
6476 30
6482 24
6483 20
6484 18
6486 20
6487 18
6488 12
6489 13
6490 10
6491 18
6492 20
6493 14
6494 14
6495 18
6496 12
6497 20
6498 12
6499 18
6500 20
6501 24
6502 20
6503 14
6504 20
6505 16
6506 36
6507 20
6508 32
6509 20
6510 32
6511 22
6512 14
6513 20
6514 12
6515 12
6516 38
6517 12
6518 34
6519 12
6520 20
6521 20
6522 18
6523 20
6524 18
6525 22
6526 16
6527 18
6528 28
6529 34
6530 24
6531 14
6532 24
6533 18
6534 16
6535 24
6536 16
6537 28
6538 34
6539 20
6540 22
6541 18
6542 12
6543 26
6544 12
6545 20
6546 14
6547 18
6548 20
6549 20
6550 16
6551 14
6552 20
6553 18
6554 20
6555 42
6556 32
6557 26
6558 22
6559 22
6561 24
6562 18
6563 14
6564 26
6565 25
6566 20
6567 16
6568 20
6569 18
6570 18
6571 20
6572 22
6573 18
6574 14
6575 16
6576 20
6577 14
6578 16
6579 18
6582 12
6583 14
6590 8
6560 50
6580 22
6581 27
6584 18
6585 24
6586 16
6587 20
6588 20
6589 22
6591 24
6592 24
6593 16
6594 24
6595 18
6596 20
6597 20
6598 20
6599 18
6600 20
6601 28
6602 14
6603 20
6604 22
6605 14
6606 22
6607 32
6608 24
6609 26
6610 14
6611 24
6612 20
6613 14
6614 10
6615 12
6616 24
6617 18
6618 16
6619 20
6620 38
6621 20
6622 36
6623 20
6624 18
6625 22
6626 24
6627 14
6628 18
6629 16
6630 16
6631 16
6632 16
6633 20
6634 18
6635 24
6636 18
6637 20
6638 22
6639 14
6640 16
6641 22
6642 34
6643 22
6644 14
6645 14
6646 18
6648 20
6649 16
6650 28
6651 20
6652 27
6653 20
6654 16
6655 18
6656 24
6657 20
6658 20
6659 16
6660 20
6661 20
6662 18
6663 18
6664 26
6665 20
6666 18
6667 14
6668 16
6669 20
6670 16
6671 12
6672 14
6673 18
6675 14
6676 18
6677 20
6680 16
6647 52
6674 26
6678 30
6679 20
6681 22
6682 22
6683 22
6684 34
6685 16
6686 22
6687 12
6688 24
6689 18
6690 18
6691 14
6692 16
6693 20
6694 22
6695 14
6696 18
6697 18
6698 20
6699 16
6700 14
6701 38
6702 24
6703 30
6704 18
6705 20
6706 18
6707 18
6708 20
6709 28
6710 20
6711 38
6712 18
6713 18
6714 18
6715 20
6716 16
6717 20
6718 20
6719 16
6720 16
6721 22
6722 14
6723 20
6724 24
6725 16
6726 18
6727 16
6728 20
6729 26
6730 18
6731 18
6732 16
6733 16
6734 20
6735 16
6736 10
6737 16
6738 20
6739 16
6740 14
6741 22
6742 38
6743 18
6744 16
6745 22
6746 18
6747 16
6748 22
6749 16
6750 20
6751 14
6752 16
6753 14
6754 24
6755 24
6756 22
6757 16
6758 28
6759 18
6760 20
6761 20
6762 20
6763 24
6764 18
6765 20
6766 14
6767 16
6768 18
6769 20
6770 18
6771 24
6773 18
6774 16
6775 20
6776 14
6777 18
6778 16
6779 16
6780 16
6785 12
6772 38
6781 18
6782 22
6783 20
6784 16
6786 16
6787 18
6788 20
6789 18
6790 20
6791 16
6792 20
6793 16
6794 24
6795 14
6796 18
6797 18
6798 18
6799 40
6800 16
6801 12
6802 22
6803 20
6804 20
6805 18
6806 16
6807 22
6808 20
6809 26
6810 18
6811 18
6812 20
6813 20
6814 20
6815 22
6816 18
6817 22
6818 20
6819 14
6820 22
6821 24
6822 18
6823 16
6824 20
6825 18
6826 18
6827 18
6828 16
6829 16
6830 20
6831 20
6832 16
6833 18
6834 16
6835 18
6836 14
6837 18
6838 16
6839 22
6840 12
6841 20
6842 20
6843 14
6844 36
6845 18
6846 12
6847 16
6848 22
6849 18
6850 24
6851 36
6852 18
6853 24
6854 16
6855 16
6856 18
6857 16
6858 34
6859 12
6860 20
6861 18
6862 12
6863 16
6864 34
6865 26
6866 18
6867 14
6868 18
6869 22
6870 14
6871 16
6872 14
6873 20
6874 22
6875 16
6876 18
6877 20
6878 20
6880 16
6886 8
6879 24
6881 18
6882 18
6883 22
6884 18
6885 34
6887 18
6888 16
6889 22
6890 20
6891 18
6892 16
6893 16
6894 18
6895 16
6896 12
6897 20
6898 24
6899 12
6900 14
6901 12
6902 16
6903 14
6904 12
6905 16
6906 18
6907 20
6908 18
6909 16
6910 18
6911 24
6912 18
6913 18
6914 20
6915 14
6916 26
6917 20
6918 12
6919 20
6920 12
6921 16
6922 20
6923 18
6924 14
6925 16
6926 16
6927 20
6928 24
6929 20
6930 18
6931 24
6932 18
6933 20
6934 24
6935 20
6936 22
6937 20
6938 18
6939 12
6940 20
6941 24
6942 18
6943 14
6944 20
6945 16
6946 20
6947 18
6948 18
6949 20
6950 38
6951 12
6952 24
6953 24
6954 18
6955 12
6956 22
6957 32
6958 20
6959 24
6960 24
6961 18
6962 22
6963 20
6964 12
6965 22
6966 20
6968 20
6969 14
6971 20
6972 12
6973 18
6974 18
6975 20
6976 20
6977 21
6978 20
6981 14
6967 32
6970 38
6979 20
6980 22
6982 20
6983 16
6984 18
6985 22
6986 24
6987 12
6988 22
6989 14
6990 22
6991 14
6992 22
6993 22
6994 18
6995 22
6996 16
6997 16
6998 18
6999 14
7000 16
7001 18
7002 18
7003 24
7004 16
7005 16
7006 16
7007 20
7008 20
7009 24
7010 10
7011 28
7012 18
7013 40
7014 18
7015 10
7016 36
7017 24
7018 22
7019 10
7020 14
7021 14
7022 16
7023 22
7024 24
7025 20
7026 14
7027 14
7028 16
7029 20
7030 22
7031 16
7032 18
7033 22
7034 24
7035 22
7036 16
7037 18
7038 18
7039 22
7040 34
7041 20
7042 22
7043 14
7044 22
7045 34
7046 26
7047 18
7048 22
7049 22
7050 18
7051 12
7052 20
7053 20
7054 20
7055 20
7056 20
7057 16
7058 22
7059 24
7060 20
7061 14
7062 16
7063 14
7064 20
7065 18
7066 18
7067 18
7068 22
7069 18
7070 14
7071 24
7072 20
7073 22
7075 12
7076 20
7077 20
7078 20
7074 28
7079 20
7080 22
7081 30
7082 22
7083 22
7084 16
7085 34
7086 26
7087 16
7088 20
7089 18
7090 20
7091 21
7092 22
7093 14
7094 20
7095 18
7096 18
7097 22
7098 20
7099 20
7100 20
7101 20
7102 16
7103 16
7104 20
7105 30
7106 18
7107 20
7108 16
7109 22
7110 20
7111 20
7112 20
7113 38
7114 22
7115 18
7116 16
7117 20
7118 20
7119 22
7120 24
7121 16
7122 22
7123 20
7124 14
7125 18
7126 24
7127 16
7128 38
7129 18
7130 18
7131 20
7132 24
7133 16
7134 14
7135 22
7136 18
7137 16
7138 20
7139 18
7140 22
7141 14
7142 26
7143 20
7144 16
7145 18
7146 16
7147 14
7148 20
7149 16
7150 16
7151 20
7152 20
7153 16
7154 16
7155 16
7156 26
7157 16
7158 16
7159 34
7160 36
7161 20
7162 20
7163 16
7164 14
7165 16
7166 30
7167 16
7168 18
7169 22
7170 24
7171 22
7172 18
7173 18
7174 20
7176 22
7190 8
7175 38
7177 34
7178 22
7179 22
7180 22
7181 18
7182 20
7183 16
7184 24
7185 20
7186 18
7187 22
7188 12
7189 36
7191 16
7192 14
7193 16
7194 16
7195 16
7196 18
7197 20
7198 24
7199 16
7200 14
7201 24
7202 18
7203 40
7204 22
7205 18
7206 18
7207 11
7208 26
7209 16
7210 18
7211 22
7212 18
7213 20
7214 14
7215 12
7216 16
7217 20
7218 24
7219 18
7220 18
7221 14
7222 20
7223 42
7224 22
7225 16
7226 20
7227 20
7228 18
7229 14
7230 26
7231 16
7232 18
7233 16
7234 18
7235 20
7236 20
7237 20
7238 16
7239 22
7240 18
7241 24
7242 20
7243 12
7244 18
7245 22
7246 12
7247 14
7248 40
7249 32
7250 18
7251 16
7252 18
7253 38
7254 18
7255 20
7256 22
7257 20
7258 20
7259 22
7260 20
7261 24
7262 18
7263 24
7264 18
7265 22
7266 22
7267 20
7268 20
7269 24
7270 24
7271 16
7272 22
7273 16
7275 16
7276 16
7277 12
7278 18
7280 14
7283 14
7284 14
7274 34
7279 20
7281 20
7282 18
7285 22
7286 24
7287 12
7288 20
7289 16
7290 22
7291 22
7292 38
7293 14
7294 12
7295 26
7296 18
7297 10
7298 24
7299 22
7300 16
7301 30
7302 10
7303 14
7304 24
7305 18
7306 16
7307 22
7308 14
7309 14
7310 18
7311 16
7312 14
7313 14
7314 18
7315 20
7316 24
7317 10
7318 22
7319 20
7320 20
7321 22
7322 16
7323 20
7324 26
7325 24
7326 18
7327 16
7328 38
7329 20
7330 20
7331 16
7332 18
7333 22
7334 18
7335 10
7336 28
7337 16
7338 18
7339 14
7340 22
7341 20
7342 16
7343 16
7344 20
7345 16
7346 18
7347 16
7348 20
7349 16
7350 20
7351 20
7352 18
7353 22
7354 18
7355 14
7356 24
7357 22
7358 16
7359 16
7360 18
7361 14
7362 14
7363 16
7364 22
7365 20
7366 16
7367 12
7368 18
7369 20
7370 20
7371 18
7372 16
7373 24
7374 14
7376 18
7377 16
7378 18
7380 16
7381 16
7375 38
7379 20
7382 26
7383 22
7384 18
7385 14
7386 22
7387 22
7388 18
7389 20
7390 26
7391 24
7392 24
7393 14
7394 14
7395 24
7396 22
7397 22
7398 20
7399 20
7400 20
7401 16
7402 22
7403 24
7404 22
7405 14
7406 18
7407 22
7408 18
7409 18
7410 16
7411 16
7412 16
7413 20
7414 18
7415 14
7416 22
7417 20
7418 20
7419 16
7420 24
7421 22
7422 18
7423 16
7424 16
7425 26
7426 14
7427 16
7428 10
7429 24
7430 16
7431 20
7432 14
7433 20
7434 30
7435 20
7436 18
7437 18
7438 14
7439 24
7440 4
7441 20
7442 20
7443 22
7444 26
7445 18
7446 12
7447 16
7448 22
7449 16
7450 22
7451 24
7452 20
7453 14
7454 16
7455 24
7456 24
7457 24
7458 18
7459 16
7460 18
7461 14
7462 18
7463 16
7464 22
7465 20
7466 18
7467 16
7468 22
7469 22
7471 24
7472 26
7473 22
7474 22
7476 16
7477 16
7478 20
7480 18
7481 14
7482 16
7470 36
7475 26
7479 24
7483 22
7484 24
7485 18
7486 24
7487 20
7488 24
7489 18
7490 14
7491 14
7492 20
7493 18
7494 20
7495 14
7496 22
7497 16
7498 16
7499 18
7500 14
7501 20
7502 20
7503 14
7504 12
7505 22
7506 22
7507 12
7508 14
7509 18
7510 18
7511 22
7512 34
7513 16
7514 14
7515 38
7516 22
7517 22
7518 18
7519 18
7520 18
7521 18
7522 22
7523 20
7524 22
7525 22
7526 18
7527 14
7528 14
7529 20
7530 16
7531 18
7532 14
7533 26
7534 14
7535 22
7536 20
7537 22
7538 22
7539 14
7540 10
7541 18
7542 22
7543 18
7544 20
7545 20
7546 16
7547 24
7548 20
7549 16
7550 24
7552 18
7553 22
7554 28
7555 18
7556 16
7557 20
7558 18
7559 10
7560 12
7561 10
7562 20
7563 18
7564 18
7565 24
7566 20
7567 24
7568 16
7569 20
7570 20
7571 20
7572 18
7573 18
7574 18
7575 22
7579 16
7580 14
7582 14
7551 50
7576 26
7577 22
7578 24
7581 22
7583 16
7584 20
7585 18
7586 20
7587 14
7588 22
7589 42
7590 12
7591 16
7592 44
7593 16
7594 18
7595 22
7596 22
7597 22
7598 18
7599 14
7600 16
7601 24
7602 10
7603 12
7604 24
7605 22
7606 20
7607 14
7608 18
7609 26
7610 20
7611 16
7612 12
7613 20
7614 24
7615 18
7616 18
7617 26
7618 16
7619 18
7620 20
7621 20
7622 16
7623 20
7624 24
7625 8
7626 24
7627 20
7628 18
7629 20
7630 12
7631 18
7632 22
7633 22
7634 24
7635 14
7636 22
7637 20
7638 20
7639 24
7640 10
7641 16
7642 12
7643 32
7644 22
7645 20
7646 14
7647 14
7648 26
7649 18
7650 22
7651 18
7652 18
7653 18
7654 20
7655 26
7656 20
7657 16
7658 22
7660 20
7661 14
7662 22
7664 18
7665 32
7666 12
7667 22
7668 20
7669 16
7670 18
7671 22
7672 14
7673 14
7674 16
7675 22
7676 18
7677 16
7678 18
7679 18
7680 18
7659 52
7663 36
7681 18
7682 44
7683 32
7684 28
7685 22
7686 16
7687 30
7688 16
7689 24
7690 10
7691 16
7692 20
7693 38
7694 16
7695 22
7696 16
7697 24
7698 14
7699 16
7700 20
7701 24
7702 16
7703 18
7704 12
7705 24
7706 20
7707 20
7708 22
7709 12
7710 16
7711 16
7712 22
7713 22
7714 20
7715 19
7716 32
7717 24
7718 14
7719 16
7720 24
7721 18
7722 16
7723 20
7724 38
7725 26
7726 20
7727 20
7728 16
7729 22
7730 16
7731 50
7732 20
7733 44
7734 16
7735 26
7736 32
7737 16
7738 20
7739 20
7740 12
7741 16
7742 16
7743 20
7744 22
7745 22
7746 20
7747 21
7748 16
7749 30
7750 32
7751 18
7752 20
7753 20
7754 16
7755 20
7756 18
7757 20
7758 20
7759 12
7760 22
7761 16
7762 34
7763 16
7764 18
7765 24
7766 12
7767 22
7769 26
7770 24
7771 14
7772 18
7773 20
7775 16
7776 20
7778 16
7779 16
7782 16
7768 36
7774 26
7777 36
7780 64
7781 20
7783 18
7784 20
7785 24
7786 20
7787 14
7788 20
7789 20
7790 14
7791 18
7792 16
7793 22
7794 16
7795 18
7796 14
7797 16
7798 16
7799 14
7800 16
7801 22
7802 16
7803 20
7804 20
7805 18
7806 26
7807 20
7808 18
7809 18
7810 24
7811 16
7812 22
7813 20
7814 14
7815 14
7816 26
7817 16
7818 16
7819 20
7820 18
7821 16
7822 22
7823 14
7824 14
7825 26
7826 16
7827 32
7828 18
7829 24
7830 36
7831 18
7832 16
7833 18
7834 16
7835 16
7836 22
7837 16
7838 20
7839 22
7840 24
7841 18
7842 16
7843 20
7844 11
7845 16
7846 16
7847 20
7848 22
7849 26
7850 20
7851 16
7852 22
7853 24
7854 20
7855 22
7856 18
7857 20
7858 18
7859 18
7860 26
7861 16
7862 16
7863 18
7864 22
7865 20
7866 28
7867 14
7868 14
7869 20
7870 22
7871 24
7872 22
7873 22
7874 20
7875 22
7876 18
7878 20
7877 22
7879 22
7880 20
7881 18
7882 24
7883 22
7884 20
7885 20
7886 16
7887 22
7888 12
7889 22
7890 12
7891 14
7892 16
7893 16
7894 16
7895 26
7896 16
7897 14
7898 40
7899 14
7900 38
7901 16
7902 16
7903 35
7904 22
7905 54
7906 14
7907 24
7908 14
7909 18
7910 18
7911 20
7912 20
7913 18
7914 22
7915 26
7916 24
7917 16
7918 16
7919 22
7920 22
7921 22
7922 18
7923 24
7924 14
7925 14
7926 14
7927 16
7928 24
7929 18
7930 16
7931 22
7932 20
7933 12
7934 22
7935 24
7936 20
7937 14
7938 16
7939 22
7940 28
7941 14
7942 18
7943 14
7944 12
7945 22
7946 22
7947 22
7948 38
7949 20
7950 18
7951 10
7952 22
7953 21
7954 18
7955 16
7956 16
7957 20
7958 26
7959 14
7960 24
7961 20
7962 28
7963 16
7964 24
7965 22
7966 16
7967 14
7968 18
7969 16
7971 14
7972 16
7973 20
7974 18
7976 18
7977 18
7978 16
7970 36
7975 36
7979 26
7980 22
7981 20
7982 18
7983 22
7984 22
7985 56
7986 20
7987 22
7988 18
7989 18
7990 16
7991 24
7992 16
7993 20
7994 16
7995 16
7996 18
7997 40
7998 22
7999 18
8000 24
8001 18
8002 20
8003 22
8004 22
8005 22
8006 22
8007 20
8008 16
8009 18
8010 28
8011 18
8012 24
8013 20
8014 22
8015 28
8016 20
8017 16
8018 16
8019 32
8020 20
8021 16
8022 20
8023 20
8024 18
8025 14
8026 20
8027 18
8028 10
8029 14
8030 22
8031 14
8032 18
8033 52
8034 18
8035 22
8036 18
8037 24
8038 24
8039 18
8040 22
8041 22
8042 14
8043 18
8044 18
8045 22
8046 20
8047 16
8048 18
8049 18
8050 38
8051 20
8052 20
8053 14
8054 18
8055 18
8056 20
8057 18
8058 22
8059 20
8060 14
8061 16
8062 22
8063 20
8064 20
8065 20
8066 20
8067 22
8068 18
8071 14
8072 22
8073 18
8074 18
8076 14
8077 20
8079 18
8080 12
8069 36
8070 38
8075 30
8078 22
8081 22
8082 24
8083 16
8084 20
8085 24
8086 14
8087 16
8088 18
8089 19
8090 22
8091 22
8092 20
8093 20
8094 32
8095 22
8096 12
8097 20
8098 18
8099 14
8100 20
8101 16
8102 24
8103 14
8104 20
8105 24
8106 28
8107 20
8108 22
8109 22
8110 32
8111 18
8112 30
8113 18
8114 16
8115 16
8116 26
8117 20
8118 12
8119 18
8120 14
8121 38
8122 14
8123 18
8124 38
8125 20
8126 28
8127 18
8128 18
8129 18
8130 18
8131 20
8132 16
8133 16
8134 22
8135 20
8136 24
8137 20
8138 18
8139 22
8140 14
8141 18
8142 22
8143 14
8144 20
8145 18
8146 14
8147 20
8148 22
8149 14
8150 14
8151 20
8152 40
8153 24
8154 20
8155 22
8156 14
8157 34
8158 18
8159 14
8160 20
8161 16
8162 20
8163 22
8164 14
8165 16
8166 16
8167 22
8168 16
8170 14
8171 22
8172 22
8174 20
8175 16
8177 18
8178 18
8169 60
8173 36
8176 24
8179 24
8180 20
8181 22
8182 18
8183 18
8184 20
8185 14
8186 18
8187 16
8188 20
8189 12
8190 28
8191 22
8192 16
8193 28
8194 22
8195 22
8196 18
8197 20
8198 14
8199 18
8200 32
8201 16
8202 20
8203 56
8204 16
8205 12
8206 14
8207 22
8208 20
8209 16
8210 12
8211 24
8212 18
8213 36
8214 16
8215 20
8216 22
8217 24
8218 18
8219 16
8220 14
8221 22
8222 20
8223 12
8224 18
8225 26
8226 22
8227 16
8228 14
8229 16
8230 22
8231 18
8232 22
8233 20
8234 22
8235 24
8236 18
8237 26
8238 22
8239 24
8240 20
8241 22
8242 26
8243 16
8244 18
8245 18
8246 32
8247 24
8248 18
8249 20
8250 22
8251 20
8252 22
8253 24
8254 14
8255 16
8256 22
8257 28
8258 20
8259 22
8260 24
8261 20
8262 24
8263 18
8264 14
8265 16
8266 18
8267 20
8268 16
8269 20
8270 18
8271 24
8272 16
8273 18
8274 20
8275 20
8277 16
8279 18
8280 14
8282 14
8284 14
8276 24
8278 22
8281 24
8283 34
8285 22
8286 18
8287 16
8288 18
8289 24
8290 18
8291 18
8292 28
8293 22
8294 26
8295 16
8296 18
8297 20
8298 26
8299 36
8300 22
8301 20
8302 20
8303 20
8304 22
8305 20
8306 36
8307 16
8308 20
8309 16
8310 20
8311 16
8312 6
8313 12
8314 16
8315 20
8316 14
8317 16
8318 18
8319 18
8320 18
8321 20
8322 14
8323 20
8324 20
8325 18
8326 20
8327 16
8328 16
8329 16
8330 18
8331 18
8332 20
8333 16
8334 18
8335 22
8336 26
8337 18
8338 34
8339 18
8340 18
8341 26
8342 20
8343 22
8344 22
8345 46
8346 24
8347 20
8348 7
8349 22
8350 24
8351 18
8352 16
8353 20
8354 20
8355 32
8356 20
8357 16
8358 20
8359 14
8360 18
8361 24
8362 18
8363 14
8364 20
8365 20
8366 18
8367 16
8368 22
8369 18
8370 18
8371 16
8372 14
8373 22
8374 20
8375 15
8376 16
8377 16
8378 18
8380 16
8382 16
8379 24
8381 18
8383 34
8384 20
8385 18
8386 18
8387 22
8388 24
8389 18
8390 18
8391 18
8392 20
8393 18
8394 20
8395 22
8396 18
8397 38
8398 24
8399 8
8400 14
8401 8
8402 24
8403 12
8404 16
8405 20
8406 18
8407 18
8408 30
8409 16
8410 16
8411 22
8412 22
8413 16
8414 20
8415 22
8416 16
8417 14
8418 10
8419 30
8420 18
8421 18
8422 20
8423 20
8424 16
8425 24
8426 22
8427 24
8428 22
8429 20
8430 22
8431 14
8432 16
8433 22
8434 24
8435 20
8436 14
8437 18
8438 18
8439 36
8440 20
8441 24
8442 20
8443 14
8444 18
8445 16
8446 20
8447 22
8448 18
8449 26
8450 28
8451 16
8452 12
8453 18
8454 22
8455 20
8456 20
8457 22
8458 26
8459 20
8460 16
8461 20
8462 24
8463 10
8464 18
8465 20
8466 32
8467 20
8468 20
8469 20
8470 16
8471 14
8472 12
8473 22
8474 14
8475 22
8476 20
8477 16
8478 16
8479 14
8480 10
8481 20
8482 20
8483 18
8484 18
8485 30
8486 20
8487 14
8488 18
8489 18
8490 16
8491 20
8492 20
8493 18
8494 24
8495 34
8496 10
8497 16
8498 24
8499 18
8500 24
8501 16
8502 12
8503 20
8504 16
8505 16
8506 20
8507 14
8508 18
8509 18
8510 26
8511 34
8512 20
8513 18
8514 18
8515 20
8516 20
8517 22
8518 18
8519 12
8520 28
8521 20
8522 14
8523 14
8524 22
8525 24
8526 18
8527 14
8528 16
8529 16
8530 18
8531 38
8532 20
8533 24
8534 19
8535 24
8536 22
8537 18
8538 18
8539 18
8540 22
8541 26
8542 14
8543 16
8544 20
8545 18
8546 14
8547 24
8548 20
8549 22
8550 20
8551 22
8552 20
8553 18
8554 14
8555 22
8556 14
8557 22
8558 20
8559 22
8560 24
8561 16
8562 13
8563 22
8564 24
8565 22
8566 20
8567 16
8568 30
8569 18
8570 16
8572 16
8573 18
8575 16
8577 16
8578 18
8584 14
8571 28
8574 26
8576 24
8579 34
8580 20
8581 20
8582 22
8583 24
8585 18
8586 16
8587 14
8588 14
8589 20
8590 18
8591 26
8592 20
8593 18
8594 24
8595 24
8596 22
8597 32
8598 18
8599 18
8600 22
8601 20
8602 8
8603 19
8604 20
8605 20
8606 22
8607 20
8608 16
8609 18
8610 20
8611 18
8612 28
8613 20
8614 20
8615 28
8616 32
8617 12
8618 18
8619 20
8620 16
8621 20
8622 14
8623 18
8624 20
8625 20
8626 20
8627 26
8628 16
8629 20
8630 26
8631 20
8632 18
8633 19
8634 24
8635 16
8636 22
8637 20
8638 26
8639 20
8640 16
8641 20
8642 18
8643 18
8644 20
8645 44
8646 18
8647 14
8648 20
8649 18
8650 22
8651 12
8652 18
8653 18
8654 18
8655 32
8656 26
8657 20
8658 16
8659 16
8660 14
8661 26
8662 18
8663 18
8664 20
8665 24
8666 12
8667 16
8668 14
8670 14
8671 14
8672 16
8674 20
8675 22
8676 20
8677 16
8678 20
8679 18
8680 18
8669 30
8673 28
8681 20
8682 22
8683 16
8684 22
8685 18
8686 16
8687 18
8688 16
8689 20
8690 24
8691 18
8692 22
8693 18
8694 14
8695 18
8696 14
8697 18
8698 20
8699 18
8700 18
8701 22
8702 22
8703 26
8704 12
8705 20
8706 26
8707 16
8708 10
8709 18
8710 22
8711 20
8712 18
8713 18
8714 20
8715 20
8716 20
8717 20
8718 14
8719 20
8720 14
8721 18
8722 20
8723 20
8724 22
8725 16
8726 20
8727 8
8728 18
8729 24
8730 18
8731 20
8732 19
8733 24
8734 18
8735 22
8736 18
8737 20
8738 20
8739 16
8740 14
8741 16
8742 18
8743 22
8744 18
8745 36
8746 16
8747 18
8748 18
8749 24
8750 18
8751 18
8752 44
8753 22
8754 14
8755 18
8756 14
8757 16
8758 24
8759 18
8760 18
8761 36
8762 18
8763 18
8764 16
8765 20
8766 24
8767 18
8768 22
8769 20
8770 16
8771 12
8772 26
8774 12
8775 16
8776 20
8779 18
8780 16
8788 10
8773 26
8777 24
8778 28
8781 18
8782 22
8783 22
8784 36
8785 18
8786 16
8787 20
8789 22
8790 18
8791 76
8792 20
8793 14
8794 20
8795 18
8796 20
8797 38
8798 16
8799 20
8800 18
8801 22
8802 22
8803 24
8804 18
8805 18
8806 22
8807 20
8808 20
8809 32
8810 16
8811 18
8812 16
8813 16
8814 24
8815 22
8816 22
8817 22
8818 20
8819 16
8820 22
8821 14
8822 22
8823 7
8824 18
8825 24
8826 16
8827 16
8828 18
8829 24
8830 22
8831 12
8832 18
8833 24
8834 38
8835 16
8836 22
8837 24
8838 22
8839 16
8840 20
8841 20
8842 16
8843 26
8844 22
8845 16
8846 12
8847 20
8848 16
8849 18
8850 20
8851 20
8852 20
8853 20
8854 18
8855 22
8856 14
8857 22
8858 22
8859 20
8860 20
8861 20
8862 20
8863 22
8864 24
8865 22
8866 22
8867 14
8868 26
8869 20
8870 24
8871 16
8872 20
8873 14
8875 18
8876 18
8877 18
8878 20
8879 18
8874 34
8880 22
8881 20
8882 26
8883 16
8884 18
8885 18
8886 16
8887 12
8888 16
8889 16
8890 18
8891 22
8892 26
8893 18
8894 20
8895 20
8896 20
8897 20
8898 36
8899 18
8900 36
8901 16
8902 16
8903 16
8904 12
8905 20
8906 24
8907 28
8908 20
8909 16
8910 6
8911 24
8912 26
8913 16
8914 14
8915 20
8916 38
8917 18
8918 20
8919 24
8920 22
8921 18
8922 24
8923 22
8924 18
8925 22
8926 22
8927 22
8928 14
8929 22
8930 20
8931 16
8932 14
8933 16
8934 18
8935 20
8936 24
8937 16
8938 16
8939 20
8940 22
8941 20
8942 20
8943 18
8944 16
8945 36
8946 9
8947 10
8948 18
8949 22
8950 22
8951 20
8952 18
8953 18
8954 22
8955 18
8956 36
8957 16
8958 24
8959 34
8960 22
8961 18
8962 22
8963 20
8964 18
8965 14
8966 20
8967 17
8968 20
8969 22
8970 18
8971 20
8972 24
8973 22
8974 18
8975 14
8976 12
8977 26
8978 22
8979 22
8980 20
8981 20
8982 18
8983 16
8984 16
8985 20
8986 18
8987 12
8988 22
8989 18
8990 18
8991 12
8992 20
8993 30
8994 22
8995 28
8996 22
8997 32
8998 22
8999 24
9000 20
9001 22
9002 20
9003 16
9004 16
9005 18
9006 14
9007 22
9008 12
9009 18
9010 10
9011 16
9012 19
9013 20
9014 18
9015 24
9016 16
9017 18
9018 18
9019 20
9020 20
9021 18
9022 18
9023 16
9024 18
9025 52
9026 22
9027 14
9028 22
9029 16
9030 38
9031 26
9032 22
9033 16
9034 18
9035 16
9036 16
9037 20
9038 14
9039 14
9040 18
9041 22
9042 24
9043 22
9044 26
9045 22
9046 24
9047 16
9048 16
9049 18
9050 16
9051 18
9052 20
9053 18
9054 12
9055 22
9056 20
9057 24
9058 22
9059 20
9060 14
9061 22
9062 30
9063 22
9064 22
9065 14
9066 18
9067 26
9068 20
9069 22
9070 18
9071 26
9072 24
9073 16
9074 20
9075 18
9077 16
9079 18
9080 16
9076 24
9078 56
9081 26
9082 18
9083 20
9084 20
9085 20
9086 24
9087 22
9088 22
9089 22
9090 18
9091 20
9092 34
9093 30
9094 56
9095 22
9096 24
9097 44
9098 22
9099 44
9100 38
9101 20
9102 20
9103 18
9104 22
9105 18
9106 24
9107 16
9108 20
9109 20
9110 18
9111 14
9112 18
9113 16
9114 18
9115 20
9116 20
9117 22
9118 18
9119 24
9120 12
9121 20
9122 20
9123 18
9124 16
9125 22
9126 16
9127 34
9128 20
9129 12
9130 16
9131 18
9132 20
9133 24
9134 22
9135 20
9136 24
9137 16
9138 24
9139 16
9140 24
9141 16
9142 26
9143 18
9144 18
9145 22
9146 26
9147 20
9148 24
9149 26
9150 12
9151 20
9152 18
9153 16
9154 20
9155 16
9156 36
9157 16
9158 34
9159 18
9160 26
9161 24
9162 22
9163 26
9164 18
9165 24
9166 24
9167 22
9168 16
9169 22
9170 22
9171 20
9172 22
9173 16
9174 18
9175 18
9176 22
9177 20
9178 16
9183 14
9179 26
9180 20
9181 24
9182 22
9184 20
9185 18
9186 24
9187 20
9188 22
9189 14
9190 20
9191 8
9192 20
9193 50
9194 22
9195 22
9196 24
9197 12
9198 24
9199 20
9200 20
9201 22
9202 16
9203 18
9204 40
9205 22
9206 24
9207 16
9208 20
9209 20
9210 20
9211 16
9212 22
9213 20
9214 24
9215 20
9216 20
9217 16
9218 22
9219 20
9220 34
9221 18
9222 14
9223 20
9224 16
9225 28
9226 24
9227 20
9228 16
9229 20
9230 20
9231 18
9232 18
9233 18
9234 16
9235 18
9236 18
9237 22
9238 14
9239 12
9240 22
9241 22
9242 16
9243 32
9244 18
9245 16
9246 20
9247 18
9248 16
9249 16
9250 16
9251 10
9252 20
9253 16
9254 20
9255 14
9256 16
9257 16
9258 24
9259 22
9260 14
9261 16
9262 20
9263 18
9264 18
9265 12
9266 16
9267 20
9268 20
9269 20
9270 16
9271 20
9272 24
9273 12
9274 24
9275 22
9277 16
9279 18
9282 14
9276 24
9278 22
9280 24
9281 18
9283 24
9284 24
9285 22
9286 30
9287 22
9288 22
9289 14
9290 18
9291 18
9292 22
9293 16
9294 18
9295 20
9296 26
9297 16
9298 20
9299 22
9300 16
9301 22
9302 20
9303 20
9304 16
9305 14
9306 36
9307 20
9308 20
9309 22
9310 20
9311 20
9312 14
9313 20
9314 18
9315 22
9316 26
9317 20
9318 20
9319 20
9320 28
9321 30
9322 16
9323 16
9324 16
9325 20
9326 20
9327 20
9328 38
9329 18
9330 24
9331 18
9332 20
9333 22
9334 22
9335 24
9336 26
9337 20
9338 20
9339 20
9340 18
9341 44
9342 18
9343 26
9344 22
9345 20
9346 36
9347 20
9348 14
9349 14
9350 16
9351 22
9352 32
9353 22
9354 22
9355 16
9356 32
9357 16
9358 20
9359 22
9360 18
9361 20
9362 14
9364 20
9365 12
9366 12
9367 22
9368 16
9369 6
9370 16
9371 18
9372 20
9373 22
9374 22
9375 22
9376 16
9377 20
9378 18
9379 16
9381 14
9382 16
9385 12
9363 40
9380 20
9383 16
9384 26
9386 18
9387 16
9388 16
9389 20
9390 22
9391 22
9392 42
9393 16
9394 16
9395 16
9396 16
9397 20
9398 18
9399 22
9400 20
9401 14
9402 20
9403 38
9404 20
9405 18
9406 20
9407 24
9408 18
9409 20
9410 16
9411 20
9412 14
9413 18
9414 22
9415 24
9416 14
9417 20
9418 22
9419 24
9420 10
9421 20
9422 14
9423 19
9424 20
9425 18
9426 20
9427 16
9428 24
9429 26
9430 18
9431 16
9432 20
9433 22
9434 14
9435 16
9436 20
9437 14
9438 14
9439 22
9440 18
9441 18
9442 32
9443 34
9444 30
9445 26
9446 20
9447 18
9448 18
9449 20
9450 10
9451 20
9452 20
9453 18
9454 20
9455 26
9456 20
9457 14
9458 16
9459 20
9460 26
9462 18
9463 16
9464 14
9465 16
9466 18
9467 16
9468 16
9469 14
9471 18
9472 20
9473 18
9474 22
9475 16
9481 16
9485 10
9461 52
9470 32
9476 26
9477 22
9478 22
9479 20
9480 20
9482 18
9483 20
9484 20
9486 26
9487 24
9488 22
9489 20
9490 20
9491 18
9492 22
9493 22
9494 16
9495 24
9496 16
9497 20
9498 22
9499 20
9500 24
9501 22
9502 18
9503 18
9504 10
9505 16
9506 24
9507 22
9508 12
9509 26
9510 18
9511 20
9512 18
9513 22
9514 18
9515 20
9516 22
9517 22
9518 16
9519 18
9520 22
9521 32
9522 14
9523 22
9524 22
9525 20
9526 22
9527 20
9528 24
9529 20
9530 18
9531 20
9532 20
9533 20
9534 24
9535 20
9536 22
9537 12
9538 20
9539 14
9540 20
9541 24
9542 22
9543 22
9544 18
9545 14
9546 14
9547 20
9548 24
9549 16
9550 20
9551 22
9552 26
9553 16
9554 20
9555 18
9556 20
9557 18
9558 32
9559 12
9560 20
9562 24
9563 22
9564 12
9565 18
9566 22
9567 18
9568 18
9570 18
9571 18
9572 22
9573 18
9574 18
9576 22
9577 20
9578 18
9579 12
9580 14
9561 38
9569 60
9575 24
9581 20
9582 24
9583 18
9584 20
9585 16
9586 20
9587 20
9588 32
9589 20
9590 20
9591 22
9592 16
9593 16
9594 14
9595 18
9596 22
9597 26
9598 22
9599 14
9600 20
9601 16
9602 26
9603 18
9604 12
9605 20
9606 18
9607 22
9608 20
9609 24
9610 22
9611 20
9612 24
9613 18
9614 14
9615 22
9616 20
9617 14
9618 16
9619 20
9620 24
9621 16
9622 22
9623 18
9624 18
9625 14
9626 20
9627 28
9628 24
9629 20
9630 14
9631 18
9632 16
9633 16
9634 18
9635 20
9636 20
9637 18
9638 30
9639 18
9640 20
9641 34
9642 22
9643 24
9644 22
9645 20
9646 22
9647 18
9648 16
9649 16
9650 18
9651 18
9652 18
9653 18
9654 20
9655 20
9656 20
9657 22
9658 20
9659 16
9660 12
9661 22
9662 28
9663 18
9664 12
9665 32
9666 22
9667 16
9668 16
9669 16
9670 26
9671 16
9672 22
9673 16
9676 20
9678 20
9682 12
9674 28
9675 24
9677 24
9679 32
9680 20
9681 26
9683 24
9684 20
9685 20
9686 32
9687 16
9688 18
9689 20
9690 16
9691 20
9692 22
9693 20
9694 18
9695 24
9696 24
9697 16
9698 18
9699 26
9700 22
9701 22
9702 24
9703 14
9704 20
9705 18
9706 14
9707 18
9708 14
9709 26
9710 20
9711 16
9712 14
9713 22
9714 36
9715 26
9716 16
9717 14
9718 14
9719 16
9720 16
9721 16
9722 30
9723 18
9724 16
9725 12
9726 20
9727 22
9728 18
9729 18
9730 16
9731 16
9732 14
9733 26
9734 18
9735 21
9736 16
9737 16
9738 22
9739 22
9740 22
9741 26
9742 22
9743 16
9744 34
9745 20
9746 22
9747 18
9748 18
9749 16
9750 16
9752 14
9753 38
9754 14
9755 24
9756 18
9757 22
9758 18
9759 28
9760 24
9761 22
9762 18
9763 18
9764 12
9765 12
9766 20
9767 22
9768 18
9769 22
9770 18
9771 22
9772 20
9773 22
9774 12
9775 13
9776 20
9778 14
9779 16
9787 10
9751 60
9777 22
9780 20
9781 28
9782 34
9783 22
9784 24
9785 16
9786 38
9788 20
9789 20
9790 18
9791 20
9792 24
9793 18
9794 18
9795 24
9796 22
9797 14
9798 16
9799 56
9800 38
9801 16
9802 20
9803 20
9804 14
9805 18
9806 20
9807 20
9808 18
9809 20
9810 18
9811 16
9812 20
9813 20
9814 24
9815 18
9816 24
9817 24
9818 20
9819 10
9820 20
9821 20
9822 20
9823 18
9824 20
9825 22
9826 20
9827 16
9828 24
9829 24
9830 20
9831 18
9832 22
9833 24
9834 16
9835 22
9836 22
9837 22
9838 24
9839 22
9840 18
9841 22
9842 18
9843 24
9844 26
9845 18
9846 20
9847 20
9848 18
9849 28
9850 24
9851 18
9852 16
9853 22
9854 14
9855 20
9856 22
9857 24
9858 18
9859 34
9860 20
9861 18
9862 20
9863 22
9864 16
9865 18
9866 24
9867 20
9868 14
9869 14
9870 6
9871 24
9872 20
9873 24
9875 20
9876 20
9877 16
9878 16
9880 10
9884 12
9874 26
9879 20
9881 18
9882 22
9883 20
9885 36
9886 24
9887 18
9888 18
9889 20
9890 22
9891 22
9892 20
9893 16
9894 16
9895 20
9896 14
9897 24
9898 18
9899 24
9900 20
9901 22
9902 18
9903 16
9904 40
9905 8
9906 18
9907 20
9908 18
9909 20
9910 20
9911 18
9912 20
9913 12
9914 16
9915 14
9916 14
9917 20
9918 24
9919 18
9920 24
9921 20
9922 20
9923 26
9924 20
9925 16
9926 18
9927 12
9928 14
9929 18
9930 22
9931 16
9932 22
9933 18
9934 16
9935 20
9936 16
9937 14
9938 18
9939 20
9940 22
9941 20
9942 16
9943 18
9944 22
9945 14
9946 22
9947 20
9948 16
9949 14
9950 20
9951 20
9952 20
9953 16
9954 20
9955 18
9956 22
9957 20
9958 20
9959 26
9960 22
9961 24
9962 32
9963 14
9965 26
9966 18
9967 16
9968 16
9969 20
9970 18
9971 16
9972 22
9973 14
9974 18
9975 18
9976 14
9977 16
9978 14
9979 10
9981 10
9982 16
9964 38
9980 20
9983 16
9984 16
9985 18
9986 22
9987 20
9988 20
9989 18
9990 14
9991 16
9992 24
9993 18
9994 20
9995 12
9996 18
9997 20
9998 12
9999 20
10000 26
10001 12
10002 14
10003 18
10004 20
10005 12
10006 20
10007 22
10008 18
10009 24
10010 22
10011 18
10012 18
10013 18
10014 14
10015 40
10016 34
10017 14
10018 18
10019 24
10020 20
10021 22
10022 16
10023 54
10024 16
10025 12
10026 16
10027 20
10028 18
10029 14
10030 16
10031 10
10032 20
10033 40
10034 22
10035 16
10036 18
10037 16
10038 20
10039 20
10040 20
10041 18
10042 20
10043 16
10044 12
10045 16
10046 14
10047 18
10048 16
10049 20
10050 14
10051 18
10052 18
10053 12
10054 16
10055 12
10056 20
10057 10
10058 28
10059 14
10060 20
10061 20
10062 14
10063 20
10064 16
10065 20
10066 16
10067 16
10068 20
10069 14
10070 20
10071 14
10072 16
10073 24
10074 22
10075 18
10076 16
10077 12
10078 18
10083 12
10079 20
10080 22
10081 18
10082 18
10084 24
10085 22
10086 26
10087 14
10088 32
10089 28
10090 20
10091 14
10092 16
10093 38
10094 14
10095 42
10096 16
10097 26
10098 32
10099 12
