100 23
101 20
102 17
103 19
104 24
105 14
106 36
107 16
108 28
109 24
110 25
111 21
112 8
113 17
114 24
115 23
116 19
117 20
118 17
119 33
120 17
121 26
122 26
123 22
124 17
125 32
126 17
127 23
128 8
129 20
130 23
131 17
132 14
133 20
134 34
135 20
136 17
137 35
138 17
139 14
140 22
141 31
142 11
143 26
144 20
145 23
146 29
147 26
148 20
149 23
150 17
151 35
152 17
153 17
154 17
155 20
156 14
157 17
158 20
159 25
160 20
161 20
162 14
163 20
164 26
165 23
166 20
167 14
168 23
169 14
170 17
171 23
172 26
173 23
174 23
175 20
176 20
177 14
178 20
179 22
180 14
181 26
182 23
183 19
184 23
185 11
186 17
187 20
188 17
189 14
190 23
191 23
192 20
193 26
194 28
195 17
196 21
197 20
198 34
199 18
200 24
201 17
202 31
203 26
204 17
205 18
206 25
207 20
208 22
209 18
210 17
211 17
212 24
213 30
214 14
215 22
216 17
217 25
218 14
219 19
220 20
221 20
222 20
223 14
224 28
225 21
226 26
227 26
228 33
229 22
230 17
231 23
232 17
233 20
234 20
235 26
236 20
237 26
238 24
239 25
240 29
241 20
242 14
243 14
244 26
245 14
246 26
247 20
248 25
249 23
250 14
251 33
252 25
253 30
254 11
255 14
256 23
257 20
258 26
259 26
260 20
261 22
262 20
263 17
264 20
265 27
266 29
267 21
268 26
269 28
270 17
271 14
272 33
273 23
274 20
275 19
276 31
277 20
278 17
279 20
280 26
281 17
282 23
283 35
284 26
285 23
286 20
287 23
288 29
289 23
290 20
291 26
292 20
293 26
294 20
295 20
296 17
297 17
298 17
299 20
300 26
301 20
302 25
303 46
304 25
305 20
306 23
307 20
308 20
309 17
310 26
311 29
312 23
313 24
314 25
315 17
316 23
317 17
318 29
319 20
320 20
321 23
322 25
323 20
324 17
325 28
326 17
327 27
328 20
329 32
330 20
331 23
332 44
333 20
334 26
335 23
336 23
337 26
338 11
339 29
340 19
341 23
342 20
343 20
344 23
345 17
346 18
347 26
348 20
349 17
350 37
351 30
352 20
353 20
354 51
355 25
356 22
357 20
358 29
359 20
360 20
361 23
362 25
363 42
364 29
365 22
366 38
367 28
368 14
369 23
370 21
371 18
372 37
373 22
374 20
375 20
376 20
377 27
378 26
379 23
380 11
381 23
382 23
383 20
384 20
385 17
386 27
387 16
388 20
389 23
390 22
391 26
392 23
393 33
394 17
395 19
396 20
397 22
398 21
399 14
400 28
401 28
402 20
403 23
404 25
405 22
406 19
407 25
408 17
409 20
410 26
411 17
412 11
413 34
414 38
415 35
416 20
417 23
418 17
419 23
420 20
421 23
422 20
423 26
424 23
425 14
426 35
427 30
428 20
429 17
430 26
431 29
432 22
433 29
434 26
435 43
436 14
437 33
438 30
439 29
440 20
441 23
442 20
443 33
444 27
445 20
446 38
447 20
448 22
449 23
450 20
451 12
452 26
453 14
454 19
455 23
456 40
457 17
458 22
459 26
460 20
461 23
462 26
463 14
464 20
465 23
466 17
467 11
468 23
469 23
470 20
471 27
472 17
473 28
474 23
475 20
476 37
477 30
478 33
479 23
480 20
481 23
482 17
483 20
484 17
485 25
486 20
487 22
488 30
489 26
490 24
491 20
492 17
493 24
494 20
495 26
496 26
497 23
498 20
499 20
500 22
501 17
502 38
503 17
504 44
505 20
506 30
507 29
508 21
509 43
510 30
511 32
512 23
513 25
514 41
515 20
516 20
517 24
518 26
519 31
520 31
521 28
522 19
523 21
524 23
525 19
526 19
527 16
528 20
529 20
530 35
531 23
532 23
533 26
534 26
535 26
536 24
537 35
538 30
539 23
540 23
541 22
542 17
543 20
544 26
545 26
546 20
547 17
548 20
549 38
550 20
551 34
552 28
553 33
554 22
555 30
556 16
557 20
558 26
559 28
560 20
561 24
562 22
563 17
564 24
565 19
566 22
567 22
568 26
569 22
570 20
571 29
572 23
573 17
574 45
575 20
576 30
577 17
578 20
579 23
580 23
581 28
582 31
583 32
584 17
585 26
586 17
587 23
588 32
589 23
590 28
591 30
592 20
593 37
594 25
595 20
596 20
597 26
598 22
599 26
600 29
601 22
602 26
603 20
604 13
605 27
606 23
607 31
608 36
609 31
610 42
611 17
612 38
613 30
614 23
615 23
616 17
617 26
618 20
619 20
620 25
621 19
622 23
623 26
624 30
625 23
626 26
627 32
628 33
629 26
630 25
631 19
632 20
633 17
634 24
635 17
636 25
637 17
638 17
639 20
640 28
641 17
642 54
643 27
644 32
645 29
646 30
647 24
648 33
649 17
650 26
651 26
652 22
653 24
654 30
655 38
656 11
657 35
658 39
659 23
660 26
661 23
662 28
663 17
664 28
665 23
666 20
667 17
668 23
669 24
670 23
671 22
672 20
673 37
674 11
675 21
676 25
677 29
678 26
679 30
680 23
681 23
682 20
683 23
684 21
685 34
686 25
687 20
688 25
689 28
690 27
691 25
692 29
693 20
694 24
695 20
696 33
697 29
698 35
699 18
700 23
701 28
702 42
703 23
704 31
705 14
706 26
707 37
708 20
709 23
710 21
711 20
712 24
713 20
714 20
715 23
716 22
717 28
718 34
719 25
720 26
721 36
722 19
723 28
724 26
725 20
726 17
727 23
728 26
729 34
730 17
731 17
732 25
733 20
734 17
735 26
736 25
737 29
738 20
739 23
740 22
741 26
742 29
743 20
744 26
745 26
746 26
747 22
748 24
749 23
750 24
751 29
752 30
753 46
754 14
755 30
756 23
757 25
758 23
759 25
760 20
761 23
762 30
763 14
764 20
765 11
766 26
767 20
768 22
769 23
770 20
771 26
772 19
773 14
774 29
775 23
776 23
777 23
778 26
779 23
780 17
781 36
782 17
783 20
784 38
785 26
786 23
787 24
788 21
789 17
790 42
791 21
792 14
793 43
794 27
795 23
796 24
797 22
798 34
799 16
800 25
801 18
802 33
803 21
804 23
805 29
806 23
807 20
808 26
809 27
810 16
811 35
812 25
813 32
814 38
815 23
816 11
817 27
818 20
819 20
820 17
821 20
822 25
823 17
824 17
825 26
826 11
827 28
828 23
829 28
830 31
831 20
832 23
833 18
834 25
835 23
836 22
837 26
838 20
839 20
840 36
841 14
842 21
843 17
844 22
845 26
846 14
847 23
848 23
849 24
850 28
851 28
852 17
853 16
854 25
855 23
856 29
857 20
858 23
859 23
860 20
861 29
862 33
863 32
864 14
865 23
866 31
867 23
868 22
869 33
870 25
871 32
872 17
873 28
874 17
875 22
876 32
877 33
878 25
879 19
880 36
881 22
882 23
883 40
884 20
885 31
886 33
887 24
888 24
889 31
890 30
891 25
892 20
893 14
894 23
895 14
896 22
897 14
898 19
899 28
900 17
901 20
902 26
903 26
904 17
905 25
906 20
907 25
908 17
909 29
910 20
911 17
912 17
913 19
914 24
915 14
916 23
917 23
918 14
919 26
920 19
921 28
922 22
923 23
924 17
925 25
926 20
927 24
928 25
929 28
930 25
931 24
932 27
933 23
934 28
935 33
936 60
937 16
938 17
939 20
940 32
941 23
942 26
943 31
944 24
945 30
946 32
947 30
948 29
949 46
950 13
951 34
952 14
953 34
954 20
955 24
956 20
957 18
958 23
959 19
960 30
961 29
962 17
963 31
964 28
965 25
966 23
967 32
968 34
969 13
970 20
971 35
972 44
973 23
974 31
975 20
976 23
977 19
978 25
979 26
980 29
981 14
982 19
983 28
984 29
985 28
986 28
987 24
988 25
989 23
990 31
991 21
992 21
993 23
994 31
995 29
996 26
997 23
998 20
999 32
1000 23
1001 22
1002 28
1003 30
1004 31
1005 29
1006 27
1007 26
1008 16
1009 29
1010 23
1011 25
1012 30
1013 30
1014 23
1015 26
1016 26
1017 20
1018 20
1019 25
1020 31
1021 30
1022 29
1023 37
1024 22
1025 25
1026 20
1027 22
1028 20
1029 19
1030 26
1031 17
1032 20
1033 17
1034 25
1035 20
1036 27
1037 20
1038 47
1039 23
1040 17
1041 22
1042 23
1043 23
1044 19
1045 37
1046 23
1047 41
1048 25
1049 30
1050 29
1051 31
1052 27
1053 32
1054 25
1055 23
1056 23
1057 25
1058 40
1059 26
1060 30
1061 38
1062 20
1063 22
1064 20
1065 26
1066 23
1067 11
1068 24
1069 25
1070 29
1071 23
1072 25
1073 38
1074 33
1075 26
1076 23
1077 20
1078 29
1079 30
1080 23
1081 22
1082 20
1083 34
1084 31
1085 22
1086 20
1087 25
1088 25
1089 22
1090 20
1091 24
1092 32
1093 14
1094 25
1095 22
1096 26
1097 17
1098 25
1099 29
1100 22
1101 23
1102 29
1103 20
1104 34
1105 20
1106 30
1107 23
1108 26
1109 16
1110 19
1111 33
1112 20
1113 17
1114 25
1115 23
1116 34
1117 28
1118 26
1119 20
1120 31
1121 29
1122 34
1123 22
1124 21
1125 37
1126 17
1127 27
1128 26
1129 19
1130 32
1131 24
1132 11
1133 24
1134 25
1135 35
1136 21
1137 27
1138 26
1139 29
1140 29
1141 30
1142 28
1143 26
1144 26
1145 46
1146 36
1147 23
1148 29
1149 23
1150 28
1151 20
1152 29
1153 20
1154 32
1155 32
1156 26
1157 33
1158 32
1159 20
1160 17
1161 18
1162 23
1163 19
1164 23
1165 14
1166 28
1167 34
1168 29
1169 25
1170 28
1171 23
1172 23
1173 29
1174 28
1175 32
1176 28
1177 36
1178 25
1179 26
1180 17
1181 31
1182 29
1183 20
1184 25
1185 36
1186 61
1187 23
1188 17
1189 20
1190 28
1191 26
1192 20
1193 22
1194 33
1195 26
1196 26
1197 21
1198 30
1199 32
1200 22
1201 21
1202 24
1203 19
1204 25
1205 23
1206 27
1207 23
1208 28
1209 28
1210 26
1211 13
1212 27
1213 23
1214 28
1215 39
1216 20
1217 19
1218 26
1219 29
1220 41
1221 25
1222 20
1223 17
1224 31
1225 23
1226 18
1227 26
1228 28
1229 35
1230 17
1231 20
1232 22
1233 34
1234 15
1235 40
1236 17
1237 44
1238 30
1239 23
1240 25
1241 41
1242 60
1243 23
1244 26
1245 49
1246 30
1247 22
1248 20
1249 26
1250 37
1251 20
1252 31
1253 23
1254 39
1255 23
1256 40
1257 33
1258 29
1259 25
1260 34
1261 25
1262 23
1263 20
1264 26
1265 23
1266 40
1267 22
1268 32
1269 22
1270 26
1271 31
1272 44
1273 25
1274 38
1275 23
1276 26
1277 26
1278 23
1279 44
1280 26
1281 35
1282 20
1283 29
1284 30
1285 22
1286 17
1287 30
1288 24
1289 29
1290 36
1291 24
1292 40
1293 17
1294 35
1295 30
1296 22
1297 20
1298 17
1299 20
1300 28
1301 22
1302 25
1303 45
1304 32
1305 29
1306 29
1307 32
1308 31
1309 22
1310 23
1311 31
1312 28
1313 25
1314 30
1315 27
1316 20
1317 17
1318 14
1319 15
1320 24
1321 17
1322 25
1323 20
1324 26
1325 22
1326 30
1327 23
1328 33
1329 20
1330 32
1331 41
1332 31
1333 16
1334 20
1335 28
1336 40
1337 20
1338 16
1339 31
1340 23
1341 39
1342 30
1343 25
1344 24
1345 23
1346 35
1347 16
1348 26
1349 21
1350 19
1351 17
1352 25
1353 25
1354 20
1355 21
1356 35
1357 32
1358 26
1359 29
1360 14
1361 26
1362 17
1363 26
1364 18
1365 23
1366 33
1367 35
1368 51
1369 17
1370 22
1371 17
1372 22
1373 49
1374 17
1375 23
1376 22
1377 32
1378 33
1379 26
1380 23
1381 25
1382 29
1383 27
1384 26
1385 23
1386 28
1387 23
1388 24
1389 22
1390 20
1391 30
1392 29
1393 26
1394 35
1395 19
1396 26
1397 20
1398 31
1399 29
1400 23
1401 33
1402 23
1403 40
1404 19
1405 23
1406 26
1407 18
1408 28
1409 51
1410 41
1411 22
1412 19
1413 27
1414 25
1415 31
1416 31
1417 29
1418 16
1419 28
1420 31
1421 23
1422 32
1423 23
1424 17
1425 28
1426 26
1427 25
1428 53
1429 27
1430 20
1431 20
1432 16
1433 31
1434 36
1435 37
1436 31
1437 32
1438 20
1439 20
1440 28
1441 19
1442 20
1443 28
1444 29
1445 31
1446 27
1447 26
1448 20
1449 25
1450 29
1451 29
1452 22
1453 26
1454 20
1455 29
1456 17
1457 25
1458 27
1459 27
1460 17
1461 26
1462 21
1463 21
1464 22
1465 30
1466 33
1467 22
1468 26
1469 26
1470 30
1471 28
1472 25
1473 33
1474 29
1475 37
1476 22
1477 33
1478 27
1479 21
1480 23
1481 19
1482 20
1483 17
1484 17
1485 23
1486 24
1487 29
1488 28
1489 28
1490 23
1491 30
1492 33
1493 24
1494 29
1495 20
1496 23
1497 22
1498 22
1499 17
1500 26
1501 20
1502 32
1503 21
1504 24
1505 30
1506 38
1507 29
1508 18
1509 23
1510 20
1511 20
1512 28
1513 25
1514 39
1515 14
1516 31
1517 25
1518 50
1519 23
1520 29
1521 31
1522 28
1523 20
1524 20
1525 23
1526 20
1527 23
1528 29
1529 26
1530 26
1531 20
1532 31
1533 23
1534 23
1535 20
1536 31
1537 28
1538 23
1539 32
1540 40
1541 31
1542 20
1543 30
1544 34
1545 26
1546 29
1547 17
1548 13
1549 20
1550 25
1551 29
1552 17
1553 30
1554 26
1555 23
1556 24
1557 18
1558 23
1559 19
1560 26
1561 20
1562 53
1563 26
1564 33
1565 16
1566 18
1567 17
1568 24
1569 23
1570 57
1571 26
1572 31
1573 20
1574 48
1575 20
1576 20
1577 25
1578 20
1579 30
1580 53
1581 27
1582 26
1583 20
1584 29
1585 28
1586 26
1587 26
1588 20
1589 33
1590 20
1591 32
1592 35
1593 26
1594 23
1595 31
1596 22
1597 31
1598 28
1599 25
1600 33
1601 19
1602 26
1603 24
1604 21
1605 22
1606 36
1607 34
1608 27
1609 22
1610 39
1611 34
1612 19
1613 27
1614 24
1615 32
1616 32
1617 25
1618 46
1619 11
1620 33
1621 19
1622 19
1623 17
1624 26
1625 30
1626 28
1627 29
1628 41
1629 33
1630 33
1631 23
1632 22
1633 22
1634 29
1635 29
1636 22
1637 27
1638 21
1639 27
1640 22
1641 31
1642 16
1643 29
1644 36
1645 26
1646 20
1647 24
1648 25
1649 33
1650 31
1651 28
1652 31
1653 43
1654 30
1655 28
1656 28
1657 26
1658 29
1659 25
1660 31
1661 23
1662 28
1663 29
1664 28
1665 22
1666 17
1667 26
1668 29
1669 29
1670 24
1671 23
1672 20
1673 20
1674 26
1675 29
1676 25
1677 20
1678 26
1679 26
1680 29
1681 38
1682 33
1683 41
1684 26
1685 19
1686 24
1687 20
1688 33
1689 34
1690 31
1691 32
1692 24
1693 22
1694 22
1695 32
1696 16
1697 35
1698 26
1699 23
1700 25
1701 23
1702 29
1703 21
1704 28
1705 24
1706 25
1707 38
1708 25
1709 35
1710 25
1711 25
1712 22
1713 18
1714 17
1715 40
1716 23
1717 25
1718 20
1719 23
1720 14
1721 26
1722 25
1723 28
1724 24
1725 26
1726 24
1727 35
1728 26
1729 25
1730 32
1731 23
1732 17
1733 22
1734 26
1735 23
1736 29
1737 18
1738 33
1739 26
1740 23
1741 23
1742 29
1743 29
1744 23
1745 25
1746 20
1747 17
1748 17
1749 31
1750 14
1751 20
1752 26
1753 31
1754 24
1755 19
1756 35
1757 21
1758 39
1759 24
1760 25
1761 29
1762 39
1763 33
1764 26
1765 23
1766 25
1767 40
1768 30
1769 39
1770 26
1771 21
1772 47
1773 25
1774 22
1775 36
1776 32
1777 25
1778 44
1779 23
1780 31
1781 26
1782 50
1783 38
1784 22
1785 23
1786 24
1787 20
1788 33
1789 28
1790 20
1791 35
1792 27
1793 28
1794 25
1795 34
1796 20
1797 24
1798 23
1799 34
1800 29
1801 23
1802 22
1803 42
1804 21
1805 26
1806 29
1807 20
1808 27
1809 53
1810 37
1811 23
1812 17
1813 42
1814 20
1815 24
1816 32
1817 31
1818 31
1819 31
1820 22
1821 27
1822 26
1823 20
1824 25
1825 14
1826 40
1827 30
1828 33
1829 23
1830 36
1831 26
1832 23
1833 20
1834 17
1835 25
1836 36
1837 20
1838 23
1839 26
1840 26
1841 22
1842 23
1843 25
1844 28
1845 36
1846 28
1847 32
1848 35
1849 28
1850 26
1851 20
1852 44
1853 22
1854 26
1855 35
1856 25
1857 28
1858 25
1859 23
1860 25
1861 26
1862 23
1863 28
1864 29
1865 23
1866 29
1867 28
1868 25
1869 28
1870 28
1871 26
1872 24
1873 29
1874 20
1875 31
1876 29
1877 33
1878 26
1879 24
1880 31
1881 23
1882 30
1883 27
1884 35
1885 33
1886 20
1887 23
1888 29
1889 48
1890 44
1891 31
1892 23
1893 30
1894 32
1895 23
1896 17
1897 39
1898 23
1899 17
1900 29
1901 28
1902 19
1903 56
1904 33
1905 35
1906 25
1907 29
1908 24
1909 38
1910 47
1911 31
1912 29
1913 41
1914 23
1915 31
1916 32
1917 28
1918 30
1919 17
1920 31
1921 26
1922 25
1923 17
1924 32
1925 28
1926 38
1927 27
1928 25
1929 19
1930 11
1931 32
1932 19
1933 40
1934 20
1935 24
1936 29
1937 25
1938 21
1939 26
1940 28
1941 30
1942 27
1943 26
1944 36
1945 26
1946 22
1947 23
1948 24
1949 17
1950 31
1951 31
1952 23
1953 25
1954 37
1955 29
1956 21
1957 23
1958 29
1959 27
1960 35
1961 32
1962 26
1963 30
1964 25
1965 22
1966 22
1967 31
1968 23
1969 26
1970 23
1971 25
1972 22
1973 26
1974 24
1975 28
1976 19
1977 35
1978 21
1979 32
1980 24
1981 29
1982 22
1983 33
1984 25
1985 17
1986 42
1987 23
1988 26
1989 56
1990 30
1991 36
1992 22
1993 26
1994 32
1995 32
1996 17
1997 26
1998 20
1999 25
2000 34
2001 23
2002 28
2003 28
2004 26
2005 15
2006 31
2007 32
2008 22
2009 24
2010 22
2011 35
2012 20
2013 17
2014 23
2015 26
2016 30
2017 32
2018 22
2019 29
2020 20
2021 25
2022 35
2023 16
2024 38
2025 34
2026 20
2027 28
2028 30
2029 40
2030 37
2031 38
2032 34
2033 38
2034 21
2035 37
2036 25
2037 25
2038 32
2039 38
2040 25
2041 25
2042 34
2043 37
2044 35
2045 25
2046 23
2047 19
2048 17
2049 30
2050 29
2051 27
2052 33
2053 37
2054 30
2055 26
2056 39
2057 23
2058 26
2059 22
2060 35
2061 29
2062 31
2063 38
2064 31
2065 27
2066 28
2067 42
2068 38
2069 26
2070 33
2071 29
2072 29
2073 27
2074 32
2075 16
2076 30
2077 27
2078 29
2079 18
2080 26
2081 22
2082 33
2083 25
2084 29
2085 26
2086 22
2087 14
2088 40
2089 32
2090 26
2091 38
2092 27
2093 26
2094 20
2095 17
2096 32
2097 28
2098 23
2099 28
2100 17
2101 35
2102 31
2103 37
2104 25
2105 30
2106 29
2107 27
2108 23
2109 26
2110 24
2111 28
2112 26
2113 26
2114 23
2115 19
2116 37
2117 27
2118 31
2119 20
2120 23
2121 28
2122 25
2123 37
2124 23
2125 26
2126 26
2127 29
2128 14
2129 25
2130 32
2131 26
2132 29
2133 26
2134 25
2135 14
2136 19
2137 32
2138 25
2139 32
2140 30
2141 39
2142 23
2143 26
2144 32
2145 25
2146 23
2147 25
2148 23
2149 32
2150 25
2151 32
2152 26
2153 33
2154 34
2155 21
2156 27
2157 30
2158 27
2159 19
2160 35
2161 25
2162 38
2163 26
2164 37
2165 29
2166 22
2167 34
2168 25
2169 31
2170 49
2171 44
2172 26
2173 25
2174 23
2175 23
2176 26
2177 23
2178 29
2179 30
2180 25
2181 36
2182 31
2183 35
2184 32
2185 23
2186 55
2187 23
2188 30
2189 31
2190 23
2191 34
2192 43
2193 29
2194 37
2195 120
2196 44
2197 42
2198 42
2199 27
2200 29
2201 35
2202 23
2203 20
2204 23
2205 28
2206 22
2207 42
2208 22
2209 29
2210 24
2211 39
2212 17
2213 29
2214 32
2215 58
2216 33
2217 17
2218 29
2219 28
2220 28
2221 23
2222 28
2223 22
2224 48
2225 29
2226 52
2227 26
2228 22
2229 37
2230 18
2231 35
2232 25
2233 17
2234 25
2235 31
2236 55
2237 38
2238 45
2239 44
2240 44
2241 32
2242 30
2243 17
2244 27
2245 31
2246 33
2247 32
2248 33
2249 39
2250 49
2251 32
2252 25
2253 26
2254 34
2255 24
2256 29
2257 43
2258 33
2259 34
2260 41
2261 33
2262 37
2263 77
2264 47
2265 39
2266 26
2267 37
2268 24
2269 33
2270 22
2271 33
2272 29
2273 18
2274 28
2275 28
2276 46
2277 23
2278 40
2279 30
2280 20
2281 38
2282 29
2283 17
2284 27
2285 60
2286 25
2287 31
2288 31
2289 32
2290 33
2291 33
2292 40
2293 39
2294 27
2295 25
2296 31
2297 26
2298 22
2299 15
2300 32
2301 35
2302 23
2303 27
2304 26
2305 23
2306 26
2307 40
2308 27
2309 26
2310 30
2311 32
2312 17
2313 26
2314 22
2315 34
2316 22
2317 28
2318 22
2319 26
2320 32
2321 22
2322 26
2323 30
2324 33
2325 26
2326 23
2327 31
2328 33
2329 32
2330 37
2331 30
2332 43
2333 23
2334 31
2335 40
2336 31
2337 31
2338 20
2339 26
2340 35
2341 32
2342 33
2343 28
2344 28
2345 29
2346 28
2347 32
2348 17
2349 22
2350 38
2351 30
2352 39
2353 27
2354 28
2355 23
2356 26
2357 74
2358 17
2359 26
2360 26
2361 29
2362 28
2363 23
2364 29
2365 21
2366 19
2367 30
2368 26
2369 26
2370 35
2371 26
2372 34
2373 24
2374 20
2375 19
2376 25
2377 27
2378 30
2379 38
2380 26
2381 14
2382 20
2383 26
2384 23
2385 25
2386 35
2387 50
2388 38
2389 31
2390 34
2391 30
2392 23
2393 32
2394 31
2395 39
2396 26
2397 28
2398 24
2399 28
2400 35
2401 30
2402 35
2403 24
2404 29
2405 28
2406 37
2407 19
2408 24
2409 26
2410 28
2411 26
2412 23
2413 29
2414 25
2415 30
2416 31
2417 25
2418 19
2419 24
2420 28
2421 23
2422 33
2423 29
2424 17
2425 23
2426 35
2427 24
2428 40
2429 29
2430 32
2431 30
2432 40
2433 29
2434 32
2435 39
2436 28
2437 29
2438 23
2439 24
2440 32
2441 18
2442 36
2443 17
2444 26
2445 42
2446 35
2447 33
2448 23
2449 23
2450 24
2451 30
2452 28
2453 28
2454 22
2455 29
2456 31
2457 26
2458 26
2459 29
2460 31
2461 37
2462 31
2463 40
2464 23
2465 28
2466 26
2467 41
2468 31
2469 23
2470 32
2471 27
2472 41
2473 29
2474 17
2475 29
2476 34
2477 27
2478 24
2479 23
2480 31
2481 23
2482 27
2483 22
2484 29
2485 29
2486 23
2487 26
2488 29
2489 29
2490 22
2491 30
2492 37
2493 31
2494 23
2495 30
2496 24
2497 33
2498 30
2499 30
2500 34
2501 29
2502 18
2503 36
2504 30
2505 20
2506 23
2507 23
2508 28
2509 26
2510 30
2511 20
2512 22
2513 22
2514 23
2515 31
2516 31
2517 30
2518 35
2519 23
2520 23
2521 28
2522 23
2523 31
2524 25
2525 26
2526 49
2527 17
2528 22
2529 25
2530 37
2531 11
2532 28
2533 37
2534 23
2535 24
2536 44
2537 20
2538 20
2539 30
2540 30
2541 29
2542 28
2543 30
2544 30
2545 27
2546 23
2547 37
2548 35
2549 20
2550 67
2551 69
2552 41
2553 23
2554 19
2555 29
2556 23
2557 55
2558 26
2559 32
2560 24
2561 48
2562 29
2563 76
2564 32
2565 39
2566 41
2567 38
2568 77
2569 23
2570 55
2571 55
2572 34
2573 40
2574 34
2575 33
2576 30
2577 34
2578 29
2579 31
2580 33
2581 28
2582 27
2583 36
2584 28
2585 45
2586 22
2587 35
2588 23
2589 24
2590 41
2591 25
2592 26
2593 29
2594 31
2595 33
2596 26
2597 26
2598 32
2599 23
2600 33
2601 29
2602 17
2603 27
2604 27
2605 22
2606 32
2607 26
2608 23
2609 49
2610 34
2611 19
2612 23
2613 37
2614 31
2615 29
2616 28
2617 38
2618 33
2619 32
2620 34
2621 33
2622 26
2623 14
2624 45
2625 34
2626 23
2627 25
2628 23
2629 20
2630 35
2631 29
2632 34
2633 22
2634 25
2635 28
2636 24
2637 35
2638 35
2639 28
2640 22
2641 28
2642 37
2643 41
2644 23
2645 34
2646 25
2647 30
2648 16
2649 25
2650 29
2651 29
2652 24
2653 26
2654 31
2655 27
2656 35
2657 26
2658 36
2659 31
2660 26
2661 32
2662 41
2663 30
2664 25
2665 25
2666 40
2667 36
2668 22
2669 22
2670 23
2671 23
2672 26
2673 39
2674 27
2675 38
2676 41
2677 22
2678 26
2679 42
2680 32
2681 26
2682 23
2683 20
2684 32
2685 22
2686 28
2687 32
2688 23
2689 26
2690 30
2691 25
2692 26
2693 17
2694 23
2695 25
2696 28
2697 23
2698 27
2699 26
2700 39
2701 25
2702 23
2703 28
2704 33
2705 23
2706 17
2707 30
2708 28
2709 22
2710 21
2711 33
2712 23
2713 29
2714 32
2715 32
2716 23
2717 29
2718 32
2719 48
2720 24
2721 26
2722 34
2723 45
2724 19
2725 46
2726 28
2727 32
2728 19
2729 20
2730 41
2731 33
2732 32
2733 26
2734 22
2735 46
2736 23
2737 35
2738 22
2739 32
2740 53
2741 31
2742 39
2743 20
2744 36
2745 33
2746 20
2747 17
2748 29
2749 33
2750 23
2751 26
2752 32
2753 24
2754 25
2755 28
2756 25
2757 29
2758 36
2759 26
2760 29
2761 26
2762 45
2763 30
2764 79
2765 20
2766 16
2767 37
2768 17
2769 27
2770 29
2771 37
2772 19
2773 31
2774 28
2775 46
2776 30
2777 28
2778 29
2779 23
2780 25
2781 28
2782 33
2783 29
2784 29
2785 39
2786 17
2787 32
2788 60
2789 23
2790 23
2791 34
2792 35
2793 32
2794 25
2795 32
2796 44
2797 31
2798 20
2799 20
2800 26
2801 23
2802 52
2803 31
2804 56
2805 25
2806 52
2807 43
2808 17
2809 23
2810 31
2811 26
2812 29
2813 25
2814 30
2815 44
2816 36
2817 37
2818 35
2819 59
2820 34
2821 36
2822 33
2823 46
2824 36
2825 34
2826 28
2827 21
2828 23
2829 28
2830 27
2831 23
2832 20
2833 29
2834 23
2835 26
2836 22
2837 42
2838 28
2839 29
2840 27
2841 29
2842 25
2843 29
2844 33
2845 36
2846 25
2847 34
2848 31
2849 53
2850 42
2851 24
2852 18
2853 26
2854 26
2855 30
2856 34
2857 29
2858 25
2859 26
2860 31
2861 31
2862 28
2863 29
2864 29
2865 30
2866 28
2867 32
2868 26
2869 28
2870 28
2871 19
2872 23
2873 20
2874 23
2875 16
2876 28
2877 32
2878 41
2879 22
2880 38
2881 23
2882 22
2883 37
2884 30
2885 24
2886 34
2887 30
2888 41
2889 32
2890 20
2891 17
2892 32
2893 39
2894 28
2895 28
2896 28
2897 35
2898 27
2899 28
2900 37
2901 34
2902 42
2903 28
2904 31
2905 56
2906 39
2907 36
2908 35
2909 23
2910 17
2911 22
2912 25
2913 27
2914 25
2915 35
2916 22
2917 19
2918 33
2919 39
2920 28
2921 25
2922 28
2923 32
2924 28
2925 25
2926 33
2927 28
2928 37
2929 35
2930 26
2931 27
2932 32
2933 36
2934 23
2935 20
2936 31
2937 28
2938 33
2939 25
2940 31
2941 23
2942 34
2943 22
2944 28
2945 36
2946 34
2947 42
2948 25
2949 25
2950 33
2951 26
2952 25
2953 25
2954 23
2955 40
2956 36
2957 26
2958 31
2959 30
2960 25
2961 26
2962 31
2963 59
2964 30
2965 33
2966 27
2967 41
2968 36
2969 29
2970 34
2971 44
2972 52
2973 39
2974 30
2975 11
2976 21
2977 29
2978 25
2979 24
2980 39
2981 40
2982 35
2983 37
2984 23
2985 49
2986 20
2987 32
2988 32
2989 26
2990 33
2991 35
2992 17
2993 26
2994 27
2995 27
2996 25
2997 25
2998 41
2999 37
3000 32
3001 35
3002 33
3003 23
3004 46
3005 26
3006 32
3007 32
3008 25
3009 26
3010 32
3011 23
3012 20
3013 28
3014 29
3015 16
3016 34
3017 28
3018 33
3019 19
3020 30
3021 26
3022 32
3023 30
3024 29
3025 25
3026 29
3027 30
3028 32
3029 28
3030 31
3031 69
3032 19
3033 22
3034 30
3035 30
3036 22
3037 25
3038 23
3039 19
3040 38
3041 42
3042 26
3043 31
3044 34
3045 25
3046 29
3047 26
3048 59
3049 35
3050 36
3051 22
3052 34
3053 29
3054 31
3055 31
3056 30
3057 29
3058 23
3059 19
3060 34
3061 23
3062 31
3063 20
3064 24
3065 27
3066 36
3067 32
3068 23
3069 25
3070 29
3071 25
3072 20
3073 41
3074 26
3075 46
3076 37
3077 34
3078 31
3079 25
3080 29
3081 29
3082 29
3083 26
3084 35
3085 26
3086 28
3087 32
3088 26
3089 25
3090 22
3091 28
3092 34
3093 32
3094 20
3095 29
3096 45
3097 30
3098 28
3099 22
3100 46
3101 32
3102 65
3103 48
3104 80
3105 49
3106 39
3107 50
3108 32
3109 42
3110 33
3111 29
3112 30
3113 26
3114 34
3115 31
3116 31
3117 13
3118 42
3119 30
3120 32
3121 24
3122 23
3123 29
3124 28
3125 29
3126 8
3127 33
3128 23
3129 26
3130 25
3131 35
3132 26
3133 40
3134 25
3135 35
3136 35
3137 30
3138 32
3139 20
3140 27
3141 48
3142 34
3143 29
3144 31
3145 29
3146 36
3147 13
3148 15
3149 44
3150 27
3151 31
3152 28
3153 28
3154 21
3155 25
3156 30
3157 20
3158 36
3159 32
3160 48
3161 23
3162 25
3163 23
3164 28
3165 29
3166 42
3167 22
3168 32
3169 30
3170 26
3171 20
3172 19
3173 20
3174 29
3175 27
3176 26
3177 29
3178 33
3179 20
3180 37
3181 23
3182 29
3183 28
3184 26
3185 28
3186 39
3187 30
3188 26
3189 23
3190 36
3191 26
3192 29
3193 33
3194 29
3195 33
3196 35
3197 30
3198 21
3199 34
3200 22
3201 32
3202 21
3203 16
3204 31
3205 20
3206 24
3207 22
3208 26
3209 29
3210 35
3211 22
3212 28
3213 23
3214 33
3215 25
3216 22
3217 40
3218 32
3219 23
3220 35
3221 30
3222 28
3223 38
3224 32
3225 29
3226 36
3227 24
3228 15
3229 37
3230 30
3231 34
3232 25
3233 40
3234 31
3235 32
3236 29
3237 24
3238 22
3239 23
3240 32
3241 31
3242 26
3243 27
3244 32
3245 33
3246 27
3247 25
3248 48
3249 29
3250 20
3251 38
3252 26
3253 32
3254 22
3255 23
3256 26
3257 29
3258 17
3259 27
3260 29
3261 34
3262 26
3263 25
3264 27
3265 21
3266 35
3267 29
3268 35
3269 39
3270 35
3271 14
3272 40
3273 29
3274 23
3275 36
3276 27
3277 23
3278 21
3279 29
3280 39
3281 32
3282 31
3283 23
3284 38
3285 24
3286 31
3287 44
3288 33
3289 29
3290 16
3291 27
3292 22
3293 31
3294 23
3295 27
3296 25
3297 26
3298 18
3299 35
3300 43
3301 49
3302 22
3303 33
3304 28
3305 19
3306 38
3307 20
3308 32
3309 25
3310 49
3311 41
3312 32
3313 28
3314 23
3315 23
3316 29
3317 28
3318 29
3319 28
3320 23
3321 28
3322 26
3323 24
3324 25
3325 23
3326 23
3327 30
3328 26
3329 64
3330 27
3331 21
3332 45
3333 43
3334 32
3335 25
3336 25
3337 30
3338 17
3339 41
3340 35
3341 31
3342 34
3343 36
3344 29
3345 37
3346 22
3347 33
3348 52
3349 31
3350 35
3351 26
3352 44
3353 25
3354 35
3355 27
3356 28
3357 25
3358 28
3359 40
3360 35
3361 33
3362 28
3363 23
3364 24
3365 43
3366 32
3367 27
3368 34
3369 30
3370 35
3371 29
3372 36
3373 26
3374 36
3375 29
3376 30
3377 33
3378 25
3379 19
3380 51
3381 36
3382 23
3383 56
3384 66
3385 50
3386 26
3387 31
3388 30
3389 35
3390 46
3391 34
3392 49
3393 30
3394 68
3395 21
3396 53
3397 35
3398 36
3399 28
3400 37
3401 35
3402 24
3403 43
3404 20
3405 38
3406 32
3407 24
3408 19
3409 32
3410 36
3411 26
3412 22
3413 32
3414 28
3415 33
3416 33
3417 33
3418 36
3419 30
3420 27
3421 42
3422 20
3423 22
3424 25
3425 34
3426 31
3427 35
3428 20
3429 29
3430 31
3431 38
3432 23
3433 37
3434 33
3435 29
3436 39
3437 35
3438 25
3439 25
3440 20
3441 50
3442 32
3443 24
3444 26
3445 28
3446 33
3447 36
3448 31
3449 30
3450 25
3451 32
3452 31
3453 25
3454 28
3455 33
3456 29
3457 28
3458 40
3459 19
3460 17
3461 31
3462 29
3463 30
3464 39
3465 32
3466 43
3467 19
3468 23
3469 30
3470 36
3471 29
3472 23
3473 25
3474 17
3475 31
3476 25
3477 28
3478 25
3479 26
3480 26
3481 33
3482 31
3483 29
3484 32
3485 44
3486 29
3487 21
3488 35
3489 29
3490 25
3491 34
3492 26
3493 38
3494 30
3495 28
3496 36
3497 33
3498 38
3499 35
3500 40
3501 28
3502 25
3503 49
3504 23
3505 45
3506 44
3507 31
3508 33
3509 25
3510 29
3511 24
3512 35
3513 20
3514 54
3515 27
3516 38
3517 33
3518 34
3519 29
3520 38
3521 32
3522 43
3523 29
3524 32
3525 29
3526 29
3527 26
3528 31
3529 42
3530 38
3531 25
3532 28
3533 28
3534 37
3535 30
3536 28
3537 34
3538 38
3539 52
3540 43
3541 25
3542 26
3543 41
3544 46
3545 35
3546 26
3547 26
3548 26
3549 30
3550 27
3551 34
3552 30
3553 25
3554 23
3555 29
3556 24
3557 24
3558 15
3559 33
3560 23
3561 27
3562 24
3563 32
3564 37
3565 27
3566 28
3567 31
3568 17
3569 46
3570 35
3571 27
3572 24
3573 44
3574 34
3575 32
3576 14
3577 38
3578 48
3579 34
3580 24
3581 34
3582 30
3583 27
3584 22
3585 24
3586 34
3587 21
3588 30
3589 29
3590 20
3591 34
3592 30
3593 26
3594 30
3595 30
3596 20
3597 26
3598 33
3599 27
3600 34
3601 28
3602 28
3603 30
3604 34
3605 35
3606 38
3607 22
3608 27
3609 28
3610 30
3611 29
3612 25
3613 28
3614 26
3615 31
3616 29
3617 30
3618 27
3619 26
3620 24
3621 24
3622 36
3623 33
3624 30
3625 40
3626 23
3627 33
3628 39
3629 20
3630 17
3631 27
3632 25
3633 21
3634 26
3635 28
3636 23
3637 20
3638 34
3639 35
3640 18
3641 22
3642 40
3643 37
3644 34
3645 25
3646 28
3647 22
3648 40
3649 30
3650 21
3651 25
3652 20
3653 34
3654 29
3655 37
3656 17
3657 20
3658 25
3659 23
3660 44
3661 25
3662 25
3663 27
3664 31
3665 22
3666 28
3667 49
3668 27
3669 27
3670 29
3671 35
3672 26
3673 19
3674 26
3675 36
3676 31
3677 39
3678 56
3679 20
3680 28
3681 27
3682 26
3683 17
3684 54
3685 31
3686 23
3687 30
3688 26
3689 25
3690 34
3691 29
3692 28
3693 32
3694 34
3695 25
3696 20
3697 20
3698 30
3699 38
3700 29
3701 22
3702 29
3703 28
3704 30
3705 22
3706 31
3707 29
3708 23
3709 29
3710 33
3711 48
3712 32
3713 29
3714 26
3715 32
3716 31
3717 31
3718 26
3719 26
3720 26
3721 34
3722 24
3723 40
3724 32
3725 30
3726 20
3727 26
3728 32
3729 29
3730 37
3731 23
3732 30
3733 31
3734 26
3735 25
3736 36
3737 26
3738 34
3739 34
3740 36
3741 37
3742 46
3743 21
3744 29
3745 47
3746 34
3747 32
3748 30
3749 28
3750 31
3751 20
3752 29
3753 35
3754 40
3755 38
3756 20
3757 34
3758 27
3759 78
3760 19
3761 22
3762 27
3763 29
3764 28
3765 28
3766 41
3767 36
3768 29
3769 24
3770 31
3771 26
3772 17
3773 31
3774 27
3775 30
3776 33
3777 28
3778 28
3779 41
3780 28
3781 24
3782 35
3783 28
3784 27
3785 28
3786 26
3787 33
3788 33
3789 34
3790 27
3791 23
3792 22
3793 22
3794 23
3795 26
3796 20
3797 30
3798 31
3799 30
3800 53
3801 30
3802 30
3803 31
3804 43
3805 40
3806 27
3807 46
3808 48
3809 19
3810 21
3811 22
3812 30
3813 23
3814 40
3815 29
3816 30
3817 26
3818 23
3819 25
3820 43
3821 29
3822 36
3823 32
3824 24
3825 31
3826 30
3827 22
3828 40
3829 26
3830 20
3831 25
3832 22
3833 26
3834 14
3835 26
3836 35
3837 31
3838 40
3839 26
3840 23
3841 25
3842 34
3843 20
3844 26
3845 32
3846 30
3847 25
3848 28
3849 28
3850 28
3851 42
3852 31
3853 25
3854 78
3855 35
3856 45
3857 52
3858 30
3859 35
3860 27
3861 27
3862 18
3863 28
3864 27
3865 25
3866 28
3867 38
3868 30
3869 42
3870 34
3871 21
3872 34
3873 34
3874 33
3875 30
3876 22
3877 33
3878 56
3879 37
3880 44
3881 30
3882 26
3883 26
3884 31
3885 32
3886 35
3887 26
3888 28
3889 39
3890 35
3891 20
3892 25
3893 36
3894 32
3895 38
3896 34
3897 17
3898 30
3899 27
3900 34
3901 30
3902 28
3903 22
3904 31
3905 26
3906 28
3907 25
3908 22
3909 40
3910 33
3911 31
3912 40
3913 34
3914 38
3915 22
3916 36
3917 42
3918 26
3919 48
3920 27
3921 16
3922 19
3923 22
3924 26
3925 25
3926 28
3927 20
3928 30
3929 20
3930 24
3931 24
3932 35
3933 35
3934 34
3935 24
3936 28
3937 22
3938 26
3939 28
3940 21
3941 29
3942 25
3943 31
3944 23
3945 26
3946 32
3947 27
3948 22
3949 23
3950 36
3951 41
3952 37
3953 33
3954 33
3955 32
3956 31
3957 31
3958 41
3959 24
3960 34
3961 29
3962 34
3963 30
3964 34
3965 43
3966 26
3967 22
3968 27
3969 44
3970 45
3971 33
3972 20
3973 17
3974 14
3975 39
3976 34
3977 29
3978 29
3979 20
3980 37
3981 27
3982 36
3983 29
3984 31
3985 28
3986 20
3987 26
3988 22
3989 20
3990 24
3991 25
3992 35
3993 23
3994 34
3995 29
3996 17
3997 33
3998 49
3999 20
4000 26
4001 26
4002 25
4003 30
4004 31
4005 23
4006 29
4007 27
4008 36
4009 25
4010 31
4011 41
4012 29
4013 20
4014 19
4015 31
4016 30
4017 29
4018 17
4019 23
4020 31
4021 22
4022 28
4023 28
4024 39
4025 28
4026 23
4027 17
4028 33
4029 44
4030 36
4031 35
4032 39
4033 37
4034 29
4035 38
4036 26
4037 35
4038 38
4039 46
4040 30
4041 35
4042 35
4043 49
4044 32
4045 47
4046 24
4047 65
4048 44
4049 35
4050 35
4051 27
4052 23
4053 23
4054 23
4055 33
4056 25
4057 29
4058 30
4059 35
4060 36
4061 22
4062 28
4063 28
4064 26
4065 36
4066 63
4067 44
4068 22
4069 33
4070 47
4071 29
4072 14
4073 27
4074 42
4075 24
4076 25
4077 45
4078 46
4079 27
4080 27
4081 24
4082 30
4083 32
4084 41
4085 29
4086 30
4087 40
4088 29
4089 26
4090 33
4091 17
4092 26
4093 25
4094 23
4095 29
4096 36
4097 63
4098 34
4099 29
4100 38
4101 27
4102 26
4103 32
4104 14
4105 29
4106 25
4107 40
4108 28
4109 33
4110 29
4111 52
4112 49
4113 46
4114 42
4115 24
4116 55
4117 27
4118 32
4119 36
4120 34
4121 35
4122 23
4123 23
4124 35
4125 17
4126 43
4127 22
4128 27
4129 32
4130 34
4131 31
4132 19
4133 40
4134 32
4135 27
4136 29
4137 26
4138 24
4139 44
4140 26
4141 32
4142 31
4143 41
4144 28
4145 32
4146 42
4147 14
4148 29
4149 22
4150 32
4151 28
4152 26
4153 30
4154 19
4155 29
4156 37
4157 27
4158 29
4159 22
4160 25
4161 26
4162 28
4163 33
4164 27
4165 41
4166 34
4167 36
4168 45
4169 26
4170 79
4171 23
4172 38
4173 32
4174 31
4175 59
4176 28
4177 48
4178 44
4179 41
4180 35
4181 29
4182 50
4183 34
4184 33
4185 31
4186 27
4187 29
4188 33
4189 26
4190 29
4191 33
4192 50
4193 42
4194 32
4195 33
4196 31
4197 35
4198 34
4199 23
4200 49
4201 32
4202 34
4203 44
4204 32
4205 31
4206 31
4207 35
4208 29
4209 48
4210 29
4211 31
4212 29
4213 25
4214 28
4215 32
4216 28
4217 26
4218 22
4219 27
4220 33
4221 36
4222 64
4223 37
4224 28
4225 27
4226 36
4227 22
4228 28
4229 30
4230 32
4231 28
4232 31
4233 30
4234 14
4235 16
4236 40
4237 29
4238 31
4239 23
4240 17
4241 29
4242 20
4243 28
4244 36
4245 38
4246 28
4247 34
4248 34
4249 34
4250 30
4251 52
4252 33
4253 40
4254 28
4255 29
4256 36
4257 29
4258 38
4259 29
4260 32
4261 28
4262 23
4263 39
4264 28
4265 24
4266 23
4267 35
4268 36
4269 33
4270 24
4271 32
4272 38
4273 20
4274 26
4275 28
4276 24
4277 23
4278 20
4279 63
4280 32
4281 33
4282 49
4283 28
4284 30
4285 31
4286 31
4287 26
4288 20
4289 29
4290 19
4291 24
4292 28
4293 20
4294 29
4295 32
4296 17
4297 32
4298 26
4299 27
4300 40
4301 28
4302 41
4303 27
4304 29
4305 22
4306 27
4307 24
4308 23
4309 25
4310 20
4311 21
4312 23
4313 30
4314 33
4315 37
4316 34
4317 32
4318 34
4319 38
4320 31
4321 27
4322 40
4323 39
4324 35
4325 24
4326 29
4327 27
4328 34
4329 30
4330 32
4331 26
4332 44
4333 56
4334 30
4335 29
4336 35
4337 19
4338 32
4339 19
4340 34
4341 21
4342 26
4343 35
4344 34
4345 14
4346 14
4347 30
4348 28
4349 28
4350 28
4351 34
4352 24
4353 39
4354 25
4355 28
4356 50
4357 25
4358 27
4359 24
4360 35
4361 29
4362 30
4363 46
4364 20
4365 29
4366 28
4367 37
4368 14
4369 20
4370 24
4371 26
4372 22
4373 33
4374 30
4375 23
4376 28
4377 24
4378 32
4379 17
4380 23
4381 26
4382 27
4383 37
4384 25
4385 27
4386 26
4387 43
4388 31
4389 50
4390 27
4391 26
4392 23
4393 23
4394 50
4395 35
4396 25
4397 42
4398 43
4399 31
4400 25
4401 22
4402 29
4403 23
4404 17
4405 25
4406 31
4407 33
4408 27
4409 26
4410 35
4411 20
4412 22
4413 33
4414 45
4415 48
4416 28
4417 23
4418 26
4419 23
4420 23
4421 30
4422 36
4423 28
4424 23
4425 28
4426 28
4427 28
4428 29
4429 35
4430 30
4431 26
4432 35
4433 38
4434 20
4435 28
4436 23
4437 30
4438 38
4439 37
4440 50
4441 30
4442 31
4443 30
4444 22
4445 28
4446 44
4447 31
4448 35
4449 26
4450 37
4451 43
4452 24
4453 41
4454 38
4455 30
4456 19
4457 30
4458 41
4459 33
4460 23
4461 31
4462 34
4463 23
4464 33
4465 21
4466 26
4467 35
4468 39
4469 30
4470 31
4471 30
4472 52
4473 37
4474 24
4475 32
4476 36
4477 37
4478 30
4479 28
4480 24
4481 31
4482 36
4483 26
4484 30
4485 20
4486 27
4487 42
4488 27
4489 29
4490 29
4491 29
4492 23
4493 36
4494 26
4495 16
4496 31
4497 37
4498 32
4499 39
4500 31
4501 33
4502 40
4503 23
4504 23
4505 57
4506 42
4507 23
4508 29
4509 23
4510 33
4511 32
4512 25
4513 35
4514 35
4515 28
4516 28
4517 36
4518 55
4519 31
4520 26
4521 41
4522 36
4523 36
4524 25
4525 27
4526 25
4527 26
4528 24
4529 23
4530 37
4531 28
4532 26
4533 24
4534 35
4535 33
4536 23
4537 36
4538 32
4539 19
4540 41
4541 28
4542 24
4543 26
4544 38
4545 33
4546 30
4547 49
4548 44
4549 34
4550 25
4551 35
4552 19
4553 26
4554 29
4555 33
4556 34
4557 29
4558 28
4559 23
4560 48
4561 24
4562 30
4563 32
4564 24
4565 31
4566 30
4567 32
4568 26
4569 29
4570 25
4571 28
4572 29
4573 28
4574 29
4575 32
4576 29
4577 30
4578 20
4579 31
4580 29
4581 26
4582 26
4583 76
4584 19
4585 25
4586 34
4587 23
4588 16
4589 34
4590 28
4591 40
4592 31
4593 30
4594 36
4595 33
4596 27
4597 14
4598 37
4599 53
4600 33
4601 41
4602 54
4603 28
4604 30
4605 35
4606 32
4607 42
4608 31
4609 35
4610 17
4611 32
4612 26
4613 35
4614 24
4615 25
4616 28
4617 26
4618 22
4619 33
4620 32
4621 27
4622 28
4623 20
4624 30
4625 23
4626 29
4627 45
4628 25
4629 22
4630 32
4631 36
4632 28
4633 22
4634 29
4635 22
4636 29
4637 26
4638 33
4639 21
4640 39
4641 34
4642 30
4643 23
4644 37
4645 30
4646 28
4647 39
4648 24
4649 30
4650 29
4651 33
4652 28
4653 39
4654 33
4655 29
4656 29
4657 35
4658 24
4659 31
4660 33
4661 24
4662 26
4663 30
4664 38
4665 40
4666 43
4667 17
4668 29
4669 20
4670 27
4671 25
4672 22
4673 29
4674 21
4675 32
4676 19
4677 30
4678 38
4679 17
4680 37
4681 29
4682 29
4683 28
4684 29
4685 25
4686 32
4687 28
4688 29
4689 23
4690 31
4691 28
4692 17
4693 29
4694 36
4695 20
4696 32
4697 31
4698 38
4699 31
4700 31
4701 32
4702 56
4703 17
4704 31
4705 25
4706 33
4707 23
4708 40
4709 38
4710 23
4711 28
4712 23
4713 23
4714 42
4715 29
4716 31
4717 28
4718 25
4719 19
4720 33
4721 25
4722 25
4723 35
4724 25
4725 23
4726 31
4727 33
4728 26
4729 27
4730 26
4731 18
4732 34
4733 32
4734 19
4735 34
4736 16
4737 29
4738 45
4739 26
4740 21
4741 28
4742 38
4743 17
4744 22
4745 20
4746 29
4747 25
4748 27
4749 34
4750 38
4751 36
4752 41
4753 39
4754 44
4755 19
4756 28
4757 27
4758 19
4759 30
4760 27
4761 42
4762 41
4763 14
4764 17
4765 32
4766 26
4767 26
4768 43
4769 33
4770 20
4771 39
4772 35
4773 21
4774 26
4775 25
4776 34
4777 34
4778 31
4779 32
4780 40
4781 22
4782 25
4783 19
4784 40
4785 25
4786 31
4787 38
4788 36
4789 28
4790 24
4791 24
4792 41
4793 33
4794 29
4795 27
4796 32
4797 28
4798 39
4799 28
4800 20
4801 36
4802 29
4803 31
4804 28
4805 37
4806 36
4807 36
4808 34
4809 25
4810 28
4811 33
4812 40
4813 32
4814 29
4815 52
4816 38
4817 30
4818 27
4819 42
4820 31
4821 35
4822 29
4823 18
4824 31
4825 30
4826 44
4827 33
4828 50
4829 29
4830 35
4831 26
4832 26
4833 47
4834 28
4835 30
4836 26
4837 37
4838 39
4839 36
4840 43
4841 27
4842 32
4843 34
4844 57
4845 39
4846 26
4847 41
4848 35
4849 43
4850 32
4851 33
4852 31
4853 43
4854 34
4855 31
4856 39
4857 34
4858 38
4859 28
4860 32
4861 33
4862 33
4863 32
4864 31
4865 25
4866 28
4867 31
4868 26
4869 32
4870 39
4871 16
4872 34
4873 33
4874 26
4875 37
4876 42
4877 31
4878 29
4879 24
4880 40
4881 32
4882 30
4883 17
4884 27
4885 26
4886 23
4887 20
4888 24
4889 30
4890 26
4891 26
4892 42
4893 28
4894 34
4895 20
4896 29
4897 32
4898 35
4899 21
4900 29
4901 32
4902 54
4903 31
4904 32
4905 22
4906 41
4907 34
4908 26
4909 36
4910 39
4911 32
4912 42
4913 29
4914 24
4915 28
4916 28
4917 35
4918 32
4919 29
4920 35
4921 34
4922 51
4923 34
4924 31
4925 25
4926 26
4927 30
4928 41
4929 33
4930 33
4931 29
4932 25
4933 21
4934 26
4935 38
4936 23
4937 36
4938 27
4939 17
4940 29
4941 26
4942 24
4943 26
4944 26
4945 32
4946 29
4947 20
4948 35
4949 40
4950 44
4951 22
4952 40
4953 42
4954 43
4955 48
4956 32
4957 25
4958 27
4959 43
4960 31
4961 38
4962 23
4963 25
4964 41
4965 33
4966 16
4967 43
4968 30
4969 33
4970 35
4971 30
4972 31
4973 27
4974 36
4975 49
4976 22
4977 40
4978 28
4979 28
4980 34
4981 25
4982 31
4983 33
4984 37
4985 23
4986 29
4987 32
4988 31
4989 32
4990 26
4991 23
4992 31
4993 28
4994 22
4995 42
4996 27
4997 31
4998 30
4999 27
5000 43
5001 27
5002 31
5003 20
5004 31
5005 33
5006 25
5007 35
5008 32
5009 27
5010 29
5011 33
5012 37
5013 29
5014 30
5015 23
5016 29
5017 28
5018 42
5019 24
5020 38
5021 29
5022 33
5023 33
5024 20
5025 32
5026 32
5027 25
5028 36
5029 31
5030 27
5031 23
5032 41
5033 30
5034 26
5035 16
5036 38
5037 30
5038 26
5039 38
5040 32
5041 34
5042 43
5043 27
5044 31
5045 38
5046 32
5047 35
5048 25
5049 39
5050 43
5051 36
5052 36
5053 42
5054 31
5055 18
5056 38
5057 24
5058 27
5059 36
5060 47
5061 35
5062 32
5063 34
5064 32
5065 37
5066 31
5067 24
5068 38
5069 26
5070 37
5071 41
5072 32
5073 39
5074 20
5075 29
5076 41
5077 34
5078 34
5079 47
5080 36
5081 42
5082 31
5083 38
5084 42
5085 39
5086 43
5087 34
5088 32
5089 34
5090 32
5091 34
5092 28
5093 31
5094 23
5095 27
5096 36
5097 31
5098 29
5099 43
5100 36
5101 18
5102 33
5103 31
5104 34
5105 42
5106 30
5107 31
5108 28
5109 33
5110 35
5111 30
5112 27
5113 22
5114 26
5115 40
5116 33
5117 46
5118 29
5119 40
5120 24
5121 31
5122 25
5123 17
5124 34
5125 35
5126 25
5127 36
5128 28
5129 53
5130 31
5131 26
5132 32
5133 26
5134 28
5135 23
5136 29
5137 22
5138 25
5139 34
5140 25
5141 16
5142 27
5143 31
5144 26
5145 31
5146 28
5147 27
5148 37
5149 28
5150 31
5151 33
5152 42
5153 32
5154 34
5155 36
5156 26
5157 22
5158 31
5159 37
5160 20
5161 49
5162 27
5163 26
5164 23
5165 25
5166 23
5167 27
5168 35
5169 20
5170 29
5171 36
5172 32
5173 34
5174 28
5175 28
5176 40
5177 31
5178 30
5179 39
5180 35
5181 23
5182 27
5183 35
5184 28
5185 32
5186 25
5187 32
5188 22
5189 28
5190 27
5191 29
5192 43
5193 32
5194 33
5195 37
5196 34
5197 28
5198 27
5199 32
5200 37
5201 29
5202 36
5203 20
5204 38
5205 34
5206 30
5207 27
5208 43
5209 31
5210 46
5211 36
5212 38
5213 27
5214 23
5215 39
5216 23
5217 29
5218 24
5219 29
5220 43
5221 29
5222 23
5223 35
5224 31
5225 21
5226 29
5227 34
5228 30
5229 31
5230 33
5231 38
5232 36
5233 30
5234 34
5235 20
5236 34
5237 31
5238 32
5239 48
5240 35
5241 43
5242 34
5243 26
5244 36
5245 33
5246 49
5247 57
5248 38
5249 34
5250 32
5251 24
5252 20
5253 40
5254 32
5255 33
5256 36
5257 19
5258 38
5259 37
5260 29
5261 18
5262 31
5263 31
5264 22
5265 26
5266 28
5267 23
5268 26
5269 20
5270 24
5271 32
5272 32
5273 36
5274 28
5275 33
5276 31
5277 31
5278 29
5279 40
5280 28
5281 37
5282 32
5283 56
5284 38
5285 35
5286 31
5287 27
5288 46
5289 21
5290 26
5291 23
5292 30
5293 53
5294 22
5295 29
5296 41
5297 32
5298 21
5299 17
5300 18
5301 23
5302 32
5303 42
5304 22
5305 22
5306 22
5307 23
5308 34
5309 27
5310 38
5311 20
5312 35
5313 40
5314 38
5315 32
5316 35
5317 19
5318 17
5319 29
5320 41
5321 35
5322 34
5323 32
5324 28
5325 19
5326 46
5327 26
5328 48
5329 22
5330 36
5331 50
5332 29
5333 26
5334 31
5335 28
5336 34
5337 30
5338 31
5339 32
5340 33
5341 21
5342 32
5343 35
5344 29
5345 50
5346 30
5347 29
5348 35
5349 39
5350 30
5351 33
5352 30
5353 36
5354 26
5355 29
5356 27
5357 22
5358 35
5359 38
5360 29
5361 46
5362 82
5363 37
5364 46
5365 33
5366 16
5367 42
5368 38
5369 28
5370 19
5371 30
5372 33
5373 37
5374 38
5375 31
5376 28
5377 20
5378 25
5379 44
5380 33
5381 36
5382 24
5383 20
5384 25
5385 29
5386 48
5387 25
5388 31
5389 31
5390 26
5391 44
5392 43
5393 40
5394 40
5395 38
5396 23
5397 36
5398 30
5399 29
5400 32
5401 32
5402 35
5403 25
5404 29
5405 56
5406 26
5407 32
5408 32
5409 28
5410 36
5411 43
5412 20
5413 22
5414 26
5415 32
5416 65
5417 29
5418 29
5419 59
5420 23
5421 31
5422 40
5423 38
5424 41
5425 32
5426 30
5427 28
5428 47
5429 45
5430 35
5431 29
5432 49
5433 33
5434 28
5435 32
5436 33
5437 25
5438 25
5439 60
5440 19
5441 32
5442 53
5443 25
5444 22
5445 34
5446 26
5447 33
5448 24
5449 31
5450 33
5451 92
5452 33
5453 35
5454 31
5455 35
5456 35
5457 30
5458 27
5459 32
5460 25
5461 22
5462 23
5463 29
5464 30
5465 30
5466 36
5467 28
5468 25
5469 27
5470 33
5471 32
5472 19
5473 30
5474 30
5475 44
5476 24
5477 32
5478 37
5479 38
5480 25
5481 39
5482 47
5483 31
5484 22
5485 30
5486 22
5487 35
5488 20
5489 28
5490 38
5491 38
5492 30
5493 22
5494 34
5495 27
5496 45
5497 31
5498 25
5499 31
5500 42
5501 32
5502 37
5503 30
5504 35
5505 26
5506 23
5507 45
5508 28
5509 23
5510 21
5511 23
5512 29
5513 97
5514 27
5515 32
5516 34
5517 26
5518 32
5519 26
5520 40
5521 34
5522 35
5523 37
5524 45
5525 43
5526 59
5527 32
5528 29
5529 44
5530 29
5531 25
5532 23
5533 20
5534 31
5535 16
5536 34
5537 62
5538 28
5539 33
5540 27
5541 23
5542 38
5543 36
5544 27
5545 27
5546 45
5547 34
5548 22
5549 28
5550 29
5551 20
5552 38
5553 40
5554 49
5555 30
5556 28
5557 38
5558 35
5559 31
5560 35
5561 29
5562 32
5563 32
5564 36
5565 49
5566 38
5567 42
5568 42
5569 50
5570 36
5571 62
5572 44
5573 32
5574 28
5575 37
5576 37
5577 34
5578 35
5579 53
5580 39
5581 28
5582 38
5583 37
5584 28
5585 50
5586 53
5587 26
5588 42
5589 29
5590 24
5591 27
5592 33
5593 18
5594 29
5595 31
5596 34
5597 40
5598 29
5599 26
5600 25
5601 25
5602 28
5603 32
5604 31
5605 32
5606 35
5607 37
5608 30
5609 33
5610 27
5611 27
5612 38
5613 27
5614 29
5615 37
5616 30
5617 38
5618 45
5619 40
5620 30
5621 32
5622 33
5623 33
5624 35
5625 27
5626 35
5627 23
5628 30
5629 25
5630 32
5631 17
5632 34
5633 31
5634 39
5635 28
5636 28
5637 32
5638 27
5639 37
5640 29
5641 53
5642 17
5643 32
5644 31
5645 38
5646 41
5647 26
5648 31
5649 27
5650 27
5651 38
5652 29
5653 32
5654 29
5655 28
5656 17
5657 36
5658 40
5659 55
5660 25
5661 32
5662 25
5663 37
5664 55
5665 35
5666 37
5667 35
5668 29
5669 14
5670 31
5671 37
5672 52
5673 36
5674 38
5675 28
5676 42
5677 25
5678 29
5679 28
5680 25
5681 34
5682 28
5683 57
5684 29
5685 31
5686 29
5687 29
5688 29
5689 46
5690 27
5691 31
5692 20
5693 26
5694 43
5695 23
5696 32
5697 39
5698 34
5699 28
5700 40
5701 31
5702 52
5703 17
5704 22
5705 34
5706 41
5707 41
5708 41
5709 30
5710 26
5711 29
5712 27
5713 44
5714 26
5715 44
5716 42
5717 45
5718 31
5719 36
5720 42
5721 29
5722 20
5723 44
5724 34
5725 28
5726 40
5727 36
5728 36
5729 43
5730 38
5731 40
5732 45
5733 38
5734 25
5735 17
5736 32
5737 25
5738 41
5739 32
5740 39
5741 26
5742 25
5743 22
5744 21
5745 26
5746 33
5747 30
5748 38
5749 27
5750 28
5751 30
5752 33
5753 33
5754 30
5755 29
5756 38
5757 45
5758 34
5759 24
5760 33
5761 38
5762 34
5763 31
5764 29
5765 29
5766 33
5767 37
5768 31
5769 23
5770 30
5771 24
5772 19
5773 31
5774 22
5775 29
5776 25
5777 34
5778 36
5779 22
5780 32
5781 22
5782 27
5783 25
5784 31
5785 30
5786 25
5787 30
5788 31
5789 44
5790 58
5791 37
5792 39
5793 33
5794 28
5795 25
5796 31
5797 40
5798 30
5799 24
5800 33
5801 26
5802 36
5803 27
5804 28
5805 26
5806 17
5807 29
5808 32
5809 36
5810 26
5811 36
5812 38
5813 23
5814 30
5815 36
5816 34
5817 31
5818 26
5819 32
5820 20
5821 36
5822 44
5823 35
5824 26
5825 28
5826 43
5827 22
5828 50
5829 51
5830 22
5831 23
5832 23
5833 39
5834 32
5835 24
5836 23
5837 23
5838 33
5839 53
5840 23
5841 34
5842 33
5843 26
5844 28
5845 31
5846 36
5847 23
5848 23
5849 26
5850 25
5851 29
5852 35
5853 25
5854 31
5855 32
5856 42
5857 36
5858 32
5859 28
5860 25
5861 20
5862 38
5863 31
5864 44
5865 21
5866 50
5867 28
5868 37
5869 35
5870 44
5871 27
5872 46
5873 33
5874 25
5875 33
5876 26
5877 25
5878 26
5879 30
5880 26
5881 35
5882 34
5883 46
5884 26
5885 39
5886 31
5887 25
5888 27
5889 27
5890 20
5891 27
5892 23
5893 30
5894 40
5895 26
5896 35
5897 25
5898 30
5899 38
5900 36
5901 26
5902 62
5903 52
5904 23
5905 33
5906 34
5907 28
5908 33
5909 45
5910 38
5911 23
5912 29
5913 32
5914 31
5915 29
5916 29
5917 38
5918 33
5919 31
5920 28
5921 54
5922 56
5923 29
5924 26
5925 50
5926 31
5927 26
5928 27
5929 26
5930 42
5931 59
5932 46
5933 39
5934 45
5935 34
5936 26
5937 31
5938 27
5939 45
5940 25
5941 28
5942 40
5943 31
5944 30
5945 32
5946 43
5947 62
5948 48
5949 29
5950 42
5951 51
5952 28
5953 45
5954 52
5955 30
5956 34
5957 44
5958 33
5959 22
5960 31
5961 51
5962 69
5963 51
5964 46
5965 51
5966 55
5967 26
5968 31
5969 24
5970 38
5971 28
5972 40
5973 39
5974 44
5975 33
5976 25
5977 33
5978 31
5979 31
5980 27
5981 22
5982 37
5983 21
5984 30
5985 40
5986 42
5987 28
5988 27
5989 39
5990 33
5991 36
5992 31
5993 27
5994 23
5995 47
5996 27
5997 38
5998 28
5999 27
6000 64
6001 39
6002 45
6003 48
6004 32
6005 32
6006 44
6007 22
6008 34
6009 53
6010 50
6011 29
6012 20
6013 23
6014 51
6015 37
6016 36
6017 33
6018 30
6019 36
6020 34
6021 31
6022 32
6023 22
6024 66
6025 26
6026 23
6027 32
6028 34
6029 47
6030 64
6031 44
6032 29
6033 66
6034 30
6035 26
6036 38
6037 26
6038 33
6039 16
6040 34
6041 30
6042 26
6043 33
6044 34
6045 33
6046 46
6047 38
6048 26
6049 35
6050 37
6051 26
6052 52
6053 49
6054 41
6055 47
6056 23
6057 30
6058 39
6059 24
6060 34
6061 25
6062 26
6063 33
6064 20
6065 29
6066 47
6067 27
6068 48
6069 32
6070 11
6071 60
6072 29
6073 38
6074 34
6075 28
6076 20
6077 53
6078 32
6079 22
6080 22
6081 46
6082 62
6083 31
6084 22
6085 34
6086 45
6087 30
6088 36
6089 31
6090 40
6091 36
6092 37
6093 26
6094 23
6095 35
6096 38
6097 35
6098 23
6099 30
6100 35
6101 69
6102 45
6103 46
6104 45
6105 29
6106 51
6107 47
6108 49
6109 23
6110 51
6111 26
6112 29
6113 34
6114 28
6115 34
6116 35
6117 39
6118 62
6119 49
6120 23
6121 21
6122 31
6123 31
6124 27
6125 56
6126 19
6127 27
6128 32
6129 48
6130 27
6131 23
6132 38
6133 20
6134 24
6135 28
6136 45
6137 31
6138 46
6139 52
6140 33
6141 23
6142 36
6143 20
6144 41
6145 24
6146 33
6147 38
6148 25
6149 37
6150 24
6151 29
6152 29
6153 29
6154 37
6155 25
6156 33
6157 23
6158 32
6159 26
6160 31
6161 20
6162 44
6163 41
6164 31
6165 41
6166 41
6167 34
6168 20
6169 57
6170 42
6171 38
6172 28
6173 26
6174 25
6175 30
6176 35
6177 24
6178 17
6179 32
6180 20
6181 57
6182 36
6183 40
6184 30
6185 25
6186 61
6187 30
6188 38
6189 29
6190 29
6191 36
6192 39
6193 47
6194 25
6195 39
6196 46
6197 37
6198 51
6199 42
6200 33
6201 31
6202 34
6203 19
6204 29
6205 28
6206 24
6207 29
6208 33
6209 44
6210 26
6211 39
6212 28
6213 24
6214 31
6215 17
6216 22
6217 26
6218 25
6219 36
6220 38
6221 22
6222 25
6223 27
6224 30
6225 28
6226 22
6227 31
6228 28
6229 34
6230 36
6231 35
6232 32
6233 30
6234 27
6235 31
6236 39
6237 19
6238 35
6239 26
6240 36
6241 34
6242 35
6243 30
6244 44
6245 27
6246 38
6247 34
6248 38
6249 42
6250 40
6251 37
6252 62
6253 46
6254 34
6255 43
6256 33
6257 32
6258 21
6259 36
6260 20
6261 21
6262 40
6263 30
6264 25
6265 27
6266 33
6267 36
6268 30
6269 31
6270 24
6271 23
6272 37
6273 28
6274 49
6275 26
6276 29
6277 20
6278 41
6279 30
6280 34
6281 28
6282 32
6283 35
6284 41
6285 28
6286 17
6287 29
6288 31
6289 32
6290 42
6291 26
6292 35
6293 34
6294 30
6295 35
6296 33
6297 32
6298 37
6299 29
6300 22
6301 24
6302 33
6303 37
6304 29
6305 28
6306 31
6307 33
6308 48
6309 23
6310 22
6311 25
6312 31
6313 29
6314 28
6315 42
6316 38
6317 45
6318 20
6319 57
6320 43
6321 24
6322 35
6323 28
6324 17
6325 25
6326 35
6327 32
6328 26
6329 25
6330 52
6331 32
6332 32
6333 31
6334 25
6335 36
6336 25
6337 26
6338 20
6339 30
6340 23
6341 53
6342 26
6343 29
6344 23
6345 25
6346 28
6347 31
6348 34
6349 45
6350 20
6351 26
6352 28
6353 31
6354 34
6355 31
6356 25
6357 46
6358 43
6359 37
6360 52
6361 63
6362 46
6363 39
6364 43
6365 32
6366 48
6367 31
6368 32
6369 26
6370 47
6371 49
6372 22
6373 35
6374 36
6375 32
6376 29
6377 36
6378 40
6379 39
6380 53
6381 51
6382 24
6383 31
6384 26
6385 42
6386 25
6387 25
6388 29
6389 57
6390 29
6391 36
6392 55
6393 46
6394 34
6395 30
6396 38
6397 43
6398 57
6399 36
6400 29
6401 31
6402 35
6403 34
6404 24
6405 32
6406 35
6407 30
6408 35
6409 34
6410 33
6411 32
6412 36
6413 20
6414 34
6415 24
6416 23
6417 27
6418 29
6419 46
6420 47
6421 22
6422 27
6423 28
6424 27
6425 40
6426 32
6427 24
6428 29
6429 46
6430 30
6431 29
6432 42
6433 37
6434 20
6435 24
6436 27
6437 33
6438 30
6439 26
6440 29
6441 23
6442 47
6443 33
6444 26
6445 36
6446 21
6447 30
6448 33
6449 33
6450 29
6451 30
6452 30
6453 28
6454 35
6455 26
6456 46
6457 42
6458 34
6459 41
6460 23
6461 28
6462 34
6463 28
6464 26
6465 36
6466 35
6467 39
6468 29
6469 34
6470 24
6471 30
6472 28
6473 13
6474 29
6475 23
6476 33
6477 25
6478 33
6479 26
6480 24
6481 28
6482 29
6483 52
6484 25
6485 27
6486 17
6487 23
6488 46
6489 31
6490 34
6491 29
6492 23
6493 35
6494 27
6495 20
6496 27
6497 30
6498 33
6499 25
6500 42
6501 34
6502 30
6503 25
6504 26
6505 31
6506 28
6507 28
6508 31
6509 33
6510 36
6511 24
6512 31
6513 34
6514 44
6515 26
6516 41
6517 31
6518 29
6519 37
6520 31
6521 42
6522 45
6523 23
6524 44
6525 48
6526 33
6527 58
6528 66
6529 35
6530 52
6531 28
6532 16
6533 42
6534 30
6535 26
6536 22
6537 30
6538 23
6539 27
6540 19
6541 38
6542 20
6543 23
6544 22
6545 27
6546 32
6547 33
6548 23
6549 33
6550 34
6551 28
6552 38
6553 46
6554 39
6555 30
6556 32
6557 39
6558 33
6559 30
6560 33
6561 41
6562 55
6563 26
6564 23
6565 41
6566 36
6567 30
6568 33
6569 19
6570 22
6571 18
6572 34
6573 32
6574 30
6575 21
6576 57
6577 20
6578 38
6579 25
6580 33
6581 32
6582 32
6583 19
6584 39
6585 31
6586 31
6587 52
6588 26
6589 20
6590 37
6591 29
6592 25
6593 40
6594 37
6595 36
6596 31
6597 38
6598 23
6599 38
6600 26
6601 30
6602 37
6603 33
6604 40
6605 23
6606 34
6607 29
6608 37
6609 29
6610 27
6611 32
6612 23
6613 29
6614 53
6615 67
6616 43
6617 42
6618 34
6619 34
6620 41
6621 29
6622 34
6623 32
6624 25
6625 23
6626 30
6627 23
6628 38
6629 44
6630 29
6631 31
6632 29
6633 36
6634 37
6635 30
6636 29
6637 32
6638 29
6639 22
6640 36
6641 27
6642 39
6643 20
6644 35
6645 38
6646 36
6647 25
6648 32
6649 20
6650 29
6651 27
6652 22
6653 37
6654 37
6655 26
6656 37
6657 31
6658 24
6659 32
6660 45
6661 23
6662 25
6663 36
6664 34
6665 33
6666 32
6667 37
6668 27
6669 26
6670 22
6671 42
6672 41
6673 19
6674 33
6675 30
6676 26
6677 51
6678 27
6679 29
6680 27
6681 31
6682 26
6683 34
6684 36
6685 33
6686 44
6687 37
6688 29
6689 40
6690 39
6691 30
6692 20
6693 38
6694 23
6695 31
6696 36
6697 29
6698 37
6699 29
6700 33
6701 20
6702 29
6703 32
6704 47
6705 31
6706 23
6707 31
6708 32
6709 41
6710 30
6711 39
6712 37
6713 37
6714 38
6715 25
6716 33
6717 53
6718 41
6719 32
6720 36
6721 41
6722 34
6723 32
6724 29
6725 34
6726 34
6727 32
6728 50
6729 28
6730 37
6731 41
6732 32
6733 28
6734 35
6735 26
6736 20
6737 48
6738 30
6739 66
6740 43
6741 55
6742 26
6743 30
6744 44
6745 36
6746 31
6747 38
6748 28
6749 35
6750 36
6751 31
6752 32
6753 36
6754 26
6755 29
6756 26
6757 31
6758 44
6759 36
6760 31
6761 19
6762 27
6763 27
6764 25
6765 29
6766 37
6767 30
6768 30
6769 29
6770 32
6771 21
6772 36
6773 41
6774 45
6775 32
6776 36
6777 27
6778 37
6779 29
6780 35
6781 31
6782 49
6783 33
6784 32
6785 42
6786 25
6787 28
6788 44
6789 37
6790 28
6791 34
6792 41
6793 22
6794 23
6795 28
6796 25
6797 31
6798 31
6799 26
6800 32
6801 23
6802 23
6803 29
6804 23
6805 25
6806 53
6807 35
6808 20
6809 19
6810 23
6811 25
6812 46
6813 43
6814 22
6815 34
6816 25
6817 37
6818 19
6819 37
6820 38
6821 34
6822 39
6823 38
6824 34
6825 34
6826 50
6827 38
6828 43
6829 86
6830 29
6831 93
6832 49
6833 55
6834 33
6835 39
6836 27
6837 32
6838 56
6839 46
6840 43
6841 34
6842 42
6843 41
6844 26
6845 32
6846 37
6847 36
6848 29
6849 33
6850 31
6851 30
6852 34
6853 27
6854 46
6855 35
6856 55
6857 29
6858 31
6859 31
6860 38
6861 31
6862 45
6863 28
6864 37
6865 40
6866 35
6867 42
6868 35
6869 31
6870 43
6871 26
6872 30
6873 38
6874 27
6875 26
6876 27
6877 29
6878 34
6879 33
6880 56
6881 25
6882 29
6883 28
6884 26
6885 23
6886 58
6887 25
6888 28
6889 41
6890 59
6891 33
6892 38
6893 23
6894 17
6895 28
6896 34
6897 31
6898 32
6899 31
6900 28
6901 31
6902 29
6903 35
6904 37
6905 34
6906 21
6907 37
6908 35
6909 25
6910 31
6911 34
6912 23
6913 36
6914 32
6915 31
6916 31
6917 29
6918 47
6919 24
6920 49
6921 33
6922 28
6923 35
6924 31
6925 34
6926 42
6927 28
6928 38
6929 42
6930 34
6931 27
6932 30
6933 32
6934 25
6935 32
6936 26
6937 27
6938 37
6939 23
6940 30
6941 31
6942 28
6943 22
6944 33
6945 33
6946 39
6947 30
6948 49
6949 26
6950 26
6951 31
6952 34
6953 35
6954 35
6955 29
6956 31
6957 62
6958 39
6959 34
6960 46
6961 26
6962 27
6963 39
6964 31
6965 31
6966 46
6967 25
6968 33
6969 42
6970 26
6971 44
6972 25
6973 21
6974 26
6975 32
6976 32
6977 24
6978 41
6979 32
6980 33
6981 47
6982 39
6983 41
6984 76
6985 41
6986 52
6987 23
6988 31
6989 24
6990 31
6991 24
6992 30
6993 35
6994 38
6995 25
6996 32
6997 34
6998 32
6999 27
7000 31
7001 39
7002 29
7003 22
7004 43
7005 32
7006 31
7007 64
7008 28
7009 28
7010 38
7011 30
7012 25
7013 45
7014 29
7015 29
7016 54
7017 20
7018 63
7019 38
7020 32
7021 43
7022 28
7023 29
7024 30
7025 35
7026 47
7027 42
7028 36
7029 37
7030 32
7031 39
7032 32
7033 36
7034 38
7035 29
7036 23
7037 27
7038 32
7039 35
7040 29
7041 32
7042 33
7043 29
7044 57
7045 17
7046 37
7047 29
7048 30
7049 30
7050 48
7051 26
7052 32
7053 30
7054 29
7055 50
7056 37
7057 25
7058 30
7059 35
7060 63
7061 31
7062 18
7063 29
7064 37
7065 44
7066 27
7067 38
7068 35
7069 33
7070 33
7071 36
7072 43
7073 38
7074 36
7075 31
7076 31
7077 41
7078 33
7079 36
7080 34
7081 39
7082 28
7083 31
7084 29
7085 38
7086 28
7087 24
7088 37
7089 42
7090 25
7091 29
7092 22
7093 32
7094 22
7095 39
7096 26
7097 41
7098 31
7099 61
7100 23
7101 26
7102 31
7103 59
7104 24
7105 29
7106 36
7107 26
7108 22
7109 31
7110 37
7111 23
7112 34
7113 27
7114 36
7115 31
7116 26
7117 42
7118 29
7119 26
7120 31
7121 34
7122 41
7123 31
7124 33
7125 33
7126 28
7127 26
7128 39
7129 32
7130 27
7131 32
7132 23
7133 22
7134 51
7135 24
7136 43
7137 33
7138 34
7139 36
7140 31
7141 35
7142 36
7143 40
7144 36
7145 26
7146 43
7147 35
7148 26
7149 34
7150 37
7151 37
7152 38
7153 25
7154 34
7155 29
7156 35
7157 37
7158 33
7159 43
7160 29
7161 40
7162 42
7163 27
7164 36
7165 38
7166 35
7167 25
7168 41
7169 30
7170 31
7171 38
7172 33
7173 39
7174 40
7175 23
7176 16
7177 48
7178 39
7179 20
7180 31
7181 42
7182 36
7183 32
7184 40
7185 31
7186 35
7187 29
7188 30
7189 46
7190 21
7191 37
7192 28
7193 23
7194 38
7195 20
7196 36
7197 42
7198 40
7199 43
7200 35
7201 36
7202 38
7203 31
7204 35
7205 29
7206 45
7207 44
7208 44
7209 42
7210 32
7211 29
7212 36
7213 27
7214 39
7215 28
7216 41
7217 32
7218 36
7219 35
7220 42
7221 26
7222 34
7223 25
7224 26
7225 27
7226 10
7227 34
7228 47
7229 32
7230 31
7231 40
7232 21
7233 40
7234 39
7235 27
7236 21
7237 40
7238 30
7239 32
7240 38
7241 39
7242 44
7243 34
7244 33
7245 39
7246 29
7247 33
7248 36
7249 35
7250 26
7251 36
7252 41
7253 43
7254 28
7255 23
7256 32
7257 48
7258 26
7259 38
7260 41
7261 52
7262 37
7263 41
7264 31
7265 34
7266 27
7267 26
7268 44
7269 35
7270 31
7271 44
7272 40
7273 44
7274 29
7275 29
7276 40
7277 38
7278 49
7279 35
7280 41
7281 37
7282 23
7283 47
7284 30
7285 32
7286 19
7287 40
7288 38
7289 38
7290 33
7291 32
7292 41
7293 65
7294 45
7295 41
7296 55
7297 36
7298 87
7299 33
7300 40
7301 39
7302 57
7303 35
7304 42
7305 35
7306 44
7307 32
7308 19
7309 37
7310 30
7311 26
7312 32
7313 43
7314 26
7315 26
7316 50
7317 45
7318 33
7319 34
7320 28
7321 38
7322 27
7323 26
7324 27
7325 45
7326 36
7327 29
7328 38
7329 29
7330 36
7331 22
7332 26
7333 16
7334 28
7335 32
7336 39
7337 45
7338 26
7339 26
7340 37
7341 28
7342 35
7343 31
7344 38
7345 27
7346 25
7347 41
7348 35
7349 34
7350 32
7351 26
7352 59
7353 33
7354 43
7355 32
7356 20
7357 37
7358 28
7359 31
7360 50
7361 17
7362 45
7363 38
7364 33
7365 26
7366 28
7367 36
7368 28
7369 33
7370 39
7371 44
7372 37
7373 22
7374 27
7375 54
7376 22
7377 39
7378 30
7379 34
7380 43
7381 32
7382 36
7383 31
7384 23
7385 21
7386 34
7387 32
7388 28
7389 50
7390 29
7391 43
7392 44
7393 19
7394 40
7395 27
7396 41
7397 30
7398 24
7399 23
7400 28
7401 27
7402 31
7403 26
7404 36
7405 44
7406 25
7407 32
7408 42
7409 35
7410 30
7411 35
7412 30
7413 35
7414 33
7415 32
7416 35
7417 25
7418 30
7419 44
7420 34
7421 37
7422 35
7423 35
7424 30
7425 27
7426 33
7427 30
7428 27
7429 36
7430 29
7431 27
7432 47
7433 26
7434 33
7435 44
7436 43
7437 54
7438 28
7439 21
7440 34
7441 29
7442 38
7443 32
7444 34
7445 25
7446 35
7447 29
7448 31
7449 28
7450 30
7451 40
7452 24
7453 26
7454 42
7455 14
7456 34
7457 23
7458 32
7459 37
7460 38
7461 43
7462 27
7463 36
7464 17
7465 32
7466 34
7467 25
7468 37
7469 32
7470 32
7471 44
7472 25
7473 55
7474 34
7475 28
7476 21
7477 39
7478 46
7479 29
7480 27
7481 45
7482 26
7483 33
7484 43
7485 31
7486 34
7487 14
7488 29
7489 34
7490 24
7491 31
7492 23
7493 29
7494 29
7495 22
7496 27
7497 38
7498 31
7499 38
7500 29
7501 29
7502 30
7503 29
7504 29
7505 32
7506 23
7507 29
7508 42
7509 34
7510 38
7511 31
7512 35
7513 41
7514 29
7515 29
7516 17
7517 56
7518 38
7519 43
7520 29
7521 25
7522 17
7523 30
7524 33
7525 36
7526 28
7527 36
7528 17
7529 36
7530 29
7531 29
7532 22
7533 35
7534 26
7535 46
7536 45
7537 37
7538 41
7539 37
7540 17
7541 43
7542 22
7543 31
7544 34
7545 42
7546 62
7547 53
7548 31
7549 25
7550 35
7551 31
7552 32
7553 38
7554 40
7555 38
7556 24
7557 26
7558 25
7559 36
7560 54
7561 47
7562 38
7563 32
7564 69
7565 19
7566 28
7567 17
7568 53
7569 28
7570 25
7571 36
7572 28
7573 25
7574 34
7575 29
7576 44
7577 54
7578 34
7579 34
7580 38
7581 36
7582 36
7583 27
7584 29
7585 24
7586 32
7587 21
7588 27
7589 38
7590 31
7591 41
7592 71
7593 59
7594 36
7595 33
7596 30
7597 46
7598 33
7599 48
7600 45
7601 42
7602 92
7603 35
7604 17
7605 30
7606 44
7607 34
7608 49
7609 43
7610 21
7611 38
7612 32
7613 33
7614 36
7615 33
7616 23
7617 36
7618 33
7619 47
7620 44
7621 37
7622 39
7623 26
7624 35
7625 28
7626 35
7627 28
7628 32
7629 17
7630 53
7631 47
7632 26
7633 41
7634 32
7635 40
7636 47
7637 36
7638 21
7639 44
7640 36
7641 42
7642 35
7643 25
7644 34
7645 31
7646 30
7647 32
7648 25
7649 51
7650 37
7651 33
7652 31
7653 36
7654 35
7655 43
7656 26
7657 33
7658 29
7659 41
7660 35
7661 23
7662 29
7663 17
7664 26
7665 28
7666 23
7667 23
7668 24
7669 46
7670 38
7671 30
7672 37
7673 28
7674 31
7675 30
7676 33
7677 30
7678 49
7679 42
7680 34
7681 33
7682 34
7683 31
7684 31
7685 32
7686 34
7687 38
7688 24
7689 28
7690 32
7691 25
7692 31
7693 30
7694 31
7695 31
7696 28
7697 20
7698 29
7699 31
7700 26
7701 41
7702 25
7703 26
7704 33
7705 27
7706 36
7707 34
7708 29
7709 42
7710 33
7711 40
7712 35
7713 49
7714 40
7715 48
7716 42
7717 32
7718 36
7719 32
7720 28
7721 28
7722 40
7723 29
7724 38
7725 29
7726 42
7727 48
7728 30
7729 48
7730 33
7731 28
7732 31
7733 23
7734 32
7735 42
7736 59
7737 46
7738 37
7739 30
7740 46
7741 19
7742 40
7743 49
7744 42
7745 28
7746 40
7747 41
7748 29
7749 32
7750 20
7751 22
7752 34
7753 38
7754 28
7755 20
7756 26
7757 27
7758 21
7759 34
7760 25
7761 44
7762 35
7763 54
7764 22
7765 25
7766 48
7767 22
7768 31
7769 39
7770 28
7771 27
7772 34
7773 26
7774 27
7775 34
7776 28
7777 45
7778 30
7779 32
7780 53
7781 32
7782 40
7783 30
7784 32
7785 26
7786 33
7787 26
7788 48
7789 33
7790 30
7791 40
7792 28
7793 28
7794 31
7795 24
7796 25
7797 35
7798 52
7799 28
7800 34
7801 29
7802 38
7803 35
7804 29
7805 32
7806 20
7807 20
7808 35
7809 38
7810 35
7811 31
7812 30
7813 29
7814 30
7815 33
7816 36
7817 22
7818 28
7819 31
7820 28
7821 35
7822 27
7823 58
7824 26
7825 45
7826 53
7827 19
7828 28
7829 33
7830 20
7831 45
7832 47
7833 46
7834 43
7835 29
7836 56
7837 39
7838 45
7839 31
7840 46
7841 28
7842 25
7843 43
7844 47
7845 36
7846 38
7847 31
7848 32
7849 41
7850 64
7851 39
7852 23
7853 47
7854 51
7855 32
7856 63
7857 32
7858 32
7859 30
7860 28
7861 34
7862 41
7863 35
7864 37
7865 34
7866 42
7867 31
7868 39
7869 24
7870 26
7871 27
7872 39
7873 47
7874 22
7875 45
7876 27
7877 26
7878 38
7879 54
7880 29
7881 34
7882 29
7883 46
7884 37
7885 25
7886 29
7887 20
7888 50
7889 27
7890 23
7891 28
7892 35
7893 31
7894 42
7895 38
7896 45
7897 24
7898 46
7899 29
7900 40
7901 34
7902 33
7903 35
7904 37
7905 41
7906 32
7907 43
7908 27
7909 30
7910 25
7911 33
7912 37
7913 22
7914 43
7915 22
7916 29
7917 30
7918 27
7919 35
7920 21
7921 32
7922 26
7923 26
7924 29
7925 29
7926 27
7927 25
7928 32
7929 39
7930 41
7931 49
7932 46
7933 39
7934 27
7935 30
7936 35
7937 35
7938 35
7939 38
7940 41
7941 36
7942 29
7943 28
7944 42
7945 36
7946 37
7947 35
7948 32
7949 52
7950 34
7951 34
7952 27
7953 37
7954 17
7955 41
7956 30
7957 31
7958 36
7959 42
7960 37
7961 27
7962 36
7963 29
7964 28
7965 23
7966 20
7967 29
7968 29
7969 30
7970 30
7971 36
7972 25
7973 25
7974 35
7975 28
7976 45
7977 25
7978 28
7979 37
7980 42
7981 34
7982 40
7983 28
7984 34
7985 22
7986 39
7987 37
7988 29
7989 33
7990 37
7991 39
7992 31
7993 22
7994 27
7995 42
7996 31
7997 44
7998 29
7999 54
8000 46
8001 26
8002 30
8003 42
8004 22
8005 28
8006 30
8007 35
8008 29
8009 33
8010 32
8011 26
8012 32
8013 30
8014 33
8015 27
8016 28
8017 63
8018 21
8019 29
8020 21
8021 39
8022 30
8023 31
8024 25
8025 26
8026 35
8027 23
8028 29
8029 26
8030 25
8031 35
8032 38
8033 45
8034 31
8035 33
8036 36
8037 40
8038 25
8039 28
8040 25
8041 25
8042 25
8043 25
8044 32
8045 24
8046 37
8047 27
8048 29
8049 37
8050 32
8051 26
8052 23
8053 26
8054 20
8055 28
8056 35
8057 30
8058 39
8059 36
8060 23
8061 28
8062 33
8063 39
8064 40
8065 28
8066 26
8067 45
8068 27
8069 39
8070 28
8071 25
8072 33
8073 40
8074 41
8075 32
8076 27
8077 30
8078 35
8079 33
8080 44
8081 39
8082 39
8083 32
8084 34
8085 36
8086 42
8087 33
8088 30
8089 28
8090 29
8091 39
8092 28
8093 25
8094 40
8095 51
8096 30
8097 33
8098 29
8099 31
8100 38
8101 32
8102 26
8103 34
8104 28
8105 58
8106 31
8107 29
8108 35
8109 34
8110 37
8111 29
8112 36
8113 28
8114 21
8115 31
8116 25
8117 29
8118 34
8119 31
8120 33
8121 25
8122 39
8123 32
8124 30
8125 31
8126 20
8127 33
8128 29
8129 37
8130 33
8131 25
8132 29
8133 35
8134 39
8135 26
8136 44
8137 20
8138 25
8139 41
8140 32
8141 52
8142 54
8143 27
8144 31
8145 23
8146 24
8147 42
8148 31
8149 32
8150 27
8151 28
8152 29
8153 34
8154 32
8155 27
8156 38
8157 28
8158 33
8159 35
8160 32
8161 35
8162 30
8163 31
8164 38
8165 36
8166 29
8167 24
8168 30
8169 29
8170 46
8171 34
8172 26
8173 48
8174 33
8175 39
8176 34
8177 41
8178 30
8179 33
8180 32
8181 39
8182 35
8183 36
8184 33
8185 36
8186 36
8187 33
8188 30
8189 41
8190 23
8191 38
8192 45
8193 27
8194 34
8195 33
8196 39
8197 34
8198 20
8199 31
8200 42
8201 25
8202 38
8203 29
8204 40
8205 25
8206 35
8207 32
8208 30
8209 29
8210 35
8211 35
8212 42
8213 29
8214 35
8215 39
8216 42
8217 34
8218 38
8219 34
8220 32
8221 28
8222 36
8223 47
8224 31
8225 30
8226 31
8227 49
8228 35
8229 27
8230 49
8231 20
8232 32
8233 33
8234 30
8235 24
8236 25
8237 35
8238 30
8239 30
8240 26
8241 31
8242 27
8243 37
8244 30
8245 30
8246 36
8247 31
8248 38
8249 27
8250 33
8251 34
8252 33
8253 35
8254 34
8255 33
8256 23
8257 41
8258 51
8259 24
8260 33
8261 43
8262 23
8263 30
8264 35
8265 26
8266 21
8267 39
8268 31
8269 39
8270 45
8271 38
8272 39
8273 38
8274 35
8275 35
8276 37
8277 37
8278 29
8279 36
8280 38
8281 37
8282 35
8283 28
8284 35
8285 37
8286 33
8287 26
8288 29
8289 34
8290 40
8291 42
8292 38
8293 25
8294 33
8295 34
8296 30
8297 39
8298 36
8299 37
8300 37
8301 28
8302 26
8303 46
8304 39
8305 37
8306 32
8307 39
8308 27
8309 30
8310 32
8311 26
8312 35
8313 43
8314 34
8315 36
8316 25
8317 50
8318 41
8319 43
8320 52
8321 45
8322 43
8323 35
8324 66
8325 33
8326 38
8327 18
8328 29
8329 60
8330 63
8331 34
8332 25
8333 19
8334 37
8335 40
8336 57
8337 29
8338 42
8339 31
8340 34
8341 37
8342 35
8343 31
8344 30
8345 26
8346 35
8347 38
8348 29
8349 30
8350 33
8351 45
8352 47
8353 31
8354 36
8355 35
8356 36
8357 25
8358 32
8359 34
8360 33
8361 32
8362 28
8363 39
8364 24
8365 37
8366 59
8367 25
8368 30
8369 34
8370 28
8371 37
8372 43
8373 29
8374 25
8375 47
8376 34
8377 33
8378 35
8379 43
8380 58
8381 30
8382 37
8383 51
8384 25
8385 29
8386 26
8387 37
8388 31
8389 26
8390 42
8391 38
8392 31
8393 32
8394 33
8395 43
8396 25
8397 29
8398 25
8399 42
8400 26
8401 33
8402 35
8403 34
8404 64
8405 32
8406 32
8407 39
8408 28
8409 27
8410 34
8411 29
8412 33
8413 28
8414 36
8415 28
8416 32
8417 39
8418 23
8419 29
8420 37
8421 31
8422 32
8423 33
8424 20
8425 27
8426 23
8427 32
8428 33
8429 30
8430 39
8431 32
8432 30
8433 48
8434 35
8435 37
8436 23
8437 46
8438 28
8439 57
8440 29
8441 43
8442 22
8443 42
8444 35
8445 26
8446 41
8447 49
8448 37
8449 33
8450 23
8451 44
8452 27
8453 40
8454 29
8455 26
8456 30
8457 59
8458 30
8459 22
8460 32
8461 66
8462 30
8463 29
8464 34
8465 46
8466 35
8467 68
8468 26
8469 25
8470 45
8471 33
8472 43
8473 29
8474 39
8475 37
8476 19
8477 23
8478 62
8479 32
8480 34
8481 60
8482 56
8483 63
8484 26
8485 39
8486 26
8487 29
8488 33
8489 49
8490 29
8491 37
8492 35
8493 23
8494 29
8495 23
8496 32
8497 40
8498 40
8499 35
8500 17
8501 36
8502 46
8503 29
8504 35
8505 27
8506 29
8507 34
8508 25
8509 32
8510 27
8511 31
8512 33
8513 28
8514 46
8515 25
8516 40
8517 37
8518 32
8519 26
8520 33
8521 21
8522 32
8523 48
8524 24
8525 34
8526 33
8527 30
8528 40
8529 33
8530 19
8531 29
8532 30
8533 33
8534 24
8535 30
8536 33
8537 35
8538 42
8539 35
8540 39
8541 38
8542 38
8543 48
8544 91
8545 44
8546 26
8547 25
8548 31
8549 23
8550 51
8551 31
8552 43
8553 38
8554 37
8555 43
8556 24
8557 30
8558 35
8559 42
8560 30
8561 35
8562 28
8563 31
8564 30
8565 32
8566 34
8567 33
8568 24
8569 29
8570 34
8571 24
8572 44
8573 32
8574 29
8575 35
8576 67
8577 29
8578 41
8579 65
8580 31
8581 54
8582 34
8583 31
8584 34
8585 46
8586 53
8587 33
8588 38
8589 27
8590 51
8591 48
8592 21
8593 26
8594 28
8595 31
8596 25
8597 40
8598 27
8599 19
8600 30
8601 39
8602 23
8603 28
8604 24
8605 34
8606 29
8607 33
8608 28
8609 40
8610 54
8611 31
8612 27
8613 31
8614 34
8615 26
8616 30
8617 39
8618 29
8619 36
8620 31
8621 26
8622 48
8623 28
8624 38
8625 51
8626 33
8627 44
8628 36
8629 29
8630 40
8631 32
8632 27
8633 33
8634 41
8635 34
8636 28
8637 31
8638 32
8639 30
8640 28
8641 25
8642 29
8643 27
8644 29
8645 34
8646 47
8647 29
8648 44
8649 36
8650 23
8651 29
8652 34
8653 31
8654 32
8655 35
8656 35
8657 38
8658 36
8659 29
8660 35
8661 26
8662 22
8663 32
8664 48
8665 39
8666 40
8667 23
8668 28
8669 23
8670 39
8671 39
8672 59
8673 53
8674 22
8675 73
8676 41
8677 31
8678 27
8679 23
8680 37
8681 29
8682 36
8683 34
8684 30
8685 47
8686 24
8687 34
8688 32
8689 20
8690 42
8691 31
8692 54
8693 27
8694 31
8695 35
8696 36
8697 31
8698 31
8699 42
8700 24
8701 30
8702 29
8703 35
8704 23
8705 23
8706 28
8707 33
8708 33
8709 20
8710 37
8711 31
8712 34
8713 31
8714 31
8715 37
8716 41
8717 26
8718 37
8719 37
8720 25
8721 31
8722 20
8723 50
8724 37
8725 25
8726 34
8727 38
8728 30
8729 41
8730 28
8731 38
8732 40
8733 32
8734 26
8735 41
8736 29
8737 53
8738 30
8739 29
8740 36
8741 33
8742 27
8743 47
8744 28
8745 38
8746 40
8747 32
8748 37
8749 45
8750 34
8751 46
8752 63
8753 33
8754 34
8755 28
8756 20
8757 31
8758 24
8759 62
8760 30
8761 30
8762 30
8763 43
8764 47
8765 33
8766 34
8767 33
8768 52
8769 36
8770 29
8771 14
8772 35
8773 37
8774 28
8775 44
8776 35
8777 30
8778 25
8779 15
8780 42
8781 35
8782 31
8783 29
8784 38
8785 29
8786 32
8787 31
8788 41
8789 19
8790 35
8791 34
8792 19
8793 60
8794 39
8795 46
8796 37
8797 31
8798 46
8799 40
8800 35
8801 42
8802 31
8803 33
8804 33
8805 43
8806 29
8807 31
8808 34
8809 41
8810 22
8811 29
8812 28
8813 39
8814 28
8815 22
8816 46
8817 26
8818 31
8819 29
8820 29
8821 28
8822 25
8823 30
8824 33
8825 32
8826 39
8827 34
8828 33
8829 26
8830 24
8831 31
8832 31
8833 34
8834 20
8835 29
8836 46
8837 26
8838 35
8839 30
8840 32
8841 35
8842 39
8843 44
8844 26
8845 38
8846 27
8847 33
8848 35
8849 31
8850 31
8851 26
8852 36
8853 26
8854 36
8855 23
8856 35
8857 63
8858 29
8859 30
8860 26
8861 44
8862 25
8863 36
8864 41
8865 42
8866 45
8867 32
8868 40
8869 39
8870 43
8871 30
8872 30
8873 44
8874 38
8875 35
8876 38
8877 36
8878 55
8879 26
8880 36
8881 43
8882 28
8883 73
8884 32
8885 31
8886 54
8887 44
8888 23
8889 28
8890 23
8891 32
8892 16
8893 43
8894 15
8895 30
8896 35
8897 38
8898 23
8899 38
8900 38
8901 31
8902 41
8903 32
8904 29
8905 20
8906 31
8907 30
8908 36
8909 44
8910 31
8911 40
8912 33
8913 32
8914 34
8915 32
8916 42
8917 22
8918 45
8919 24
8920 28
8921 26
8922 32
8923 36
8924 28
8925 26
8926 37
8927 39
8928 27
8929 25
8930 20
8931 33
8932 28
8933 26
8934 28
8935 33
8936 30
8937 25
8938 25
8939 36
8940 36
8941 36
8942 25
8943 30
8944 26
8945 28
8946 38
8947 29
8948 36
8949 30
8950 59
8951 32
8952 25
8953 29
8954 23
8955 30
8956 37
8957 25
8958 30
8959 24
8960 39
8961 25
8962 55
8963 30
8964 38
8965 28
8966 27
8967 26
8968 29
8969 23
8970 25
8971 38
8972 42
8973 34
8974 38
8975 31
8976 33
8977 26
8978 29
8979 37
8980 35
8981 44
8982 42
8983 35
8984 23
8985 32
8986 30
8987 34
8988 34
8989 36
8990 46
8991 31
8992 51
8993 70
8994 68
8995 36
8996 28
8997 36
8998 34
8999 40
9000 38
9001 33
9002 23
9003 38
9004 39
9005 45
9006 20
9007 34
9008 34
9009 29
9010 34
9011 53
9012 29
9013 35
9014 27
9015 30
9016 39
9017 35
9018 25
9019 39
9020 26
9021 36
9022 32
9023 25
9024 33
9025 39
9026 32
9027 28
9028 37
9029 37
9030 44
9031 30
9032 49
9033 33
9034 31
9035 21
9036 35
9037 35
9038 29
9039 32
9040 26
9041 46
9042 40
9043 36
9044 59
9045 32
9046 25
9047 47
9048 32
9049 49
9050 30
9051 43
9052 28
9053 30
9054 34
9055 31
9056 32
9057 25
9058 39
9059 26
9060 41
9061 23
9062 42
9063 28
9064 33
9065 44
9066 29
9067 35
9068 40
9069 47
9070 39
9071 32
9072 35
9073 37
9074 33
9075 51
9076 36
9077 28
9078 47
9079 28
9080 23
9081 23
9082 34
9083 33
9084 38
9085 28
9086 40
9087 24
9088 32
9089 33
9090 31
9091 37
9092 46
9093 31
9094 37
9095 41
9096 34
9097 58
9098 31
9099 44
9100 49
9101 32
9102 40
9103 25
9104 29
9105 43
9106 37
9107 46
9108 36
9109 33
9110 30
9111 31
9112 47
9113 30
9114 29
9115 34
9116 31
9117 20
9118 35
9119 27
9120 41
9121 43
9122 25
9123 29
9124 39
9125 31
9126 38
9127 41
9128 43
9129 34
9130 27
9131 25
9132 26
9133 26
9134 31
9135 39
9136 39
9137 33
9138 37
9139 53
9140 30
9141 20
9142 32
9143 58
9144 68
9145 60
9146 52
9147 37
9148 37
9149 27
9150 38
9151 31
9152 38
9153 38
9154 55
9155 31
9156 27
9157 25
9158 42
9159 23
9160 40
9161 21
9162 44
9163 46
9164 34
9165 41
9166 37
9167 30
9168 31
9169 32
9170 30
9171 46
9172 49
9173 42
9174 68
9175 29
9176 36
9177 71
9178 65
9179 31
9180 29
9181 36
9182 43
9183 36
9184 28
9185 53
9186 35
9187 51
9188 34
9189 29
9190 39
9191 34
9192 27
9193 31
9194 32
9195 40
9196 43
9197 26
9198 29
9199 30
9200 35
9201 37
9202 25
9203 27
9204 30
9205 35
9206 39
9207 34
9208 40
9209 35
9210 28
9211 47
9212 40
9213 35
9214 38
9215 32
9216 36
9217 47
9218 37
9219 35
9220 29
9221 36
9222 47
9223 35
9224 28
9225 32
9226 39
9227 28
9228 37
9229 27
9230 32
9231 36
9232 43
9233 20
9234 36
9235 29
9236 31
9237 22
9238 17
9239 36
9240 16
9241 33
9242 52
9243 37
9244 25
9245 34
9246 25
9247 36
9248 44
9249 43
9250 57
9251 41
9252 33
9253 51
9254 76
9255 61
9256 33
9257 29
9258 34
9259 30
9260 29
9261 20
9262 24
9263 31
9264 34
9265 48
9266 41
9267 40
9268 45
9269 43
9270 29
9271 35
9272 23
9273 38
9274 26
9275 40
9276 45
9277 27
9278 50
9279 42
9280 30
9281 29
9282 75
9283 30
9284 30
9285 42
9286 59
9287 22
9288 24
9289 28
9290 34
9291 37
9292 29
9293 33
9294 59
9295 31
9296 27
9297 41
9298 26
9299 32
9300 38
9301 28
9302 42
9303 27
9304 27
9305 48
9306 29
9307 38
9308 41
9309 40
9310 52
9311 32
9312 31
9313 49
9314 38
9315 20
9316 41
9317 59
9318 50
9319 32
9320 36
9321 45
9322 48
9323 35
9324 33
9325 39
9326 44
9327 40
9328 39
9329 29
9330 27
9331 43
9332 65
9333 32
9334 31
9335 32
9336 25
9337 23
9338 39
9339 35
9340 31
9341 50
9342 42
9343 26
9344 32
9345 17
9346 23
9347 32
9348 22
9349 23
9350 18
9351 47
9352 22
9353 29
9354 34
9355 52
9356 30
9357 34
9358 37
9359 35
9360 28
9361 28
9362 17
9363 34
9364 36
9365 29
9366 23
9367 31
9368 33
9369 40
9370 36
9371 27
9372 27
9373 35
9374 34
9375 29
9376 31
9377 23
9378 38
9379 41
9380 48
9381 29
9382 44
9383 32
9384 24
9385 39
9386 37
9387 31
9388 33
9389 43
9390 39
9391 39
9392 25
9393 59
9394 33
9395 46
9396 45
9397 30
9398 27
9399 36
9400 33
9401 26
9402 43
9403 40
9404 35
9405 33
9406 31
9407 37
9408 29
9409 23
9410 35
9411 39
9412 33
9413 44
9414 57
9415 62
9416 37
9417 25
9418 38
9419 29
9420 57
9421 23
9422 33
9423 34
9424 29
9425 32
9426 22
9427 37
9428 26
9429 39
9430 38
9431 19
9432 47
9433 23
9434 38
9435 31
9436 34
9437 25
9438 27
9439 22
9440 50
9441 47
9442 32
9443 29
9444 44
9445 29
9446 29
9447 25
9448 50
9449 42
9450 31
9451 32
9452 35
9453 34
9454 28
9455 31
9456 40
9457 31
9458 31
9459 35
9460 32
9461 24
9462 39
9463 23
9464 36
9465 39
9466 43
9467 34
9468 43
9469 42
9470 20
9471 26
9472 44
9473 29
9474 26
9475 50
9476 30
9477 25
9478 26
9479 29
9480 64
9481 33
9482 34
9483 22
9484 48
9485 26
9486 17
9487 35
9488 44
9489 28
9490 20
9491 31
9492 33
9493 35
9494 46
9495 57
9496 26
9497 31
9498 51
9499 19
9500 30
9501 49
9502 40
9503 51
9504 42
9505 33
9506 27
9507 42
9508 24
9509 23
9510 37
9511 32
9512 30
9513 23
9514 30
9515 37
9516 27
9517 39
9518 52
9519 45
9520 31
9521 19
9522 28
9523 49
9524 38
9525 35
9526 38
9527 56
9528 45
9529 37
9530 55
9531 25
9532 49
9533 44
9534 34
9535 49
9536 41
9537 33
9538 41
9539 29
9540 33
9541 35
9542 22
9543 41
9544 47
9545 38
9546 36
9547 36
9548 42
9549 33
9550 31
9551 43
9552 29
9553 39
9554 33
9555 43
9556 42
9557 52
9558 24
9559 26
9560 36
9561 52
9562 35
9563 27
9564 28
9565 40
9566 36
9567 28
9568 38
9569 32
9570 29
9571 51
9572 52
9573 36
9574 29
9575 38
9576 40
9577 32
9578 48
9579 28
9580 23
9581 30
9582 28
9583 37
9584 28
9585 27
9586 27
9587 43
9588 32
9589 28
9590 30
9591 37
9592 26
9593 50
9594 40
9595 32
9596 48
9597 20
9598 36
9599 31
9600 35
9601 31
9602 27
9603 31
9604 27
9605 31
9606 26
9607 26
9608 26
9609 36
9610 26
9611 35
9612 35
9613 43
9614 19
9615 23
9616 26
9617 29
9618 32
9619 27
9620 26
9621 38
9622 30
9623 27
9624 30
9625 31
9626 31
9627 37
9628 43
9629 35
9630 35
9631 31
9632 33
9633 28
9634 25
9635 40
9636 39
9637 31
9638 42
9639 26
9640 28
9641 40
9642 41
9643 32
9644 34
9645 36
9646 41
9647 40
9648 42
9649 29
9650 26
9651 38
9652 30
9653 29
9654 31
9655 35
9656 50
9657 29
9658 29
9659 23
9660 36
9661 31
9662 36
9663 38
9664 38
9665 29
9666 29
9667 26
9668 32
9669 74
9670 33
9671 54
9672 53
9673 30
9674 32
9675 44
9676 26
9677 28
9678 30
9679 62
9680 31
9681 24
9682 47
9683 33
9684 27
9685 26
9686 30
9687 29
9688 32
9689 20
9690 37
9691 42
9692 34
9693 32
9694 30
9695 31
9696 35
9697 33
9698 35
9699 19
9700 28
9701 27
9702 44
9703 43
9704 38
9705 33
9706 31
9707 29
9708 24
9709 38
9710 26
9711 29
9712 37
9713 44
9714 27
9715 27
9716 19
9717 32
9718 32
9719 33
9720 42
9721 34
9722 30
9723 29
9724 32
9725 31
9726 34
9727 37
9728 36
9729 33
9730 40
9731 58
9732 30
9733 32
9734 31
9735 25
9736 33
9737 26
9738 38
9739 40
9740 29
9741 23
9742 33
9743 36
9744 29
9745 31
9746 22
9747 28
9748 43
9749 31
9750 36
9751 31
9752 56
9753 33
9754 39
9755 42
9756 27
9757 39
9758 26
9759 30
9760 36
9761 36
9762 36
9763 32
9764 36
9765 32
9766 44
9767 32
9768 34
9769 28
9770 32
9771 48
9772 47
9773 24
9774 26
9775 33
9776 38
9777 30
9778 22
9779 81
9780 43
9781 44
9782 36
9783 32
9784 51
9785 32
9786 43
9787 52
9788 28
9789 36
9790 41
9791 29
9792 26
9793 32
9794 29
9795 26
9796 23
9797 41
9798 34
9799 45
9800 35
9801 33
9802 31
9803 53
9804 35
9805 40
9806 35
9807 34
9808 31
9809 35
9810 37
9811 29
9812 35
9813 30
9814 33
9815 36
9816 22
9817 35
9818 26
9819 25
9820 30
9821 39
9822 28
9823 34
9824 23
9825 42
9826 30
9827 31
9828 26
9829 28
9830 29
9831 26
9832 31
9833 20
9834 37
9835 48
9836 32
9837 31
9838 43
9839 35
9840 55
9841 34
9842 26
9843 29
9844 27
9845 35
9846 32
9847 37
9848 32
9849 40
9850 31
9851 32
9852 29
9853 34
9854 36
9855 32
9856 35
9857 36
9858 32
9859 41
9860 32
9861 34
9862 26
9863 22
9864 23
9865 33
9866 23
9867 32
9868 29
9869 37
9870 27
9871 45
9872 36
9873 42
9874 23
9875 39
9876 34
9877 33
9878 32
9879 51
9880 35
9881 31
9882 52
9883 26
9884 38
9885 31
9886 33
9887 34
9888 37
9889 33
9890 26
9891 26
9892 30
9893 38
9894 28
9895 32
9896 29
9897 26
9898 30
9899 29
9900 30
9901 33
9902 40
9903 27
9904 31
9905 37
9906 23
9907 26
9908 36
9909 29
9910 27
9911 29
9912 30
9913 34
9914 32
9915 28
9916 42
9917 17
9918 30
9919 41
9920 31
9921 36
9922 38
9923 33
9924 46
9925 34
9926 28
9927 25
9928 33
9929 36
9930 25
9931 36
9932 31
9933 36
9934 40
9935 33
9936 28
9937 34
9938 25
9939 31
9940 26
9941 30
9942 30
9943 29
9944 23
9945 26
9946 24
9947 37
9948 27
9949 22
9950 41
9951 35
9952 24
9953 62
9954 32
9955 35
9956 24
9957 38
9958 29
9959 21
9960 32
9961 35
9962 28
9963 29
9964 39
9965 28
9966 32
9967 17
9968 32
9969 30
9970 30
9971 29
9972 39
9973 56
9974 38
9975 19
9976 25
9977 46
9978 29
9979 32
9980 26
9981 32
9982 20
9983 30
9984 31
9985 38
9986 38
9987 40
9988 33
9989 28
9990 29
9991 35
9992 29
9993 31
9994 25
9995 20
9996 39
9997 43
9998 33
9999 26
10000 26
10001 30
10002 27
10003 46
10004 56
10005 62
10006 34
10007 30
10008 37
10009 36
10010 34
10011 61
10012 40
10013 40
10014 32
10015 42
10016 28
10017 31
10018 25
10019 37
10020 36
10021 29
10022 32
10023 36
10024 38
10025 36
10026 42
10027 35
10028 34
10029 28
10030 42
10031 29
10032 66
10033 57
10034 30
10035 29
10036 40
10037 31
10038 54
10039 27
10040 41
10041 24
10042 29
10043 34
10044 21
10045 38
10046 67
10047 33
10048 35
10049 22
10050 21
10051 30
10052 36
10053 31
10054 32
10055 30
10056 30
10057 32
10058 29
10059 49
10060 49
10061 36
10062 27
10063 30
10064 30
10065 28
10066 31
10067 33
10068 22
10069 31
10070 38
10071 35
10072 40
10073 37
10074 24
10075 25
10076 34
10077 35
10078 29
10079 32
10080 35
10081 29
10082 37
10083 35
10084 34
10085 27
10086 29
10087 31
10088 36
10089 32
10090 42
10091 48
10092 41
10093 34
10094 35
10095 46
10096 33
10097 44
10098 29
10099 33
