
10000 101 1 0

#10031: (89)  [69] from scratch
# setRoot : From 48 to 107
11000 111 10 1
12000 121 20 1
13000 131 30 1
14000 141 40 1
15000 151 50 1
16000 161 60 1
17000 171 70 1
18000 181 81 1
19000 191 90 1
20000 201 100 1
21000 211 110 1
22000 221 120 1
23000 231 130 1
24000 241 140 1
25000 251 150 1
26000 261 160 1
27000 271 170 1
28000 281 180 1
29000 291 190 1
30000 301 201 1
31000 311 210 2
32000 321 221 2
33000 331 230 2
34000 341 240 2
# setRoot : From 107 to 341
35000 351 250 2
36000 361 260 2
37000 371 270 2
38000 381 280 2
39000 391 290 2
40000 401 300 2
41000 411 310 2
42000 421 320 2
43000 431 330 2
44000 441 340 2
45000 451 350 2
46000 461 360 2
47000 471 370 2
48000 481 380 2
49000 491 390 2
# setRoot : From 140 to 500
50000 501 400 2
51000 511 410 2
52000 521 420 2
53000 531 430 2
# setRoot : From 500 to 539
54000 541 440 2
55000 551 450 2
56000 561 459 2
57000 571 470 2
58000 581 480 2
59000 591 491 2
60000 601 500 2
61000 611 509 2
62000 621 520 2
63000 631 530 2
64000 641 539 2
65000 651 550 2
66000 661 559 2
67000 671 570 2
68000 681 580 2
69000 691 590 2
70000 701 600 2
71000 711 610 2
72000 721 620 2
73000 731 630 2
74000 741 640 2
75000 751 650 2
76000 761 660 2
77000 771 670 2
78000 781 680 2
79000 791 690 2
80000 801 700 2
81000 811 709 2
82000 821 720 2
83000 831 730 2
84000 841 740 2
85000 851 750 2
86000 861 760 2
# setRoot : From 341 to 869
87000 871 770 2
88000 881 780 2
89000 891 790 2
90000 901 800 2
91000 911 810 2
92000 921 819 2
93000 931 830 2
94000 941 839 2
95000 951 850 2
96000 961 860 2
97000 971 871 2
98000 981 880 2
99000 991 890 2
100000 1001 900 2
101000 1011 910 2
102000 1021 920 2
103000 1031 929 2
104000 1041 939 2
105000 1051 950 2
106000 1061 960 2
107000 1071 969 2
108000 1081 979 2
109000 1091 990 2
110000 1100 1000 2
111000 1100 1001 2

