
10000 101 1 1

#10071: (2)  [65] from scratch
11000 111 10 1
12000 121 20 1
13000 131 30 1
# setRoot : From 84 to 139
14000 141 40 1
15000 151 50 1
16000 161 60 1
17000 171 70 1
18000 181 80 1
19000 191 90 1
20000 201 100 1
21000 211 110 1
22000 221 120 1
23000 231 130 1
24000 241 140 1
25000 251 150 1
26000 261 160 1
27000 271 170 1
28000 281 180 1
29000 291 190 1
30000 301 200 1
31000 311 210 1
32000 321 220 1
33000 331 230 1
34000 341 240 1
35000 351 250 1
36000 361 260 1
37000 371 270 1
38000 381 280 1
39000 391 290 1
40000 401 300 1
41000 411 310 1
42000 421 320 1
43000 431 330 1
44000 441 340 1
45000 451 350 1
46000 461 360 1
47000 471 370 1
48000 481 380 1
49000 491 390 1
50000 501 400 1
51000 511 410 1
52000 521 420 1
53000 531 430 1
54000 541 440 1
55000 551 450 1
56000 561 460 1
57000 571 470 1
# setRoot : From 139 to 580
58000 581 480 1
59000 591 490 1
60000 601 500 1
61000 611 510 1
62000 621 520 1
63000 631 530 1
64000 641 540 1
65000 651 549 1
66000 661 560 1
67000 671 570 1
68000 681 580 1
69000 691 590 1
70000 701 600 1
71000 711 610 1
72000 721 620 1
73000 731 630 1
# setRoot : From 580 to 731
74000 741 639 1
75000 751 650 1
76000 761 660 1
77000 771 669 1
78000 781 680 1
79000 791 689 1
80000 801 700 1
81000 811 710 1
82000 821 720 1
83000 831 729 1
84000 841 740 1
85000 851 749 1
86000 861 760 1
87000 871 770 1
88000 881 780 1
89000 891 789 1
90000 901 800 1
91000 911 810 1
92000 921 820 1
93000 931 830 1
94000 941 840 1
95000 951 850 1
96000 961 860 1
97000 971 870 1
98000 981 880 1
99000 991 890 1
100000 1001 900 1
101000 1011 909 1
102000 1021 920 1
103000 1031 930 1
104000 1041 940 1
105000 1051 949 1
106000 1061 960 1
107000 1071 970 1
108000 1081 980 1
109000 1091 989 1
110000 1100 999 1
111000 1100 1001 1

