100 10
101 16
102 12
103 14
104 10
105 10
106 12
107 10
108 8
109 14
110 12
111 12
112 10
113 12
114 14
115 16
116 14
117 14
118 14
119 16
120 14
121 12
122 8
123 14
124 20
125 12
126 12
127 16
128 14
129 16
130 14
131 16
132 18
133 16
134 12
135 12
136 14
137 12
138 14
139 14
140 10
141 14
142 12
143 20
144 12
145 14
146 16
147 6
148 14
149 14
150 16
151 18
152 14
153 12
154 14
155 12
156 12
157 12
158 14
159 16
160 12
161 16
162 16
163 12
164 14
165 6
166 16
167 16
168 14
169 14
170 12
171 8
172 12
173 10
174 14
175 16
176 18
177 14
178 10
179 16
180 14
181 10
182 14
183 12
184 12
185 10
186 12
187 14
188 14
189 16
190 14
191 18
192 8
193 16
194 8
195 16
196 16
197 10
198 8
199 14
200 12
201 14
202 14
203 8
204 10
205 16
206 12
207 16
208 18
209 12
210 18
211 14
212 14
213 12
214 12
215 10
216 18
217 18
218 16
219 14
220 12
221 12
222 10
223 14
224 14
225 10
226 12
227 14
228 14
229 18
230 14
231 14
232 14
233 14
234 14
235 12
236 16
237 16
238 18
239 12
240 8
241 16
242 14
243 12
244 14
245 12
246 12
247 16
248 18
249 12
250 14
251 12
252 18
253 16
254 14
255 10
256 14
257 12
258 14
259 18
260 16
261 14
262 12
263 14
264 16
265 18
266 18
267 14
268 18
269 12
270 12
271 16
272 16
273 18
274 12
275 16
276 16
277 12
278 14
279 14
280 18
281 12
282 18
283 14
284 12
285 14
286 14
287 16
288 14
289 18
290 12
291 14
292 18
293 12
294 8
295 16
296 12
297 14
298 16
299 12
300 14
301 16
302 12
303 16
304 18
305 16
306 14
307 12
308 10
309 18
310 16
311 14
312 14
313 16
314 18
315 14
316 8
317 10
318 12
319 14
320 14
321 12
322 16
323 12
324 14
325 16
326 12
327 16
328 14
329 8
330 18
331 10
332 26
333 18
334 20
335 18
336 12
337 12
338 16
339 12
340 14
341 10
342 16
343 16
344 12
345 14
346 16
347 14
348 14
349 12
350 12
351 12
352 18
353 12
354 12
355 12
356 12
357 20
358 16
359 16
360 12
361 10
362 12
363 18
364 26
365 12
366 14
367 14
368 14
369 18
370 14
371 14
372 10
373 16
374 16
375 12
376 8
377 16
378 16
379 18
380 16
381 14
382 16
383 14
384 18
385 16
386 18
387 16
388 14
389 14
390 14
391 14
392 18
393 28
394 16
395 12
396 12
397 18
398 14
399 12
400 18
401 18
402 14
403 16
404 14
405 16
406 16
407 18
408 12
409 8
410 12
411 12
412 20
413 22
414 18
415 16
416 16
417 10
418 12
419 14
420 16
421 12
422 14
423 12
424 12
425 10
426 12
427 20
428 14
429 18
430 10
431 18
432 32
433 12
434 20
435 12
436 20
437 14
438 14
439 18
440 14
441 14
442 12
443 14
444 10
445 18
446 12
448 12
447 34
449 18
450 14
451 12
452 16
453 14
454 12
455 18
456 12
457 12
458 20
459 14
460 12
461 12
462 14
463 14
464 16
465 12
466 10
467 12
468 26
469 20
470 10
471 14
472 14
473 18
474 12
475 18
476 18
477 20
478 10
479 16
480 18
481 14
482 12
483 18
484 20
485 12
486 12
487 16
488 14
489 18
490 16
491 16
492 26
493 18
494 14
495 12
496 16
497 20
498 14
499 16
500 16
501 14
502 18
503 10
504 14
505 18
506 10
507 20
508 14
509 12
510 16
511 14
512 18
513 6
514 16
515 16
516 22
517 16
518 16
519 14
520 16
521 12
522 16
523 18
524 14
525 18
526 18
527 16
528 16
529 16
530 16
531 14
532 12
533 16
534 24
535 12
536 18
537 12
538 16
539 18
540 8
541 12
542 16
543 14
544 16
545 24
546 10
547 12
548 16
549 14
550 18
551 12
552 16
553 14
554 16
555 8
556 12
557 16
558 12
559 12
560 20
561 14
562 8
563 26
564 12
565 16
566 12
567 14
568 12
569 14
570 16
571 16
572 18
573 16
574 16
575 14
576 30
577 14
578 16
579 14
580 10
581 14
582 16
583 14
584 12
585 18
586 12
587 18
588 14
589 12
590 10
591 10
592 16
593 16
594 14
595 16
596 16
597 14
598 8
599 18
600 10
601 18
602 14
603 16
604 16
605 16
606 14
607 14
608 16
609 18
610 18
611 14
612 14
613 18
614 14
615 32
616 10
617 16
618 14
619 10
620 10
621 10
622 12
623 14
624 14
625 16
626 12
627 16
628 14
629 14
630 14
631 12
632 10
633 10
634 18
635 12
636 12
637 14
638 12
639 14
640 14
641 18
642 10
643 16
644 16
645 12
646 14
647 16
648 12
649 14
650 12
651 14
652 16
653 6
654 16
655 14
656 16
657 14
658 18
659 18
660 14
661 16
662 16
663 16
664 18
665 10
666 14
667 12
668 16
669 40
670 12
671 16
672 18
673 16
674 10
675 14
676 18
677 18
678 14
679 16
680 14
681 12
682 14
683 30
684 18
685 10
686 14
687 26
688 12
689 12
690 14
691 16
692 16
693 20
694 18
695 12
697 10
698 18
696 46
699 16
700 10
701 16
702 22
703 16
704 12
705 20
706 16
707 26
708 20
709 14
710 12
711 12
712 18
713 16
714 14
715 16
716 8
717 14
718 12
719 16
720 10
721 24
722 14
723 12
724 8
725 18
726 22
727 28
728 16
729 14
730 12
731 18
732 12
733 14
734 18
735 18
736 18
737 10
738 28
739 14
740 12
741 12
742 16
743 16
744 26
745 18
746 14
747 18
748 16
749 18
750 18
751 14
752 20
753 20
754 14
755 18
756 20
757 12
758 14
759 16
760 14
761 18
762 32
763 16
764 16
765 12
767 20
768 12
766 42
769 16
770 18
771 18
772 18
773 16
774 18
775 16
776 12
777 14
778 30
779 20
780 14
781 18
782 14
783 14
784 16
785 32
786 18
787 12
788 18
789 16
790 18
791 18
792 12
793 14
794 16
795 14
796 14
797 14
798 18
799 20
800 16
801 16
802 14
803 18
804 14
805 18
806 10
807 14
808 16
809 14
810 16
811 18
812 18
813 18
814 16
815 16
816 16
818 12
817 32
819 16
820 16
821 16
822 16
823 16
824 26
825 16
826 16
827 16
828 14
829 18
830 16
831 20
832 16
833 14
834 20
835 16
836 14
837 12
838 12
839 16
840 28
841 14
842 12
843 12
844 14
845 16
846 18
847 14
848 12
849 14
850 14
851 12
852 18
853 26
854 30
855 22
856 14
857 14
858 12
859 18
860 16
861 14
862 14
863 24
864 10
865 18
866 14
867 18
868 18
869 18
870 20
871 18
872 16
873 16
874 16
875 16
876 16
877 14
878 18
879 16
880 16
881 12
882 20
883 16
884 14
885 16
886 16
887 20
888 14
889 34
890 12
891 14
892 14
893 12
894 20
895 20
896 12
897 18
898 12
899 16
900 14
901 14
902 28
903 24
904 14
905 18
906 18
907 28
908 14
909 16
910 20
911 16
912 16
913 18
914 14
915 28
916 18
917 16
918 14
919 16
920 12
921 10
922 16
923 18
924 16
925 18
926 12
927 18
928 10
929 16
930 14
931 12
932 20
933 12
934 18
935 12
936 14
937 18
938 14
939 20
940 18
941 16
942 18
943 20
944 14
945 18
946 6
947 14
948 16
949 18
950 14
951 14
952 16
953 16
954 22
955 8
956 16
957 14
958 32
959 18
960 16
961 16
962 14
963 14
964 6
965 20
966 16
967 14
968 12
969 14
970 14
971 18
972 14
973 18
974 12
975 14
976 14
977 16
978 30
979 14
980 14
981 38
982 14
983 14
984 16
985 16
986 14
987 18
988 18
989 14
990 10
991 10
992 16
993 16
994 28
995 18
996 12
997 10
998 16
999 14
1000 18
1001 28
1002 18
1003 18
1004 30
1005 18
1006 14
1007 12
1008 20
1009 20
1010 20
1011 14
1012 22
1013 16
1014 16
1015 20
1016 12
1017 18
1018 14
1019 16
1020 14
1021 14
1022 20
1023 22
1024 14
1025 28
1026 16
1027 16
1028 16
1029 18
1030 18
1031 20
1032 18
1033 16
1034 14
1035 18
1036 14
1037 22
1038 16
1039 18
1040 20
1041 18
1042 16
1043 16
1044 18
1045 16
1046 26
1047 18
1048 14
1049 16
1050 18
1051 22
1052 14
1053 14
1054 12
1055 16
1056 20
1057 14
1058 16
1059 14
1060 10
1061 22
1062 32
1063 10
1064 16
1065 16
1066 16
1068 14
1067 30
1069 14
1070 26
1071 16
1072 10
1073 10
1074 14
1075 14
1076 20
1077 14
1078 18
1079 44
1080 14
1081 12
1082 12
1083 18
1084 14
1085 18
1086 16
1087 10
1088 18
1089 12
1090 10
1091 18
1092 14
1093 30
1094 14
1095 14
1096 14
1097 18
1098 14
1099 18
