100 18
101 16
102 12
103 12
104 14
105 18
106 12
107 14
108 14
109 12
110 12
111 12
112 6
113 12
114 16
115 14
116 10
117 10
118 10
119 12
120 14
121 10
122 16
123 14
124 10
125 12
126 12
127 12
128 8
129 12
130 8
131 16
132 12
133 12
134 12
135 14
136 10
137 12
138 14
139 12
140 8
141 12
142 12
143 12
144 14
145 10
146 16
147 12
148 18
149 16
150 18
151 16
152 14
153 10
154 10
155 14
156 12
157 14
158 6
159 16
160 8
161 14
162 14
163 14
164 12
165 16
166 14
167 14
168 10
169 14
170 10
171 18
172 16
173 16
174 14
175 10
176 12
177 14
178 14
179 10
180 12
181 14
182 10
183 14
184 16
185 10
186 12
187 18
188 16
189 20
190 10
191 14
192 22
193 14
194 14
195 16
196 10
197 16
198 14
199 14
200 20
201 14
202 14
203 8
204 8
205 16
206 8
207 22
208 12
209 16
210 10
211 14
212 12
213 12
214 14
215 14
216 16
217 8
218 12
219 16
220 18
221 12
222 14
223 14
224 14
225 14
226 12
227 12
228 18
229 14
230 10
231 10
232 14
233 14
234 12
235 10
236 20
237 16
238 12
239 16
240 8
241 16
242 14
243 14
244 16
245 10
246 14
247 6
248 16
249 10
250 10
251 12
252 8
253 12
254 14
255 14
256 12
257 14
258 12
259 8
260 12
261 12
262 16
263 12
264 16
265 14
266 18
267 10
268 12
269 16
270 16
271 14
272 16
273 14
274 14
275 14
276 12
277 18
278 14
279 18
280 18
281 16
282 18
283 16
284 12
285 12
286 14
287 14
288 14
289 10
290 6
291 14
292 18
293 14
294 14
295 18
296 12
297 14
298 14
299 14
300 6
301 14
302 16
303 14
304 14
305 12
306 18
307 12
308 8
309 10
310 12
311 14
312 10
313 12
314 18
315 10
316 16
317 16
318 12
319 14
320 16
321 12
322 6
323 8
324 16
325 12
326 14
327 16
328 12
329 10
330 16
331 18
332 12
333 18
334 16
335 14
336 6
337 10
338 10
339 16
340 16
341 16
342 14
343 14
344 12
345 8
346 12
347 16
348 12
349 12
350 18
351 20
352 16
353 12
354 16
355 16
356 14
357 18
358 20
359 16
360 10
361 16
362 16
363 14
364 16
365 12
366 12
367 16
368 14
369 16
370 14
371 14
372 16
373 14
374 20
375 20
376 12
377 14
378 16
379 14
380 12
381 8
382 10
383 12
384 8
385 18
386 10
387 18
388 14
389 10
390 16
391 12
392 8
393 14
394 14
395 10
396 14
397 16
398 14
399 10
400 12
401 14
402 12
403 10
404 16
405 18
406 14
407 14
408 16
409 20
410 10
411 14
412 14
413 14
414 14
415 18
416 12
417 12
418 18
419 14
420 14
421 16
422 10
423 14
424 18
425 16
426 18
427 14
428 12
429 18
430 14
431 12
432 14
433 18
434 16
435 10
436 14
437 18
438 14
439 14
440 16
441 18
442 18
443 14
444 16
445 10
446 16
447 16
448 16
449 16
450 16
451 16
452 16
453 16
454 14
455 16
456 12
457 10
458 16
459 16
460 16
461 14
462 12
463 12
464 10
465 14
466 20
467 20
468 12
469 14
470 14
471 12
472 14
473 22
474 12
475 12
476 16
477 8
478 18
479 14
480 10
481 16
482 10
483 14
484 14
485 18
486 18
487 14
488 12
489 14
490 10
491 14
492 12
493 12
494 14
495 18
496 16
497 16
498 12
499 16
500 12
501 14
502 10
503 10
504 16
505 10
506 10
507 18
508 12
509 20
510 14
511 10
512 16
513 10
514 14
515 10
516 12
517 16
518 18
519 14
520 10
521 12
522 12
523 10
524 20
525 14
526 14
527 12
528 18
529 12
530 18
531 14
532 16
533 10
534 12
535 16
536 10
537 14
538 10
539 12
540 18
541 14
542 16
543 14
544 16
545 16
546 14
547 14
548 18
549 20
550 8
551 16
552 12
553 12
554 12
555 16
556 18
557 14
558 12
559 14
560 18
561 14
562 16
563 14
564 10
565 14
566 14
567 12
568 16
569 20
570 22
571 14
572 12
573 12
574 16
575 16
576 14
577 14
578 24
579 22
580 20
581 20
582 14
583 14
584 22
585 18
586 18
587 18
588 14
589 24
590 20
591 14
592 20
593 20
594 12
595 14
596 14
597 16
598 18
599 14
600 22
601 18
602 16
603 24
604 18
605 14
606 16
607 20
608 18
609 20
610 16
611 10
612 14
613 18
614 18
615 16
616 22
617 14
618 18
619 20
620 20
621 18
622 16
623 18
624 14
625 14
626 16
627 18
628 16
629 18
630 12
631 20
632 14
633 16
634 14
635 20
636 14
637 22
638 12
639 14
640 14
641 22
642 20
643 18
644 16
645 20
646 14
647 16
648 16
649 10
650 16
651 18
652 20
653 14
654 10
655 18
656 12
657 14
658 18
659 18
660 14
661 12
662 12
663 18
664 10
665 12
666 14
667 22
668 10
669 20
670 14
671 22
672 10
673 12
674 22
675 10
676 14
677 16
678 16
679 12
680 14
681 20
682 14
683 20
684 16
685 14
686 20
687 20
688 16
689 8
690 18
691 20
692 16
693 16
694 12
695 14
696 10
697 16
698 12
699 14
700 20
701 12
702 18
703 16
704 22
705 18
706 12
707 12
708 18
709 12
710 12
711 16
712 12
713 16
714 12
715 12
716 16
717 16
718 12
719 18
720 14
721 20
722 18
723 14
724 14
725 8
726 16
727 12
729 8
728 22
730 20
731 18
732 16
733 14
734 20
735 16
736 18
737 12
738 18
739 14
740 18
741 18
742 14
743 14
744 20
745 12
746 14
747 12
748 16
749 16
750 16
751 18
752 20
753 16
754 18
755 16
756 12
757 14
758 14
759 14
760 14
761 16
762 20
763 14
764 16
765 16
766 16
767 18
768 14
769 20
770 18
771 10
772 18
773 12
774 14
775 18
776 18
777 14
778 16
779 16
780 14
781 16
782 16
783 12
784 14
785 12
786 14
787 14
788 14
789 14
790 16
791 18
792 16
793 14
794 14
795 18
796 12
797 16
798 14
799 14
800 14
801 14
802 14
803 24
804 16
805 14
806 16
807 16
808 14
809 16
810 10
811 18
812 18
813 16
814 18
815 18
816 16
817 14
818 16
819 14
820 16
821 16
822 18
823 12
824 16
825 12
826 18
827 10
828 12
829 12
830 18
831 20
832 14
833 14
834 14
835 12
836 14
837 20
838 12
839 14
840 18
841 16
842 18
843 10
844 18
845 14
846 22
847 16
848 16
849 14
850 16
851 18
852 16
853 18
854 16
855 14
856 20
857 14
858 14
859 14
860 16
861 8
862 18
863 14
864 16
865 14
866 18
867 20
868 18
869 10
870 14
871 14
872 10
873 18
874 14
875 14
876 16
877 10
878 18
879 28
880 12
881 26
882 28
883 16
884 20
885 18
886 16
887 16
888 24
889 20
890 22
891 16
892 16
893 22
894 22
895 18
896 16
897 14
898 14
899 24
900 14
901 20
902 16
903 20
904 20
905 20
906 16
907 16
908 18
909 14
910 14
911 14
912 26
913 14
914 14
915 16
916 16
917 20
918 12
919 18
920 20
921 14
922 20
923 18
924 24
925 22
926 16
927 14
928 18
929 12
930 16
931 14
932 14
933 22
934 20
935 20
936 18
937 18
938 18
939 16
940 24
941 16
942 20
943 20
944 18
945 18
946 14
947 16
948 16
949 18
950 16
951 16
952 16
953 22
954 18
955 18
956 14
957 14
958 16
959 14
960 18
961 16
962 22
963 14
964 22
965 14
966 20
967 14
968 22
969 20
970 16
971 14
972 18
973 18
974 20
975 10
976 18
977 12
978 16
979 16
980 16
981 18
982 12
983 16
984 14
985 16
986 12
987 16
988 18
989 16
990 16
991 12
992 16
993 20
994 16
995 12
996 22
997 18
998 14
999 16
1000 20
1001 18
1002 14
1003 14
1004 18
1005 12
1006 18
1007 18
1008 20
1009 24
1010 20
1011 12
1012 12
1013 18
1014 16
1015 18
1016 14
1017 12
1018 16
1019 22
1020 14
1021 18
1022 24
1023 14
1024 16
1025 16
1026 18
1027 14
1028 16
1029 16
1030 16
1031 20
1032 11
1033 18
1034 18
1035 14
1036 20
1037 14
1038 14
1039 24
1040 18
1041 16
1042 14
1043 12
1044 16
1045 14
1046 20
1047 18
1048 18
1049 12
1050 14
1051 16
1052 14
1053 16
1054 14
1055 12
1056 12
1057 16
1058 14
1059 18
1060 14
1061 18
1062 16
1063 14
1064 14
1065 10
1066 12
1067 18
1068 14
1069 16
1070 14
1071 20
1072 14
1073 20
1074 16
1075 16
1076 18
1077 14
1078 12
1079 14
1080 20
1081 18
1082 20
1083 14
1084 22
1085 18
1086 14
1087 14
1088 14
1089 14
1090 10
1091 18
1092 14
1093 14
1094 16
1095 12
1096 12
1097 14
1098 14
1099 14
