100 16
101 14
102 14
103 16
104 16
105 12
106 16
107 18
108 12
109 10
110 10
111 8
112 16
113 12
114 14
115 18
116 14
117 18
118 14
119 12
120 14
121 12
122 14
123 12
124 14
125 14
126 16
127 14
128 12
129 12
130 10
131 12
132 10
133 10
134 12
135 12
136 12
137 12
138 8
139 12
140 14
141 14
142 12
143 12
144 16
145 14
146 12
147 12
148 12
149 14
150 10
151 14
152 12
153 8
154 12
155 10
156 14
157 12
158 10
159 14
160 12
161 14
162 12
163 10
164 12
165 14
166 14
167 12
168 12
169 14
170 14
171 12
172 14
173 8
174 12
175 12
176 10
177 14
178 10
179 8
180 12
181 14
182 14
183 12
184 12
185 10
186 12
187 10
188 10
189 14
190 10
191 10
192 8
193 12
194 10
195 12
196 16
197 16
198 14
199 12
200 8
201 12
202 12
203 10
204 14
205 10
206 12
207 10
208 12
209 10
210 14
211 8
212 12
213 14
214 12
215 12
216 10
217 14
218 10
219 10
220 10
221 14
222 12
223 12
224 10
225 12
226 10
227 12
228 14
229 12
230 14
231 14
232 10
233 14
234 8
235 12
236 12
237 10
238 12
239 12
240 10
241 12
242 10
243 14
244 12
245 12
246 12
247 16
248 14
249 10
250 12
251 14
252 14
253 14
254 14
255 12
256 12
257 8
258 16
259 14
260 12
261 12
262 10
263 12
264 12
265 10
266 10
267 14
268 12
269 14
270 10
271 14
272 8
273 12
274 12
275 10
276 14
277 12
278 10
279 14
280 16
281 12
282 10
283 10
284 14
285 8
286 12
287 16
288 12
289 10
290 16
291 14
292 10
293 16
294 8
295 18
296 16
297 14
298 14
299 8
300 16
301 12
302 18
303 16
304 16
305 14
306 12
307 10
308 16
309 12
310 16
311 12
312 16
313 10
314 14
315 14
316 14
317 12
318 12
319 8
320 16
321 14
322 18
323 14
324 16
325 12
326 18
327 16
328 16
329 16
330 14
331 14
332 12
333 14
334 12
335 16
336 10
337 16
338 12
339 16
340 14
341 16
342 10
343 12
344 14
345 14
346 12
347 10
348 10
349 14
350 12
351 10
352 14
353 10
354 16
355 10
356 10
357 14
358 18
359 18
360 10
361 14
362 16
363 16
364 10
365 14
366 12
367 20
368 12
369 16
370 14
371 14
372 12
373 16
374 16
375 12
376 16
377 6
378 10
379 20
380 16
381 16
382 12
383 10
384 14
385 8
386 16
387 10
388 18
389 14
390 10
391 10
392 12
393 10
394 12
395 14
396 10
397 16
398 16
399 12
400 12
401 14
402 14
403 14
404 12
405 12
406 16
407 14
408 16
409 16
410 12
411 10
412 16
413 16
414 16
415 14
416 14
417 14
418 14
419 12
420 14
421 14
422 8
423 20
424 16
425 18
426 12
427 16
428 8
429 12
430 18
431 16
432 12
433 12
434 12
435 14
436 10
437 16
438 14
439 14
440 12
441 12
442 12
443 10
444 12
445 16
446 16
447 14
448 12
449 14
450 14
451 18
452 14
453 16
454 16
455 18
456 12
457 14
458 12
459 16
460 14
461 12
462 14
463 16
464 10
465 14
466 16
467 18
468 16
469 14
470 10
471 10
472 10
473 10
474 14
475 16
476 14
477 12
478 12
479 12
480 14
481 16
482 10
483 18
484 14
485 14
486 14
487 14
488 14
489 12
490 16
491 14
492 12
493 12
494 10
495 16
496 16
497 8
498 14
499 14
500 12
501 14
502 12
503 16
504 14
505 14
506 14
507 12
508 16
509 14
510 18
511 14
512 12
513 14
514 18
515 16
516 12
517 14
518 16
519 10
520 10
521 14
522 12
523 18
524 14
525 12
526 12
527 14
528 10
529 14
530 18
531 12
532 18
533 18
534 16
535 16
536 18
537 12
538 12
539 22
540 16
541 20
542 10
543 16
544 16
545 18
546 14
547 12
548 10
549 12
550 16
551 16
552 16
553 16
554 14
555 16
556 12
557 14
558 20
559 16
560 18
561 12
562 12
563 12
564 18
565 16
566 12
567 16
568 10
569 14
570 12
571 10
572 18
573 16
574 18
575 16
576 18
577 14
578 14
579 16
580 12
581 14
582 14
583 14
584 18
585 14
586 12
587 10
588 18
589 6
590 12
591 16
592 12
593 14
594 18
595 14
596 12
597 14
598 12
599 10
600 16
601 16
602 18
603 12
604 14
605 16
606 12
607 14
608 24
609 22
610 28
611 18
612 14
613 20
614 18
615 14
616 18
617 16
618 18
619 18
620 10
621 22
622 18
623 18
624 16
625 12
626 18
627 26
628 14
629 20
630 18
631 18
632 18
633 22
634 12
635 10
636 16
638 16
637 30
639 16
640 16
641 16
642 16
643 18
644 14
645 16
646 12
647 16
648 12
649 16
650 16
651 22
652 9
653 16
654 18
655 10
656 8
657 16
658 26
659 14
660 14
661 22
662 12
663 24
664 16
665 14
666 16
667 18
668 14
669 14
670 14
671 14
672 14
673 14
674 10
675 18
676 18
677 16
678 14
679 10
680 14
681 14
682 14
683 18
684 24
685 14
686 14
687 18
688 12
689 20
690 12
691 8
692 14
693 8
694 16
695 18
696 14
697 12
698 16
699 16
700 14
701 14
702 18
703 14
704 20
705 18
706 14
707 18
708 16
709 16
710 16
711 16
712 16
713 18
714 16
715 16
716 14
717 22
718 10
719 14
720 14
721 18
722 8
723 16
724 16
725 18
726 16
727 16
728 14
729 14
730 20
731 12
732 12
733 18
734 16
735 18
736 12
737 14
738 16
739 16
740 16
741 22
742 16
743 18
744 18
745 20
746 12
747 20
748 16
749 18
750 14
751 18
752 14
753 12
754 18
755 14
756 20
757 14
758 14
759 16
760 10
761 12
762 16
763 18
764 16
765 18
766 14
767 16
768 16
769 22
770 10
771 18
772 16
773 10
774 12
775 16
776 10
777 14
778 16
779 18
780 18
781 12
782 10
783 14
784 12
785 16
786 10
787 16
788 14
789 12
790 14
791 18
792 16
793 16
794 12
795 16
796 14
797 18
798 18
799 16
800 16
801 18
802 16
803 10
804 16
805 18
806 20
807 18
808 22
809 14
810 18
811 16
812 16
813 16
814 10
815 12
816 14
817 14
818 16
819 18
820 12
821 12
822 14
823 14
824 22
825 18
826 16
827 7
828 12
829 14
830 20
831 14
832 16
833 20
834 16
835 14
836 22
837 18
838 18
839 16
840 14
841 14
842 18
843 16
844 14
845 20
846 8
847 18
848 12
849 14
850 14
851 18
852 20
853 18
854 12
855 10
856 14
857 22
858 16
859 16
860 12
861 14
862 12
863 16
864 14
865 10
866 14
867 16
868 18
869 22
870 16
871 18
872 16
873 16
874 14
875 12
876 14
877 18
878 10
879 10
880 18
881 20
882 18
883 20
884 16
885 18
886 18
887 20
888 18
889 12
890 16
891 18
892 16
893 10
894 16
895 18
896 24
897 18
898 18
899 16
900 18
901 12
902 14
903 20
904 20
905 12
906 16
907 12
908 16
909 28
910 22
911 20
912 26
913 16
914 24
915 12
916 16
917 14
918 28
919 24
920 14
921 20
922 18
923 22
924 22
925 22
926 18
927 24
928 14
929 26
930 16
931 18
932 22
933 14
934 24
935 20
936 14
937 16
938 22
939 18
940 12
941 16
942 14
943 12
944 18
945 14
946 14
947 16
948 14
949 20
950 22
951 13
952 18
953 16
954 18
955 20
956 24
957 22
958 10
959 20
960 18
961 20
962 18
963 20
964 9
965 22
966 16
967 12
968 16
969 8
970 18
971 16
972 14
973 18
974 18
975 12
976 12
977 18
978 14
979 20
980 10
981 16
982 18
983 14
984 10
985 12
986 24
987 16
988 18
989 20
990 14
991 22
992 16
993 20
994 14
995 12
996 14
997 18
998 18
999 20
1000 14
1001 16
1002 18
1003 12
1004 20
1005 18
1006 16
1007 16
1008 18
1009 24
1010 22
1011 26
1012 18
1013 16
1014 16
1015 20
1016 18
1017 18
1018 16
1019 18
1020 14
1021 18
1022 16
1023 18
1024 14
1025 18
1026 18
1027 18
1028 20
1029 18
1030 18
1031 16
1032 14
1033 14
1034 20
1035 22
1036 16
1037 16
1038 20
1039 16
1040 18
1041 14
1042 18
1043 16
1044 16
1045 16
1046 14
1047 16
1048 12
1049 22
1050 12
1051 20
1052 16
1053 16
1054 14
1055 22
1056 12
1057 16
1058 16
1059 12
1060 22
1061 20
1062 12
1063 14
1064 12
1065 16
1066 12
1067 18
1068 20
1069 14
1070 16
1071 14
1072 14
1073 12
1074 16
1075 10
1076 16
1077 16
1078 22
1079 14
1080 18
1081 14
1082 14
1083 14
1084 16
1085 16
1086 16
1087 12
1088 16
1089 16
1090 16
1091 14
1092 16
1093 24
1094 16
1095 16
1096 16
1097 20
1098 16
1099 20
