100 24
101 14
102 18
103 8
104 10
105 16
106 12
107 14
108 10
109 12
110 12
111 14
112 10
113 28
114 12
115 14
116 8
117 12
118 10
119 14
120 10
121 16
122 8
123 14
124 6
125 8
126 14
127 18
128 12
129 12
130 14
131 14
132 14
133 14
134 12
135 14
136 14
137 14
138 8
139 18
140 12
141 16
142 16
143 10
144 14
145 12
146 16
147 14
148 16
149 14
150 12
151 16
152 10
153 12
154 12
155 14
156 14
157 10
158 16
159 12
160 12
161 18
162 20
163 14
164 14
165 16
166 18
167 8
168 16
169 8
170 12
171 14
172 16
173 10
174 14
175 16
176 12
177 10
178 10
179 10
180 18
181 12
182 14
183 16
184 12
185 18
186 12
187 14
188 20
189 22
190 16
191 16
192 16
193 18
194 14
195 12
196 14
197 16
198 12
199 12
200 16
201 16
202 12
203 18
204 8
205 12
206 14
207 12
208 14
209 14
210 14
211 16
212 16
213 8
214 12
215 12
216 16
217 14
218 12
219 14
220 16
221 14
222 14
223 12
224 14
225 14
226 12
227 10
228 12
229 22
230 16
231 44
232 6
233 16
234 14
235 14
236 12
237 16
238 14
239 8
240 8
241 12
242 14
243 12
244 14
245 10
246 14
247 12
248 8
249 18
250 12
251 12
252 16
253 16
254 18
255 18
256 14
257 12
258 30
259 12
260 8
261 16
262 10
263 16
264 10
265 18
266 14
267 14
268 24
269 12
270 18
271 10
272 14
273 16
274 14
275 12
276 14
277 16
278 12
279 14
280 16
281 16
282 18
283 18
284 10
285 16
286 10
287 10
288 16
289 14
290 14
291 18
292 18
293 12
294 18
295 14
296 18
297 18
298 12
299 12
300 10
301 14
302 12
303 12
304 20
305 18
306 16
307 10
308 18
309 18
310 12
311 12
312 14
313 14
314 18
315 14
316 12
317 14
318 18
319 18
320 10
321 18
322 8
323 16
324 16
325 10
326 14
327 16
328 14
329 10
330 18
331 16
332 20
333 14
334 10
335 20
336 14
337 22
338 14
339 14
340 14
341 16
342 16
343 16
344 16
345 14
346 10
347 10
348 12
349 24
350 16
351 8
352 18
353 30
354 14
355 14
356 14
357 16
358 12
359 14
360 14
361 14
362 14
363 28
364 14
365 12
366 10
367 18
368 14
369 24
370 14
371 16
372 12
373 16
374 14
375 14
376 16
377 18
378 16
379 12
380 18
381 8
382 16
383 24
384 18
385 16
386 12
387 8
388 10
389 18
390 14
391 28
392 40
393 12
394 14
395 16
396 14
397 12
398 18
399 16
400 12
401 20
402 14
403 14
404 16
405 30
406 14
407 14
408 10
409 26
410 16
411 24
412 12
413 20
414 14
415 12
416 14
417 16
418 20
419 24
420 16
421 14
422 10
423 24
424 16
425 16
426 10
427 18
428 12
429 12
430 32
431 16
432 18
433 20
434 18
435 18
436 18
437 14
438 20
439 24
440 12
441 12
442 16
443 12
444 32
445 18
446 18
447 20
448 12
449 20
450 46
451 10
452 44
453 14
454 12
455 12
456 18
457 14
458 38
459 24
460 14
461 24
462 10
463 12
464 30
465 14
466 20
467 16
468 12
469 14
470 22
471 20
472 20
473 24
474 12
476 31
477 18
475 56
478 26
479 34
480 22
481 32
482 10
483 18
484 28
485 32
486 12
487 22
488 12
489 16
490 36
491 14
492 12
493 18
494 34
495 24
496 16
497 12
498 10
499 44
500 16
501 26
502 18
503 14
504 16
505 8
506 26
507 10
508 12
509 10
510 24
511 20
512 24
513 14
515 26
516 38
517 14
518 16
514 70
519 18
520 16
521 24
522 20
523 12
524 24
525 14
526 22
527 20
528 32
529 16
530 14
531 26
532 30
533 18
534 14
535 40
537 14
538 14
536 54
539 20
540 12
541 20
542 32
543 20
544 12
545 14
546 22
547 18
548 26
549 10
550 18
551 48
552 24
553 25
554 20
555 16
556 16
557 14
558 18
559 14
560 24
561 14
562 18
563 26
564 20
565 16
566 12
567 18
568 16
569 16
570 14
571 18
572 14
573 22
574 32
576 38
577 26
578 14
575 68
579 14
580 28
581 18
582 28
583 12
584 14
585 16
588 16
586 40
587 30
589 26
590 16
591 16
592 14
593 28
594 14
595 14
596 18
597 16
598 12
599 26
600 38
601 12
602 18
603 18
604 20
605 34
607 14
608 18
606 56
609 14
610 20
611 44
612 14
613 14
614 26
615 26
616 16
617 16
618 34
619 24
620 16
621 50
622 6
623 20
624 20
626 14
627 18
625 62
628 34
629 40
630 24
631 28
632 36
633 12
634 12
635 22
636 12
637 24
638 70
639 16
640 16
641 60
642 14
643 14
644 18
645 30
646 16
647 16
648 42
649 16
650 18
651 12
652 16
653 16
654 28
655 46
656 16
657 14
658 36
659 18
660 28
661 40
662 16
663 16
664 18
665 16
666 22
667 16
668 14
669 32
670 56
671 26
672 24
673 12
674 20
676 16
678 16
675 66
677 54
679 32
680 28
681 12
682 52
683 16
684 46
685 46
686 16
687 16
688 12
689 16
690 20
691 16
692 8
693 18
694 18
695 14
697 16
696 94
698 26
699 28
700 18
701 12
702 30
703 20
704 28
705 36
706 14
707 18
708 30
709 20
710 52
711 22
712 20
713 16
714 18
715 48
716 16
717 44
718 42
719 30
720 16
721 42
722 22
723 18
724 36
725 16
726 14
727 28
728 42
729 24
730 16
731 28
732 56
733 26
734 38
735 42
736 18
737 16
738 18
739 16
740 28
741 18
742 16
743 50
744 12
745 14
746 22
747 16
748 56
749 14
750 18
751 25
752 14
754 40
755 10
756 26
757 28
758 14
753 70
759 56
760 38
761 38
762 16
763 18
764 14
765 14
766 38
767 12
768 22
769 24
770 10
771 18
772 14
773 14
774 24
775 14
776 12
777 38
778 92
779 20
780 18
781 22
782 14
783 22
784 22
785 34
786 24
787 14
788 30
789 14
790 16
791 16
792 18
793 14
794 20
795 36
796 12
797 40
798 20
799 20
800 44
801 16
802 36
803 12
804 14
805 84
806 40
807 40
808 54
809 14
810 18
811 78
812 12
813 12
814 22
815 28
816 16
817 14
818 14
819 32
820 10
821 14
822 16
823 32
824 16
825 14
826 12
827 10
828 28
829 44
830 42
831 18
832 26
833 16
834 14
835 22
838 14
836 46
837 30
839 14
840 36
841 20
842 28
843 16
844 20
845 28
846 28
847 42
848 30
849 48
850 12
851 18
852 12
853 18
854 12
855 28
856 18
857 12
858 24
859 20
860 14
861 54
862 22
863 16
864 46
865 40
866 14
867 14
868 14
869 14
870 88
871 18
872 10
873 12
874 14
875 16
876 14
878 12
877 62
879 12
880 16
881 50
882 30
883 16
884 34
885 14
886 24
887 124
888 24
889 16
890 74
891 14
892 24
893 18
894 16
895 16
896 16
897 28
898 58
899 16
900 26
901 28
902 14
903 14
904 28
905 22
906 16
907 14
908 16
909 48
910 42
911 18
912 20
913 20
914 32
915 28
916 14
918 10
917 66
919 16
920 30
921 18
922 26
923 14
924 16
925 18
926 14
928 14
927 46
929 32
930 16
931 68
932 14
933 16
934 16
935 18
936 30
937 72
938 98
939 20
940 10
941 44
942 12
943 40
945 32
946 24
947 16
944 64
949 14
950 20
951 30
952 8
953 16
954 14
955 10
956 30
957 28
948 126
958 50
959 60
960 16
961 14
962 30
963 12
964 36
965 38
966 38
967 20
968 48
969 26
970 34
971 16
972 30
973 28
974 16
975 18
976 14
977 12
978 20
979 56
980 20
981 16
982 26
983 14
984 54
985 14
986 26
987 24
988 18
989 28
990 24
991 46
992 32
993 26
994 18
995 42
996 14
997 56
998 70
999 18
1000 14
1001 24
1002 12
1003 28
1004 22
1005 32
1006 20
1007 16
1008 32
1009 12
1010 66
1011 16
1012 18
1013 42
1014 16
1015 32
1016 16
1017 16
1019 8
1018 50
1020 16
1021 20
1022 12
1023 30
1024 14
1025 14
1026 22
1027 28
1028 14
1029 34
1030 18
1031 10
1032 62
1033 20
1034 36
1035 30
1036 16
1037 18
1038 42
1039 16
1040 14
1041 52
1042 20
1043 14
1044 46
1045 18
1046 12
1047 16
1048 18
1049 42
1050 20
1051 14
1052 18
1053 28
1054 16
1055 20
1056 28
1057 28
1058 44
1059 50
1060 54
1061 9
1062 20
1063 26
1064 16
1067 16
1065 66
1066 88
1068 30
1069 12
1070 18
1071 32
1072 56
1073 12
1074 30
1075 18
1077 14
1076 44
1078 72
1079 96
1080 12
1081 24
1082 40
1083 20
1084 10
1085 20
1087 26
1086 44
1088 38
1089 48
1090 28
1091 14
1092 16
1093 46
1095 44
1096 12
1099 8
1094 76
1097 52
1098 28
