100 24
101 14
102 14
103 14
104 16
105 20
106 10
107 16
108 10
109 16
110 16
111 16
112 16
113 14
114 18
115 18
116 16
117 14
118 10
119 14
120 16
121 16
122 14
123 14
124 14
125 14
126 14
127 10
128 16
129 14
130 16
131 16
132 14
133 14
134 12
135 10
136 6
137 14
138 14
139 18
140 14
141 16
142 12
143 14
144 16
145 14
146 14
147 14
148 10
149 14
150 14
151 16
152 12
153 14
154 16
155 12
156 14
157 10
158 16
159 12
160 12
161 12
162 16
163 14
164 10
165 14
166 16
167 14
168 14
169 16
170 14
171 10
172 14
173 16
174 12
175 14
176 18
177 12
178 16
179 14
180 14
181 14
182 12
183 14
184 14
185 16
186 16
187 12
188 16
189 14
190 12
191 6
192 14
193 12
194 12
195 12
196 12
197 18
198 14
199 18
200 18
201 12
202 16
203 12
204 10
205 12
206 14
207 16
208 18
209 12
210 18
211 14
212 12
213 14
214 14
215 12
216 16
217 16
218 6
219 14
220 12
221 12
222 10
223 16
224 12
225 18
226 14
227 10
228 18
229 14
230 14
231 14
232 14
233 14
234 16
235 16
236 16
237 14
238 14
239 14
240 14
241 16
242 6
243 14
244 14
245 14
246 14
247 12
248 12
249 16
250 14
251 14
252 12
253 14
254 14
255 14
256 16
257 16
258 14
259 14
260 16
261 18
262 14
263 18
264 14
265 14
266 16
267 16
268 18
269 14
270 14
271 14
272 8
273 16
274 14
275 10
276 16
277 16
278 8
279 12
280 14
281 18
282 14
283 16
284 14
285 18
286 14
287 16
288 18
289 18
290 16
291 14
292 14
293 14
294 14
295 18
296 16
297 10
298 12
299 14
300 8
301 12
302 16
303 16
304 14
305 16
306 12
307 12
308 12
309 14
310 16
311 16
312 14
313 16
314 12
315 14
316 14
317 14
318 12
319 16
320 16
321 14
322 16
323 14
324 14
325 10
326 18
327 8
328 6
329 14
330 14
331 16
332 12
333 14
334 12
335 14
336 16
337 14
338 14
339 16
340 14
341 10
342 18
343 14
344 18
345 14
346 12
347 18
348 18
349 12
350 12
351 18
352 10
353 16
354 16
355 18
356 16
357 14
358 14
359 14
360 14
361 12
362 12
363 16
364 18
365 14
366 14
367 12
368 16
369 14
370 18
371 12
372 16
373 16
374 16
375 14
376 12
377 18
378 16
379 18
380 14
381 16
382 12
383 16
384 16
385 12
386 14
387 14
388 16
389 12
390 16
391 16
392 18
393 16
394 10
395 14
396 16
397 12
398 16
399 16
400 24
401 18
402 20
403 18
404 20
405 14
406 16
407 18
408 7
409 18
410 16
411 14
412 18
413 18
414 7
415 16
416 14
417 12
418 16
419 20
420 22
421 11
422 14
423 14
424 12
425 16
426 16
427 16
428 12
429 14
430 16
431 16
432 18
433 18
434 20
435 18
436 18
437 10
438 16
439 16
440 16
441 18
442 9
443 16
444 16
445 18
446 14
447 18
448 16
449 14
450 16
451 18
452 16
453 18
454 14
455 12
456 18
457 14
458 10
459 16
460 18
461 18
462 14
463 18
464 12
465 14
466 18
467 14
468 18
469 18
470 14
471 16
472 20
473 18
474 14
475 14
476 8
477 16
478 16
479 12
480 18
481 14
482 18
483 20
484 18
485 18
486 14
487 18
488 16
489 18
490 16
491 16
492 14
493 12
494 16
495 14
496 16
497 16
498 14
499 14
500 14
501 14
502 8
503 14
504 10
505 10
506 16
507 18
508 18
509 18
510 16
511 10
512 12
513 14
514 16
515 14
516 16
517 14
518 14
519 18
520 14
521 18
522 14
523 12
524 16
525 14
526 10
527 14
528 16
529 16
530 16
531 12
532 14
533 14
534 12
535 10
536 12
537 18
538 6
539 16
540 16
541 16
542 20
543 16
544 16
545 16
546 16
547 16
548 16
549 16
550 12
551 18
552 12
553 16
554 12
555 10
556 14
557 18
558 18
559 10
560 12
561 18
562 14
563 14
564 16
565 10
566 14
567 14
568 16
569 16
570 12
571 12
572 16
573 14
574 12
575 16
576 12
577 16
578 14
579 12
580 20
581 16
582 20
583 10
584 12
585 16
586 18
587 14
588 16
589 14
590 14
591 16
592 12
593 16
594 16
595 16
596 10
597 10
598 18
599 18
600 16
601 14
602 20
603 14
604 16
605 14
606 8
607 18
608 16
609 12
610 14
611 18
612 14
613 14
614 16
615 14
616 14
617 14
618 10
619 14
620 12
621 16
622 14
623 14
624 14
625 14
626 10
627 16
628 14
629 16
630 20
631 16
632 16
633 16
634 16
635 16
636 10
637 14
638 16
639 16
640 16
641 16
642 8
643 14
644 12
645 12
646 14
647 10
648 20
649 9
650 8
651 16
652 14
653 18
654 14
655 14
656 16
657 16
658 8
659 14
660 14
661 12
662 14
663 12
664 10
665 16
666 18
667 12
668 14
669 12
670 18
671 18
672 20
673 20
674 16
675 20
676 14
677 14
678 12
679 18
680 12
681 20
682 16
683 10
684 14
685 16
686 16
687 14
688 14
689 12
690 10
691 14
692 14
693 14
694 14
695 16
696 14
697 12
698 10
699 12
700 20
701 28
702 26
703 22
704 12
705 18
706 22
707 20
708 18
709 22
710 24
711 12
712 18
713 18
714 12
715 20
716 22
717 18
718 14
719 18
720 20
721 20
722 20
723 8
724 18
725 18
726 14
727 18
728 18
729 16
730 22
731 24
732 12
733 16
734 22
735 20
736 16
737 16
738 24
739 14
740 22
741 18
742 14
743 22
744 16
745 16
746 20
747 14
748 18
749 20
750 14
751 16
752 16
753 20
754 18
755 20
756 20
757 11
758 18
759 16
760 22
761 20
762 12
763 14
764 14
765 8
766 14
767 14
768 22
769 20
770 14
771 16
772 18
773 20
774 14
775 14
776 8
777 20
778 18
779 16
780 20
781 20
782 16
783 16
784 18
785 20
786 16
787 12
788 22
789 11
790 20
791 18
792 18
793 16
794 12
795 18
796 20
797 12
798 16
799 18
800 22
801 22
802 14
803 20
804 22
805 18
806 20
807 9
808 18
809 12
810 18
811 16
812 16
813 14
814 24
815 14
816 16
817 16
818 18
819 14
820 16
821 20
822 10
823 18
824 16
825 16
826 18
827 18
828 20
829 14
830 16
831 22
832 18
833 14
834 12
835 16
836 18
837 16
838 16
839 14
840 18
841 14
842 16
843 16
844 12
845 16
846 18
847 18
848 22
849 14
850 10
851 18
852 18
853 14
854 14
855 14
856 16
857 10
858 16
859 12
860 16
861 14
862 16
863 16
864 16
865 18
866 16
867 16
868 16
869 16
870 20
871 16
872 14
873 14
874 20
875 18
876 14
877 16
878 16
879 16
880 16
881 16
882 20
883 14
884 12
885 10
886 16
887 12
888 22
889 20
890 12
891 18
892 16
893 14
894 16
895 10
896 12
897 16
898 18
899 14
900 20
901 16
902 18
903 16
904 14
905 16
906 8
907 18
908 16
909 16
910 18
911 16
912 26
913 16
914 16
915 14
916 22
917 16
918 18
919 24
920 16
921 20
922 18
923 14
924 14
925 24
926 18
927 18
928 18
929 20
930 16
931 26
932 14
933 12
934 16
935 20
936 14
937 20
938 14
939 18
940 22
941 12
942 18
943 14
944 16
945 14
946 18
947 22
948 16
949 20
950 16
951 18
952 7
953 16
954 12
955 16
956 14
957 16
958 16
959 18
960 16
961 14
962 16
963 16
964 18
965 18
966 16
967 12
968 14
969 10
970 12
971 22
972 16
973 16
974 12
975 14
976 16
977 16
978 16
979 18
980 10
981 20
982 22
983 10
984 10
985 18
986 18
987 14
988 18
989 16
990 22
991 18
992 18
993 12
994 12
995 20
996 16
997 14
998 14
999 16
1000 16
1001 14
1002 26
1003 16
1004 24
1005 16
1006 16
1007 24
1008 24
1009 24
1010 14
1011 20
1012 22
1013 24
1014 20
1015 18
1016 26
1017 14
1018 18
1019 22
1020 14
1021 24
1022 24
1023 22
1024 14
1025 14
1026 18
1027 14
1028 18
1029 16
1030 18
1031 14
1032 16
1033 18
1034 18
1035 18
1036 16
1037 26
1038 15
1039 20
1040 22
1041 12
1042 14
1043 18
1044 24
1045 15
1046 22
1047 13
1048 20
1049 18
1050 14
1051 22
1052 16
1053 20
1054 16
1055 10
1056 24
1057 28
1058 15
1059 20
1060 13
1061 12
1062 20
1063 20
1064 22
1065 18
1066 20
1067 20
1068 18
1069 26
1070 22
1071 16
1072 22
1073 24
1074 18
1075 24
1076 14
1077 20
1078 18
1079 16
1080 20
1081 14
1082 16
1083 18
1084 14
1085 20
1086 9
1087 16
1088 20
1089 24
1090 22
1091 18
1092 18
1093 22
1094 18
1095 16
1096 20
1097 18
1098 20
1099 22
