100 22
101 16
102 24
103 12
104 12
105 14
106 20
107 8
108 20
109 20
110 10
111 16
112 14
113 14
114 18
115 12
116 14
117 18
118 18
119 10
120 12
121 16
122 14
123 16
124 8
125 12
126 14
127 10
128 8
129 16
130 12
131 12
132 12
133 14
134 12
135 14
136 14
137 8
138 10
139 16
140 12
141 16
142 18
143 14
144 18
145 10
146 12
147 16
148 14
149 18
150 14
151 14
152 16
153 12
154 14
155 14
156 18
157 10
158 14
159 12
160 6
161 14
162 14
163 14
164 8
165 16
166 14
167 14
168 20
169 18
170 12
171 16
172 16
173 18
174 16
175 14
176 14
177 12
178 14
179 12
180 10
181 12
182 14
183 14
184 14
185 16
186 14
187 14
188 14
189 14
190 12
191 16
192 16
193 16
194 16
195 14
196 14
197 10
198 16
199 14
200 12
201 10
202 10
203 14
204 16
205 12
206 10
207 10
208 16
209 16
210 10
211 16
212 14
213 14
214 16
215 16
216 16
217 14
218 14
219 12
220 10
221 14
222 14
223 12
224 12
225 16
226 14
227 14
228 12
229 18
230 16
231 12
232 10
233 12
234 14
235 16
236 16
237 14
238 16
239 14
240 16
241 16
242 14
243 16
244 16
245 10
246 12
247 16
248 10
249 12
250 14
251 20
252 16
253 12
254 14
255 18
256 14
257 10
258 10
259 12
260 14
261 16
262 16
263 14
264 14
265 18
266 14
267 12
268 18
269 12
270 10
271 14
272 14
273 18
274 14
275 20
276 14
277 14
278 8
279 12
280 12
281 12
282 14
283 16
284 12
285 20
286 12
287 16
288 12
289 14
290 12
291 14
292 20
293 16
294 12
295 12
296 12
297 16
298 12
299 14
300 12
301 18
302 16
303 10
304 10
305 14
306 14
307 8
308 16
309 14
310 8
311 14
312 10
313 14
314 16
315 8
316 16
317 18
318 18
319 12
320 14
321 14
322 14
323 16
324 12
325 14
326 14
327 14
328 18
329 16
330 16
331 14
332 16
333 16
334 16
335 14
336 16
337 8
338 10
339 14
340 10
341 14
342 14
343 14
344 16
345 12
346 12
347 12
348 18
349 12
350 16
351 14
352 14
353 18
354 14
355 12
356 8
357 16
358 14
359 16
360 16
361 10
362 14
363 12
364 12
365 18
366 16
367 14
368 8
369 16
370 12
371 18
372 12
373 14
374 16
375 12
376 12
377 14
378 12
379 12
380 12
381 16
382 16
383 12
384 20
385 14
386 12
387 16
388 16
389 18
390 18
391 10
392 8
393 10
394 14
395 20
396 14
397 16
398 16
399 10
400 10
401 8
402 16
403 10
404 12
405 14
406 12
407 18
408 14
409 12
410 18
411 12
412 14
413 10
414 12
415 16
416 10
417 14
418 16
419 14
420 12
421 16
422 16
423 10
424 14
425 16
426 14
427 16
428 16
429 14
430 14
431 16
432 14
433 16
434 14
435 16
436 12
437 10
438 10
439 12
440 14
441 12
442 14
443 10
444 10
445 14
446 14
447 14
448 14
449 18
450 14
451 16
452 12
453 12
454 22
455 18
456 14
457 18
458 12
459 16
460 16
461 16
462 16
463 16
464 12
465 14
466 14
467 14
468 14
469 14
470 18
471 18
472 16
473 10
474 16
475 16
476 22
477 16
478 12
479 12
480 10
481 16
482 10
483 16
484 16
485 18
486 14
487 8
488 12
489 20
490 14
491 14
492 16
493 16
494 16
495 18
496 18
497 12
498 16
499 14
500 16
501 8
502 14
503 20
504 16
505 12
506 14
507 16
508 18
509 20
510 14
511 20
512 12
513 12
514 16
515 12
516 18
517 14
518 14
519 18
520 16
521 14
522 14
523 10
524 14
525 14
526 14
527 20
528 14
529 12
530 14
531 16
532 16
533 16
534 10
535 18
536 10
537 14
538 14
539 16
540 6
541 12
542 18
543 14
544 18
545 20
546 16
547 12
548 14
549 18
550 12
551 18
552 20
553 16
554 12
555 16
556 16
557 14
558 16
559 12
560 12
561 10
562 18
563 10
564 18
565 18
566 12
567 18
568 16
569 14
570 14
571 14
572 10
573 14
574 16
575 16
576 16
577 8
578 12
579 16
580 12
581 18
582 14
583 14
584 12
585 20
586 16
587 16
588 16
589 18
590 18
591 10
592 18
593 14
594 14
595 16
596 12
597 16
598 16
599 14
600 14
601 18
602 18
603 14
604 12
605 16
606 14
607 12
608 18
609 14
610 14
611 12
612 14
613 16
614 16
615 18
616 16
617 14
618 12
619 12
620 16
621 18
622 16
623 16
624 14
625 18
626 16
627 18
628 14
629 14
630 14
631 14
632 8
633 14
634 14
635 20
636 20
637 8
638 14
639 14
640 16
641 16
642 14
643 18
644 18
645 8
646 14
647 16
648 14
649 18
650 16
651 20
652 12
653 14
654 8
655 18
656 16
657 14
658 16
659 12
660 18
661 16
662 14
663 16
664 10
665 14
666 14
667 14
668 14
669 16
670 14
671 18
672 14
673 14
674 16
675 18
676 12
677 14
678 12
679 14
680 12
681 10
682 14
683 20
684 18
685 12
686 20
687 18
688 14
689 20
690 16
691 16
692 22
693 18
694 18
695 14
696 12
697 16
698 12
699 18
700 16
701 12
702 16
703 14
704 14
705 6
706 14
707 14
708 12
709 16
710 14
711 18
712 14
713 10
714 14
715 16
716 12
717 16
718 12
719 14
720 14
721 12
722 12
723 14
724 16
725 10
726 14
727 18
728 14
729 12
730 16
731 14
732 12
733 18
734 14
735 24
736 12
737 14
738 18
739 14
740 16
741 16
742 14
743 20
744 10
745 20
746 20
747 12
748 16
749 16
750 12
751 14
752 14
753 16
754 14
755 18
756 20
757 18
758 16
759 16
760 16
761 16
762 16
763 14
764 18
765 16
766 14
767 18
768 14
769 16
770 14
771 10
772 18
773 16
774 20
775 20
776 16
777 16
778 16
779 18
780 16
781 14
782 14
783 20
784 20
785 10
786 16
787 18
788 14
789 16
790 18
791 14
792 18
793 16
794 16
795 18
796 16
797 10
798 16
799 14
800 14
801 14
802 16
803 12
804 12
805 14
806 14
807 10
808 12
809 14
810 20
811 14
812 14
813 14
814 32
815 12
816 16
817 16
818 18
819 16
820 14
821 18
822 10
823 16
824 16
825 16
826 14
827 18
828 12
829 14
830 18
831 18
832 16
833 20
834 14
835 20
836 16
837 12
838 12
839 16
840 16
841 8
842 12
843 14
844 12
845 12
846 16
847 8
848 16
849 10
850 10
851 16
852 14
853 20
854 16
855 12
856 16
857 20
858 12
859 14
860 14
861 12
862 12
863 12
864 16
865 14
866 18
867 16
868 16
869 16
870 16
871 20
872 10
873 20
874 10
875 14
876 14
877 12
878 14
879 14
880 18
881 16
882 14
883 14
884 8
885 20
886 16
887 14
888 16
889 16
890 18
891 12
892 10
893 12
894 16
895 12
896 18
897 16
898 12
899 16
900 16
901 18
902 16
903 14
904 14
905 20
906 16
907 12
908 16
909 18
910 14
911 18
912 18
913 12
914 12
915 12
916 14
917 16
918 8
919 16
920 18
921 20
922 16
923 20
924 14
925 10
926 12
927 16
928 18
929 18
930 16
931 18
932 16
933 20
934 14
935 14
936 20
937 18
938 18
939 18
940 18
941 14
942 18
943 10
944 16
945 14
946 14
947 16
948 16
949 14
950 14
951 16
952 14
953 16
954 10
955 18
956 14
957 14
958 16
959 12
960 14
961 16
962 12
963 16
964 22
965 16
966 16
967 16
968 18
969 14
970 16
971 18
972 16
973 14
974 18
975 20
976 16
977 12
978 24
979 14
980 20
981 18
982 14
983 10
984 8
985 16
986 10
987 16
988 16
989 14
990 18
991 16
992 14
993 16
994 20
995 18
996 16
997 18
998 14
999 16
1000 14
1001 14
1002 16
1003 14
1004 18
1005 18
1006 20
1007 16
1008 16
1009 22
1010 12
1011 12
1012 20
1013 12
1014 16
1015 16
1016 18
1017 14
1018 16
1019 18
1020 12
1021 12
1022 12
1023 20
1024 14
1025 18
1026 20
1027 16
1028 16
1029 14
1030 18
1031 18
1032 18
1033 16
1034 18
1035 18
1036 16
1037 14
1038 16
1039 6
1040 14
1041 18
1042 20
1043 18
1044 12
1045 18
1046 14
1047 16
1048 16
1049 16
1050 20
1051 14
1052 8
1053 16
1054 18
1055 14
1056 14
1057 18
1058 16
1059 18
1060 14
1061 18
1062 16
1063 20
1064 16
1065 20
1066 18
1067 8
1068 16
1069 10
1070 14
1071 14
1072 14
1073 16
1074 18
1075 14
1076 12
1077 14
1078 14
1079 12
1080 22
1081 18
1082 14
1083 16
1084 18
1085 18
1086 14
1087 14
1088 10
1089 14
1090 16
1091 16
1092 16
1093 12
1094 12
1095 20
1096 14
1097 20
1098 18
1099 16
