java -cp `find -L lib/ -name "*.jar" | tr [:space:] :`:"":classes peersim.Simulator test.cfg



0 100 0 0
1000 100 1 0
2000 100 1 0
3000 100 1 0
4000 100 1 0
5000 100 1 0
6000 100 1 0
7000 100 1 0
8000 100 1 0
9000 100 1 0
10000 100 1 0

#10041: (64)  [68] from scratch
11000 101 2 1
12000 102 3 1
13000 103 4 1
14000 104 5 1
15000 104 6 2
16000 105 7 3
17000 106 8 3
18000 107 9 3
19000 108 10 3
20000 108 11 3
21000 109 12 4
22000 110 13 4
23000 111 14 4
24000 112 15 4
25000 112 16 4
26000 113 17 5
27000 114 18 5
28000 115 19 5
29000 116 20 5
30000 116 21 6
31000 117 22 6
32000 118 23 6
33000 119 24 6
34000 120 25 6
35000 120 26 6
36000 121 27 6
37000 122 28 6
38000 123 29 6
39000 124 30 6
40000 124 31 6
41000 125 32 6
42000 126 33 6
43000 127 34 6
44000 128 35 6
45000 128 36 6
46000 129 37 6
47000 130 38 6
48000 131 38 6
49000 132 39 6
50000 132 40 6
51000 133 42 7
52000 134 43 7
53000 135 44 7
54000 136 45 7
55000 136 45 7
56000 137 46 7
57000 138 47 7
58000 139 48 7
59000 140 49 7
60000 140 50 8
61000 141 51 8
62000 142 52 8
63000 143 53 8
64000 144 53 8
65000 144 53 8
66000 145 54 8
67000 146 55 8
68000 147 56 8
69000 148 57 8
70000 148 58 8
71000 149 59 8
72000 150 60 8
73000 151 61 8
74000 152 63 8
75000 152 63 8
76000 153 64 8
77000 154 64 8
78000 155 65 8
79000 156 66 8
80000 156 67 8
81000 157 67 8
82000 158 68 8
83000 159 69 8
84000 160 70 8
85000 160 69 8
86000 161 70 8
# setRoot : From 15 to 177
87000 162 72 8
88000 163 73 8
89000 164 74 8
90000 164 73 7
91000 165 75 7
92000 166 76 7
93000 167 76 7
94000 168 77 7
95000 168 79 7
96000 169 80 7
97000 170 81 7
98000 171 81 7
99000 172 82 7
100000 172 83 8
101000 173 84 8
102000 174 85 8
103000 175 87 9
104000 176 88 9
105000 176 87 9
106000 177 88 9
107000 178 88 9
108000 179 90 9
109000 180 91 10
110000 180 92 10
111000 181 93 10
112000 182 94 10
113000 183 95 10
114000 184 96 10
115000 184 98 10
116000 185 99 10
117000 186 101 10
118000 187 102 11
119000 188 102 11
120000 188 101 11
121000 189 102 11
122000 190 103 12
123000 191 104 12
124000 192 105 12
125000 192 105 12
126000 193 106 12
127000 194 106 12
# setRoot : From 41 to 218
128000 195 107 12
129000 196 109 12
130000 196 111 12
131000 197 112 12
132000 198 112 12
133000 199 112 12
134000 200 113 12
135000 200 114 12
136000 201 115 12
137000 202 115 12
138000 203 116 12
139000 204 117 11
140000 204 116 11
141000 205 117 11
142000 206 121 12
143000 207 123 13
144000 208 123 13
145000 208 123 14
146000 209 124 14
147000 210 124 14
148000 211 125 14
149000 212 126 14
150000 212 126 14
151000 213 126 14
152000 214 126 14
153000 215 128 14
154000 216 130 15
155000 216 131 15
156000 217 132 16
157000 218 134 17
158000 219 134 17
159000 220 135 17
160000 220 135 16
161000 221 137 16
162000 222 139 16
163000 223 139 16
164000 224 140 16
165000 224 139 16
166000 225 139 16
167000 226 139 16
168000 227 141 15
169000 228 141 14
170000 228 142 14
171000 229 143 14
172000 230 144 14
173000 231 145 13
174000 232 146 13
175000 232 147 13
176000 233 149 14
177000 234 150 15
178000 235 152 16
179000 236 154 17
180000 236 155 17
181000 237 155 17
182000 238 156 17
183000 239 158 17
184000 240 159 17
185000 240 160 17
186000 241 160 17
187000 242 161 17
188000 243 162 17
189000 244 162 17
190000 244 163 17
191000 245 165 18
192000 246 166 18
193000 247 167 18
194000 248 168 17
195000 248 168 17
196000 249 169 17
197000 250 170 17
198000 251 170 17
199000 252 172 17
200000 252 172 17
201000 253 172 17
202000 254 174 16
# setRoot : From 48 to 293
203000 255 175 16
204000 256 176 16
205000 256 177 16
206000 257 178 16
207000 258 178 16
208000 259 179 17
209000 260 179 17
210000 260 179 17
# setRoot : From 94 to 301
211000 261 180 15
212000 262 180 15
213000 263 180 15
214000 264 181 14
215000 264 180 14
216000 265 182 14
217000 266 182 13
218000 267 183 13
219000 268 184 12
220000 268 183 12
221000 269 184 12
222000 270 185 12
223000 271 186 12
224000 272 186 12
225000 272 186 11
226000 273 187 11
227000 274 188 11
228000 275 188 11
229000 276 191 10
230000 276 193 10
231000 277 195 11
232000 278 196 11
233000 279 198 12
234000 280 199 12
235000 280 200 13
236000 281 202 14
237000 282 204 15
238000 283 206 17
239000 284 207 18
240000 284 208 18
241000 285 209 20
242000 286 210 20
243000 287 211 20
244000 288 212 20
245000 288 212 19
246000 289 213 21
247000 290 214 21
248000 291 215 21
249000 292 215 21
# setRoot : From 127 to 340
250000 292 216 21
251000 293 217 21
252000 294 217 20

#252061: (103)  [102] pre node is 74
253000 295 218 20
254000 296 219 20
255000 296 219 20
256000 297 220 20
257000 298 221 20

#257071: (103)  [102] pre node is 74
258000 299 222 20
259000 300 223 19
260000 300 223 19
261000 301 223 19
262000 302 224 19

#262061: (103)  [102] pre node is 74
263000 303 225 19
264000 304 226 19
265000 304 227 19
266000 305 228 19
267000 306 229 19
268000 307 229 19
269000 308 231 19
270000 308 232 14
271000 309 233 12
272000 310 234 13
273000 311 235 13
274000 312 236 13

#274081: (103)  [102] pre node is 74
275000 312 236 13

#275051: (103)  [102] pre node is 74
276000 313 237 13
277000 314 238 12
278000 315 238 12
279000 316 239 11
280000 316 239 11
281000 317 241 13
282000 318 242 12
283000 319 242 12
284000 320 242 12
285000 320 242 12
# setRoot : From 286 to 376
286000 321 243 12
287000 322 243 12
288000 323 245 12
289000 324 246 12
290000 324 248 12
291000 325 249 12
292000 326 250 12
293000 327 252 14
294000 328 252 14
295000 328 252 14
296000 329 252 14
297000 330 253 15
298000 331 254 15
299000 332 255 16
300000 332 255 17
301000 333 256 16
302000 334 257 16
303000 335 257 16
304000 336 258 17
305000 336 258 17

#305061: (103)  [102] pre node is 74
306000 337 259 18
307000 338 262 21
308000 339 262 21

#308351: (103)  [102] pre node is 74
309000 340 263 19
310000 340 262 19
# setRoot : From 155 to 401
311000 341 263 19
312000 342 263 19
313000 343 265 19
314000 344 265 19

#314081: (103)  [102] pre node is 74
315000 344 264 19
# setRoot : From 228 to 406
316000 345 265 19
317000 346 267 20
318000 347 268 21
319000 348 270 22
320000 348 270 23
321000 349 271 23
# setRoot : From 106 to 412
322000 350 272 23
323000 351 272 23
324000 352 273 23
325000 352 274 23
326000 353 274 23
327000 354 275 23
328000 355 276 22
329000 356 277 21
330000 356 278 22
331000 357 280 22
332000 358 280 21
# setRoot : From 301 to 423
# setRoot : From 301 to 423
333000 359 281 19
334000 360 283 20
335000 360 282 20
336000 361 285 22
337000 362 286 21
338000 363 286 21
339000 364 286 21
340000 364 285 21
341000 365 286 20
342000 366 287 20
343000 367 287 20
344000 368 288 17
345000 368 288 17
346000 369 289 17
347000 370 289 17
348000 371 290 14
349000 372 291 14
350000 372 291 14
351000 373 292 14
352000 374 293 14
353000 375 293 14
354000 376 295 14
355000 376 295 14
356000 377 295 14
# setRoot : From 108 to 447
357000 378 297 13
358000 379 298 14
359000 380 299 14
360000 380 298 14
361000 381 299 14
362000 382 301 13
363000 383 302 13
364000 384 302 13
365000 384 303 14
366000 385 305 15
367000 386 306 15
368000 387 308 15
369000 388 309 13
370000 388 309 13
371000 389 309 13
372000 390 311 13
373000 391 312 14
374000 392 314 13
375000 392 314 13
376000 393 315 13
377000 394 316 13
378000 395 317 13
379000 396 317 13
380000 396 317 13
381000 397 319 13
382000 398 320 13
383000 399 322 13
384000 400 323 13
385000 400 323 13
386000 401 324 13
387000 402 325 13
388000 403 325 13
389000 404 326 13
390000 404 325 13
391000 405 326 12
392000 406 327 12
393000 407 328 12
394000 408 328 12
395000 408 328 11
396000 409 329 11
397000 410 329 11
398000 411 330 11
399000 412 332 12
400000 412 332 13
401000 413 333 13
402000 414 334 13
403000 415 335 13
404000 416 337 12
405000 416 338 13
406000 417 339 13
407000 418 341 14
# setRoot : From 190 to 498
408000 419 343 15
409000 420 343 15
410000 420 344 16
411000 421 345 16
412000 422 346 16
413000 423 347 16
414000 424 348 16
415000 424 348 16
416000 425 348 16
417000 426 349 16
418000 427 349 16
419000 428 350 16
420000 428 351 16
421000 429 352 16
422000 430 353 16
423000 431 354 15
424000 432 354 14
425000 432 355 14
426000 433 356 14
427000 434 356 14
428000 435 356 14
429000 436 357 14
430000 436 356 13
431000 437 356 13
432000 438 357 13
433000 439 358 13
434000 440 360 13
435000 440 359 13
436000 441 361 14
437000 442 362 14
438000 443 366 17
439000 444 366 16
440000 444 366 16
441000 445 368 15
442000 446 368 15
443000 447 368 15
444000 448 368 15
445000 448 369 17
446000 449 370 17
447000 450 370 17
448000 451 370 17
449000 452 371 17
450000 452 372 17
451000 453 372 16
452000 454 373 17
453000 455 374 18
454000 456 376 19
455000 456 377 19
456000 457 377 19
457000 458 378 19
458000 459 382 18
459000 460 383 18
460000 460 384 18
461000 461 385 18
462000 462 386 18
463000 463 388 20
464000 464 389 20
465000 464 389 20
466000 465 391 21
467000 466 393 22
468000 467 394 22
469000 468 394 21

#469101: (103)  [102] pre node is 74
470000 468 395 21
471000 469 395 21
472000 470 396 21
473000 471 397 21
474000 472 398 21
475000 472 398 21
476000 473 399 20
477000 474 399 19
478000 475 400 17
479000 476 401 17
480000 476 401 17
481000 477 401 17
482000 478 403 17
483000 479 403 17
484000 480 404 17
485000 480 405 17
486000 481 406 17
487000 482 407 16
488000 483 407 16
489000 484 408 16
490000 484 407 16
491000 485 409 17
492000 486 410 17

#492261: (103)  [102] pre node is 74
493000 487 413 16
494000 488 414 16
495000 488 413 16
496000 489 414 16
497000 490 414 16
498000 491 414 16
499000 492 414 15
500000 492 415 17
501000 493 416 17
502000 494 416 17
503000 495 417 16
# setRoot : From 497 to 594
# setRoot : From 497 to 594
504000 496 418 16
505000 496 419 16
506000 497 420 16
507000 498 422 16
508000 499 424 17
509000 500 427 19
510000 500 428 21
511000 501 430 21
512000 502 432 22
513000 503 432 22
514000 504 433 22
515000 504 433 22
516000 505 434 22
517000 506 435 22
518000 507 435 22
519000 508 435 24
520000 508 435 25
521000 509 435 25
522000 510 435 25
523000 511 437 26
524000 512 437 26
525000 512 436 26
526000 513 438 25
527000 514 438 24
528000 515 439 23
529000 516 440 23
530000 516 439 23
531000 517 440 23
532000 518 441 23
533000 519 442 23
534000 520 443 23
535000 520 444 25
536000 521 445 24
537000 522 447 23
538000 523 448 24
539000 524 448 23
540000 524 447 23
# setRoot : From 196 to 631
541000 525 448 24
542000 526 449 25
543000 527 449 24
544000 528 450 25
545000 528 450 26
546000 529 450 26
547000 530 451 28
548000 531 453 30
549000 532 454 31
550000 532 455 31
551000 533 457 32
552000 534 458 32
553000 535 459 33
554000 536 461 34
555000 536 461 33
556000 537 463 33
557000 538 465 33
# setRoot : From 594 to 648
558000 539 466 33
559000 540 467 33
560000 540 468 33
# setRoot : From 596 to 651
561000 541 469 33
562000 542 472 33
563000 543 474 33
564000 544 475 33
565000 544 474 33
566000 545 475 33
567000 546 476 33
568000 547 477 33
569000 548 478 33
570000 548 478 33
571000 549 478 33
572000 550 479 33
573000 551 480 33
574000 552 481 33
575000 552 482 33
576000 553 482 33
577000 554 482 33
578000 555 482 33
579000 556 482 33
580000 556 481 33
581000 557 482 33
582000 558 482 33
583000 559 482 33
584000 560 482 33
585000 560 482 33
586000 561 483 33
587000 562 484 33
588000 563 485 33
589000 564 486 33
590000 564 487 33
# setRoot : From 90 to 681
# setRoot : From 90 to 681
# setRoot : From 90 to 681
591000 565 488 33
592000 566 489 33
593000 567 489 33
594000 568 490 33
595000 568 490 33
596000 569 490 33
597000 570 490 33
598000 571 490 33
599000 572 490 33
600000 572 489 33
601000 573 489 33
602000 574 489 33
603000 575 489 33
604000 576 489 33
605000 576 488 33
606000 577 488 33
607000 578 488 33
608000 579 488 33
609000 580 488 33
610000 580 487 33
611000 581 487 33
# setRoot : From 90 to 702
# setRoot : From 90 to 702
# setRoot : From 90 to 702
# setRoot : From 90 to 702
612000 582 487 33
613000 583 487 33
614000 584 487 33
615000 584 486 33
616000 585 486 33
617000 586 486 33
618000 587 486 33
619000 588 486 33
620000 588 485 33
621000 589 485 33
622000 590 485 33
623000 591 485 33
624000 592 485 33
625000 592 484 33
626000 593 484 33
627000 594 484 33
628000 595 484 33
629000 596 484 33
630000 596 483 33
631000 597 483 33
632000 598 483 33
633000 599 483 33
634000 600 483 33
635000 600 482 33
636000 601 482 33
637000 602 482 33
638000 603 482 33
639000 604 482 33
# setRoot : From 322 to 730
# setRoot : From 322 to 730
640000 604 481 33
641000 605 481 33
642000 606 481 33
643000 607 481 33
644000 608 481 33
645000 608 480 33
646000 609 480 33
647000 610 480 33
648000 611 480 33
649000 612 480 33
650000 612 479 33
651000 613 479 33
# setRoot : From 196 to 742
652000 614 479 33
653000 615 479 33
654000 616 479 33
655000 616 478 33
656000 617 478 33
657000 618 478 33
658000 619 478 33
659000 620 478 33
660000 620 477 33
661000 621 477 33
662000 622 477 33
663000 623 477 33
664000 624 477 33
665000 624 476 33
666000 625 476 33
667000 626 476 33
668000 627 476 33
669000 628 476 33
670000 628 475 33
671000 629 475 33
672000 630 475 33
673000 631 475 33
674000 632 475 33
675000 632 475 33
# setRoot : From 742 to 766
676000 633 475 33
677000 634 475 33
678000 635 475 33
679000 636 475 33
680000 636 474 33
681000 637 474 33
682000 638 474 33
683000 639 474 33
684000 640 474 33
685000 640 473 33
686000 641 473 33
687000 642 473 33
688000 643 473 33
689000 644 473 33
690000 644 473 33
691000 645 473 33
692000 646 473 33
693000 647 473 33
694000 648 473 33
695000 648 473 33
696000 649 473 33
697000 650 473 33
698000 651 473 33
# setRoot : From 730 to 789
# setRoot : From 730 to 789
699000 652 473 33
700000 652 472 33
701000 653 472 33
702000 654 472 33
703000 655 472 33
704000 656 472 33
705000 656 473 33
706000 657 473 33
707000 658 473 33
708000 659 473 33
709000 660 473 33
710000 660 472 33
711000 661 472 33
712000 662 472 33
713000 663 472 33
714000 664 472 33
715000 664 471 33
716000 665 471 33
717000 666 471 33
718000 667 471 33
719000 668 471 33
720000 668 470 33
721000 669 470 33
722000 670 470 33
723000 671 470 33
724000 672 470 33
725000 672 469 33
726000 673 469 33
727000 674 469 33
728000 675 469 33
729000 676 469 33
730000 676 468 33
731000 677 468 33
732000 678 468 33
733000 679 468 33
734000 680 468 33
735000 680 467 33
736000 681 467 33
737000 682 467 33
738000 683 467 33
739000 684 467 33
# setRoot : From 147 to 830
740000 684 466 33
741000 685 466 33
742000 686 466 33
743000 687 466 33
744000 688 466 33
745000 688 465 33
746000 689 465 33
747000 690 465 33
748000 691 465 33
749000 692 465 33
750000 692 465 33
751000 693 465 33
752000 694 465 33
753000 695 465 33
754000 696 465 33
755000 696 464 33
756000 697 464 33
757000 698 464 33
758000 699 464 33
759000 700 464 33
760000 700 463 33
761000 701 463 33
762000 702 463 33
763000 703 463 33
764000 704 463 33
765000 704 463 33
766000 705 463 33
767000 706 463 33
768000 707 463 33
769000 708 463 33
770000 708 462 33
771000 709 462 33
772000 710 462 33
773000 711 462 33
774000 712 462 33
775000 712 461 33
776000 713 461 33
777000 714 461 33
778000 715 461 33
# setRoot : From 378 to 869
779000 716 461 33
780000 716 461 33
781000 717 461 33
782000 718 461 33
783000 719 461 33
784000 720 461 33
785000 720 461 33
786000 721 461 33
787000 722 461 33
788000 723 461 33
789000 724 461 33
790000 724 460 33
791000 725 460 33
792000 726 460 33
793000 727 460 33
794000 728 460 33
795000 728 459 33
796000 729 459 33
797000 730 459 33
798000 731 459 33
799000 732 459 33
800000 732 458 33
801000 733 458 33
802000 734 458 54
803000 735 458 54
804000 736 479 44
805000 736 498 34
806000 737 498 34
807000 738 498 34
808000 739 498 34
809000 740 498 34
810000 740 498 34
811000 741 498 34
812000 742 498 34
813000 743 500 34
814000 744 507 38
815000 744 514 47
816000 745 515 49
817000 746 516 50
818000 747 518 52
819000 748 519 53
820000 748 519 54
821000 749 521 56
822000 750 523 58
823000 751 523 58
824000 752 528 58
825000 752 528 58

#825441: (103)  [102] pre node is 74
826000 753 531 58
827000 754 533 58
828000 755 533 58
829000 756 533 58

#829011: (919)  [755] from scratch
830000 756 536 1
831000 757 536 1
832000 758 536 1

#832041: (103)  [102] pre node is 74
833000 759 537 1
834000 760 537 1
835000 760 539 1
836000 761 544 1
837000 762 545 1
838000 763 546 1
839000 764 547 1
840000 764 547 1
841000 765 548 1
842000 766 550 1
843000 767 552 1
844000 768 553 1
845000 768 554 1
846000 769 554 1
847000 770 554 1
848000 771 554 1
849000 772 554 1
# setRoot : From 760 to 940
850000 772 553 1
851000 773 553 1
852000 774 553 1
# setRoot : From 39 to 943
# setRoot : From 39 to 943
# setRoot : From 39 to 943
853000 775 553 1
854000 776 553 1
855000 776 553 1
856000 777 553 1
857000 778 553 1
858000 779 553 1
859000 780 553 1
860000 780 552 1
861000 781 552 1
862000 782 552 1
863000 783 552 1
864000 784 552 1
865000 784 552 1
866000 785 552 1
867000 786 552 1
868000 787 552 1
869000 788 552 1
870000 788 551 1
# setRoot : From 19 to 961
871000 789 551 1
872000 790 551 1
873000 791 551 1
874000 792 551 1
875000 792 550 1
876000 793 550 1
877000 794 550 1
878000 795 550 1
879000 796 550 1
880000 796 549 1
881000 797 549 1
882000 798 549 1
883000 799 549 1
884000 800 549 1
885000 800 548 1
886000 801 548 1
887000 802 548 1
888000 803 548 1
889000 804 548 1
890000 804 548 1
891000 805 548 1
892000 806 548 1
893000 807 548 1
894000 808 548 1
895000 808 548 1
896000 809 548 1
897000 810 548 1
898000 811 548 1
# setRoot : From 319 to 989
# setRoot : From 319 to 989
899000 812 548 1
900000 812 547 1
901000 813 547 1
902000 814 547 1
903000 815 547 1
904000 816 547 1
905000 816 546 1
906000 817 546 1
907000 818 546 1
908000 819 546 1
909000 820 546 1
910000 820 545 1
# setRoot : From 351 to 1001
911000 821 545 1
912000 822 545 1
913000 823 545 1
914000 824 545 1
915000 824 544 1
916000 825 544 1
917000 826 544 1
918000 827 544 1
919000 828 544 1
# setRoot : From 719 to 1010
920000 828 543 1
921000 829 543 1
922000 830 543 1
923000 831 543 1
924000 832 543 1
925000 832 543 1
# setRoot : From 528 to 1016
926000 833 543 1
927000 834 543 1
928000 835 543 1
929000 836 543 1
930000 836 542 1
931000 837 542 1
932000 838 542 1
933000 839 542 1
934000 840 542 1
935000 840 541 1
936000 841 541 1
937000 842 541 1
938000 843 541 1
# setRoot : From 719 to 1029
# setRoot : From 719 to 1029
939000 844 541 1
940000 844 540 1
941000 845 540 1
942000 846 540 1
943000 847 540 1
944000 848 540 1
945000 848 540 1
946000 849 540 1
947000 850 540 1
# setRoot : From 89 to 1038
# setRoot : From 89 to 1038
948000 851 540 1
# setRoot : From 301 to 1039
# setRoot : From 301 to 1039
# setRoot : From 301 to 1039
949000 852 540 1
950000 852 540 1
951000 853 540 1
952000 854 540 1
953000 855 540 1
954000 856 540 1
955000 856 539 1
956000 857 539 1
957000 858 539 1
958000 859 539 1
959000 860 539 1
960000 860 538 1
961000 861 538 1
962000 862 538 1
# setRoot : From 681 to 1053
# setRoot : From 681 to 1053
# setRoot : From 681 to 1053
963000 863 538 1
964000 864 538 1
965000 864 538 1
966000 865 538 1
967000 866 538 1
968000 867 538 1
969000 868 538 1
970000 868 537 1
971000 869 537 1
# setRoot : From 112 to 1062
972000 870 537 1
973000 871 537 1
974000 872 537 1
975000 872 537 1
976000 873 537 1
977000 874 537 1
978000 875 537 1
979000 876 537 1
980000 876 537 1
981000 877 537 1
982000 878 537 1
983000 879 537 1
984000 880 537 1
985000 880 536 1
986000 881 536 1
987000 882 536 1
988000 883 536 1
989000 884 536 1
990000 884 536 1
991000 885 536 1
992000 886 536 1
993000 887 536 1
994000 888 536 1
995000 888 535 1
996000 889 535 1
997000 890 535 1
998000 891 535 1
999000 892 535 1
1000000 892 535 1
1001000 893 535 1
1002000 894 535 1
1003000 895 535 1
1004000 896 535 1
1005000 896 534 1
1006000 897 534 1
1007000 898 534 1
# setRoot : From 602 to 1098
1008000 899 534 1
1009000 900 534 1
1010000 900 534 1
1011000 900 534 1
1012000 900 534 1
1013000 900 534 1
1014000 900 534 1
1015000 900 534 1
1016000 900 534 1
1017000 900 534 1
1018000 900 534 1
1019000 900 534 1
